"Freq [GHz]","dB(S(1,1)) []"
1.4,-0.49758890124142
1.4003,-0.494714152255346
1.4006,-0.491863578725436
1.4009,-0.489036914980361
1.4012,-0.486233899116516
1.4015,-0.483454272932707
1.4018,-0.480697781866189
1.4021,-0.477964174930001
1.4024,-0.475253204651579
1.4027,-0.472564627012578
1.403,-0.469898201389932
1.4033,-0.467253690498103
1.4036,-0.464630860332463
1.4039,-0.462029480113827
1.4042,-0.459449322234064
1.4045,-0.456890162202818
1.4048,-0.454351778595263
1.4051,-0.451833953000895
1.4054,-0.449336469973318
1.4057,-0.446859116981038
1.406,-0.444401684359205
1.4063,-0.441963965262288
1.4066,-0.439545755617677
1.4069,-0.437146854080207
1.4072,-0.434767061987505
1.4075,-0.432406183316257
1.4078,-0.430064024639283
1.4081,-0.427740395083428
1.4084,-0.425435106288287
1.4087,-0.423147972365679
1.409,-0.420878809859928
1.4093,-0.418627437708866
1.4096,-0.41639367720558
1.4099,-0.4141773519609
1.4102,-0.411978287866556
1.4105,-0.409796313059055
1.4108,-0.407631257884203
1.4111,-0.405482954862336
1.4114,-0.403351238654123
1.4117,-0.401235946027078
1.412,-0.399136915822648
1.4123,-0.397053988923893
1.4126,-0.394987008223817
1.4129,-0.392935818594205
1.4132,-0.390900266855098
1.4135,-0.388880201744775
1.4138,-0.386875473890295
1.4141,-0.384885935778583
1.4144,-0.38291144172803
1.4147,-0.380951847860595
1.415,-0.379007012074421
1.4153,-0.377076794016937
1.4156,-0.37516105505844
1.4159,-0.373259658266149
1.4162,-0.371372468378711
1.4165,-0.369499351781183
1.4168,-0.367640176480419
1.4171,-0.365794812080926
1.4174,-0.363963129761118
1.4177,-0.362145002250001
1.418,-0.360340303804276
1.4183,-0.358548910185796
1.4186,-0.356770698639473
1.4189,-0.355005547871532
1.4192,-0.353253338028147
1.4195,-0.351513950674448
1.4198,-0.349787268773901
1.4201,-0.348073176668007
1.4204,-0.346371560056401
1.4207,-0.344682305977237
1.421,-0.343005302787949
1.4213,-0.341340440146306
1.4216,-0.339687608991813
1.4219,-0.338046701527419
1.4222,-0.336417611201515
1.4225,-0.334800232690266
1.4228,-0.333194461880218
1.4231,-0.331600195851201
1.4234,-0.330017332859509
1.4237,-0.328445772321379
1.424,-0.326885414796732
1.4243,-0.325336161973176
1.4246,-0.323797916650287
1.4249,-0.32227058272415
1.4252,-0.320754065172124
1.4255,-0.319248270037914
1.4258,-0.317753104416814
1.4261,-0.31626847644126
1.4264,-0.31479429526658
1.4267,-0.313330471056963
1.427,-0.311876914971706
1.4273,-0.31043353915162
1.4276,-0.309000256705712
1.4279,-0.307576981698039
1.4282,-0.306163629134794
1.4285,-0.304760114951593
1.4288,-0.303366356000966
1.4291,-0.301982270040042
1.4294,-0.300607775718435
1.4297,-0.29924279256633
1.43,-0.297887240982725
1.4303,-0.296541042223897
1.4306,-0.295204118392034
1.4309,-0.293876392424029
1.4312,-0.292557788080482
1.4315,-0.29124822993484
1.4318,-0.289947643362729
1.4321,-0.288655954531445
1.4324,-0.287373090389601
1.4327,-0.286098978656947
1.433,-0.284833547814338
1.4333,-0.283576727093848
1.4336,-0.282328446469063
1.4339,-0.281088636645491
1.4342,-0.279857229051142
1.4345,-0.278634155827231
1.4348,-0.277419349819049
1.4351,-0.27621274456694
1.4354,-0.275014274297449
1.4357,-0.273823873914568
1.436,-0.272641478991149
1.4363,-0.271467025760408
1.4366,-0.270300451107604
1.4369,-0.269141692561786
1.4372,-0.267990688287723
1.4375,-0.266847377077895
1.4378,-0.265711698344649
1.4381,-0.264583592112456
1.4384,-0.263462999010264
1.4387,-0.262349860263994
1.439,-0.261244117689134
1.4393,-0.260145713683425
1.4396,-0.259054591219682
1.4399,-0.257970693838715
1.4402,-0.256893965642318
1.4405,-0.255824351286416
1.4408,-0.254761795974268
1.4411,-0.253706245449787
1.4414,-0.252657645990951
1.4417,-0.251615944403315
1.442,-0.250581088013607
1.4423,-0.249553024663431
1.4426,-0.248531702703028
1.4429,-0.247517070985185
1.4432,-0.24650907885916
1.4435,-0.245507676164742
1.4438,-0.244512813226384
1.4441,-0.24352444084741
1.4444,-0.242542510304312
1.4447,-0.241566973341132
1.445,-0.240597782163909
1.4453,-0.239634889435207
1.4456,-0.238678248268738
1.4459,-0.237727812224035
1.4462,-0.236783535301219
1.4465,-0.235845371935827
1.4468,-0.234913276993708
1.4471,-0.23398720576601
1.4474,-0.233067113964216
1.4477,-0.232152957715262
1.448,-0.231244693556706
1.4483,-0.23034227843198
1.4486,-0.229445669685704
1.4489,-0.228554825059055
1.4492,-0.227669702685206
1.4495,-0.226790261084835
1.4498,-0.225916459161664
1.4501,-0.225048256198108
1.4504,-0.224185611850941
1.4507,-0.223328486147036
1.451,-0.22247683947916
1.4513,-0.221630632601835
1.4516,-0.220789826627242
1.4519,-0.219954383021182
1.4522,-0.219124263599098
1.4525,-0.218299430522151
1.4528,-0.217479846293324
1.4531,-0.216665473753618
1.4534,-0.21585627607827
1.4537,-0.215052216773019
1.454,-0.214253259670444
1.4543,-0.213459368926331
1.4546,-0.212670509016095
1.4549,-0.211886644731242
1.4552,-0.211107741175891
1.4555,-0.210333763763329
1.4558,-0.209564678212613
1.4561,-0.20880045054523
1.4564,-0.208041047081764
1.4567,-0.20728643443867
1.457,-0.206536579525012
1.4573,-0.205791449539301
1.4576,-0.205051011966357
1.4579,-0.204315234574197
1.4582,-0.20358408541099
1.4585,-0.202857532802024
1.4588,-0.202135545346726
1.4591,-0.201418091915729
1.4594,-0.20070514164794
1.4597,-0.199996663947701
1.46,-0.199292628481933
1.4603,-0.198593005177355
1.4606,-0.197897764217691
1.4609,-0.197206876040995
1.4612,-0.196520311336906
1.4615,-0.195838041044019
1.4618,-0.195160036347243
1.4621,-0.194486268675223
1.4624,-0.193816709697769
1.4627,-0.193151331323328
1.463,-0.192490105696489
1.4633,-0.191833005195518
1.4636,-0.191180002429915
1.4639,-0.19053107023802
1.4642,-0.189886181684622
1.4645,-0.189245310058629
1.4648,-0.188608428870733
1.4651,-0.18797551185114
1.4654,-0.187346532947286
1.4657,-0.186721466321624
1.466,-0.186100286349399
1.4663,-0.185482967616482
1.4666,-0.184869484917215
1.4669,-0.184259813252277
1.4672,-0.183653927826592
1.4675,-0.183051804047234
1.4678,-0.182453417521409
1.4681,-0.18185874405439
1.4684,-0.181267759647551
1.4687,-0.180680440496363
1.469,-0.18009676298845
1.4693,-0.179516703701657
1.4696,-0.178940239402146
1.4699,-0.178367347042507
1.4702,-0.177798003759891
1.4705,-0.177232186874173
1.4708,-0.176669873886145
1.4711,-0.17611104247569
1.4714,-0.175555670500036
1.4717,-0.175003735991986
1.472,-0.17445521715818
1.4723,-0.173910092377388
1.4726,-0.173368340198814
1.4729,-0.172829939340424
1.4732,-0.172294868687275
1.4735,-0.171763107289912
1.4738,-0.171234634362713
1.4741,-0.170709429282316
1.4744,-0.170187471586037
1.4747,-0.169668740970301
1.475,-0.1691532172891
1.4753,-0.16864088055247
1.4756,-0.16813171092499
1.4759,-0.167625688724277
1.4762,-0.167122794419519
1.4765,-0.16662300863003
1.4768,-0.166126312123785
1.4771,-0.165632685816018
1.4774,-0.165142110767801
1.4777,-0.164654568184671
1.478,-0.164170039415229
1.4783,-0.163688505949792
1.4786,-0.163209949419056
1.4789,-0.16273435159276
1.4792,-0.162261694378357
1.4795,-0.161791959819743
1.4798,-0.161325130095942
1.4801,-0.160861187519854
1.4804,-0.160400114537001
1.4807,-0.159941893724261
1.481,-0.159486507788664
1.4813,-0.159033939566165
1.4816,-0.15858417202044
1.4819,-0.158137188241704
1.4822,-0.157692971445537
1.4825,-0.157251504971705
1.4828,-0.156812772283041
1.4831,-0.156376756964273
1.4834,-0.155943442720926
1.4837,-0.155512813378196
1.484,-0.155084852879855
1.4843,-0.154659545287165
1.4846,-0.154236874777795
1.4849,-0.153816825644762
1.4852,-0.15339938229538
1.4855,-0.152984529250205
1.4858,-0.15257225114203
1.4861,-0.152162532714838
1.4864,-0.151755358822815
1.4867,-0.151350714429338
1.487,-0.150948584606004
1.4873,-0.15054895453164
1.4876,-0.150151809491338
1.4879,-0.149757134875519
1.4882,-0.149364916178961
1.4885,-0.148975138999883
1.4888,-0.148587789039015
1.4891,-0.14820285209868
1.4894,-0.147820314081891
1.4897,-0.147440160991458
1.49,-0.147062378929101
1.4903,-0.146686954094564
1.4906,-0.146313872784758
1.4909,-0.145943121392903
1.4912,-0.14557468640767
1.4915,-0.145208554412346
1.4918,-0.144844712083998
1.4921,-0.144483146192664
1.4924,-0.144123843600517
1.4927,-0.143766791261073
1.493,-0.143411976218387
1.4933,-0.143059385606274
1.4936,-0.14270900664751
1.4939,-0.142360826653081
1.4942,-0.142014833021398
1.4945,-0.14167101323755
1.4948,-0.141329354872555
1.4951,-0.140989845582612
1.4954,-0.140652473108373
1.4957,-0.140317225274216
1.496,-0.139984089987522
1.4963,-0.139653055237962
1.4966,-0.139324109096809
1.4969,-0.138997239716209
1.4972,-0.138672435328525
1.4975,-0.13834968424563
1.4978,-0.138028974858241
1.4981,-0.13771029563525
1.4984,-0.137393635123051
1.4987,-0.137078981944899
1.499,-0.136766324800253
1.4993,-0.136455652464129
1.4996,-0.13614695378647
1.4999,-0.135840217691521
1.5002,-0.135535433177181
1.5005,-0.135232589314424
1.5008,-0.134931675246646
1.5011,-0.134632680189099
1.5014,-0.13433559342826
1.5017,-0.134040404321254
1.502,-0.133747102295266
1.5023,-0.133455676846954
1.5026,-0.133166117541876
1.5029,-0.132878414013925
1.5032,-0.132592555964746
1.5035,-0.132308533163203
1.5038,-0.132026335444813
1.5041,-0.13174595271119
1.5044,-0.131467374929513
1.5047,-0.13119059213199
1.505,-0.130915594415313
1.5053,-0.130642371940149
1.5056,-0.130370914930602
1.5059,-0.130101213673709
1.5062,-0.129833258518915
1.5065,-0.129567039877582
1.5068,-0.129302548222471
1.5071,-0.129039774087258
1.5074,-0.128778708066039
1.5077,-0.128519340812831
1.508,-0.128261663041103
1.5083,-0.128005665523299
1.5086,-0.12775133909035
1.5089,-0.127498674631215
1.5092,-0.127247663092423
1.5095,-0.126998295477595
1.5098,-0.126750562847007
1.5101,-0.126504456317118
1.5104,-0.126259967060147
1.5107,-0.126017086303613
1.511,-0.1257758053299
1.5113,-0.125536115475825
1.5116,-0.125298008132208
1.5119,-0.125061474743442
1.5122,-0.124826506807073
1.5125,-0.124593095873383
1.5128,-0.12436123354497
1.5131,-0.124130911476348
1.5134,-0.123902121373525
1.5137,-0.123674854993619
1.514,-0.123449104144437
1.5143,-0.123224860684105
1.5146,-0.123002116520655
1.5149,-0.122780863611638
1.5152,-0.122561093963761
1.5155,-0.12234279963248
1.5158,-0.122125972721636
1.5161,-0.121910605383083
1.5164,-0.12169668981631
1.5167,-0.121484218268076
1.517,-0.121273183032055
1.5173,-0.121063576448457
1.5176,-0.120855390903692
1.5179,-0.120648618830005
1.5182,-0.120443252705127
1.5185,-0.120239285051924
1.5188,-0.120036708438061
1.5191,-0.119835515475658
1.5194,-0.119635698820949
1.5197,-0.119437251173948
1.52,-0.119240165278123
1.5203,-0.119044433920057
1.5206,-0.11885004992913
1.5209,-0.1186570061772
1.5212,-0.118465295578268
1.5215,-0.118274911088177
1.5218,-0.118085845704291
1.5221,-0.117898092465175
1.5224,-0.117711644450306
1.5227,-0.117526494779751
1.523,-0.117342636613872
1.5233,-0.117160063153019
1.5236,-0.116978767637241
1.5239,-0.116798743345982
1.5242,-0.116619983597797
1.5245,-0.116442481750055
1.5248,-0.116266231198653
1.5251,-0.116091225377741
1.5254,-0.115917457759423
1.5257,-0.115744921853496
1.526,-0.115573611207153
1.5263,-0.115403519404726
1.5266,-0.115234640067405
1.5269,-0.115066966852966
1.5272,-0.11490049345551
1.5275,-0.114735213605197
1.5278,-0.114571121067972
1.5281,-0.114408209645322
1.5284,-0.114246473174007
1.5287,-0.114085905525801
1.529,-0.113926500607248
1.5293,-0.113768252359407
1.5296,-0.113611154757592
1.5299,-0.113455201811144
1.5302,-0.113300387563174
1.5305,-0.113146706090312
1.5308,-0.11299415150249
1.5311,-0.112842717942677
1.5314,-0.112692399586664
1.5317,-0.112543190642813
1.532,-0.112395085351834
1.5323,-0.112248077986548
1.5326,-0.112102162851666
1.5329,-0.111957334283555
1.5332,-0.111813586650021
1.5335,-0.11167091435007
1.5338,-0.111529311813709
1.5341,-0.11138877350171
1.5344,-0.111249293905405
1.5347,-0.111110867546461
1.535,-0.110973488976667
1.5353,-0.110837152777729
1.5356,-0.110701853561056
1.5359,-0.110567585967552
1.5362,-0.110434344667406
1.5365,-0.110302124359901
1.5368,-0.110170919773189
1.5371,-0.110040725664111
1.5374,-0.109911536817987
1.5377,-0.10978334804841
1.538,-0.109656154197077
1.5383,-0.109529950133563
1.5386,-0.109404730755143
1.5389,-0.109280490986612
1.5392,-0.109157225780064
1.5395,-0.109034930114739
1.5398,-0.108913598996812
1.5401,-0.10879322745922
1.5404,-0.108673810561471
1.5407,-0.108555343389469
1.541,-0.108437821055332
1.5413,-0.108321238697207
1.5416,-0.108205591479099
1.5419,-0.108090874590695
1.5422,-0.107977083247188
1.5425,-0.107864212689098
1.5428,-0.107752258182111
1.5431,-0.107641215016902
1.5434,-0.107531078508966
1.5437,-0.107421843998457
1.544,-0.107313506850015
1.5443,-0.107206062452596
1.5446,-0.107099506219331
1.5449,-0.106993833587335
1.5452,-0.106889040017568
1.5455,-0.106785120994663
1.5458,-0.106682072026779
1.5461,-0.10657988864543
1.5464,-0.106478566405344
1.5467,-0.106378100884297
1.547,-0.106278487682971
1.5473,-0.106179722424786
1.5476,-0.106081800755772
1.5479,-0.105984718344399
1.5482,-0.105888470881441
1.5485,-0.105793054079813
1.5488,-0.105698463674458
1.5491,-0.105604695422168
1.5494,-0.105511745101453
1.5497,-0.105419608512407
1.55,-0.105328281476559
1.5503,-0.105237759836726
1.5506,-0.105148039456889
1.5509,-0.105059116222045
1.5512,-0.104970986038076
1.5515,-0.104883644831609
1.5518,-0.104797088549881
1.5521,-0.10471131316061
1.5524,-0.10462631465186
1.5527,-0.104542089031912
1.553,-0.104458632329129
1.5533,-0.104375940591829
1.5536,-0.104294009888157
1.5539,-0.104212836305962
1.5542,-0.104132415952663
1.5545,-0.104052744955126
1.5548,-0.103973819459547
1.5551,-0.103895635631317
1.5554,-0.10381818965491
1.5557,-0.103741477733755
1.556,-0.103665496090119
1.5563,-0.103590240964987
1.5566,-0.103515708617941
1.5569,-0.103441895327046
1.5572,-0.103368797388734
1.5575,-0.103296411117679
1.5578,-0.103224732846701
1.5581,-0.103153758926629
1.5584,-0.103083485726204
1.5587,-0.103013909631963
1.559,-0.102945027048128
1.5593,-0.102876834396491
1.5596,-0.102809328116309
1.5599,-0.102742504664194
1.5602,-0.10267636051401
1.5605,-0.102610892156754
1.5608,-0.102546096100461
1.5611,-0.102481968870094
1.5614,-0.102418507007441
1.5617,-0.10235570707101
1.562,-0.102293565635924
1.5623,-0.102232079293825
1.5626,-0.102171244652765
1.5629,-0.102111058337115
1.5632,-0.102051516987454
1.5635,-0.101992617260475
1.5638,-0.101934355828891
1.5641,-0.101876729381333
1.5644,-0.101819734622251
1.5647,-0.101763368271822
1.565,-0.101707627065855
1.5653,-0.101652507755686
1.5656,-0.101598007108109
1.5659,-0.101544121905253
1.5662,-0.101490848944509
1.5665,-0.101438185038429
1.5668,-0.101386127014642
1.5671,-0.101334671715761
1.5674,-0.101283815999288
1.5677,-0.101233556737529
1.568,-0.101183890817514
1.5683,-0.101134815140894
1.5686,-0.10108632662386
1.5689,-0.101038422197069
1.5692,-0.100991098805534
1.5695,-0.100944353408563
1.5698,-0.100898182979659
1.5701,-0.10085258450644
1.5704,-0.100807554990562
1.5707,-0.100763091447631
1.571,-0.100719190907118
1.5713,-0.100675850412288
1.5716,-0.100633067020102
1.5719,-0.100590837801164
1.5722,-0.100549159839611
1.5725,-0.100508030233059
1.5728,-0.100467446092507
1.5731,-0.100427404542272
1.5734,-0.100387902719905
1.5737,-0.100348937776118
1.574,-0.100310506874705
1.5743,-0.100272607192468
1.5746,-0.100235235919145
1.5749,-0.100198390257325
1.5752,-0.100162067422395
1.5755,-0.100126264642442
1.5758,-0.100090979158202
1.5761,-0.100056208222977
1.5764,-0.100021949102562
1.5767,-0.099988199075177
1.577,-0.0999549554313997
1.5773,-0.0999222154740937
1.5776,-0.0998899765183347
1.5779,-0.0998582358913468
1.5782,-0.099826990932433
1.5785,-0.0997962389929075
1.5788,-0.0997659774360231
1.5791,-0.0997362036369139
1.5794,-0.0997069149825251
1.5797,-0.0996781088715397
1.58,-0.0996497827143214
1.5803,-0.0996219339328552
1.5806,-0.0995945599606644
1.5809,-0.0995676582427624
1.5812,-0.0995412262355914
1.5815,-0.0995152614069402
1.5818,-0.0994897612359033
1.5821,-0.0994647232128046
1.5824,-0.0994401448391468
1.5827,-0.0994160236275362
1.583,-0.0993923571016378
1.5833,-0.099369142796105
1.5836,-0.0993463782565165
1.5839,-0.099324061039334
1.5842,-0.0993021887118199
1.5845,-0.0992807588519976
1.5848,-0.0992597690485872
1.5851,-0.0992392169009431
1.5854,-0.0992191000190054
1.5857,-0.0991994160232376
1.586,-0.0991801625445701
1.5863,-0.0991613372243442
1.5866,-0.0991429377142617
1.5869,-0.0991249616763237
1.5872,-0.0991074067827773
1.5875,-0.0990902707160656
1.5878,-0.0990735511687681
1.5881,-0.0990572458435488
1.5884,-0.0990413524531021
1.5887,-0.0990258687201078
1.589,-0.0990107923771649
1.5893,-0.0989961211667549
1.5896,-0.0989818528411764
1.5899,-0.0989679851625043
1.5902,-0.0989545159025335
1.5905,-0.0989414428427266
1.5908,-0.0989287637741717
1.5911,-0.0989164764975265
1.5914,-0.0989045788229696
1.5917,-0.0988930685701529
1.592,-0.0988819435681531
1.5923,-0.0988712016554196
1.5926,-0.0988608406797342
1.5929,-0.0988508584981583
1.5932,-0.0988412529769804
1.5935,-0.0988320219916849
1.5938,-0.0988231634268906
1.5941,-0.0988146751763085
1.5944,-0.0988065551427003
1.5947,-0.0987988012378287
1.595,-0.098791411382416
1.5953,-0.0987843835060941
1.5956,-0.0987777155473602
1.5959,-0.0987714054535428
1.5962,-0.0987654511807444
1.5965,-0.0987598506938046
1.5968,-0.0987546019662561
1.5971,-0.098749702980285
1.5974,-0.0987451517266791
1.5977,-0.0987409462047989
1.598,-0.0987370844225183
1.5983,-0.0987335643962051
1.5986,-0.0987303841506579
1.5989,-0.0987275417190789
1.5992,-0.0987250351430321
1.5995,-0.0987228624723921
1.5998,-0.0987210217653186
1.6001,-0.0987195110882041
1.6004,-0.0987183285156479
1.6007,-0.0987174721304014
1.601,-0.0987169400233396
1.6013,-0.0987167302934198
1.6016,-0.0987168410476413
1.6019,-0.0987172704010155
1.6022,-0.098718016476511
1.6025,-0.0987190774050381
1.6028,-0.098720451325392
1.6031,-0.0987221363842267
1.6034,-0.0987241307360187
1.6037,-0.0987264325430213
1.604,-0.0987290399752401
1.6043,-0.0987319512103923
1.6046,-0.098735164433867
1.6049,-0.0987386778386944
1.6052,-0.098742489625513
1.6055,-0.0987465980025268
1.6058,-0.0987510011854801
1.6061,-0.0987556973976167
1.6064,-0.0987606848696475
1.6067,-0.0987659618397184
1.607,-0.0987715265533787
1.6073,-0.0987773772635346
1.6076,-0.0987835122304381
1.6079,-0.0987899297216344
1.6082,-0.0987966280119404
1.6085,-0.0988036053834144
1.6088,-0.0988108601253111
1.6091,-0.0988183905340593
1.6094,-0.0988261949132334
1.6097,-0.0988342715735157
1.61,-0.0988426188326666
1.6103,-0.0988512350154948
1.6106,-0.0988601184538268
1.6109,-0.0988692674864798
1.6112,-0.0988786804592186
1.6115,-0.0988883557247423
1.6118,-0.0988982916426515
1.6121,-0.0989084865794042
1.6124,-0.0989189389083046
1.6127,-0.0989296470094664
1.613,-0.0989406092697813
1.6133,-0.0989518240828971
1.6136,-0.098963289849183
1.6139,-0.0989750049757088
1.6142,-0.0989869678762046
1.6145,-0.0989991769710504
1.6148,-0.0990116306872378
1.6151,-0.0990243274583376
1.6154,-0.099037265724489
1.6157,-0.0990504439323552
1.616,-0.0990638605351137
1.6163,-0.0990775139924103
1.6166,-0.0990914027703574
1.6169,-0.0991055253414864
1.6172,-0.0991198801847274
1.6175,-0.0991344657853953
1.6178,-0.0991492806351514
1.6181,-0.099164323231979
1.6184,-0.0991795920801697
1.6187,-0.0991950856902837
1.619,-0.0992108025791353
1.6193,-0.0992267412697688
1.6196,-0.0992429002914244
1.6199,-0.0992592781795285
1.6202,-0.0992758734756582
1.6205,-0.0992926847275243
1.6208,-0.0993097104889428
1.6211,-0.099326949319817
1.6214,-0.099344399786115
1.6217,-0.0993620604598367
1.622,-0.0993799299190072
1.6223,-0.0993980067476384
1.6226,-0.0994162895357185
1.6229,-0.0994347768791851
1.6232,-0.0994534673799019
1.6235,-0.0994723596456395
1.6238,-0.099491452290054
1.6241,-0.0995107439326687
1.6244,-0.0995302331988378
1.6247,-0.0995499187197524
1.625,-0.0995697991323902
1.6253,-0.0995898730795187
1.6256,-0.0996101392096593
1.6259,-0.0996305961770739
1.6262,-0.0996512426417445
1.6265,-0.0996720772693504
1.6268,-0.0996930987312555
1.6271,-0.0997143057044756
1.6274,-0.0997356968716716
1.6277,-0.0997572709211267
1.628,-0.0997790265467247
1.6283,-0.0998009624479307
1.6286,-0.0998230773297794
1.6289,-0.0998453699028416
1.6292,-0.0998678388832301
1.6295,-0.0998904829925572
1.6298,-0.0999133009579243
1.6301,-0.0999362915119141
1.6304,-0.0999594533925584
1.6307,-0.0999827853433326
1.631,-0.100006286113125
1.6313,-0.100029954456236
1.6316,-0.100053789132343
1.6319,-0.100077788906502
1.6322,-0.100101952549112
1.6325,-0.100126278835916
1.6328,-0.100150766547971
1.6331,-0.100175414471636
1.6334,-0.100200221398561
1.6337,-0.100225186125665
1.634,-0.10025030745512
1.6343,-0.100275584194339
1.6346,-0.100301015155958
1.6349,-0.10032659915782
1.6352,-0.100352335022962
1.6355,-0.100378221579598
1.6358,-0.100404257661106
1.6361,-0.100430442106011
1.6364,-0.10045677375797
1.6367,-0.100483251465756
1.637,-0.100509874083256
1.6373,-0.100536640469433
1.6376,-0.100563549488342
1.6379,-0.100590600009085
1.6382,-0.100617790905821
1.6385,-0.100645121057741
1.6388,-0.100672589349052
1.6391,-0.100700194668981
1.6394,-0.100727935911735
1.6397,-0.10075581197651
1.64,-0.10078382176747
1.6403,-0.10081196419373
1.6406,-0.100840238169354
1.6409,-0.10086864261333
1.6412,-0.100897176449566
1.6415,-0.100925838606876
1.6418,-0.100954628018966
1.6421,-0.100983543624423
1.6424,-0.101012584366707
1.6427,-0.101041749194131
1.643,-0.101071037059853
1.6433,-0.101100446921869
1.6436,-0.101129977742999
1.6439,-0.101159628490869
1.6442,-0.101189398137915
1.6445,-0.101219285661353
1.6448,-0.101249290043185
1.6451,-0.101279410270176
1.6454,-0.101309645333856
1.6457,-0.101339994230492
1.646,-0.101370455961098
1.6463,-0.101401029531411
1.6466,-0.101431713951884
1.6469,-0.101462508237676
1.6472,-0.101493411408648
1.6475,-0.101524422489342
1.6478,-0.101555540508981
1.6481,-0.101586764501458
1.6484,-0.101618093505323
1.6487,-0.101649526563776
1.649,-0.101681062724658
1.6493,-0.101712701040446
1.6496,-0.101744440568232
1.6499,-0.101776280369732
1.6502,-0.101808219511263
1.6505,-0.101840257063736
1.6508,-0.101872392102661
1.6511,-0.101904623708122
1.6514,-0.101936950964773
1.6517,-0.101969372961842
1.652,-0.10200188879311
1.6523,-0.102034497556908
1.6526,-0.102067198356106
1.6529,-0.102099990298114
1.6532,-0.102132872494862
1.6535,-0.102165844062811
1.6538,-0.102198904122924
1.6541,-0.102232051800671
1.6544,-0.102265286226032
1.6547,-0.102298606533465
1.655,-0.10233201186192
1.6553,-0.102365501354829
1.6556,-0.102399074160089
1.6559,-0.102432729430072
1.6562,-0.102466466321605
1.6565,-0.10250028399597
1.6568,-0.102534181618897
1.6571,-0.102568158360558
1.6574,-0.102602213395563
1.6577,-0.102636345902952
1.658,-0.102670555066192
1.6583,-0.102704840073165
1.6586,-0.102739200116177
1.6589,-0.102773634391935
1.6592,-0.102808142101553
1.6595,-0.10284272245055
1.6598,-0.102877374648833
1.6601,-0.102912097910704
1.6604,-0.102946891454842
1.6607,-0.10298175450432
1.661,-0.10301668628658
1.6613,-0.103051686033438
1.6616,-0.103086752981079
1.6619,-0.10312188637005
1.6622,-0.103157085445259
1.6625,-0.103192349455976
1.6628,-0.103227677655812
1.6631,-0.103263069302744
1.6634,-0.103298523659076
1.6637,-0.103334039991466
1.664,-0.103369617570915
1.6643,-0.103405255672743
1.6646,-0.103440953576622
1.6649,-0.10347671056654
1.6652,-0.10351252593082
1.6655,-0.103548398962107
1.6658,-0.103584328957364
1.6661,-0.103620315217877
1.6664,-0.103656357049249
1.6667,-0.103692453761399
1.667,-0.103728604668551
1.6673,-0.103764809089245
1.6676,-0.10380106634633
1.6679,-0.103837375766956
1.6682,-0.103873736682582
1.6685,-0.103910148428968
1.6688,-0.103946610346174
1.6691,-0.103983121778563
1.6694,-0.104019682074794
1.6697,-0.104056290587821
1.67,-0.104092946674901
1.6703,-0.104129649697577
1.6706,-0.104166399021692
1.6709,-0.104203194017384
1.6712,-0.104240034059075
1.6715,-0.104276918525484
1.6718,-0.104313846799623
1.6721,-0.104350818268793
1.6724,-0.104387832324585
1.6727,-0.104424888362879
1.673,-0.104461985783849
1.6733,-0.104499123991956
1.6736,-0.104536302395951
1.6739,-0.10457352040888
1.6742,-0.104610777448074
1.6745,-0.104648072935161
1.6748,-0.104685406296053
1.6751,-0.104722776960963
1.6754,-0.104760184364391
1.6757,-0.104797627945133
1.676,-0.104835107146281
1.6763,-0.10487262141522
1.6766,-0.104910170203636
1.6769,-0.104947752967507
1.6772,-0.104985369167115
1.6775,-0.105023018267046
1.6778,-0.105060699736181
1.6781,-0.105098413047709
1.6784,-0.105136157679127
1.6787,-0.105173933112235
1.679,-0.105211738833148
1.6793,-0.105249574332285
1.6796,-0.105287439104388
1.6799,-0.105325332648508
1.6802,-0.10536325446802
1.6805,-0.105401204070613
1.6808,-0.105439180968307
1.6811,-0.105477184677444
1.6814,-0.105515214718697
1.6817,-0.105553270617063
1.682,-0.105591351901889
1.6823,-0.105629458106846
1.6826,-0.105667588769948
1.6829,-0.105705743433561
1.6832,-0.105743921644394
1.6835,-0.105782122953501
1.6838,-0.1058203469163
1.6841,-0.105858593092563
1.6844,-0.105896861046426
1.6847,-0.105935150346386
1.685,-0.105973460565315
1.6853,-0.106011791280456
1.6856,-0.106050142073434
1.6859,-0.106088512530253
1.6862,-0.106126902241305
1.6865,-0.106165310801371
1.6868,-0.106203737809632
1.6871,-0.106242182869666
1.6874,-0.10628064558946
1.6877,-0.106319125581406
1.688,-0.106357622462315
1.6883,-0.10639613585342
1.6886,-0.106434665380377
1.6889,-0.10647321067327
1.6892,-0.106511771366624
1.6895,-0.106550347099403
1.6898,-0.106588937515022
1.6901,-0.106627542261344
1.6904,-0.106666160990692
1.6907,-0.106704793359855
1.691,-0.106743439030095
1.6913,-0.106782097667146
1.6916,-0.106820768941227
1.6919,-0.106859452527046
1.6922,-0.106898148103813
1.6925,-0.106936855355229
1.6928,-0.10697557396951
1.6931,-0.107014303639391
1.6934,-0.107053044062121
1.6937,-0.107091794939483
1.694,-0.107130555977802
1.6943,-0.107169326887936
1.6946,-0.107208107385302
1.6949,-0.10724689718987
1.6952,-0.107285696026174
1.6955,-0.107324503623329
1.6958,-0.107363319715025
1.6961,-0.107402144039539
1.6964,-0.107440976339753
1.6967,-0.107479816363139
1.697,-0.107518663861796
1.6973,-0.107557518592433
1.6976,-0.107596380316393
1.6979,-0.107635248799654
1.6982,-0.107674123812839
1.6985,-0.10771300513123
1.6988,-0.107751892534766
1.6991,-0.107790785808058
1.6994,-0.107829684740403
1.6997,-0.107868589125781
1.7,-0.107907498762876
1.7003,-0.107946413455071
1.7006,-0.107985333010479
1.7009,-0.108024257241928
1.7012,-0.108063185966989
1.7015,-0.108102119007974
1.7018,-0.108141056191953
1.7021,-0.108179997350761
1.7024,-0.108218942321008
1.7027,-0.108257890944087
1.703,-0.108296843066188
1.7033,-0.108335798538307
1.7036,-0.108374757216253
1.7039,-0.108413718960668
1.7042,-0.108452683637025
1.7045,-0.108491651115641
1.7048,-0.108530621271701
1.7051,-0.108569593985251
1.7054,-0.108608569141221
1.7057,-0.108647546629435
1.706,-0.108686526344612
1.7063,-0.108725508186389
1.7066,-0.108764492059333
1.7069,-0.108803477872934
1.7072,-0.108842465541646
1.7075,-0.108881454984873
1.7078,-0.108920446126997
1.7081,-0.108959438897379
1.7084,-0.108998433230374
1.7087,-0.109037429065352
1.709,-0.109076426346703
1.7093,-0.109115425023844
1.7096,-0.109154425051239
1.7099,-0.109193426388416
1.7102,-0.109232428999962
1.7105,-0.109271432855558
1.7108,-0.109310437929976
1.7111,-0.109349444203104
1.7114,-0.109388451659938
1.7117,-0.109427460290626
1.712,-0.109466470090453
1.7123,-0.109505481059875
1.7126,-0.109544493204523
1.7129,-0.109583506535211
1.7132,-0.109622521067963
1.7135,-0.109661536824021
1.7138,-0.109700553829854
1.7141,-0.109739572117183
1.7144,-0.109778591722987
1.7147,-0.109817612689511
1.715,-0.109856635064305
1.7153,-0.109895658900207
1.7156,-0.109934684255383
1.7159,-0.109973711193329
1.7162,-0.110012739782889
1.7165,-0.11005177009827
1.7168,-0.110090802219056
1.7171,-0.110129836230228
1.7174,-0.110168872222168
1.7177,-0.110207910290694
1.718,-0.110246950537058
1.7183,-0.110285993067964
1.7186,-0.110325037995593
1.7189,-0.11036408543761
1.7192,-0.110403135517186
1.7195,-0.110442188363012
1.7198,-0.110481244109312
1.7201,-0.110520302895864
1.7204,-0.110559364868015
1.7207,-0.110598430176701
1.721,-0.110637498978456
1.7213,-0.110676571435432
1.7216,-0.110715647715425
1.7219,-0.110754727991872
1.7222,-0.110793812443895
1.7225,-0.110832901256293
1.7228,-0.110871994619575
1.7231,-0.110911092729974
1.7234,-0.110950195789458
1.7237,-0.110989304005761
1.724,-0.111028417592389
1.7243,-0.111067536768647
1.7246,-0.111106661759644
1.7249,-0.111145792796326
1.7252,-0.111184930115493
1.7255,-0.111224073959804
1.7258,-0.111263224577812
1.7261,-0.111302382223965
1.7264,-0.111341547158649
1.7267,-0.111380719648185
1.727,-0.111419899964855
1.7273,-0.111459088386926
1.7276,-0.111498285198673
1.7279,-0.111537490690378
1.7282,-0.11157670515837
1.7285,-0.11161592890504
1.7288,-0.111655162238858
1.7291,-0.111694405474388
1.7294,-0.11173365893232
1.7297,-0.111772922939485
1.73,-0.111812197828871
1.7303,-0.111851483939649
1.7306,-0.111890781617191
1.7309,-0.111930091213089
1.7312,-0.111969413085186
1.7315,-0.11200874759758
1.7318,-0.112048095120656
1.7321,-0.112087456031116
1.7324,-0.112126830711975
1.7327,-0.112166219552608
1.733,-0.112205622948754
1.7333,-0.112245041302554
1.7336,-0.112284475022554
1.7339,-0.112323924523744
1.7342,-0.112363390227567
1.7345,-0.112402872561947
1.7348,-0.112442371961322
1.7351,-0.112481888866641
1.7354,-0.112521423725411
1.7357,-0.112560976991708
1.736,-0.112600549126204
1.7363,-0.112640140596183
1.7366,-0.112679751875576
1.7369,-0.112719383444971
1.7372,-0.112759035791652
1.7375,-0.112798709409603
1.7378,-0.112838404799551
1.7381,-0.112878122468977
1.7384,-0.112917862932142
1.7387,-0.112957626710117
1.739,-0.112997414330807
1.7393,-0.113037226328959
1.7396,-0.113077063246214
1.7399,-0.113116925631106
1.7402,-0.113156814039102
1.7405,-0.113196729032622
1.7408,-0.113236671181061
1.7411,-0.113276641060821
1.7414,-0.113316639255332
1.7417,-0.113356666355081
1.742,-0.113396722957624
1.7423,-0.113436809667638
1.7426,-0.113476927096915
1.7429,-0.113517075864417
1.7432,-0.113557256596282
1.7435,-0.113597469925857
1.7438,-0.11363771649373
1.7441,-0.113677996947746
1.7444,-0.113718311943039
1.7447,-0.113758662142061
1.745,-0.113799048214608
1.7453,-0.11383947083784
1.7456,-0.113879930696316
1.7459,-0.113920428482018
1.7462,-0.113960964894382
1.7465,-0.114001540640322
1.7468,-0.114042156434256
1.7471,-0.114082812998138
1.7474,-0.114123511061487
1.7477,-0.114164251361411
1.748,-0.114205034642637
1.7483,-0.114245861657532
1.7486,-0.114286733166153
1.7489,-0.11432764993625
1.7492,-0.114368612743314
1.7495,-0.114409622370593
1.7498,-0.114450679609126
1.7501,-0.114491785257781
1.7504,-0.114532940123268
1.7507,-0.114574145020179
1.751,-0.114615400771018
1.7513,-0.114656708206224
1.7516,-0.114698068164209
1.7519,-0.114739481491387
1.7522,-0.11478094904219
1.7525,-0.114822471679125
1.7528,-0.114864050272779
1.7531,-0.11490568570187
1.7534,-0.114947378853255
1.7537,-0.114989130621989
1.754,-0.115030941911329
1.7543,-0.115072813632785
1.7546,-0.115114746706145
1.7549,-0.115156742059502
1.7552,-0.115198800629291
1.7555,-0.115240923360317
1.7558,-0.115283111205796
1.7561,-0.115325365127373
1.7564,-0.115367686095163
1.7567,-0.11541007508779
1.757,-0.115452533092404
1.7573,-0.115495061104726
1.7576,-0.115537660129071
1.7579,-0.115580331178399
1.7582,-0.115623075274317
1.7585,-0.115665893447154
1.7588,-0.115708786735953
1.7591,-0.115751756188532
1.7594,-0.115794802861512
1.7597,-0.115837927820342
1.76,-0.115881132139341
1.7603,-0.115924416901737
1.7606,-0.115967783199685
1.7609,-0.116011232134316
1.7612,-0.116054764815777
1.7615,-0.11609838236324
1.7618,-0.116142085904967
1.7621,-0.116185876578322
1.7624,-0.11622975552982
1.7627,-0.116273723915163
1.763,-0.116317782899263
1.7633,-0.116361933656288
1.7636,-0.116406177369705
1.7639,-0.116450515232292
1.7642,-0.116494948446201
1.7645,-0.116539478222976
1.7648,-0.116584105783605
1.7651,-0.116628832358532
1.7654,-0.116673659187727
1.7657,-0.116718587520695
1.766,-0.116763618616532
1.7663,-0.116808753743948
1.7666,-0.116853994181311
1.7669,-0.116899341216694
1.7672,-0.11694479614789
1.7675,-0.116990360282471
1.7678,-0.117036034937823
1.7681,-0.117081821441171
1.7684,-0.11712772112963
1.7687,-0.11717373535024
1.769,-0.117219865460009
1.7693,-0.11726611282594
1.7696,-0.117312478825082
1.7699,-0.117358964844568
1.7702,-0.117405572281643
1.7705,-0.11745230254372
1.7708,-0.117499157048413
1.7711,-0.117546137223569
1.7714,-0.117593244507313
1.7717,-0.117640480348101
1.772,-0.117687846204743
1.7723,-0.117735343546444
1.7726,-0.11778297385286
1.7729,-0.117830738614125
1.7732,-0.117878639330899
1.7735,-0.117926677514398
1.7738,-0.11797485468646
1.7741,-0.118023172379554
1.7744,-0.118071632136845
1.7747,-0.11812023551223
1.775,-0.11816898407038
1.7753,-0.118217879386772
1.7756,-0.118266923047754
1.7759,-0.118316116650563
1.7762,-0.118365461803383
1.7765,-0.118414960125379
1.7768,-0.118464613246747
1.7771,-0.118514422808757
1.7774,-0.11856439046379
1.7777,-0.118614517875385
1.778,-0.118664806718284
1.7783,-0.11871525867847
1.7786,-0.118765875453221
1.7789,-0.118816658751148
1.7792,-0.118867610292229
1.7795,-0.118918731807882
1.7798,-0.118970025040978
1.7801,-0.119021491745905
1.7804,-0.119073133688596
1.7807,-0.119124952646608
1.781,-0.119176950409119
1.7813,-0.11922912877702
1.7816,-0.119281489562924
1.7819,-0.119334034591237
1.7822,-0.119386765698186
1.7825,-0.119439684731882
1.7828,-0.119492793552353
1.7831,-0.119546094031592
1.7834,-0.119599588053606
1.7837,-0.119653277514471
1.784,-0.119707164322364
1.7843,-0.119761250397617
1.7846,-0.119815537672766
1.7849,-0.119870028092595
1.7852,-0.119924723614187
1.7855,-0.119979626206964
1.7858,-0.120034737852751
1.7861,-0.120090060545807
1.7864,-0.120145596292873
1.7867,-0.120201347113237
1.787,-0.120257315038776
1.7873,-0.120313502113985
1.7876,-0.120369910396055
1.7879,-0.120426541954907
1.7882,-0.120483398873242
1.7885,-0.120540483246588
1.7888,-0.12059779718336
1.7891,-0.120655342804902
1.7894,-0.120713122245525
1.7897,-0.120771137652586
1.79,-0.120829391186517
1.7903,-0.12088788502087
1.7906,-0.120946621342391
1.7909,-0.121005602351048
1.7912,-0.121064830260095
1.7915,-0.121124307296117
1.7918,-0.121184035699085
1.7921,-0.121244017722403
1.7924,-0.121304255632957
1.7927,-0.121364751711186
1.793,-0.121425508251105
1.7933,-0.121486527560373
1.7936,-0.121547811960349
1.7939,-0.121609363786134
1.7942,-0.121671185386625
1.7945,-0.121733279124581
1.7948,-0.121795647376651
1.7951,-0.121858292533449
1.7954,-0.121921216999598
1.7957,-0.121984423193783
1.796,-0.122047913548807
1.7963,-0.122111690511639
1.7966,-0.122175756543479
1.7969,-0.1222401141198
1.7972,-0.122304765730402
1.7975,-0.122369713879482
1.7978,-0.122434961085665
1.7981,-0.122500509882082
1.7984,-0.122566362816401
1.7987,-0.122632522450909
1.799,-0.122698991362535
1.7993,-0.122765772142932
1.7996,-0.122832867398526
1.7999,-0.122900279750556
1.8002,-0.122968011835154
1.8005,-0.123036066303374
1.8008,-0.123104445821277
1.8011,-0.12317315306996
1.8014,-0.123242190745632
1.8017,-0.123311561559654
1.802,-0.123381268238617
1.8023,-0.123451313524372
1.8026,-0.123521700174104
1.8029,-0.123592430960396
1.8032,-0.12366350867126
1.8035,-0.123734936110219
1.8038,-0.123806716096355
1.8041,-0.12387885146436
1.8044,-0.123951345064609
1.8047,-0.124024199763204
1.805,-0.124097418442037
1.8053,-0.124171003998851
1.8056,-0.124244959347297
1.8059,-0.124319287416985
1.8062,-0.124393991153551
1.8065,-0.124469073518719
1.8068,-0.124544537490347
1.8071,-0.124620386062501
1.8074,-0.124696622245494
1.8077,-0.124773249065972
1.808,-0.124850269566951
1.8083,-0.124927686807886
1.8086,-0.125005503864731
1.8089,-0.125083723829995
1.8092,-0.125162349812808
1.8095,-0.125241384938973
1.8098,-0.125320832351039
1.8101,-0.12540069520834
1.8104,-0.125480976687085
1.8107,-0.125561679980385
1.811,-0.125642808298348
1.8113,-0.125724364868112
1.8116,-0.125806352933923
1.8119,-0.125888775757186
1.8122,-0.125971636616538
1.8125,-0.126054938807894
1.8128,-0.126138685644528
1.8131,-0.12622288045711
1.8134,-0.126307526593791
1.8137,-0.126392627420259
1.814,-0.126478186319788
1.8143,-0.126564206693315
1.8146,-0.126650691959501
1.8149,-0.126737645554785
1.8152,-0.126825070933452
1.8155,-0.126912971567699
1.8158,-0.127001350947692
1.8161,-0.127090212581632
1.8164,-0.127179559995817
1.8167,-0.127269396734708
1.817,-0.127359726360983
1.8173,-0.127450552455613
1.8176,-0.127541878617926
1.8179,-0.127633708465655
1.8182,-0.127726045635012
1.8185,-0.127818893780762
1.8188,-0.127912256576264
1.8191,-0.128006137713554
1.8194,-0.128100540903402
1.8197,-0.128195469875383
1.82,-0.128290928377923
1.8203,-0.128386920178388
1.8206,-0.128483449063133
1.8209,-0.128580518837573
1.8212,-0.128678133326239
1.8215,-0.128776296372859
1.8218,-0.128875011840408
1.8221,-0.12897428361118
1.8224,-0.129074115586853
1.8227,-0.129174511688557
1.823,-0.129275475856927
1.8233,-0.129377012052191
1.8236,-0.129479124254209
1.8239,-0.12958181646256
1.8242,-0.129685092696599
1.8245,-0.129788956995525
1.8248,-0.129893413418439
1.8251,-0.129998466044425
1.8254,-0.130104118972604
1.8257,-0.130210376322212
1.826,-0.13031724223264
1.8263,-0.130424720863544
1.8266,-0.130532816394868
1.8269,-0.130641533026937
1.8272,-0.130750874980514
1.8275,-0.130860846496866
1.8278,-0.130971451837842
1.8281,-0.131082695285924
1.8284,-0.131194581144299
1.8287,-0.131307113736937
1.829,-0.131420297408641
1.8293,-0.131534136525124
1.8296,-0.131648635473082
1.8299,-0.131763798660243
1.8302,-0.131879630515447
1.8305,-0.13199613548872
1.8308,-0.132113318051323
1.8311,-0.132231182695836
1.8314,-0.132349733936212
1.8317,-0.132468976307856
1.832,-0.132588914367692
1.8323,-0.13270955269421
1.8326,-0.13283089588757
1.8329,-0.132952948569642
1.8332,-0.133075715384077
1.8335,-0.133199200996386
1.8338,-0.133323410093998
1.8341,-0.133448347386333
1.8344,-0.133574017604868
1.8347,-0.133700425503205
1.835,-0.133827575857136
1.8353,-0.133955473464717
1.8356,-0.134084123146336
1.8359,-0.134213529744771
1.8362,-0.134343698125273
1.8365,-0.134474633175617
1.8368,-0.134606339806186
1.8371,-0.134738822950036
1.8374,-0.134872087562947
1.8377,-0.135006138623522
1.838,-0.135140981133221
1.8383,-0.135276620116455
1.8386,-0.135413060620652
1.8389,-0.1355503077163
1.8392,-0.135688366497048
1.8395,-0.135827242079753
1.8398,-0.135966939604559
1.8401,-0.136107464234955
1.8404,-0.136248821157855
1.8407,-0.136391015583651
1.841,-0.136534052746301
1.8413,-0.13667793790338
1.8416,-0.13682267633615
1.8419,-0.136968273349643
1.8422,-0.137114734272706
1.8425,-0.137262064458089
1.8428,-0.137410269282507
1.8431,-0.137559354146691
1.8434,-0.137709324475489
1.8437,-0.137860185717903
1.844,-0.138011943347175
1.8443,-0.138164602860846
1.8446,-0.138318169780826
1.8449,-0.13847264965347
1.8452,-0.138628048049624
1.8455,-0.138784370564723
1.8458,-0.138941622818827
1.8461,-0.139099810456708
1.8464,-0.139258939147914
1.8467,-0.139419014586839
1.847,-0.139580042492778
1.8473,-0.139742028610004
1.8476,-0.139904978707836
1.8479,-0.140068898580702
1.8482,-0.140233794048206
1.8485,-0.140399670955198
1.8488,-0.14056653517184
1.8491,-0.140734392593658
1.8494,-0.140903249141645
1.8497,-0.141073110762288
1.85,-0.141243983427652
1.8503,-0.14141587313545
1.8506,-0.1415887859091
1.8509,-0.141762727797797
1.8512,-0.141937704876578
1.8515,-0.142113723246385
1.8518,-0.142290789034134
1.8521,-0.142468908392779
1.8524,-0.142648087501374
1.8527,-0.142828332565152
1.853,-0.14300964981557
1.8533,-0.14319204551039
1.8536,-0.143375525933734
1.8539,-0.143560097396157
1.8542,-0.14374576623471
1.8545,-0.143932538812998
1.8548,-0.144120421521246
1.8551,-0.144309420776373
1.8554,-0.144499543022046
1.8557,-0.144690794728749
1.856,-0.144883182393842
1.8563,-0.145076712541626
1.8566,-0.145271391723414
1.8569,-0.145467226517586
1.8572,-0.145664223529647
1.8575,-0.145862389392308
1.8578,-0.146061730765533
1.8581,-0.1462622543366
1.8584,-0.146463966820183
1.8587,-0.146666874958393
1.859,-0.146870985520847
1.8593,-0.147076305304734
1.8596,-0.147282841134873
1.8599,-0.147490599863769
1.8602,-0.147699588371691
1.8605,-0.147909813566711
1.8608,-0.148121282384779
1.8611,-0.14833400178979
1.8614,-0.148547978773614
1.8617,-0.148763220356191
1.862,-0.148979733585575
1.8623,-0.149197525537992
1.8626,-0.149416603317897
1.8629,-0.149636974058056
1.8632,-0.149858644919563
1.8635,-0.150081623091945
1.8638,-0.15030591579318
1.8641,-0.150531530269788
1.8644,-0.150758473796862
1.8647,-0.150986753678149
1.865,-0.151216377246087
1.8653,-0.151447351861873
1.8656,-0.151679684915522
1.8659,-0.15191338382592
1.8662,-0.15214845604087
1.8665,-0.152384909037172
1.8668,-0.152622750320645
1.8671,-0.152861987426222
1.8674,-0.153102627917971
1.8677,-0.153344679389173
1.868,-0.153588149462354
1.8683,-0.153833045789365
1.8686,-0.154079376051417
1.8689,-0.154327147959136
1.8692,-0.154576369252629
1.8695,-0.154827047701526
1.8698,-0.155079191105028
1.8701,-0.155332807291972
1.8704,-0.15558790412088
1.8707,-0.155844489479997
1.871,-0.156102571287367
1.8713,-0.156362157490855
1.8716,-0.156623256068223
1.8719,-0.15688587502716
1.8722,-0.157150022405343
1.8725,-0.157415706270494
1.8728,-0.15768293472041
1.8731,-0.157951715883016
1.8734,-0.15822205791643
1.8737,-0.158493969008996
1.874,-0.158767457379325
1.8743,-0.159042531276363
1.8746,-0.159319198979424
1.8749,-0.159597468798234
1.8752,-0.159877349072988
1.8755,-0.160158848174387
1.8758,-0.160441974503685
1.8761,-0.160726736492729
1.8764,-0.161013142604022
1.8767,-0.161301201330742
1.877,-0.161590921196797
1.8773,-0.161882310756878
1.8776,-0.162175378596479
1.8779,-0.16247013333196
1.8782,-0.162766583610581
1.8785,-0.163064738110538
1.8788,-0.163364605541011
1.8791,-0.163666194642207
1.8794,-0.163969514185383
1.8797,-0.164274572972913
1.88,-0.1645813798383
1.8803,-0.164889943646231
1.8806,-0.165200273292614
1.8809,-0.165512377704605
1.8812,-0.165826265840658
1.8815,-0.166141946690552
1.8818,-0.166459429275438
1.8821,-0.166778722647858
1.8824,-0.167099835891801
1.8827,-0.167422778122722
1.883,-0.167747558487577
1.8833,-0.168074186164868
1.8836,-0.168402670364668
1.8839,-0.168733020328658
1.8842,-0.169065245330148
1.8845,-0.169399354674126
1.8848,-0.169735357697278
1.8851,-0.170073263768012
1.8854,-0.170413082286513
1.8857,-0.170754822684752
1.886,-0.17109849442651
1.8863,-0.171444107007433
1.8866,-0.171791669955027
1.8869,-0.172141192828721
1.8872,-0.172492685219856
1.8875,-0.172846156751746
1.8878,-0.173201617079682
1.8881,-0.173559075890964
1.8884,-0.173918542904932
1.8887,-0.174280027872975
1.889,-0.174643540578568
1.8893,-0.175009090837297
1.8896,-0.175376688496863
1.8899,-0.175746343437127
1.8902,-0.176118065570119
1.8905,-0.176491864840055
1.8908,-0.17686775122337
1.8911,-0.177245734728727
1.8914,-0.177625825397043
1.8917,-0.178008033301501
1.892,-0.178392368547572
1.8923,-0.178778841273032
1.8926,-0.179167461647982
1.8929,-0.179558239874857
1.8932,-0.179951186188442
1.8935,-0.180346310855898
1.8938,-0.180743624176765
1.8941,-0.181143136482976
1.8944,-0.181544858138879
1.8947,-0.181948799541244
1.895,-0.182354971119272
1.8953,-0.182763383334606
1.8956,-0.183174046681356
1.8959,-0.183586971686089
1.8962,-0.184002168907855
1.8965,-0.184419648938179
1.8968,-0.184839422401097
1.8971,-0.18526149995312
1.8974,-0.185685892283296
1.8977,-0.186112610113163
1.898,-0.186541664196791
1.8983,-0.186973065320779
1.8986,-0.187406824304248
1.8989,-0.187842951998856
1.8992,-0.188281459288797
1.8995,-0.188722357090809
1.8998,-0.189165656354169
1.9001,-0.1896113680607
1.9004,-0.190059503224765
1.9007,-0.190510072893284
1.901,-0.190963088145705
1.9013,-0.191418560094029
1.9016,-0.191876499882799
1.9019,-0.192336918689092
1.9022,-0.19279982772253
1.9025,-0.193265238225259
1.9028,-0.193733161471964
1.9031,-0.194203608769844
1.9034,-0.19467659145862
1.9037,-0.195152120910534
1.904,-0.195630208530324
1.9043,-0.196110865755229
1.9046,-0.196594104054982
1.9049,-0.197079934931798
1.9052,-0.197568369920364
1.9055,-0.198059420587832
1.9058,-0.198553098533808
1.9061,-0.199049415390336
1.9064,-0.199548382821897
1.9067,-0.200050012525389
1.907,-0.200554316230115
1.9073,-0.201061305697767
1.9076,-0.201570992722427
1.9079,-0.202083389130527
1.9082,-0.202598506780858
1.9085,-0.203116357564541
1.9088,-0.203636953405013
1.9091,-0.204160306258011
1.9094,-0.204686428111556
1.9097,-0.205215330985933
1.91,-0.205747026933672
1.9103,-0.206281528039529
1.9106,-0.206818846420468
1.9109,-0.20735899422564
1.9112,-0.207901983636355
1.9115,-0.208447826866076
1.9118,-0.208996536160377
1.9121,-0.209548123796943
1.9124,-0.210102602085529
1.9127,-0.21065998336794
1.913,-0.211220280018012
1.9133,-0.211783504441587
1.9136,-0.212349669076476
1.9139,-0.212918786392451
1.9142,-0.213490868891212
1.9145,-0.214065929106347
1.9148,-0.214643979603323
1.9151,-0.215225032979455
1.9154,-0.215809101863867
1.9157,-0.216396198917473
1.916,-0.21698633683294
1.9163,-0.217579528334675
1.9166,-0.218175786178771
1.9169,-0.218775123152995
1.9172,-0.21937755207675
1.9175,-0.219983085801041
1.9178,-0.220591737208446
1.9181,-0.221203519213091
1.9184,-0.221818444760603
1.9187,-0.222436526828081
1.919,-0.223057778424076
1.9193,-0.223682212588535
1.9196,-0.224309842392792
1.9199,-0.224940680939503
1.9202,-0.225574741362642
1.9205,-0.226212036827447
1.9208,-0.226852580530384
1.9211,-0.22749638569912
1.9214,-0.228143465592484
1.9217,-0.228793833500427
1.922,-0.229447502743983
1.9223,-0.230104486675242
1.9226,-0.230764798677305
1.9229,-0.231428452164247
1.9232,-0.232095460581078
1.9235,-0.232765837403712
1.9238,-0.233439596138918
1.9241,-0.234116750324287
1.9244,-0.234797313528199
1.9247,-0.235481299349775
1.925,-0.236168721418834
1.9253,-0.236859593395875
1.9256,-0.237553928972013
1.9259,-0.23825174186895
1.9262,-0.238953045838945
1.9265,-0.239657854664754
1.9268,-0.240366182159605
1.9271,-0.241078042167156
1.9274,-0.241793448561454
1.9277,-0.242512415246891
1.928,-0.243234956158167
1.9283,-0.243961085260262
1.9286,-0.244690816548367
1.9289,-0.245424164047876
1.9292,-0.246161141814329
1.9295,-0.246901763933372
1.9298,-0.247646044520724
1.9301,-0.248393997722139
1.9304,-0.249145637713352
1.9307,-0.249900978700066
1.931,-0.250660034917881
1.9313,-0.25142282063228
1.9316,-0.252189350138582
1.9319,-0.252959637761904
1.9322,-0.253733697857117
1.9325,-0.254511544808821
1.9328,-0.255293193031298
1.9331,-0.256078656968473
1.9334,-0.256867951093889
1.9337,-0.257661089910653
1.934,-0.258458087951418
1.9343,-0.25925895977834
1.9346,-0.260063719983029
1.9349,-0.260872383186544
1.9352,-0.26168496403933
1.9355,-0.262501477221199
1.9358,-0.263321937441295
1.9361,-0.264146359438057
1.9364,-0.264974757979197
1.9367,-0.265807147861651
1.937,-0.266643543911566
1.9373,-0.267483960984257
1.9376,-0.268328413964189
1.9379,-0.269176917764935
1.9382,-0.27002948732916
1.9385,-0.270886137628588
1.9388,-0.271746883663969
1.9391,-0.27261174046507
1.9394,-0.273480723090636
1.9397,-0.274353846628371
1.94,-0.275231126194916
1.9403,-0.276112576935823
1.9406,-0.276998214025538
1.9409,-0.27788805266738
1.9412,-0.27878210809352
1.9415,-0.279680395564968
1.9418,-0.280582930371549
1.9421,-0.281489727831895
1.9424,-0.282400803293422
1.9427,-0.283316172132326
1.943,-0.284235849753558
1.9433,-0.285159851590838
1.9436,-0.286088193106613
1.9439,-0.287020889792068
1.9442,-0.287957957167127
1.9445,-0.288899410780421
1.9448,-0.289845266209315
1.9451,-0.290795539059884
1.9454,-0.291750244966913
1.9457,-0.292709399593915
1.946,-0.293673018633118
1.9463,-0.294641117805469
1.9466,-0.295613712860649
1.9469,-0.296590819577073
1.9472,-0.297572453761897
1.9475,-0.298558631251048
1.9478,-0.299549367909206
1.9481,-0.300544679629841
1.9484,-0.301544582335225
1.9487,-0.30254909197645
1.949,-0.303558224533444
1.9493,-0.304571996014996
1.9496,-0.305590422458793
1.9499,-0.306613519931423
1.9502,-0.307641304528428
1.9505,-0.308673792374318
1.9508,-0.309710999622614
1.9511,-0.310752942455878
1.9514,-0.311799637085764
1.9517,-0.312851099753038
1.952,-0.313907346727637
1.9523,-0.314968394308717
1.9526,-0.316034258824682
1.9529,-0.317104956633258
1.9532,-0.318180504121533
1.9535,-0.319260917706018
1.9538,-0.320346213832696
1.9541,-0.321436408977104
1.9544,-0.322531519644384
1.9547,-0.323631562369339
1.955,-0.324736553716539
1.9553,-0.325846510280356
1.9556,-0.326961448685061
1.9559,-0.328081385584906
1.9562,-0.3292063376642
1.9565,-0.330336321637385
1.9568,-0.331471354249154
1.9571,-0.332611452274518
1.9574,-0.333756632518906
1.9577,-0.334906911818278
1.958,-0.336062307039223
1.9583,-0.337222835079048
1.9586,-0.338388512865913
1.9589,-0.339559357358933
1.9592,-0.340735385548299
1.9595,-0.341916614455397
1.9598,-0.343103061132936
1.9601,-0.34429474266507
1.9604,-0.345491676167548
1.9607,-0.346693878787832
1.961,-0.34790136770525
1.9613,-0.349114160131142
1.9616,-0.350332273309002
1.9619,-0.351555724514641
1.9622,-0.352784531056338
1.9625,-0.354018710275009
1.9628,-0.355258279544372
1.9631,-0.356503256271115
1.9634,-0.357753657895085
1.9637,-0.359009501889452
1.964,-0.360270805760905
1.9643,-0.361537587049847
1.9646,-0.362809863330583
1.9649,-0.364087652211518
1.9652,-0.365370971335375
1.9655,-0.366659838379392
1.9658,-0.367954271055547
1.9661,-0.369254287110778
1.9664,-0.37055990432721
1.9667,-0.371871140522374
1.967,-0.373188013549464
1.9673,-0.374510541297572
1.9676,-0.375838741691929
1.9679,-0.377172632694167
1.9682,-0.378512232302576
1.9685,-0.379857558552373
1.9688,-0.381208629515967
1.9691,-0.382565463303244
1.9694,-0.383928078061841
1.9697,-0.385296491977444
1.97,-0.386670723274081
1.9703,-0.38805079021442
1.9706,-0.389436711100083
1.9709,-0.390828504271961
1.9712,-0.392226188110525
1.9715,-0.393629781036165
1.9718,-0.395039301509521
1.9721,-0.396454768031825
1.9724,-0.397876199145237
1.9727,-0.399303613433229
1.973,-0.40073702952091
1.9733,-0.402176466075419
1.9736,-0.403621941806296
1.9739,-0.405073475465865
1.9742,-0.406531085849621
1.9745,-0.407994791796622
1.9748,-0.409464612189921
1.9751,-0.410940565956939
1.9754,-0.412422672069921
1.9757,-0.413910949546347
1.976,-0.415405417449362
1.9763,-0.416906094888243
1.9766,-0.418413001018827
1.9769,-0.419926155043978
1.9772,-0.421445576214066
1.9775,-0.422971283827434
1.9778,-0.424503297230872
1.9781,-0.426041635820138
1.9784,-0.427586319040432
1.9787,-0.429137366386921
1.979,-0.430694797405252
1.9793,-0.432258631692088
1.9796,-0.433828888895632
1.9799,-0.435405588716182
1.9802,-0.436988750906684
1.9805,-0.438578395273295
1.9808,-0.440174541675944
1.9811,-0.441777210028947
1.9814,-0.443386420301559
1.9817,-0.4450021925186
1.982,-0.446624546761063
1.9823,-0.448253503166725
1.9826,-0.449889081930786
1.9829,-0.451531303306508
1.9832,-0.453180187605866
1.9835,-0.4548357552002
1.9838,-0.4564980265209
1.9841,-0.458167022060078
1.9844,-0.459842762371251
1.9847,-0.461525268070069
1.985,-0.463214559834994
1.9853,-0.464910658408054
1.9856,-0.466613584595549
1.9859,-0.46832335926883
1.9862,-0.470040003365006
1.9865,-0.471763537887767
1.9868,-0.473493983908117
1.9871,-0.475231362565185
1.9874,-0.476975695067026
1.9877,-0.478727002691426
1.988,-0.480485306786726
1.9883,-0.482250628772667
1.9886,-0.484022990141227
1.9889,-0.485802412457477
1.9892,-0.487588917360474
1.9895,-0.489382526564127
1.9898,-0.491183261858083
1.9901,-0.492991145108661
1.9904,-0.494806198259761
1.9907,-0.496628443333788
1.991,-0.498457902432606
1.9913,-0.500294597738502
1.9916,-0.50213855151515
1.9919,-0.503989786108592
1.9922,-0.505848323948247
1.9925,-0.507714187547911
1.9928,-0.509587399506787
1.9931,-0.511467982510523
1.9934,-0.513355959332257
1.9937,-0.515251352833686
1.994,-0.517154185966146
1.9943,-0.519064481771709
1.9946,-0.520982263384265
1.9949,-0.522907554030678
1.9952,-0.524840377031891
1.9955,-0.526780755804092
1.9958,-0.528728713859867
1.9961,-0.530684274809394
1.9964,-0.532647462361612
1.9967,-0.534618300325441
1.997,-0.536596812611017
1.9973,-0.538583023230898
1.9976,-0.540576956301349
1.9979,-0.542578636043591
1.9982,-0.54458808678508
1.9985,-0.546605332960819
1.9988,-0.548630399114677
1.9991,-0.550663309900686
1.9994,-0.552704090084427
1.9997,-0.554752764544364
2,-0.556809358273233
