"Freq [GHz]","dB(S(1,1)) []"
1.4,-0.359184050946939
1.4003,-0.357274998481223
1.4006,-0.355382753149094
1.4009,-0.353507123122293
1.4012,-0.351647919272569
1.4015,-0.349804955126808
1.4018,-0.347978046822953
1.4021,-0.346167013066832
1.4024,-0.344371675089758
1.4027,-0.34259185660696
1.403,-0.340827383776775
1.4033,-0.33907808516064
1.4036,-0.337343791683797
1.4039,-0.335624336596781
1.4042,-0.333919555437599
1.4045,-0.332229285994603
1.4048,-0.330553368270104
1.4051,-0.328891644444609
1.4054,-0.32724395884176
1.4057,-0.325610157893889
1.406,-0.323990090108243
1.4063,-0.322383606033808
1.4066,-0.320790558228738
1.4069,-0.319210801228412
1.4072,-0.31764419151403
1.4075,-0.316090587481829
1.4078,-0.314549849412821
1.4081,-0.313021839443104
1.4084,-0.311506421534698
1.4087,-0.310003461446922
1.409,-0.308512826708264
1.4093,-0.307034386588789
1.4096,-0.30556801207301
1.4099,-0.304113575833269
1.4102,-0.302670952203579
1.4105,-0.30124001715394
1.4108,-0.299820648265111
1.4111,-0.298412724703827
1.4114,-0.297016127198458
1.4117,-0.295630738015084
1.412,-0.294256440934031
1.4123,-0.292893121226759
1.4126,-0.291540665633214
1.4129,-0.29019896233954
1.4132,-0.288867900956201
1.4135,-0.28754737249646
1.4138,-0.286237269355258
1.4141,-0.284937485288453
1.4144,-0.2836479153924
1.4147,-0.28236845608391
1.415,-0.281099005080535
1.4153,-0.279839461381207
1.4156,-0.27858972524719
1.4159,-0.277349698183375
1.4162,-0.276119282919898
1.4165,-0.274898383394045
1.4168,-0.273686904732493
1.4171,-0.272484753233838
1.4174,-0.271291836351427
1.4177,-0.270108062676455
1.418,-0.268933341921403
1.4183,-0.26776758490368
1.4186,-0.266610703529604
1.4189,-0.265462610778612
1.4192,-0.264323220687755
1.4195,-0.263192448336437
1.4198,-0.262070209831413
1.4201,-0.260956422292044
1.4204,-0.259851003835794
1.4207,-0.258753873563936
1.421,-0.257664951547553
1.4213,-0.256584158813721
1.4216,-0.255511417331922
1.4219,-0.254446650000718
1.4222,-0.253389780634594
1.4225,-0.252340733951052
1.4228,-0.251299435557893
1.4231,-0.250265811940715
1.4234,-0.249239790450619
1.4237,-0.248221299292102
1.424,-0.247210267511145
1.4243,-0.246206624983515
1.4246,-0.245210302403222
1.4249,-0.244221231271192
1.4252,-0.243239343884087
1.4255,-0.242264573323345
1.4258,-0.241296853444367
1.4261,-0.240336118865876
1.4264,-0.239382304959447
1.4267,-0.238435347839231
1.427,-0.237495184351788
1.4273,-0.236561752066124
1.4276,-0.235634989263873
1.4279,-0.234714834929626
1.4282,-0.233801228741412
1.4285,-0.232894111061337
1.4288,-0.23199342292637
1.4291,-0.231099106039254
1.4294,-0.230211102759574
1.4297,-0.229329356094972
1.43,-0.228453809692471
1.4303,-0.227584407829956
1.4306,-0.226721095407777
1.4309,-0.225863817940484
1.4312,-0.225012521548687
1.4315,-0.224167152951039
1.4318,-0.223327659456349
1.4321,-0.222493988955805
1.4324,-0.221666089915326
1.4327,-0.220843911368018
1.433,-0.220027402906755
1.4333,-0.219216514676875
1.4336,-0.218411197368968
1.4339,-0.217611402211789
1.4342,-0.216817080965276
1.4345,-0.216028185913672
1.4348,-0.215244669858741
1.4351,-0.214466486113095
1.4354,-0.21369358849362
1.4357,-0.212925931314996
1.436,-0.212163469383319
1.4363,-0.211406157989805
1.4366,-0.210653952904606
1.4369,-0.209906810370704
1.4372,-0.209164687097893
1.4375,-0.208427540256867
1.4378,-0.207695327473365
1.4381,-0.206968006822442
1.4384,-0.206245536822781
1.4387,-0.205527876431116
1.439,-0.204814985036739
1.4393,-0.204106822456058
1.4396,-0.203403348927266
1.4399,-0.202704525105069
1.4402,-0.202010312055491
1.4405,-0.201320671250776
1.4408,-0.200635564564321
1.4411,-0.199954954265713
1.4414,-0.199278803015848
1.4417,-0.198607073862079
1.442,-0.19793973023347
1.4423,-0.197276735936107
1.4426,-0.196618055148455
1.4429,-0.195963652416824
1.4432,-0.195313492650846
1.4435,-0.194667541119077
1.4438,-0.194025763444602
1.4441,-0.193388125600736
1.4444,-0.192754593906785
1.4447,-0.192125135023853
1.445,-0.191499715950719
1.4453,-0.19087830401975
1.4456,-0.190260866892917
1.4459,-0.189647372557814
1.4462,-0.189037789323766
1.4465,-0.188432085817982
1.4468,-0.187830230981749
1.4471,-0.187232194066705
1.4474,-0.186637944631145
1.4477,-0.186047452536368
1.448,-0.185460687943105
1.4483,-0.184877621307969
1.4486,-0.184298223379966
1.4489,-0.183722465197055
1.4492,-0.183150318082733
1.4495,-0.182581753642715
1.4498,-0.182016743761602
1.4501,-0.181455260599634
1.4504,-0.180897276589471
1.4507,-0.18034276443302
1.451,-0.179791697098302
1.4513,-0.179244047816377
1.4516,-0.178699790078282
1.4519,-0.178158897632035
1.4522,-0.177621344479671
1.4525,-0.177087104874314
1.4528,-0.176556153317286
1.4531,-0.176028464555274
1.4534,-0.175504013577509
1.4537,-0.17498277561299
1.454,-0.174464726127763
1.4543,-0.173949840822209
1.4546,-0.173438095628384
1.4549,-0.172929466707397
1.4552,-0.172423930446802
1.4555,-0.171921463458053
1.4558,-0.171422042573969
1.4561,-0.170925644846241
1.4564,-0.170432247542976
1.4567,-0.169941828146266
1.457,-0.169454364349791
1.4573,-0.168969834056452
1.4576,-0.168488215376037
1.4579,-0.168009486622917
1.4582,-0.167533626313774
1.4585,-0.167060613165348
1.4588,-0.166590426092225
1.4591,-0.166123044204647
1.4594,-0.165658446806358
1.4597,-0.165196613392465
1.46,-0.164737523647329
1.4603,-0.164281157442503
1.4606,-0.16382749483466
1.4609,-0.163376516063584
1.4612,-0.16292820155016
1.4615,-0.162482531894405
1.4618,-0.162039487873515
1.4621,-0.161599050439944
1.4624,-0.161161200719499
1.4627,-0.160725920009465
1.463,-0.160293189776758
1.4633,-0.159862991656077
1.4636,-0.159435307448132
1.4639,-0.159010119117817
1.4642,-0.158587408792479
1.4645,-0.158167158760165
1.4648,-0.157749351467906
1.4651,-0.157333969520029
1.4654,-0.15692099567646
1.4657,-0.156510412851089
1.466,-0.156102204110129
1.4663,-0.155696352670497
1.4666,-0.155292841898223
1.4669,-0.15489165530688
1.4672,-0.154492776556011
1.4675,-0.154096189449623
1.4678,-0.153701877934633
1.4681,-0.153309826099396
1.4684,-0.15292001817221
1.4687,-0.152532438519861
1.469,-0.152147071646174
1.4693,-0.15176390219058
1.4696,-0.15138291492672
1.4699,-0.151004094761035
1.4702,-0.150627426731404
1.4705,-0.150252896005768
1.4708,-0.149880487880812
1.4711,-0.149510187780603
1.4714,-0.149141981255311
1.4717,-0.148775853979896
1.472,-0.148411791752827
1.4723,-0.148049780494822
1.4726,-0.147689806247607
1.4729,-0.147331855172653
1.4732,-0.146975913549995
1.4735,-0.146621967776986
1.4738,-0.146270004367137
1.4741,-0.14592000994892
1.4744,-0.145571971264612
1.4747,-0.145225875169149
1.475,-0.14488170862898
1.4753,-0.144539458720947
1.4756,-0.144199112631182
1.4759,-0.143860657653998
1.4762,-0.143524081190815
1.4765,-0.143189370749091
1.4768,-0.142856513941245
1.4771,-0.142525498483633
1.4774,-0.142196312195494
1.4777,-0.141868942997945
1.478,-0.141543378912955
1.4783,-0.141219608062351
1.4786,-0.140897618666846
1.4789,-0.140577399045027
1.4792,-0.140258937612432
1.4795,-0.139942222880564
1.4798,-0.139627243455962
1.4801,-0.139313988039272
1.4804,-0.139002445424316
1.4807,-0.138692604497191
1.481,-0.138384454235354
1.4813,-0.138077983706751
1.4816,-0.137773182068915
1.4819,-0.137470038568119
1.4822,-0.137168542538498
1.4825,-0.136868683401203
1.4828,-0.136570450663564
1.4831,-0.136273833918257
1.4834,-0.135978822842473
1.4837,-0.13568540719712
1.484,-0.135393576826006
1.4843,-0.135103321655055
1.4846,-0.134814631691508
1.4849,-0.134527497023158
1.4852,-0.134241907817579
1.4855,-0.133957854321359
1.4858,-0.133675326859353
1.4861,-0.13339431583394
1.4864,-0.13311481172429
1.4867,-0.132836805085634
1.487,-0.132560286548543
1.4873,-0.132285246818225
1.4876,-0.132011676673811
1.4879,-0.131739566967673
1.4882,-0.13146890862472
1.4885,-0.131199692641732
1.4888,-0.130931910086685
1.4891,-0.13066555209807
1.4894,-0.13040060988426
1.4897,-0.130137074722843
1.49,-0.129874937959972
1.4903,-0.129614191009751
1.4906,-0.129354825353582
1.4909,-0.129096832539556
1.4912,-0.128840204181826
1.4915,-0.128584931960012
1.4918,-0.128331007618576
1.4921,-0.128078422966251
1.4924,-0.127827169875426
1.4927,-0.127577240281583
1.493,-0.127328626182701
1.4933,-0.127081319638699
1.4936,-0.126835312770867
1.4939,-0.126590597761295
1.4942,-0.126347166852335
1.4945,-0.12610501234605
1.4948,-0.125864126603663
1.4951,-0.125624502045031
1.4954,-0.125386131148111
1.4957,-0.125149006448436
1.496,-0.124913120538591
1.4963,-0.124678466067708
1.4966,-0.124445035740953
1.4969,-0.124212822319021
1.4972,-0.12398181861764
1.4975,-0.12375201750708
1.4978,-0.123523411911669
1.4981,-0.123295994809298
1.4984,-0.123069759230958
1.4987,-0.122844698260258
1.499,-0.122620805032966
1.4993,-0.122398072736545
1.4996,-0.122176494609681
1.4999,-0.121956063941853
1.5002,-0.12173677407287
1.5005,-0.121518618392423
1.5008,-0.12130159033967
1.5011,-0.12108568340277
1.5014,-0.120870891118475
1.5017,-0.120657207071701
1.502,-0.120444624895092
1.5023,-0.120233138268628
1.5026,-0.120022740919192
1.5029,-0.119813426620167
1.5032,-0.119605189191035
1.5035,-0.119398022496975
1.5038,-0.119191920448469
1.5041,-0.118986877000904
1.5044,-0.118782886154189
1.5047,-0.118579941952368
1.505,-0.118378038483247
1.5053,-0.118177169878004
1.5056,-0.11797733031083
1.5059,-0.117778513998549
1.5062,-0.117580715200262
1.5065,-0.117383928216981
1.5068,-0.117188147391271
1.5071,-0.116993367106895
1.5074,-0.116799581788467
1.5077,-0.116606785901101
1.508,-0.116414973950069
1.5083,-0.116224140480458
1.5086,-0.116034280076841
1.5089,-0.11584538736293
1.5092,-0.115657457001258
1.5095,-0.115470483692847
1.5098,-0.115284462176883
1.5101,-0.115099387230399
1.5104,-0.114915253667947
1.5107,-0.114732056341308
1.511,-0.114549790139149
1.5113,-0.114368449986739
1.5116,-0.114188030845634
1.5119,-0.114008527713376
1.5122,-0.113829935623192
1.5125,-0.113652249643707
1.5128,-0.113475464878632
1.5131,-0.113299576466492
1.5134,-0.113124579580334
1.5137,-0.112950469427436
1.514,-0.112777241249025
1.5143,-0.112604890320008
1.5146,-0.112433411948683
1.5149,-0.11226280147647
1.5152,-0.112093054277643
1.5155,-0.111924165759056
1.5158,-0.111756131359877
1.5161,-0.111588946551332
1.5164,-0.111422606836434
1.5167,-0.111257107749728
1.517,-0.11109244485704
1.5173,-0.110928613755213
1.5176,-0.110765610071869
1.5179,-0.110603429465146
1.5182,-0.110442067623463
1.5185,-0.110281520265268
1.5188,-0.110121783138803
1.5191,-0.109962852021859
1.5194,-0.109804722721546
1.5197,-0.109647391074042
1.52,-0.109490852944385
1.5203,-0.109335104226217
1.5206,-0.109180140841576
1.5209,-0.109025958740655
1.5212,-0.108872553901588
1.5215,-0.108719922330227
1.5218,-0.108568060059909
1.5221,-0.108416963151259
1.5224,-0.108266627691956
1.5227,-0.108117049796534
1.523,-0.107968225606156
1.5233,-0.107820151288419
1.5236,-0.107672823037133
1.5239,-0.107526237072119
1.5242,-0.107380389639012
1.5245,-0.10723527700905
1.5248,-0.10709089547888
1.5251,-0.106947241370353
1.5254,-0.106804311030336
1.5257,-0.106662100830507
1.526,-0.106520607167172
1.5263,-0.10637982646107
1.5266,-0.106239755157177
1.5269,-0.106100389724534
1.5272,-0.105961726656042
1.5275,-0.105823762468295
1.5278,-0.105686493701388
1.5281,-0.105549916918731
1.5284,-0.105414028706885
1.5287,-0.105278825675373
1.529,-0.105144304456507
1.5293,-0.105010461705215
1.5296,-0.104877294098864
1.5299,-0.104744798337098
1.5302,-0.104612971141655
1.5305,-0.104481809256207
1.5308,-0.1043513094462
1.5311,-0.10422146849867
1.5314,-0.104092283222099
1.5317,-0.103963750446243
1.532,-0.103835867021967
1.5323,-0.103708629821102
1.5326,-0.103582035736267
1.5329,-0.103456081680729
1.5332,-0.103330764588239
1.5335,-0.103206081412884
1.5338,-0.103082029128922
1.5341,-0.102958604730652
1.5344,-0.102835805232248
1.5347,-0.102713627667616
1.535,-0.102592069090247
1.5353,-0.102471126573077
1.5356,-0.102350797208331
1.5359,-0.102231078107385
1.5362,-0.102111966400631
1.5365,-0.101993459237335
1.5368,-0.101875553785483
1.5371,-0.101758247231659
1.5374,-0.101641536780901
1.5377,-0.101525419656577
1.538,-0.101409893100231
1.5383,-0.101294954371461
1.5386,-0.10118060074779
1.5389,-0.101066829524529
1.5392,-0.100953638014646
1.5395,-0.100841023548651
1.5398,-0.100728983474449
1.5401,-0.100617515157218
1.5404,-0.100506615979305
1.5407,-0.100396283340072
1.541,-0.100286514655793
1.5413,-0.100177307359522
1.5416,-0.100068658900971
1.5419,-0.0999605667464067
1.5422,-0.0998530283785082
1.5425,-0.0997460412962657
1.5428,-0.0996396030148555
1.5431,-0.0995337110655273
1.5434,-0.0994283629954947
1.5437,-0.099323556367803
1.544,-0.0992192887612436
1.5443,-0.0991155577702169
1.5446,-0.0990123610046336
1.5449,-0.0989096960898088
1.5452,-0.0988075606663454
1.5455,-0.0987059523900178
1.5458,-0.0986048689316887
1.5461,-0.0985043079771806
1.5464,-0.0984042672271824
1.5467,-0.0983047443971395
1.547,-0.0982057372171505
1.5473,-0.0981072434318679
1.5476,-0.0980092608003942
1.5479,-0.0979117870961828
1.5482,-0.0978148201069307
1.5485,-0.0977183576344925
1.5488,-0.0976223974947663
1.5491,-0.0975269375176075
1.5494,-0.0974319755467317
1.5497,-0.0973375094396079
1.55,-0.0972435370673807
1.5503,-0.0971500563147561
1.5506,-0.0970570650799285
1.5509,-0.0969645612744675
1.5512,-0.096872542823241
1.5515,-0.0967810076643247
1.5518,-0.0966899537488919
1.5521,-0.096599379041149
1.5524,-0.096509281518236
1.5527,-0.0964196591701281
1.553,-0.0963305099995677
1.5533,-0.0962418320219634
1.5536,-0.0961536232653077
1.5539,-0.0960658817700915
1.5542,-0.0959786055892259
1.5545,-0.0958917927879478
1.5548,-0.0958054414437431
1.5551,-0.095719549646262
1.5554,-0.0956341154972372
1.5557,-0.0955491371104091
1.556,-0.0954646126114317
1.5563,-0.0953805401378054
1.5566,-0.0952969178387933
1.5569,-0.0952137438753401
1.5572,-0.0951310164199984
1.5575,-0.0950487336568515
1.5578,-0.094966893781435
1.5581,-0.0948854950006568
1.5584,-0.0948045355327261
1.5587,-0.0947240136070849
1.559,-0.0946439274643218
1.5593,-0.0945642753561102
1.5596,-0.0944850555451178
1.5599,-0.0944062663049574
1.5602,-0.0943279059200984
1.5605,-0.0942499726858045
1.5608,-0.0941724649080552
1.5611,-0.094095380903482
1.5614,-0.0940187189992962
1.5617,-0.0939424775332249
1.562,-0.093866654853435
1.5623,-0.0937912493184692
1.5626,-0.0937162592971788
1.5629,-0.093641683168662
1.5632,-0.0935675193221865
1.5635,-0.0934937661571356
1.5638,-0.0934204220829314
1.5641,-0.0933474855189824
1.5644,-0.0932749548946135
1.5647,-0.0932028286489976
1.565,-0.0931311052311053
1.5653,-0.0930597830996295
1.5656,-0.0929888607229318
1.5659,-0.0929183365789756
1.5662,-0.0928482091552712
1.5665,-0.0927784769488069
1.5668,-0.0927091384660023
1.5671,-0.0926401922226235
1.5674,-0.0925716367437644
1.5677,-0.0925034705637413
1.568,-0.0924356922260777
1.5683,-0.09236830028341
1.5686,-0.0923012932974609
1.5689,-0.0922346698389598
1.5692,-0.0921684284876015
1.5695,-0.0921025678319803
1.5698,-0.0920370864695411
1.5701,-0.0919719830065228
1.5704,-0.091907256057899
1.5707,-0.0918429042473372
1.571,-0.0917789262071247
1.5713,-0.0917153205781346
1.5716,-0.0916520860097613
1.5719,-0.0915892211598724
1.5722,-0.0915267246947575
1.5725,-0.0914645952890704
1.5728,-0.0914028316257937
1.5731,-0.0913414323961632
1.5734,-0.0912803962996414
1.5737,-0.0912197220438518
1.574,-0.0911594083445416
1.5743,-0.0910994539255169
1.5746,-0.0910398575186086
1.5749,-0.0909806178636199
1.5752,-0.0909217337082731
1.5755,-0.0908632038081617
1.5758,-0.090805026926715
1.5761,-0.0907472018351422
1.5764,-0.0906897273123768
1.5767,-0.090632602145051
1.577,-0.0905758251274363
1.5773,-0.0905193950613956
1.5776,-0.090463310756352
1.5779,-0.0904075710292256
1.5782,-0.0903521747044096
1.5785,-0.0902971206137023
1.5788,-0.0902424075962905
1.5791,-0.0901880344986802
1.5794,-0.0901340001746733
1.5797,-0.0900803034853091
1.58,-0.0900269432988377
1.5803,-0.0899739184906656
1.5806,-0.0899212279433202
1.5809,-0.0898688705464057
1.5812,-0.0898168451965566
1.5815,-0.0897651507974194
1.5818,-0.089713786259578
1.5821,-0.0896627505005407
1.5824,-0.0896120424446873
1.5827,-0.0895616610232351
1.583,-0.0895116051742036
1.5833,-0.0894618738423539
1.5836,-0.0894124659791851
1.5839,-0.0893633805428635
1.5842,-0.0893146164982005
1.5845,-0.0892661728166173
1.5848,-0.0892180484760969
1.5851,-0.0891702424611554
1.5854,-0.0891227537628003
1.5857,-0.0890755813784958
1.586,-0.0890287243121275
1.5863,-0.0889821815739683
1.5866,-0.0889359521806356
1.5869,-0.0888900351550559
1.5872,-0.0888444295264437
1.5875,-0.0887991343302477
1.5878,-0.0887541486081311
1.5881,-0.0887094714079253
1.5884,-0.088665101783607
1.5887,-0.0886210387952529
1.589,-0.0885772815090145
1.5893,-0.0885338289970834
1.5896,-0.0884906803376586
1.5899,-0.088447834614905
1.5902,-0.0884052909189319
1.5905,-0.0883630483457608
1.5908,-0.0883211059972789
1.5911,-0.0882794629812249
1.5914,-0.088238118411151
1.5917,-0.0881970714063842
1.592,-0.0881563210920032
1.5923,-0.0881158665988072
1.5926,-0.0880757070632852
1.5929,-0.0880358416275775
1.5932,-0.0879962694394576
1.5935,-0.0879569896522949
1.5938,-0.0879180014250302
1.5941,-0.0878793039221339
1.5944,-0.0878408963135933
1.5947,-0.087802777774872
1.595,-0.0877649474868863
1.5953,-0.0877274046359737
1.5956,-0.0876901484138668
1.5959,-0.0876531780176632
1.5962,-0.0876164926497986
1.5965,-0.0875800915180202
1.5968,-0.0875439738353577
1.5971,-0.0875081388200935
1.5974,-0.0874725856957381
1.5977,-0.087437313691008
1.598,-0.0874023220397891
1.5983,-0.0873676099811184
1.5986,-0.0873331767591533
1.5989,-0.0872990216231443
1.5992,-0.0872651438274162
1.5995,-0.087231542631335
1.5998,-0.0871982172992889
1.6001,-0.0871651671006508
1.6004,-0.0871323913097673
1.6007,-0.0870998892059274
1.601,-0.0870676600733416
1.6013,-0.0870357032011075
1.6016,-0.0870040178831977
1.6019,-0.0869726034184227
1.6022,-0.0869414591104226
1.6025,-0.0869105842676298
1.6028,-0.0868799782032514
1.6031,-0.086849640235246
1.6034,-0.0868195696862959
1.6037,-0.0867897658837915
1.604,-0.0867602281598012
1.6043,-0.0867309558510505
1.6046,-0.0867019482989043
1.6049,-0.0866732048493363
1.6052,-0.0866447248529133
1.6055,-0.0866165076647725
1.6058,-0.0865885526445986
1.6061,-0.0865608591565946
1.6064,-0.0865334265694774
1.6067,-0.086506254256434
1.607,-0.0864793415951259
1.6073,-0.086452687967644
1.6076,-0.0864262927605065
1.6079,-0.0864001553646226
1.6082,-0.0863742751752847
1.6085,-0.0863486515921382
1.6088,-0.0863232840191706
1.6091,-0.0862981718646811
1.6094,-0.0862733145412712
1.6097,-0.0862487114658132
1.61,-0.0862243620594478
1.6103,-0.0862002657475374
1.6106,-0.0861764219596802
1.6109,-0.0861528301296636
1.6112,-0.0861294896954587
1.6115,-0.0861064000991979
1.6118,-0.0860835607871534
1.6121,-0.0860609712097306
1.6124,-0.0860386308214298
1.6127,-0.086016539080847
1.613,-0.0859946954506402
1.6133,-0.0859730993975262
1.6136,-0.0859517503922501
1.6139,-0.0859306479095752
1.6142,-0.0859097914282608
1.6145,-0.085889180431048
1.6148,-0.0858688144046432
1.6151,-0.0858486928396896
1.6154,-0.0858288152307746
1.6157,-0.0858091810763852
1.616,-0.0857897898789065
1.6163,-0.085770641144604
1.6166,-0.0857517343836053
1.6169,-0.0857330691098789
1.6172,-0.0857146448412326
1.6175,-0.0856964610992761
1.6178,-0.0856785174094215
1.6181,-0.0856608133008632
1.6184,-0.085643348306558
1.6187,-0.0856261219632153
1.619,-0.0856091338112742
1.6193,-0.0855923833949018
1.6196,-0.0855758702619607
1.6199,-0.0855595939640021
1.6202,-0.085543554056253
1.6205,-0.0855277500976012
1.6208,-0.0855121816505732
1.6211,-0.0854968482813275
1.6214,-0.0854817495596379
1.6217,-0.0854668850588739
1.622,-0.0854522543559992
1.6223,-0.0854378570315421
1.6226,-0.0854236926695866
1.6229,-0.0854097608577655
1.6232,-0.0853960611872418
1.6235,-0.0853825932526881
1.6238,-0.0853693566522862
1.6241,-0.0853563509877001
1.6244,-0.0853435758640748
1.6247,-0.0853310308900163
1.625,-0.0853187156775773
1.6253,-0.0853066298422465
1.6256,-0.085294773002937
1.6259,-0.0852831447819676
1.6262,-0.0852717448050619
1.6265,-0.0852605727013207
1.6268,-0.0852496281032203
1.6271,-0.0852389106465978
1.6274,-0.0852284199706321
1.6277,-0.085218155717843
1.628,-0.0852081175340711
1.6283,-0.0851983050684633
1.6286,-0.0851887179734749
1.6289,-0.085179355904837
1.6292,-0.0851702185215638
1.6295,-0.0851613054859305
1.6298,-0.085152616463465
1.6301,-0.0851441511229372
1.6304,-0.0851359091363427
1.6307,-0.0851278901788981
1.631,-0.085120093929026
1.6313,-0.0851125200683467
1.6316,-0.0851051682816637
1.6319,-0.0850980382569499
1.6322,-0.0850911296853544
1.6325,-0.0850844422611679
1.6328,-0.0850779756818255
1.6331,-0.0850717296478956
1.6334,-0.0850657038630723
1.6337,-0.0850598980341492
1.634,-0.0850543118710321
1.6343,-0.08504894508671
1.6346,-0.0850437973972595
1.6349,-0.0850388685218196
1.6352,-0.0850341581825987
1.6355,-0.0850296661048515
1.6358,-0.0850253920168736
1.6361,-0.0850213356499963
1.6364,-0.0850174967385702
1.6367,-0.0850138750199628
1.637,-0.0850104702345404
1.6373,-0.0850072821256676
1.6376,-0.0850043104396939
1.6379,-0.0850015549259427
1.6382,-0.0849990153367066
1.6385,-0.0849966914272392
1.6388,-0.084994582955738
1.6391,-0.0849926896833496
1.6394,-0.0849910113741476
1.6397,-0.0849895477951279
1.64,-0.0849882987162049
1.6403,-0.0849872639102018
1.6406,-0.0849864431528388
1.6409,-0.0849858362227241
1.6412,-0.0849854429013486
1.6415,-0.0849852629730837
1.6418,-0.0849852962251596
1.6421,-0.0849855424476662
1.6424,-0.0849860014335509
1.6427,-0.0849866729785959
1.643,-0.0849875568814198
1.6433,-0.0849886529434724
1.6436,-0.0849899609690232
1.6439,-0.084991480765154
1.6442,-0.0849932121417452
1.6445,-0.0849951549114872
1.6448,-0.0849973088898523
1.6451,-0.0849996738950986
1.6454,-0.0850022497482611
1.6457,-0.0850050362731469
1.646,-0.085008033296324
1.6463,-0.0850112406471153
1.6466,-0.0850146581575938
1.6469,-0.0850182856625753
1.6472,-0.0850221229996115
1.6475,-0.0850261700089808
1.6478,-0.0850304265336918
1.6481,-0.0850348924194613
1.6484,-0.0850395675147235
1.6487,-0.085044451670609
1.649,-0.0850495447409521
1.6493,-0.0850548465822758
1.6496,-0.0850603570537911
1.6499,-0.085066076017387
1.6502,-0.0850720033376265
1.6505,-0.085078138881743
1.6508,-0.0850844825196265
1.6511,-0.0850910341238284
1.6514,-0.0850977935695517
1.6517,-0.0851047607346394
1.652,-0.0851119354995813
1.6523,-0.0851193177474954
1.6526,-0.0851269073641347
1.6529,-0.0851347042378688
1.6532,-0.0851427082596964
1.6535,-0.08515091932322
1.6538,-0.085159337324652
1.6541,-0.0851679621628151
1.6544,-0.0851767937391263
1.6547,-0.0851858319575916
1.655,-0.085195076724811
1.6553,-0.085204527949972
1.6556,-0.0852141855448345
1.6559,-0.0852240494237387
1.6562,-0.0852341195035896
1.6565,-0.0852443957038602
1.6568,-0.0852548779465908
1.6571,-0.0852655661563682
1.6574,-0.085276460260344
1.6577,-0.0852875601882042
1.658,-0.0852988658721911
1.6583,-0.0853103772470851
1.6586,-0.0853220942501937
1.6589,-0.0853340168213686
1.6592,-0.0853461449029863
1.6595,-0.0853584784399445
1.6598,-0.0853710173796625
1.6601,-0.0853837616720798
1.6604,-0.085396711269647
1.6607,-0.0854098661273233
1.661,-0.0854232262025789
1.6613,-0.0854367914553777
1.6616,-0.085450561848195
1.6619,-0.0854645373459911
1.6622,-0.0854787179162258
1.6625,-0.0854931035288469
1.6628,-0.0855076941562882
1.6631,-0.0855224897734626
1.6634,-0.0855374903577701
1.6637,-0.0855526958890851
1.664,-0.0855681063497543
1.6643,-0.0855837217245978
1.6646,-0.0855995420009043
1.6649,-0.0856155671684283
1.6652,-0.085631797219385
1.6655,-0.0856482321484523
1.6658,-0.085664871952769
1.6661,-0.0856817166319212
1.6664,-0.0856987661879549
1.6667,-0.0857160206253663
1.667,-0.085733479951094
1.6673,-0.0857511441745319
1.6676,-0.0857690133075064
1.6679,-0.0857870873642945
1.6682,-0.0858053663616115
1.6685,-0.0858238503186049
1.6688,-0.0858425392568618
1.6691,-0.0858614332004011
1.6694,-0.0858805321756747
1.6697,-0.0858998362115638
1.67,-0.0859193453393753
1.6703,-0.0859390595928468
1.6706,-0.0859589790081386
1.6709,-0.0859791036238321
1.6712,-0.0859994334809335
1.6715,-0.0860199686228649
1.6718,-0.0860407090954739
1.6721,-0.0860616549470178
1.6724,-0.0860828062281727
1.6727,-0.0861041629920334
1.673,-0.0861257252941028
1.6733,-0.0861474931922985
1.6736,-0.0861694667469477
1.6739,-0.086191646020794
1.6742,-0.0862140310789819
1.6745,-0.0862366219890677
1.6748,-0.0862594188210173
1.6751,-0.0862824216472028
1.6754,-0.0863056305424019
1.6757,-0.0863290455837951
1.676,-0.0863526668509691
1.6763,-0.0863764944259185
1.6766,-0.0864005283930357
1.6769,-0.0864247688391199
1.6772,-0.0864492158533721
1.6775,-0.0864738695273953
1.6778,-0.0864987299551957
1.6781,-0.0865237972331783
1.6784,-0.0865490714601554
1.6787,-0.0865745527373337
1.679,-0.0866002411683286
1.6793,-0.0866261368591486
1.6796,-0.086652239918213
1.6799,-0.0866785504563339
1.6802,-0.0867050685867316
1.6805,-0.0867317944250264
1.6808,-0.086758728089238
1.6811,-0.0867858696997878
1.6814,-0.0868132193795099
1.6817,-0.0868407772536313
1.682,-0.08686854344978
1.6823,-0.0868965180980007
1.6826,-0.0869247013307342
1.6829,-0.0869530932828272
1.6832,-0.0869816940915338
1.6835,-0.087010503896516
1.6838,-0.08703952283984
1.6841,-0.0870687510659854
1.6844,-0.0870981887218369
1.6847,-0.0871278359566888
1.685,-0.0871576929222545
1.6853,-0.0871877597726502
1.6856,-0.0872180366644096
1.6859,-0.0872485237564816
1.6862,-0.0872792212102329
1.6865,-0.0873101291894421
1.6868,-0.0873412478603112
1.6871,-0.08737257739146
1.6874,-0.0874041179539303
1.6877,-0.0874358697211865
1.688,-0.0874678328691182
1.6883,-0.0875000075760435
1.6886,-0.0875323940226989
1.6889,-0.0875649923922618
1.6892,-0.0875978028703366
1.6895,-0.0876308256449609
1.6898,-0.0876640609066035
1.6901,-0.0876975088481743
1.6904,-0.0877311696650265
1.6907,-0.0877650435549428
1.691,-0.0877991307181618
1.6913,-0.0878334313573578
1.6916,-0.0878679456776575
1.6919,-0.087902673886638
1.6922,-0.0879376161943238
1.6925,-0.0879727728132021
1.6928,-0.0880081439582058
1.6931,-0.0880437298467399
1.6934,-0.0880795306986616
1.6937,-0.0881155467362996
1.694,-0.0881517781844471
1.6943,-0.0881882252703645
1.6946,-0.0882248882237917
1.6949,-0.0882617672769405
1.6952,-0.0882988626645007
1.6955,-0.0883361746236457
1.6958,-0.0883737033940342
1.6961,-0.0884114492178068
1.6964,-0.0884494123396039
1.6967,-0.0884875930065531
1.697,-0.088525991468286
1.6973,-0.0885646079769246
1.6976,-0.0886034427871018
1.6979,-0.0886424961559595
1.6982,-0.0886817683431481
1.6985,-0.0887212596108263
1.6988,-0.0887609702236789
1.6991,-0.0888009004489128
1.6994,-0.0888410505562537
1.6997,-0.0888814208179584
1.7,-0.0889220115088201
1.7003,-0.0889628229061654
1.7006,-0.0890038552898625
1.7009,-0.0890451089423248
1.7012,-0.0890865841485096
1.7015,-0.0891282811959334
1.7018,-0.0891702003746713
1.7021,-0.0892123419773512
1.7024,-0.0892547062991675
1.7027,-0.0892972936378902
1.703,-0.0893401042938639
1.7033,-0.0893831385700041
1.7036,-0.0894263967718149
1.7039,-0.0894698792073901
1.7042,-0.0895135861874084
1.7045,-0.0895575180251503
1.7048,-0.0896016750364999
1.7051,-0.0896460575399502
1.7054,-0.0896906658565915
1.7057,-0.0897355003101426
1.706,-0.0897805612269479
1.7063,-0.0898258489359674
1.7066,-0.0898713637687948
1.7069,-0.0899171060596676
1.7072,-0.0899630761454575
1.7075,-0.0900092743656882
1.7078,-0.0900557010625344
1.7081,-0.090102356580827
1.7084,-0.0901492412680648
1.7087,-0.0901963554744127
1.709,-0.0902436995527111
1.7093,-0.090291273858485
1.7096,-0.090339078749935
1.7099,-0.0903871145879648
1.7102,-0.0904353817361712
1.7105,-0.0904838805608543
1.7108,-0.0905326114310264
1.7111,-0.0905815747184122
1.7114,-0.0906307707974616
1.7117,-0.0906802000453527
1.712,-0.0907298628419962
1.7123,-0.090779759570042
1.7126,-0.0908298906148951
1.7129,-0.0908802563647015
1.7132,-0.090930857210377
1.7135,-0.090981693545606
1.7138,-0.0910327657668335
1.7141,-0.0910840742732989
1.7144,-0.0911356194670198
1.7147,-0.0911874017528096
1.715,-0.0912394215382851
1.7153,-0.0912916792338617
1.7156,-0.0913441752527849
1.7159,-0.0913969100111084
1.7162,-0.0914498839277172
1.7165,-0.0915030974243366
1.7168,-0.091556550925533
1.7171,-0.091610244858723
1.7174,-0.091664179654188
1.7177,-0.0917183557450622
1.718,-0.0917727735673641
1.7183,-0.0918274335599902
1.7186,-0.0918823361647266
1.7189,-0.091937481826251
1.7192,-0.091992870992155
1.7195,-0.0920485041129349
1.7198,-0.0921043816420086
1.7201,-0.0921605040357278
1.7204,-0.0922168717533714
1.7207,-0.0922734852571745
1.721,-0.0923303450123183
1.7213,-0.092387451486944
1.7216,-0.0924448051521693
1.7219,-0.092502406482089
1.7222,-0.0925602559537836
1.7225,-0.0926183540473228
1.7228,-0.0926767012457948
1.7231,-0.092735298035294
1.7234,-0.0927941449049327
1.7237,-0.0928532423468611
1.724,-0.0929125908562713
1.7243,-0.0929721909313955
1.7246,-0.0930320430735359
1.7249,-0.0930921477870566
1.7252,-0.0931525055793958
1.7255,-0.0932131169610839
1.7258,-0.0932739824457529
1.7261,-0.0933351025501243
1.7264,-0.0933964777940516
1.7267,-0.0934581087005044
1.727,-0.0935199957955912
1.7273,-0.0935821396085638
1.7276,-0.0936445406718274
1.7279,-0.093707199520955
1.7282,-0.0937701166946948
1.7285,-0.0938332927349785
1.7288,-0.0938967281869397
1.7291,-0.0939604235989054
1.7294,-0.0940243795224348
1.7297,-0.0940885965122984
1.73,-0.0941530751265188
1.7303,-0.0942178159263612
1.7306,-0.0942828194763431
1.7309,-0.094348086344263
1.7312,-0.0944136171011979
1.7315,-0.0944794123215145
1.7318,-0.0945454725828814
1.7321,-0.0946117984662878
1.7324,-0.0946783905560435
1.7327,-0.0947452494397995
1.733,-0.0948123757085485
1.7333,-0.0948797699566504
1.7336,-0.0949474327818408
1.7339,-0.0950153647852306
1.7342,-0.0950835665713238
1.7345,-0.0951520387480471
1.7348,-0.0952207819267307
1.7351,-0.0952897967221476
1.7354,-0.095359083752509
1.7357,-0.0954286436394815
1.736,-0.0954984770082035
1.7363,-0.0955685844872948
1.7366,-0.0956389667088663
1.7369,-0.0957096243085384
1.7372,-0.0957805579254453
1.7375,-0.0958517682022601
1.7378,-0.0959232557851956
1.7381,-0.0959950213240245
1.7384,-0.0960670654720922
1.7387,-0.0961393888863242
1.739,-0.0962119922272468
1.7393,-0.0962848761589973
1.7396,-0.096358041349339
1.7399,-0.096431488469669
1.7402,-0.0965052181950376
1.7405,-0.0965792312041652
1.7408,-0.0966535281794511
1.7411,-0.0967281098069799
1.7414,-0.0968029767765581
1.7417,-0.0968781297817027
1.742,-0.0969535695196696
1.7423,-0.097029296691475
1.7426,-0.0971053120018866
1.7429,-0.0971816161594602
1.7432,-0.0972582098765477
1.7435,-0.097335093869305
1.7438,-0.0974122688577188
1.7441,-0.0974897355656105
1.7444,-0.0975674947206581
1.7447,-0.0976455470544138
1.745,-0.0977238933023134
1.7453,-0.0978025342036867
1.7456,-0.0978814705017887
1.7459,-0.0979607029438091
1.7462,-0.0980402322808765
1.7465,-0.0981200592680891
1.7468,-0.098200184664528
1.7471,-0.098280609233267
1.7474,-0.098361333741389
1.7477,-0.0984423589600194
1.748,-0.0985236856643171
1.7483,-0.0986053146335066
1.7486,-0.0986872466508908
1.7489,-0.0987694825038733
1.7492,-0.0988520229839662
1.7495,-0.0989348688868147
1.7498,-0.0990180210122071
1.7501,-0.0991014801641013
1.7504,-0.0991852471506334
1.7507,-0.0992693227841429
1.751,-0.0993537078811838
1.7513,-0.0994384032625485
1.7516,-0.0995234097532812
1.7519,-0.0996087281826936
1.7522,-0.0996943593843913
1.7525,-0.0997803041962912
1.7528,-0.0998665634606276
1.7531,-0.0999531380239862
1.7534,-0.100040028737317
1.7537,-0.100127236455949
1.754,-0.100214762039614
1.7543,-0.100302606352464
1.7546,-0.100390770263093
1.7549,-0.100479254644553
1.7552,-0.100568060374376
1.7555,-0.100657188334586
1.7558,-0.100746639411737
1.7561,-0.100836414496907
1.7564,-0.100926514485749
1.7567,-0.101016940278476
1.757,-0.101107692779913
1.7573,-0.101198772899498
1.7576,-0.101290181551314
1.7579,-0.1013819196541
1.7582,-0.101473988131277
1.7585,-0.101566387910968
1.7588,-0.101659119926026
1.7591,-0.101752185114039
1.7594,-0.101845584417365
1.7597,-0.101939318783158
1.76,-0.102033389163367
1.7603,-0.10212779651479
1.7606,-0.10222254179906
1.7609,-0.102317625982706
1.7612,-0.102413050037137
1.7615,-0.102508814938697
1.7618,-0.102604921668665
1.7621,-0.102701371213289
1.7624,-0.102798164563808
1.7627,-0.102895302716473
1.763,-0.10299278667257
1.7633,-0.103090617438445
1.7636,-0.103188796025525
1.7639,-0.103287323450346
1.7642,-0.103386200734577
1.7645,-0.103485428905035
1.7648,-0.10358500899372
1.7651,-0.103684942037837
1.7654,-0.10378522907982
1.7657,-0.103885871167351
1.766,-0.103986869353395
1.7663,-0.104088224696212
1.7666,-0.104189938259398
1.7669,-0.104292011111906
1.7672,-0.104394444328055
1.7675,-0.104497238987578
1.7678,-0.104600396175643
1.7681,-0.104703916982866
1.7684,-0.104807802505354
1.7687,-0.104912053844717
1.769,-0.105016672108108
1.7693,-0.105121658408238
1.7696,-0.105227013863419
1.7699,-0.105332739597568
1.7702,-0.105438836740257
1.7705,-0.105545306426728
1.7708,-0.105652149797922
1.7711,-0.105759368000511
1.7714,-0.105866962186923
1.7717,-0.105974933515372
1.772,-0.106083283149885
1.7723,-0.106192012260336
1.7726,-0.106301122022462
1.7729,-0.10641061361791
1.7732,-0.106520488234253
1.7735,-0.106630747065024
1.7738,-0.106741391309745
1.7741,-0.106852422173962
1.7744,-0.106963840869261
1.7747,-0.107075648613316
1.775,-0.107187846629911
1.7753,-0.107300436148972
1.7756,-0.107413418406595
1.7759,-0.107526794645077
1.7762,-0.107640566112958
1.7765,-0.107754734065034
1.7768,-0.107869299762411
1.7771,-0.107984264472519
1.7774,-0.108099629469153
1.7777,-0.108215396032503
1.778,-0.108331565449185
1.7783,-0.108448139012283
1.7786,-0.108565118021365
1.7789,-0.108682503782536
1.7792,-0.108800297608462
1.7795,-0.108918500818396
1.7798,-0.109037114738227
1.7801,-0.10915614070051
1.7804,-0.109275580044491
1.7807,-0.109395434116159
1.781,-0.109515704268261
1.7813,-0.10963639186035
1.7816,-0.109757498258829
1.7819,-0.109879024836956
1.7822,-0.110000972974921
1.7825,-0.110123344059846
1.7828,-0.110246139485842
1.7831,-0.110369360654046
1.7834,-0.110493008972641
1.7837,-0.11061708585691
1.784,-0.110741592729277
1.7843,-0.110866531019322
1.7846,-0.110991902163846
1.7849,-0.111117707606885
1.7852,-0.11124394879977
1.7855,-0.111370627201151
1.7858,-0.111497744277038
1.7861,-0.111625301500852
1.7864,-0.111753300353453
1.7867,-0.11188174232318
1.787,-0.112010628905898
1.7873,-0.112139961605034
1.7876,-0.112269741931618
1.7879,-0.112399971404326
1.7882,-0.112530651549518
1.7885,-0.112661783901287
1.7888,-0.11279337000149
1.7891,-0.112925411399798
1.7894,-0.11305790965374
1.7897,-0.113190866328737
1.79,-0.113324282998153
1.7903,-0.113458161243335
1.7906,-0.113592502653662
1.7909,-0.113727308826578
1.7912,-0.113862581367646
1.7915,-0.113998321890592
1.7918,-0.11413453201734
1.7921,-0.114271213378078
1.7924,-0.114408367611273
1.7927,-0.114545996363751
1.793,-0.114684101290715
1.7933,-0.114822684055811
1.7936,-0.114961746331162
1.7939,-0.115101289797422
1.7942,-0.115241316143816
1.7945,-0.115381827068209
1.7948,-0.115522824277118
1.7951,-0.115664309485796
1.7954,-0.115806284418269
1.7957,-0.115948750807366
1.796,-0.116091710394798
1.7963,-0.116235164931191
1.7966,-0.116379116176146
1.7969,-0.116523565898269
1.7972,-0.116668515875256
1.7975,-0.11681396789391
1.7978,-0.116959923750218
1.7981,-0.117106385249383
1.7984,-0.117253354205899
1.7987,-0.117400832443581
1.799,-0.117548821795634
1.7993,-0.117697324104696
1.7996,-0.117846341222905
1.7999,-0.117995875011939
1.8002,-0.118145927343076
1.8005,-0.118296500097256
1.8008,-0.118447595165129
1.8011,-0.118599214447109
1.8014,-0.118751359853438
1.8017,-0.118904033304238
1.802,-0.119057236729567
1.8023,-0.119210972069479
1.8026,-0.119365241274083
1.8029,-0.119520046303597
1.8032,-0.119675389128414
1.8035,-0.119831271729148
1.8038,-0.119987696096714
1.8041,-0.120144664232366
1.8044,-0.120302178147771
1.8047,-0.120460239865068
1.805,-0.120618851416929
1.8053,-0.120778014846615
1.8056,-0.120937732208047
1.8059,-0.121098005565862
1.8062,-0.121258836995488
1.8065,-0.121420228583178
1.8068,-0.12158218242612
1.8071,-0.121744700632457
1.8074,-0.121907785321376
1.8077,-0.122071438623173
1.808,-0.122235662679311
1.8083,-0.122400459642489
1.8086,-0.122565831676707
1.8089,-0.122731780957346
1.8092,-0.122898309671215
1.8095,-0.123065420016636
1.8098,-0.123233114203511
1.8101,-0.123401394453374
1.8104,-0.123570262999489
1.8107,-0.123739722086896
1.811,-0.123909773972495
1.8113,-0.124080420925119
1.8116,-0.124251665225591
1.8119,-0.124423509166817
1.8122,-0.124595955053836
1.8125,-0.124769005203921
1.8128,-0.124942661946627
1.8131,-0.125116927623878
1.8134,-0.125291804590046
1.8137,-0.125467295212017
1.814,-0.125643401869273
1.8143,-0.125820126953971
1.8146,-0.125997472871008
1.8149,-0.126175442038122
1.8152,-0.126354036885943
1.8155,-0.126533259858094
1.8158,-0.12671311341126
1.8161,-0.12689360001527
1.8164,-0.127074722153182
1.8167,-0.127256482321358
1.817,-0.127438883029548
1.8173,-0.127621926800983
1.8176,-0.127805616172435
1.8179,-0.127989953694328
1.8182,-0.128174941930807
1.8185,-0.128360583459823
1.8188,-0.128546880873222
1.8191,-0.128733836776834
1.8194,-0.128921453790559
1.8197,-0.129109734548456
1.82,-0.129298681698817
1.8203,-0.129488297904281
1.8206,-0.129678585841906
1.8209,-0.129869548203266
1.8212,-0.130061187694537
1.8215,-0.130253507036594
1.8218,-0.13044650896511
1.8221,-0.130640196230628
1.8224,-0.130834571598675
1.8227,-0.131029637849852
1.823,-0.131225397779923
1.8233,-0.131421854199919
1.8236,-0.131619009936229
1.8239,-0.131816867830698
1.8242,-0.132015430740733
1.8245,-0.132214701539387
1.8248,-0.132414683115479
1.8251,-0.13261537837367
1.8254,-0.132816790234593
1.8257,-0.133018921634929
1.826,-0.133221775527524
1.8263,-0.133425354881488
1.8266,-0.133629662682304
1.8269,-0.133834701931928
1.8272,-0.134040475648898
1.8275,-0.134246986868436
1.8278,-0.134454238642569
1.8281,-0.134662234040219
1.8284,-0.13487097614733
1.8287,-0.135080468066958
1.829,-0.135290712919408
1.8293,-0.135501713842323
1.8296,-0.135713473990806
1.8299,-0.135925996537541
1.8302,-0.136139284672887
1.8305,-0.136353341605017
1.8308,-0.136568170560024
1.8311,-0.136783774782026
1.8314,-0.137000157533309
1.8317,-0.137217322094427
1.832,-0.137435271764329
1.8323,-0.137654009860479
1.8326,-0.137873539718976
1.8329,-0.138093864694681
1.8332,-0.138314988161341
1.8335,-0.138536913511703
1.8338,-0.138759644157655
1.8341,-0.13898318353034
1.8344,-0.139207535080299
1.8347,-0.139432702277574
1.835,-0.13965868861187
1.8353,-0.139885497592661
1.8356,-0.140113132749328
1.8359,-0.140341597631302
1.8362,-0.140570895808179
1.8365,-0.140801030869879
1.8368,-0.141032006426756
1.8371,-0.141263826109756
1.8374,-0.141496493570543
1.8377,-0.141730012481644
1.838,-0.141964386536584
1.8383,-0.14219961945004
1.8386,-0.142435714957959
1.8389,-0.142672676817735
1.8392,-0.142910508808323
1.8395,-0.1431492147304
1.8398,-0.143388798406521
1.8401,-0.143629263681242
1.8404,-0.143870614421292
1.8407,-0.144112854515719
1.841,-0.144355987876027
1.8413,-0.144600018436357
1.8416,-0.144844950153613
1.8419,-0.145090787007637
1.8422,-0.145337533001355
1.8425,-0.145585192160946
1.8428,-0.145833768535985
1.8431,-0.146083266199622
1.8434,-0.146333689248732
1.8437,-0.146585041804082
1.844,-0.146837328010497
1.8443,-0.147090552037021
1.8446,-0.147344718077098
1.8449,-0.147599830348718
1.8452,-0.147855893094607
1.8455,-0.148112910582389
1.8458,-0.148370887104767
1.8461,-0.148629826979683
1.8464,-0.148889734550509
1.8467,-0.149150614186216
1.847,-0.149412470281547
1.8473,-0.149675307257222
1.8476,-0.149939129560083
1.8479,-0.150203941663305
1.8482,-0.150469748066567
1.8485,-0.150736553296253
1.8488,-0.151004361905616
1.8491,-0.15127317847499
1.8494,-0.151543007611964
1.8497,-0.151813853951589
1.85,-0.152085722156555
1.8503,-0.152358616917404
1.8506,-0.152632542952718
1.8509,-0.152907505009314
1.8512,-0.153183507862454
1.8515,-0.153460556316041
1.8518,-0.153738655202823
1.8521,-0.1540178093846
1.8524,-0.154298023752429
1.8527,-0.154579303226843
1.853,-0.154861652758045
1.8533,-0.155145077326129
1.8536,-0.155429581941301
1.8539,-0.155715171644079
1.8542,-0.156001851505527
1.8545,-0.156289626627468
1.8548,-0.156578502142702
1.8551,-0.156868483215229
1.8554,-0.157159575040488
1.8557,-0.157451782845569
1.856,-0.157745111889444
1.8563,-0.158039567463206
1.8566,-0.158335154890299
1.8569,-0.158631879526746
1.8572,-0.158929746761392
1.8575,-0.159228762016153
1.8578,-0.159528930746228
1.8581,-0.159830258440374
1.8584,-0.160132750621137
1.8587,-0.160436412845101
1.859,-0.160741250703125
1.8593,-0.161047269820622
1.8596,-0.161354475857789
1.8599,-0.161662874509866
1.8602,-0.161972471507407
1.8605,-0.162283272616534
1.8608,-0.162595283639186
1.8611,-0.162908510413407
1.8614,-0.163222958813594
1.8617,-0.16353863475078
1.862,-0.163855544172896
1.8623,-0.164173693065052
1.8626,-0.164493087449807
1.8629,-0.164813733387448
1.8632,-0.165135636976289
1.8635,-0.165458804352926
1.8638,-0.165783241692538
1.8641,-0.166108955209186
1.8644,-0.166435951156084
1.8647,-0.166764235825909
1.865,-0.167093815551082
1.8653,-0.167424696704087
1.8656,-0.167756885697755
1.8659,-0.168090388985571
1.8662,-0.168425213061992
1.8665,-0.168761364462749
1.8668,-0.169098849765151
1.8671,-0.169437675588422
1.8674,-0.169777848593992
1.8677,-0.17011937548584
1.868,-0.170462263010806
1.8683,-0.17080651795892
1.8686,-0.171152147163736
1.8689,-0.171499157502653
1.8692,-0.171847555897263
1.8695,-0.172197349313682
1.8698,-0.172548544762891
1.8701,-0.172901149301083
1.8704,-0.173255170030008
1.8707,-0.173610614097326
1.871,-0.173967488696962
1.8713,-0.174325801069457
1.8716,-0.174685558502331
1.8719,-0.175046768330444
1.8722,-0.175409437936374
1.8725,-0.175773574750767
1.8728,-0.176139186252727
1.8731,-0.176506279970186
1.8734,-0.176874863480284
1.8737,-0.177244944409751
1.874,-0.177616530435297
1.8743,-0.177989629283998
1.8746,-0.178364248733701
1.8749,-0.1787403966134
1.8752,-0.179118080803662
1.8755,-0.179497309237022
1.8758,-0.179878089898374
1.8761,-0.180260430825414
1.8764,-0.18064434010904
1.8767,-0.181029825893761
1.877,-0.181416896378148
1.8773,-0.181805559815231
1.8776,-0.182195824512957
1.8779,-0.182587698834613
1.8782,-0.182981191199258
1.8785,-0.183376310082185
1.8788,-0.183773064015348
1.8791,-0.184171461587839
1.8794,-0.184571511446312
1.8797,-0.184973222295478
1.88,-0.185376602898542
1.8803,-0.185781662077684
1.8806,-0.186188408714531
1.8809,-0.186596851750633
1.8812,-0.18700700018795
1.8815,-0.18741886308933
1.8818,-0.187832449579003
1.8821,-0.188247768843088
1.8824,-0.188664830130068
1.8827,-0.189083642751332
1.883,-0.189504216081647
1.8833,-0.189926559559694
1.8836,-0.190350682688588
1.8839,-0.190776595036387
1.8842,-0.191204306236648
1.8845,-0.191633825988927
1.8848,-0.19206516405935
1.8851,-0.19249833028114
1.8854,-0.19293333455517
1.8857,-0.19337018685052
1.886,-0.193808897205038
1.8863,-0.194249475725899
1.8866,-0.194691932590187
1.8869,-0.195136278045466
1.8872,-0.195582522410354
1.8875,-0.196030676075126
1.8878,-0.196480749502293
1.8881,-0.196932753227212
1.8884,-0.19738669785869
1.8887,-0.197842594079576
1.889,-0.198300452647408
1.8893,-0.198760284395012
1.8896,-0.199222100231135
1.8899,-0.199685911141093
1.8902,-0.200151728187383
1.8905,-0.200619562510373
1.8908,-0.201089425328904
1.8911,-0.20156132794099
1.8914,-0.202035281724474
1.8917,-0.202511298137679
1.892,-0.202989388720123
1.8923,-0.203469565093167
1.8926,-0.203951838960743
1.8929,-0.204436222110027
1.8932,-0.204922726412154
1.8935,-0.205411363822935
1.8938,-0.205902146383573
1.8941,-0.206395086221386
1.8944,-0.206890195550551
1.8947,-0.207387486672839
1.895,-0.20788697197836
1.8953,-0.208388663946336
1.8956,-0.208892575145839
1.8959,-0.209398718236591
1.8962,-0.209907105969717
1.8965,-0.21041775118855
1.8968,-0.210930666829422
1.8971,-0.211445865922456
1.8974,-0.211963361592394
1.8977,-0.212483167059399
1.898,-0.213005295639898
1.8983,-0.213529760747402
1.8986,-0.214056575893361
1.8989,-0.214585754688007
1.8992,-0.215117310841224
1.8995,-0.215651258163421
1.8998,-0.216187610566391
1.9001,-0.216726382064209
1.9004,-0.217267586774145
1.9007,-0.217811238917532
1.901,-0.218357352820723
1.9013,-0.218905942915985
1.9016,-0.219457023742435
1.9019,-0.220010609946998
1.9022,-0.220566716285349
1.9025,-0.221125357622874
1.9028,-0.221686548935647
1.9031,-0.222250305311407
1.9034,-0.222816641950557
1.9037,-0.223385574167158
1.904,-0.223957117389948
1.9043,-0.224531287163358
1.9046,-0.225108099148557
1.9049,-0.225687569124487
1.9052,-0.22626971298892
1.9055,-0.226854546759526
1.9058,-0.22744208657495
1.9061,-0.228032348695893
1.9064,-0.228625349506225
1.9067,-0.229221105514091
1.907,-0.229819633353022
1.9073,-0.230420949783092
1.9076,-0.231025071692041
1.9079,-0.231632016096453
1.9082,-0.232241800142912
1.9085,-0.232854441109189
1.9088,-0.233469956405452
1.9091,-0.234088363575443
1.9094,-0.234709680297733
1.9097,-0.235333924386928
1.91,-0.235961113794931
1.9103,-0.236591266612203
1.9106,-0.237224401069023
1.9109,-0.237860535536786
1.9112,-0.238499688529303
1.9115,-0.239141878704111
1.9118,-0.239787124863801
1.9121,-0.240435445957365
1.9124,-0.241086861081555
1.9127,-0.241741389482243
1.913,-0.242399050555816
1.9133,-0.243059863850582
1.9136,-0.243723849068171
1.9139,-0.244391026064982
1.9142,-0.24506141485362
1.9145,-0.245735035604363
1.9148,-0.24641190864664
1.9151,-0.247092054470523
1.9154,-0.247775493728245
1.9157,-0.248462247235707
1.916,-0.249152335974056
1.9163,-0.249845781091214
1.9166,-0.250542603903463
1.9169,-0.251242825897057
1.9172,-0.251946468729816
1.9175,-0.252653554232757
1.9178,-0.25336410441175
1.9181,-0.254078141449185
1.9184,-0.254795687705642
1.9187,-0.255516765721608
1.919,-0.256241398219197
1.9193,-0.256969608103886
1.9196,-0.257701418466275
1.9199,-0.258436852583878
1.9202,-0.259175933922892
1.9205,-0.259918686140059
1.9208,-0.260665133084477
1.9211,-0.261415298799457
1.9214,-0.262169207524426
1.9217,-0.262926883696816
1.922,-0.263688351953978
1.9223,-0.264453637135145
1.9226,-0.26522276428339
1.9229,-0.265995758647609
1.9232,-0.266772645684548
1.9235,-0.267553451060819
1.9238,-0.268338200654963
1.9241,-0.269126920559539
1.9244,-0.26991963708322
1.9247,-0.27071637675292
1.925,-0.27151716631594
1.9253,-0.272322032742162
1.9256,-0.273131003226237
1.9259,-0.27394410518981
1.9262,-0.274761366283769
1.9265,-0.275582814390547
1.9268,-0.276408477626392
1.9271,-0.277238384343713
1.9274,-0.27807256313344
1.9277,-0.278911042827402
1.928,-0.279753852500744
1.9283,-0.280601021474356
1.9286,-0.281452579317348
1.9289,-0.282308555849549
1.9292,-0.283168981144024
1.9295,-0.284033885529633
1.9298,-0.284903299593614
1.9301,-0.285777254184199
1.9304,-0.286655780413255
1.9307,-0.287538909658964
1.931,-0.288426673568527
1.9313,-0.289319104060896
1.9316,-0.29021623332957
1.9319,-0.291118093845362
1.9322,-0.292024718359263
1.9325,-0.2929361399053
1.9328,-0.293852391803447
1.9331,-0.294773507662553
1.9334,-0.295699521383322
1.9337,-0.296630467161324
1.934,-0.297566379490032
1.9343,-0.298507293163902
1.9346,-0.299453243281498
1.9349,-0.300404265248637
1.9352,-0.301360394781588
1.9355,-0.302321667910293
1.9358,-0.30328812098165
1.9361,-0.304259790662806
1.9364,-0.305236713944514
1.9367,-0.306218928144515
1.937,-0.307206470910975
1.9373,-0.308199380225948
1.9376,-0.309197694408895
1.9379,-0.310201452120228
1.9382,-0.31121069236492
1.9385,-0.312225454496145
1.9388,-0.313245778218957
1.9391,-0.314271703594025
1.9394,-0.315303271041417
1.9397,-0.316340521344405
1.94,-0.317383495653359
1.9403,-0.318432235489645
1.9406,-0.319486782749595
1.9409,-0.320547179708528
1.9412,-0.321613469024808
1.9415,-0.322685693743952
1.9418,-0.323763897302809
1.9421,-0.32484812353377
1.9424,-0.325938416669025
1.9427,-0.327034821344907
1.943,-0.328137382606248
1.9433,-0.329246145910822
1.9436,-0.330361157133817
1.9439,-0.33148246257239
1.9442,-0.332610108950258
1.9445,-0.333744143422354
1.9448,-0.334884613579542
1.9451,-0.336031567453394
1.9454,-0.337185053521015
1.9457,-0.338345120709947
1.946,-0.339511818403125
1.9463,-0.340685196443884
1.9466,-0.341865305141064
1.9469,-0.343052195274134
1.9472,-0.344245918098421
1.9475,-0.345446525350383
1.9478,-0.346654069252959
1.9481,-0.347868602520982
1.9484,-0.349090178366659
1.9487,-0.350318850505137
1.949,-0.351554673160117
1.9493,-0.352797701069562
1.9496,-0.354047989491467
1.9499,-0.355305594209689
1.9502,-0.356570571539905
1.9505,-0.357842978335572
1.9508,-0.359122871994022
1.9511,-0.360410310462618
1.9514,-0.361705352244991
1.9517,-0.363008056407335
1.952,-0.364318482584841
1.9523,-0.365636690988153
1.9526,-0.366962742409941
1.9529,-0.368296698231556
1.9532,-0.369638620429775
1.9535,-0.370988571583628
1.9538,-0.372346614881311
1.9541,-0.373712814127204
1.9544,-0.375087233748977
1.9547,-0.376469938804778
1.955,-0.377860994990525
1.9553,-0.379260468647313
1.9556,-0.380668426768885
1.9559,-0.382084937009225
1.9562,-0.383510067690247
1.9565,-0.384943887809588
1.9568,-0.386386467048496
1.9571,-0.38783787577986
1.9574,-0.38929818507627
1.9577,-0.390767466718289
1.958,-0.392245793202747
1.9583,-0.393733237751193
1.9586,-0.395229874318457
1.9589,-0.396735777601314
1.9592,-0.398251023047278
1.9595,-0.399775686863508
1.9598,-0.401309846025843
1.9601,-0.402853578287947
1.9604,-0.404406962190597
1.9607,-0.405970077071086
1.961,-0.407543003072748
1.9613,-0.409125821154633
1.9616,-0.410718613101311
1.9619,-0.412321461532779
1.9622,-0.413934449914561
1.9625,-0.415557662567899
1.9628,-0.41719118468011
1.9631,-0.41883510231507
1.9634,-0.420489502423868
1.9637,-0.422154472855583
1.964,-0.423830102368228
1.9643,-0.425516480639825
1.9646,-0.427213698279674
1.9649,-0.428921846839738
1.9652,-0.43064101882621
1.9655,-0.432371307711245
1.9658,-0.434112807944823
1.9661,-0.435865614966856
1.9664,-0.437629825219366
1.9667,-0.439405536158909
1.967,-0.44119284626915
1.9673,-0.442991855073622
1.9676,-0.444802663148637
1.9679,-0.446625372136447
1.9682,-0.448460084758514
1.9685,-0.450306904829023
1.9688,-0.452165937268578
1.9691,-0.45403728811808
1.9694,-0.455921064552804
1.9697,-0.457817374896707
1.97,-0.459726328636922
1.9703,-0.461648036438433
1.9706,-0.463582610159028
1.9709,-0.465530162864405
1.9712,-0.46749080884353
1.9715,-0.469464663624222
1.9718,-0.471451843988938
1.9721,-0.473452467990819
1.9724,-0.475466654969936
1.9727,-0.477494525569818
1.973,-0.479536201754182
1.9733,-0.481591806823921
1.9736,-0.48366146543435
1.9739,-0.485745303612713
1.9742,-0.487843448775909
1.9745,-0.489956029748525
1.9748,-0.492083176781124
1.9751,-0.494225021568767
1.9754,-0.496381697269882
1.9757,-0.498553338525342
1.976,-0.500740081477867
1.9763,-0.502942063791709
1.9766,-0.50515942467263
1.9769,-0.507392304888171
1.9772,-0.509640846788238
1.9775,-0.511905194325995
1.9778,-0.514185493079052
1.9781,-0.516481890271014
1.9784,-0.518794534793307
1.9787,-0.521123577227374
1.979,-0.523469169867175
1.9793,-0.525831466742074
1.9796,-0.528210623639999
1.9799,-0.530606798131046
1.9802,-0.533020149591382
1.9805,-0.535450839227508
1.9808,-0.537899030100956
1.9811,-0.540364887153292
1.9814,-0.542848577231552
1.9817,-0.545350269114039
1.982,-0.547870133536549
1.9823,-0.550408343218976
1.9826,-0.552965072892338
1.9829,-0.55554049932622
1.9832,-0.558134801356657
1.9835,-0.560748159914415
1.9838,-0.563380758053763
1.9841,-0.566032780981654
1.9844,-0.568704416087368
1.9847,-0.571395852972653
1.985,-0.574107283482283
1.9853,-0.576838901735141
1.9856,-0.579590904155783
1.9859,-0.58236348950648
1.9862,-0.58515685891979
1.9865,-0.587971215931623
1.9868,-0.590806766514865
1.9871,-0.59366371911348
1.9874,-0.596542284677214
1.9877,-0.59944267669683
1.988,-0.602365111239869
1.9883,-0.605309806987043
1.9886,-0.608276985269186
1.9889,-0.611266870104761
1.9892,-0.614279688238046
1.9895,-0.617315669177863
1.9898,-0.620375045236973
1.9901,-0.623458051572092
1.9904,-0.626564926224559
1.9907,-0.629695910161668
1.991,-0.632851247318644
1.9913,-0.636031184641352
1.9916,-0.639235972129658
1.9919,-0.642465862881513
1.9922,-0.645721113137756
1.9925,-0.649001982327662
1.9928,-0.652308733115212
1.9931,-0.655641631446157
1.9934,-0.659000946595831
1.9937,-0.66238695121775
1.994,-0.665799921393048
1.9943,-0.66924013668068
1.9946,-0.672707880168506
1.9949,-0.676203438525189
1.9952,-0.679727102052976
1.9955,-0.683279164741341
1.9958,-0.686859924321547
1.9961,-0.690469682322098
1.9964,-0.694108744125117
1.9967,-0.697777419023718
1.997,-0.701476020280248
1.9973,-0.705204865185614
1.9976,-0.708964275119541
1.9979,-0.712754575611877
1.9982,-0.716576096404904
1.9985,-0.720429171516759
1.9988,-0.724314139305885
1.9991,-0.728231342536574
1.9994,-0.73218112844568
1.9997,-0.736163848810421
2,-0.740179860017323
