"Freq [GHz]","dB(S(1,1)) []","dB(S(2,2)) []","dB(S(3,3)) []","dB(S(4,4)) []"
1,-0.0463032809632323,-0.0462937964491802,-0.0462604019385296,-0.0463793413635777
1.00033333333333,-0.0463291535806184,-0.0463197096971048,-0.0462863234699418,-0.0464053693658348
1.00066666666667,-0.0463550923033089,-0.0463456891427444,-0.0463123111499791,-0.0464314637400285
1.001,-0.0463810972748558,-0.0463717349299551,-0.0463383651225716,-0.0464576246306556
1.00133333333333,-0.0464071686392652,-0.0463978472030521,-0.0463644855321042,-0.0464838521826885
1.00166666666667,-0.0464333065410062,-0.0464240261068064,-0.0463906725234171,-0.0465101465415407
1.002,-0.046459511124994,-0.046450271786448,-0.0464169262418133,-0.0465365078531045
1.00233333333333,-0.0464857825366221,-0.04647658438767,-0.0464432468330545,-0.046562936263727
1.00266666666667,-0.0465121209217277,-0.0465029640566289,-0.0464696344433704,-0.0465894319202155
1.003,-0.0465385264266233,-0.0465294109399415,-0.0464960892194533,-0.0466159949698534
1.00333333333333,-0.0465649991980823,-0.0465559251846931,-0.0465226113084587,-0.0466426255603836
1.00366666666667,-0.0465915393833469,-0.0465825069384387,-0.0465492008580144,-0.0466693238400262
1.004,-0.0466181471301203,-0.0466091563491983,-0.0465758580162141,-0.0466960899574623
1.00433333333333,-0.0466448225865839,-0.0466358735654704,-0.0466025829316234,-0.0467229240618574
1.00466666666667,-0.0466715659013873,-0.0466626587362103,-0.046629375753285,-0.0467498263028381
1.005,-0.0466983772236544,-0.0466895120108656,-0.0466562366307118,-0.0467767968305201
1.00533333333333,-0.046725256702977,-0.04671643353935,-0.046683165713888,-0.046803835795485
1.00566666666667,-0.0467522044894313,-0.0467434234720516,-0.0467101631532863,-0.0468309433488037
1.006,-0.0467792207335701,-0.0467704819598486,-0.0467372290998512,-0.0468581196420208
1.00633333333333,-0.0468063055864237,-0.0467976091540883,-0.0467643637050104,-0.0468853648271664
1.00666666666667,-0.0468334591995001,-0.0468248052066062,-0.0467915671206751,-0.0469126790567519
1.007,-0.0468606817247984,-0.0468520702697222,-0.0468188394992372,-0.0469400624837792
1.00733333333333,-0.0468879733147965,-0.0468794044962359,-0.0468461809935758,-0.0469675152617336
1.00766666666667,-0.0469153341224566,-0.0469068080394419,-0.0468735917570623,-0.0469950375445935
1.008,-0.046942764301236,-0.0469342810531193,-0.0469010719435524,-0.0470226294868241
1.00833333333333,-0.0469702640050787,-0.0469618236915415,-0.0469286217073923,-0.0470502912433844
1.00866666666667,-0.0469978333884138,-0.0469894361094673,-0.0469562412034254,-0.047078022969732
1.009,-0.0470254726061716,-0.0470171184621557,-0.0469839305869834,-0.0471058248218115
1.00933333333333,-0.0470531818137749,-0.0470448709053616,-0.0470116900139018,-0.0471336969560747
1.00966666666667,-0.0470809611671366,-0.0470726935953307,-0.0470395196405088,-0.0471616395294668
1.01,-0.0471088108226796,-0.0471005866888201,-0.0470674196236304,-0.0471896526994378
1.01033333333333,-0.0471367309373151,-0.0471285503430746,-0.0470953901206018,-0.047217736623935
1.01066666666667,-0.0471647216684633,-0.0471565847158529,-0.0471234312892494,-0.0472458914614195
1.011,-0.0471927831740437,-0.0471846899654067,-0.0471515432879164,-0.0472741173708537
1.01133333333333,-0.0472209156124835,-0.0472128662505066,-0.0471797262754479,-0.0473024145117049
1.01166666666667,-0.0472491191427162,-0.0472411137304206,-0.0472079804111935,-0.0473307830439544
1.012,-0.047277393924184,-0.0472694325649331,-0.0472363058550193,-0.0473592231280971
1.01233333333333,-0.0473057401168373,-0.0472978229143388,-0.0472647027672983,-0.0473877349251372
1.01266666666667,-0.0473341578811393,-0.0473262849394411,-0.0472931713089195,-0.0474163185965985
1.013,-0.0473626473780729,-0.0473548188015683,-0.0473217116412916,-0.0474449743045167
1.01333333333333,-0.0473912087691272,-0.0473834246625536,-0.0473503239263304,-0.0474737022114532
1.01366666666667,-0.0474198422163177,-0.0474121026847568,-0.0473790083264791,-0.0475025024804843
1.014,-0.047448547882172,-0.0474408530310595,-0.0474077650047027,-0.0475313752752139
1.01433333333333,-0.0474773259297432,-0.0474696758648601,-0.0474365941244801,-0.0475603207597636
1.01466666666667,-0.0475061765226111,-0.0474985713500827,-0.0474654958498247,-0.0475893390987887
1.015,-0.0475350998248694,-0.0475275396511836,-0.0474944703452715,-0.0476184304574718
1.01533333333333,-0.0475640960011511,-0.0475565809331373,-0.047523517775886,-0.0476475950015177
1.01566666666667,-0.0475931652166061,-0.0475856953614566,-0.0475526383072597,-0.047676832897172
1.016,-0.0476223076369257,-0.0476148831021817,-0.0475818321055201,-0.0477061443112105
1.01633333333333,-0.0476515234283247,-0.0476441443218866,-0.0476110993373283,-0.0477355294109477
1.01666666666667,-0.0476808127575612,-0.0476734791876806,-0.0476404401698811,-0.0477649883642293
1.017,-0.0477101757919184,-0.0477028878672122,-0.0476698547709124,-0.047794521339448
1.01733333333333,-0.0477396126992242,-0.0477323705286697,-0.0476993433086957,-0.0478241285055327
1.01766666666667,-0.0477691236478463,-0.0477619273407766,-0.0477289059520438,-0.0478538100319542
1.018,-0.0477987088066945,-0.0477915584728056,-0.0477585428703168,-0.0478835660887349
1.01833333333333,-0.04782836834522,-0.0478212640945758,-0.0477882542334227,-0.04791339684644
1.01866666666667,-0.0478581024334205,-0.0478510443764485,-0.0478180402118084,-0.0479433024761845
1.019,-0.0478879112418406,-0.0478808994893313,-0.0478479009764755,-0.047973283149636
1.01933333333333,-0.0479177949415792,-0.0479108296046918,-0.0478778366989769,-0.0480033390390138
1.01966666666667,-0.0479477537042794,-0.0479408348945419,-0.0479078475514158,-0.0480334703170936
1.02,-0.0479777877021435,-0.0479709155314545,-0.0479379337064571,-0.0480636771572022
1.02033333333333,-0.0480078971079248,-0.0480010716885528,-0.0479680953373103,-0.0480939597332333
1.02066666666667,-0.0480380820949367,-0.0480313035395257,-0.0479983326177602,-0.0481243182196376
1.021,-0.0480683428370554,-0.0480616112586192,-0.0480286457221402,-0.0481547527914278
1.02133333333333,-0.0480986795087096,-0.0480919950206394,-0.0480590348253504,-0.0481852636241894
1.02166666666667,-0.0481290922849003,-0.0481224550009612,-0.0480895001028608,-0.0482158508940602
1.022,-0.048159581341185,-0.0481529913755253,-0.0481200417306992,-0.0482465147777594
1.02233333333333,-0.0481901468536996,-0.0481836043208423,-0.0481506598854723,-0.0482772554525731
1.02266666666667,-0.04822078899914,-0.0482142940139879,-0.0481813547443487,-0.0483080730963604
1.023,-0.0482515079547801,-0.0482450606326181,-0.0482121264850787,-0.0483389678875539
1.02333333333333,-0.0482823038984623,-0.048275904354959,-0.048242975285985,-0.0483699400051709
1.02366666666667,-0.0483131770086029,-0.0483068253598151,-0.0482739013259655,-0.0484009896287976
1.024,-0.0483441274642047,-0.0483378238265678,-0.0483049047844974,-0.0484321169386056
1.02433333333333,-0.0483751554448452,-0.048368899935186,-0.0483359858416445,-0.0484633221153513
1.02466666666667,-0.0484062611306816,-0.0484000538662151,-0.0483671446780483,-0.0484946053403802
1.025,-0.0484374447024557,-0.0484312858007874,-0.048398381474938,-0.048525966795615
1.02533333333333,-0.0484687063415016,-0.0484625959206232,-0.0484296964141337,-0.0485574066635773
1.02566666666667,-0.0485000462297311,-0.0484939844080346,-0.0484610896780415,-0.0485889251273773
1.026,-0.0485314645496554,-0.0485254514459191,-0.0484925614496598,-0.0486205223707198
1.02633333333333,-0.0485629614843722,-0.0485569972177755,-0.0485241119125842,-0.0486521985779075
1.02666666666667,-0.0485945372175763,-0.048588621907691,-0.0485557412510028,-0.0486839539338369
1.027,-0.0486261919335592,-0.0486203257003601,-0.0485874496497058,-0.0487157886240065
1.02733333333333,-0.0486579258172125,-0.0486521087810655,-0.0486192372940819,-0.0487477028345183
1.02766666666667,-0.048689739054024,-0.0486839713357034,-0.0486511043701238,-0.0487796967520831
1.028,-0.048721631830085,-0.0487159135507668,-0.0486830510644275,-0.0488117705640112
1.02833333333333,-0.0487536043321025,-0.0487479356133631,-0.0487150775641983,-0.048843924458226
1.02866666666667,-0.0487856567473752,-0.0487800377111989,-0.0487471840572492,-0.0488761586232656
1.029,-0.0488177892638246,-0.0488122200326026,-0.0487793707320074,-0.0489084732482746
1.02933333333333,-0.0488500020699782,-0.0488444827665058,-0.0488116377775085,-0.0489408685230205
1.02966666666667,-0.0488822953549778,-0.0488768261024613,-0.0488439853834106,-0.0489733446378806
1.03,-0.0489146693085789,-0.0489092502306413,-0.0488764137399888,-0.0490059017838623
1.03033333333333,-0.0489471241211642,-0.0489417553418326,-0.0489089230381333,-0.0490385401525896
1.03066666666667,-0.048979659983728,-0.0489743416274493,-0.0489415134693613,-0.0490712599363109
1.031,-0.0490122770878966,-0.0490070092795276,-0.0489741852258201,-0.0491040613279038
1.03133333333333,-0.0490449756259105,-0.0490397584907297,-0.0490069385002756,-0.0491369445208741
1.03166666666667,-0.0490777557906483,-0.0490725894543501,-0.0490397734861261,-0.0491699097093659
1.032,-0.0491106177756138,-0.0491055023643151,-0.0490726903774045,-0.0492029570881473
1.03233333333333,-0.0491435617749444,-0.0491384974151743,-0.0491056893687745,-0.0492360868526242
1.03266666666667,-0.0491765879834092,-0.0491715748021321,-0.0491387706555422,-0.0492692991988496
1.033,-0.0492096965964159,-0.0492047347210139,-0.0491719344336437,-0.0493025943235103
1.03333333333333,-0.0492428878100146,-0.0492379773682956,-0.0492051808996624,-0.0493359724239388
1.03366666666667,-0.0492761618208933,-0.0492713029410927,-0.0492385102508249,-0.0493694336981109
1.034,-0.0493095188263832,-0.0493047116371679,-0.0492719226850027,-0.0494029783446557
1.03433333333333,-0.049342959024465,-0.0493382036549268,-0.0493054184007155,-0.049436606562845
1.03466666666667,-0.0493764826137669,-0.0493717791934338,-0.0493389975971363,-0.0494703185526126
1.035,-0.0494100897935665,-0.0494054384523991,-0.0493726604740857,-0.0495041145145391
1.03533333333333,-0.0494437807637967,-0.04943918163219,-0.0494064072320481,-0.0495379946498698
1.03566666666667,-0.0494775557250465,-0.049473008933831,-0.0494402380721567,-0.0495719591605066
1.036,-0.0495114148785585,-0.0495069205590061,-0.0494741531962087,-0.0496060082490125
1.03633333333333,-0.0495453584262451,-0.0495409167100642,-0.0495081528066681,-0.0496401421186205
1.03666666666667,-0.0495793865706684,-0.0495749975900134,-0.0495422371066556,-0.0496743609732249
1.037,-0.049613499515072,-0.0496091634025301,-0.0495764062999705,-0.0497086650173921
1.03733333333333,-0.049647697463355,-0.0496434143519703,-0.0496106605910734,-0.0497430544563652
1.03766666666667,-0.0496819806200934,-0.0496777506433464,-0.0496450001851017,-0.0497775294960575
1.038,-0.0497163491905352,-0.0497121724823538,-0.0496794252878659,-0.0498120903430602
1.03833333333333,-0.0497508033805984,-0.0497466800753674,-0.0497139361058515,-0.0498467372046415
1.03866666666667,-0.0497853433968849,-0.0497812736294374,-0.0497485328462363,-0.049881470288762
1.039,-0.0498199694466753,-0.0498159533522947,-0.0497832157168655,-0.0499162898040548
1.03933333333333,-0.0498546817379363,-0.0498507194523597,-0.0498179849262732,-0.049951195959851
1.03966666666667,-0.0498894804793141,-0.0498855721387333,-0.0498528406836904,-0.049986188966165
1.04,-0.0499243658801458,-0.049920511621216,-0.0498877831990315,-0.0500212690337036
1.04033333333333,-0.0499593381504612,-0.0499555381102891,-0.0499228126828995,-0.0500564363738733
1.04066666666667,-0.0499943975009796,-0.0499906518171387,-0.0499579293465995,-0.050091691198775
1.041,-0.0500295441431162,-0.0500258529536408,-0.0499931334021376,-0.0501270337212124
1.04133333333333,-0.0500647782889893,-0.0500611417323711,-0.0500284250622083,-0.0501624641546895
1.04166666666667,-0.0501001001514112,-0.0500965183666183,-0.0500638045402206,-0.0501979827134169
1.042,-0.0501355099439033,-0.0501319830703649,-0.0500992720502837,-0.0502335896123124
1.04233333333333,-0.0501710078806916,-0.0501675360583067,-0.0501348278072154,-0.0502692850670064
1.04266666666667,-0.0502065941767104,-0.0502031775458479,-0.0501704720265508,-0.0503050692938415
1.043,-0.0502422690476015,-0.050238907749109,-0.0502062049245292,-0.0503409425098775
1.04333333333333,-0.0502780327097298,-0.0502747268849215,-0.0502420267181121,-0.0503769049328934
1.04366666666667,-0.0503138853801696,-0.0503106351708357,-0.0502779376249814,-0.0504129567813886
1.044,-0.0503498272767153,-0.0503466328251305,-0.0503139378635378,-0.0504490982745864
1.04433333333333,-0.0503858586178893,-0.050382720066801,-0.0503500276529056,-0.0504853296324363
1.04466666666667,-0.0504219796229305,-0.0504188971155717,-0.0503862072129387,-0.0505216510756198
1.045,-0.0504581905118106,-0.050455164191894,-0.0504224767642202,-0.0505580628255495
1.04533333333333,-0.0504944915052343,-0.050491521516956,-0.0504588365280672,-0.0505945651043738
1.04566666666667,-0.0505308828246304,-0.0505279693126762,-0.0504952867265296,-0.050631158134979
1.046,-0.0505673646921667,-0.0505645078017136,-0.0505318275823973,-0.0506678421409914
1.04633333333333,-0.0506039373307594,-0.0506011372074672,-0.0505684593192,-0.0507046173467792
1.04666666666667,-0.0506406009640503,-0.050637857754076,-0.0506051821612159,-0.0507414839774619
1.047,-0.0506773558164383,-0.0506746696664276,-0.0506419963334595,-0.0507784422589032
1.04733333333333,-0.0507142021130596,-0.050711573170161,-0.0506789020617065,-0.0508154924177183
1.04766666666667,-0.0507511400798085,-0.0507485684916604,-0.0507158995724775,-0.0508526346812859
1.048,-0.0507881699433264,-0.0507856558580654,-0.0507529890930475,-0.0508898692777314
1.04833333333333,-0.0508252919310112,-0.0508228354972819,-0.0507901708514582,-0.05092719643594
1.04866666666667,-0.0508625062710163,-0.0508601076379647,-0.0508274450765017,-0.0509646163855758
1.049,-0.0508998131922657,-0.0508974725095361,-0.0508648119977376,-0.0510021293570509
1.04933333333333,-0.0509372129244357,-0.0509349303421864,-0.050902271845496,-0.0510397355815554
1.04966666666667,-0.0509747056979801,-0.0509724813668687,-0.0509398248508682,-0.0510774352910528
1.05,-0.0510122917441132,-0.0510101258153153,-0.0509774712457278,-0.0511152287182782
1.05033333333333,-0.0510499712948264,-0.0510478639200258,-0.0510152112627148,-0.0511531160967436
1.05066666666667,-0.0510877445828884,-0.0510856959142858,-0.0510530451352543,-0.0511910976607463
1.051,-0.0511256118418433,-0.0511236220321495,-0.0510909730975448,-0.0512291736453648
1.05133333333333,-0.0511635733060173,-0.051161642508468,-0.0511289953845804,-0.0512673442864608
1.05166666666667,-0.0512016292105246,-0.0511997575788695,-0.0511671122321289,-0.0513056098206966
1.052,-0.0512397797912615,-0.0512379674797772,-0.0512053238767615,-0.0513439704855123
1.05233333333333,-0.0512780252849196,-0.0512762724483986,-0.0512436305558319,-0.0513824265191582
1.05266666666667,-0.0513163659289811,-0.0513146727227468,-0.0512820325074975,-0.0514209781606757
1.053,-0.0513548019617254,-0.0513531685416288,-0.0513205299707086,-0.0514596256499065
1.05333333333333,-0.0513933336222316,-0.0513917601446468,-0.0513591231852221,-0.0514983692275036
1.05366666666667,-0.0514319611503828,-0.0514304477722233,-0.0513978123915992,-0.0515372091349239
1.054,-0.0514706847868649,-0.0514692316655731,-0.0514365978312112,-0.051576145614437
1.05433333333333,-0.0515095047731763,-0.0515081120667284,-0.0514754797462366,-0.0516151789091263
1.05466666666667,-0.0515484213516233,-0.0515470892185349,-0.0515144583796742,-0.0516543092628918
1.055,-0.0515874347653308,-0.0515861633646562,-0.0515535339753345,-0.0516935369204558
1.05533333333333,-0.0516265452582392,-0.0516253347495733,-0.0515927067778554,-0.0517328621273624
1.05566666666667,-0.0516657530751145,-0.0516646036185938,-0.0516319770326926,-0.051772285129983
1.056,-0.0517050584615373,-0.0517039702178505,-0.0516713449861329,-0.0518118061755196
1.05633333333333,-0.0517444616639273,-0.0517434347943021,-0.0517108108852946,-0.0518514255120112
1.05666666666667,-0.05178396292953,-0.0517829975957462,-0.0517503749781204,-0.0518911433883246
1.057,-0.051823562506423,-0.0518226588708098,-0.051790037513406,-0.0519309600541705
1.05733333333333,-0.0518632606435203,-0.0518624188689673,-0.0518297987407756,-0.0519708757601059
1.05766666666667,-0.051903057590583,-0.05190227784053,-0.0518696589106946,-0.0520108907575309
1.058,-0.0519429535982134,-0.0519422360366529,-0.0519096182744824,-0.0520510052986939
1.05833333333333,-0.051982948917853,-0.0519822937093436,-0.0519496770843024,-0.0520912196366933
1.05866666666667,-0.0520230438018035,-0.0520224511114676,-0.051989835593182,-0.0521315340254943
1.059,-0.0520632385032163,-0.0520627084967341,-0.0520300940549869,-0.0521719487199083
1.05933333333333,-0.0521035332760952,-0.0521030661197147,-0.0520704527244573,-0.0522124639756204
1.05966666666667,-0.0521439283753124,-0.052143524235849,-0.0521109118571916,-0.0522530800491718
1.06,-0.0521844240565937,-0.0521840831014366,-0.0521514717096518,-0.0522937971979802
1.06033333333333,-0.052225020576543,-0.0522247429736496,-0.0521921325391766,-0.0523346156803323
1.06066666666667,-0.0522657181926253,-0.0522655041105251,-0.0522328946039698,-0.0523755357553896
1.061,-0.0523065171631815,-0.0523063667709897,-0.0522737581631163,-0.0524165576831997
1.06133333333333,-0.0523474177474297,-0.0523473312148309,-0.0523147234765772,-0.0524576817246873
1.06166666666667,-0.0523884202054701,-0.0523883977027354,-0.0523557908052026,-0.0524989081416634
1.062,-0.0524295247982841,-0.0524295664962647,-0.0523969604107284,-0.0525402371968297
1.06233333333333,-0.0524707317877389,-0.0524708378578717,-0.052438232555771,-0.0525816691537812
1.06266666666667,-0.052512041436594,-0.0525122120509077,-0.052479607503855,-0.052623204277013
1.063,-0.0525534540085072,-0.0525536893396106,-0.0525210855193924,-0.052664842831916
1.06333333333333,-0.0525949697680259,-0.0525952699891291,-0.0525626668676946,-0.0527065850847813
1.06366666666667,-0.0526365889806026,-0.0526369542655046,-0.0526043518149851,-0.0527484313028197
1.064,-0.0526783119125922,-0.0526787424356937,-0.0526461406283906,-0.0527903817541361
1.06433333333333,-0.0527201388312665,-0.0527206347675588,-0.0526880335759489,-0.0528324367077674
1.06466666666667,-0.052762070004792,-0.0527626315298768,-0.0527300309266091,-0.0528745964336506
1.065,-0.0528041057022657,-0.0528047329923405,-0.0527721329502479,-0.052916861202657
1.06533333333333,-0.0528462461936998,-0.0528469394255685,-0.0528143399176563,-0.0529592312865791
1.06566666666667,-0.0528884917500216,-0.0528892511010968,-0.0528566521005521,-0.0530017069581393
1.066,-0.0529308426430885,-0.0529316682913959,-0.0528990697715831,-0.0530442884909889
1.06633333333333,-0.0529732991456942,-0.052974191269869,-0.0529415932043325,-0.0530869761597177
1.06666666666667,-0.0530158615315537,-0.0530168203108466,-0.0529842226733128,-0.0531297702398537
1.067,-0.0530585300753305,-0.0530595556896075,-0.0530269584539856,-0.0531726710078693
1.06733333333333,-0.053101305052621,-0.0531023976823693,-0.0530698008227486,-0.0532156787411883
1.06766666666667,-0.0531441867399651,-0.0531453465662923,-0.053112750056953,-0.0532587937181755
1.068,-0.0531871754148564,-0.0531884026194961,-0.0531558064348982,-0.053302016218156
1.06833333333333,-0.0532302713557379,-0.0532315661210481,-0.0531989702358374,-0.0533453465214135
1.06866666666667,-0.0532734748420033,-0.0532748373509739,-0.0532422417399882,-0.0533887849091987
1.069,-0.0533167861540115,-0.0533182165902637,-0.0532856212285215,-0.0534323316637161
1.06933333333333,-0.0533602055730857,-0.053361704120869,-0.0533291089835853,-0.0534759870681483
1.06966666666667,-0.0534037333815079,-0.0534053002257133,-0.053372705288292,-0.0535197514066493
1.07,-0.0534473698625388,-0.0534490051886946,-0.0534164104267255,-0.0535636249643518
1.07033333333333,-0.0534911153004116,-0.0534928192946831,-0.0534602246839513,-0.0536076080273683
1.07066666666667,-0.0535349699803297,-0.053536742829533,-0.0535041483460183,-0.0536517008827967
1.071,-0.0535789341884923,-0.0535807760800824,-0.0535481816999583,-0.0536959038187245
1.07133333333333,-0.0536230082120758,-0.0536249193341587,-0.0535923250337932,-0.0537402171242307
1.07166666666667,-0.0536671923392458,-0.053669172880582,-0.0536365786365385,-0.0537846410893935
1.072,-0.0537114868591675,-0.0537135370091664,-0.053680942798205,-0.0538291760052887
1.07233333333333,-0.053755892062001,-0.053758012010726,-0.0537254178098109,-0.053873822164001
1.07266666666667,-0.0538004082389054,-0.0538025981770861,-0.0537700039633704,-0.0539185798586238
1.073,-0.0538450356820523,-0.0538472958010723,-0.053814701551921,-0.0539634493832534
1.07333333333333,-0.0538897746846133,-0.0538921051765246,-0.0538595108694964,-0.0540084310330201
1.07366666666667,-0.0539346255407862,-0.0539370265983017,-0.0539044322111603,-0.0540535251040605
1.074,-0.0539795885457778,-0.0539820603622826,-0.0539494658729934,-0.0540987318935451
1.07433333333333,-0.0540246639958183,-0.0540272067653651,-0.0539946121521023,-0.0541440516996671
1.07466666666667,-0.0540698521881662,-0.0540724661054842,-0.0540398713466264,-0.0541894848216601
1.075,-0.0541151534211045,-0.0541178386816042,-0.0540852437557343,-0.054235031559785
1.07533333333333,-0.0541605679939597,-0.0541633247937211,-0.0541307296796329,-0.0542806922153519
1.07566666666667,-0.0542060962070882,-0.0542089247428777,-0.0541763294195733,-0.054326467090718
1.076,-0.0542517383618941,-0.0542546388311621,-0.0542220432778517,-0.0543723564892838
1.07633333333333,-0.0542974947608243,-0.0543004673617078,-0.0542678715578154,-0.054418360715508
1.07666666666667,-0.054343365707379,-0.054346410638705,-0.0543138145638667,-0.054464480074906
1.077,-0.0543893515061114,-0.0543924689673992,-0.0543598726014652,-0.0545107148740573
1.07733333333333,-0.0544354524626395,-0.0544386426541017,-0.0544060459771368,-0.0545570654206055
1.07766666666667,-0.0544816688836397,-0.0544849320061856,-0.0544523349984688,-0.0546035320232698
1.078,-0.0545280010768519,-0.054531337332097,-0.0544987399741251,-0.0546501149918393
1.07833333333333,-0.0545744493510988,-0.0545778589413577,-0.0545452612138454,-0.0546968146371839
1.07866666666667,-0.054621014016274,-0.0546244971445634,-0.0545918990284449,-0.0547436312712628
1.079,-0.0546676953833488,-0.0546712522534021,-0.0546386537298345,-0.0547905652071193
1.07933333333333,-0.054714493764386,-0.0547181245806407,-0.0546855256310009,-0.054837616758886
1.07966666666667,-0.0547614094725331,-0.0547651144401444,-0.0547325150460299,-0.0548847862418019
1.08,-0.0548084428220321,-0.054812222146872,-0.054779622290106,-0.0549320739721986
1.08033333333333,-0.0548555941282274,-0.0548594480168848,-0.0548268476795208,-0.05497948026752
1.08066666666667,-0.0549028637075578,-0.0549067923673484,-0.0548741915316578,-0.0550270054463164
1.081,-0.0549502518775804,-0.0549542555165404,-0.054921654165029,-0.0550746498282551
1.08133333333333,-0.0549977589569546,-0.0550018377838529,-0.0549692358992481,-0.0551224137341266
1.08166666666667,-0.055045385265459,-0.0550495394897914,-0.0550169370550607,-0.055170297485836
1.082,-0.0550931311239955,-0.055097360955993,-0.0550647579543267,-0.055218301406424
1.08233333333333,-0.0551409968545878,-0.0551453025052191,-0.0551126989200428,-0.0552664258200673
1.08266666666667,-0.0551889827803888,-0.0551933644613611,-0.0551607602763376,-0.0553146710520727
1.083,-0.0552370892256875,-0.0552415471494524,-0.0552089423484747,-0.0553630374288958
1.08333333333333,-0.0552853165159163,-0.0552898508956659,-0.0552572454628685,-0.0554115252781341
1.08366666666667,-0.0553336649776402,-0.0553382760273228,-0.0553056699470704,-0.0554601349285398
1.084,-0.0553821349385852,-0.0553868228728926,-0.0553542161297949,-0.0555088667100236
1.08433333333333,-0.0554307267276186,-0.0554354917620037,-0.0554028843409067,-0.0555577209536533
1.08466666666667,-0.0554794406747749,-0.0554842830254383,-0.0554516749114358,-0.0556066979916647
1.085,-0.0555282771112417,-0.0555331969951556,-0.0555005881735769,-0.0556557981574644
1.08533333333333,-0.0555772363693835,-0.0555822340042776,-0.0555496244606979,-0.0557050217856326
1.08566666666667,-0.0556263187827309,-0.0556313943870999,-0.0555987841073402,-0.0557543692119296
1.086,-0.0556755246859914,-0.0556806784790983,-0.0556480674492295,-0.0558038407733051
1.08633333333333,-0.0557248544150522,-0.0557300866169358,-0.0556974748232768,-0.0558534368078979
1.08666666666667,-0.0557743083069936,-0.0557796191384666,-0.0557470065675793,-0.0559031576550344
1.087,-0.055823886700079,-0.0558292763827353,-0.0557966630214353,-0.0559530036552497
1.08733333333333,-0.0558735899337732,-0.0558790586899826,-0.0558464445253373,-0.0560029751502791
1.08766666666667,-0.0559234183487379,-0.0559289664016609,-0.0558963514209944,-0.0560530724830669
1.088,-0.0559733722868469,-0.055978999860426,-0.0559463840513111,-0.0561032959977735
1.08833333333333,-0.056023452091178,-0.0560291594101464,-0.0559965427604214,-0.0561536460397788
1.08866666666667,-0.0560736581060258,-0.0560794453959184,-0.0560468278936675,-0.0562041229556859
1.089,-0.0561239906769117,-0.0561298581640482,-0.0560972397976251,-0.0562547270933295
1.08933333333333,-0.0561744501505741,-0.0561803980620867,-0.0561477788200964,-0.0563054588017767
1.08966666666667,-0.0562250368749868,-0.0562310654388044,-0.0561984453101188,-0.0563563184313357
1.09,-0.0562757511993634,-0.0562818606442215,-0.0562492396179755,-0.0564073063335597
1.09033333333333,-0.0563265934741481,-0.0563327840295957,-0.0563001620951858,-0.056458422861252
1.09066666666667,-0.0563775640510444,-0.056383835947439,-0.056351213094532,-0.0565096683684687
1.091,-0.0564286632829936,-0.0564350167515131,-0.0564023929700382,-0.0565610432105278
1.09133333333333,-0.0564798915242011,-0.0564863267968427,-0.0564537020769995,-0.0566125477440122
1.09166666666667,-0.0565312491301375,-0.056537766439715,-0.0565051407719731,-0.0566641823267811
1.092,-0.056582736457529,-0.0565893360376894,-0.0565567094127936,-0.05671594731796
1.09233333333333,-0.0566343538643828,-0.0566410359496002,-0.0566084083585646,-0.0567678430779604
1.09266666666667,-0.0566861017099811,-0.0566928665355631,-0.0566602379696757,-0.0568198699684827
1.093,-0.0567379803548894,-0.0567448281569757,-0.0567121986078065,-0.0568720283525164
1.09333333333333,-0.056789990160956,-0.0567969211765342,-0.0567642906359236,-0.05692431859435
1.09366666666667,-0.0568421314913292,-0.0568491459582222,-0.0568165144182933,-0.0569767410595696
1.094,-0.0568944047104551,-0.0569015028673319,-0.0568688703204887,-0.0570292961150791
1.09433333333333,-0.0569468101840786,-0.0569539922704611,-0.0569213587093885,-0.0570819841290872
1.09466666666667,-0.0569993482792602,-0.0570066145355204,-0.0569739799531901,-0.0571348054711233
1.095,-0.0570520193643704,-0.0570593700317439,-0.0570267344214036,-0.057187760512046
1.09533333333333,-0.057104823809103,-0.0571122591296765,-0.0570796224848733,-0.0572408496240408
1.09566666666667,-0.0571577619844792,-0.0571652822012053,-0.0571326445157653,-0.0572940731806273
1.096,-0.057210834262847,-0.0572184396195469,-0.0571858008875898,-0.0573474315566687
1.09633333333333,-0.0572640410178935,-0.0572717317592584,-0.0572390919751914,-0.0574009251283696
1.09666666666667,-0.0573173826246504,-0.0573251589962439,-0.0572925181547746,-0.0574545542732973
1.097,-0.0573708594594943,-0.0573787217077597,-0.0573460798038836,-0.0575083193703697
1.09733333333333,-0.0574244719001593,-0.0574324202724186,-0.0573997773014275,-0.0575622207998657
1.09766666666667,-0.0574782203257373,-0.0574862550701961,-0.0574536110276831,-0.0576162589434442
1.098,-0.0575321051166796,-0.0575402264824359,-0.0575075813642926,-0.0576704341841282
1.09833333333333,-0.0575861266548172,-0.0575943348918586,-0.0575616886942759,-0.0577247469063282
1.09866666666667,-0.0576402853233581,-0.0576485806825635,-0.0576159334020365,-0.0577791974958418
1.099,-0.0576945815068842,-0.057702964240034,-0.0576703158733621,-0.0578337863398564
1.09933333333333,-0.0577490155913721,-0.0577574859511529,-0.0577248364954378,-0.057888513826956
1.09966666666667,-0.0578035879641882,-0.057812146204188,-0.0577794956568443,-0.0579433803471331
1.1,-0.0578582990141053,-0.0578669453888234,-0.0578342937475728,-0.0579983862917899
1.10033333333333,-0.0579131491312971,-0.0579218838961468,-0.0578892311590203,-0.0580535320537431
1.10066666666667,-0.0579681387073466,-0.0579769621186595,-0.057944308284,-0.0581088180272306
1.101,-0.0580232681352603,-0.0580321804502881,-0.0579995255167582,-0.0581642446079239
1.10133333333333,-0.0580785378094699,-0.0580875392863854,-0.0580548832529588,-0.0582198121929215
1.10166666666667,-0.0581339481258267,-0.0581430390237395,-0.058110381889704,-0.0582755211807674
1.102,-0.0581894994816269,-0.0581986800605719,-0.0581660218255426,-0.0583313719714525
1.10233333333333,-0.0582451922756022,-0.058254462796556,-0.0582218034604669,-0.0583873649664128
1.10266666666667,-0.058301026907942,-0.0583103876328152,-0.058277727195922,-0.0584435005685514
1.103,-0.0583570037802809,-0.0583664549719299,-0.0583337934348112,-0.0584997791822292
1.10333333333333,-0.0584131232957107,-0.0584226652179417,-0.0583900025815073,-0.0585562012132851
1.10366666666667,-0.0584693858588025,-0.0584790187763705,-0.058446355041853,-0.0586127670690316
1.104,-0.0585257918755849,-0.0585355160542073,-0.0585028512231699,-0.058669477158264
1.10433333333333,-0.0585823417535805,-0.0585921574599219,-0.0585594915342639,-0.0587263318912673
1.10466666666667,-0.0586390359017832,-0.0586489434034834,-0.0586162763854327,-0.058783331679826
1.105,-0.0586958747306872,-0.0587058742963456,-0.0586732061884684,-0.0588404769372241
1.10533333333333,-0.0587528586522812,-0.0587629505514709,-0.0587302813566736,-0.0588977680782561
1.10566666666667,-0.0588099880800603,-0.0588201725833308,-0.0587875023048484,-0.0589552055192269
1.106,-0.0588672634290254,-0.0588775408079046,-0.0588448694493209,-0.0590127896779734
1.10633333333333,-0.0589246851156974,-0.0589350556426973,-0.0589023832079404,-0.0590705209738482
1.10666666666667,-0.0589822535581242,-0.0589927175067426,-0.0589600440000816,-0.0591283998277526
1.107,-0.0590399691758782,-0.0590505268206051,-0.0590178522466522,-0.0591864266621162
1.10733333333333,-0.0590978323900681,-0.0591084840063914,-0.0590758083701128,-0.0592446019009266
1.10766666666667,-0.0591558436233521,-0.0591665894877532,-0.059133912794465,-0.0593029259697183
1.108,-0.0592140032999318,-0.0592248436899002,-0.0591921659452693,-0.0593613992955918
1.10833333333333,-0.0592723118455664,-0.0592832470396016,-0.0592505682496449,-0.0594200223072151
1.10866666666667,-0.0593307696875791,-0.0593417999651908,-0.0593091201362858,-0.0594787954348302
1.109,-0.0593893772548658,-0.0594005028965746,-0.0593678220354565,-0.0595377191102606
1.10933333333333,-0.05944813497789,-0.0594593562652475,-0.0594266743790084,-0.0595967937669185
1.10966666666667,-0.0595070432887089,-0.0595183605042816,-0.0594856776003789,-0.0596560198398086
1.11,-0.0595661026209603,-0.0595775160483515,-0.0595448321346033,-0.0597153977655428
1.11033333333333,-0.0596253134098872,-0.0596368233337281,-0.059604138418321,-0.0597749279823327
1.11066666666667,-0.0596846760923311,-0.0596962827982899,-0.0596635968897788,-0.0598346109300181
1.111,-0.0597441911067451,-0.0597558948815372,-0.0597232079888388,-0.0598944470500509
1.11133333333333,-0.0598038588931991,-0.059815660024584,-0.0597829721569958,-0.0599544367855211
1.11166666666667,-0.0598636798933913,-0.0598755786701751,-0.0598428898373662,-0.060014580581147
1.112,-0.0599236545506463,-0.0599356512626946,-0.0599029614747072,-0.0600748788832949
1.11233333333333,-0.0599837833099305,-0.0599958782481653,-0.0599631875154228,-0.0601353321399849
1.11266666666667,-0.060044066617854,-0.060056260074266,-0.060023568407566,-0.0601959408008919
1.113,-0.0601045049226813,-0.0601167971903245,-0.0600841046008574,-0.0602567053173548
1.11333333333333,-0.0601650986743344,-0.0601774900473402,-0.0601447965466667,-0.0603176261423841
1.11366666666667,-0.0602258483244089,-0.0602383390979783,-0.0602056446980559,-0.0603787037306799
1.114,-0.0602867543261655,-0.0602993447965894,-0.0602666495097595,-0.0604399385386131
1.11433333333333,-0.060347817134554,-0.060360507599205,-0.0603278114381977,-0.0605013310242676
1.11466666666667,-0.0604090372062072,-0.0604218279635507,-0.0603891309414921,-0.0605628816474103
1.115,-0.060470414999459,-0.0604833063490557,-0.0604506084794644,-0.0606245908695312
1.11533333333333,-0.0605319509743466,-0.0605449432168535,-0.0605122445136459,-0.0606864591538315
1.11566666666667,-0.0605936455926158,-0.060606739029795,-0.0605740395072889,-0.0607484869652337
1.116,-0.0606554993177287,-0.0606686942524598,-0.0606359939253649,-0.0608106747703955
1.11633333333333,-0.0607175126148762,-0.0607308093511452,-0.0606981082345873,-0.0608730230377145
1.11666666666667,-0.0607796859509853,-0.0607930847938992,-0.0607603829033996,-0.0609355322373286
1.117,-0.0608420197947204,-0.0608555210505097,-0.0608228184020023,-0.0609982028411431
1.11733333333333,-0.0609045146164973,-0.0609181185925157,-0.0608854152023434,-0.0610610353228086
1.11766666666667,-0.0609671708884813,-0.060980877893223,-0.0609481737781421,-0.0611240301577573
1.118,-0.0610299890846117,-0.0610437994277048,-0.0610110946048818,-0.061187187823195
1.11833333333333,-0.0610929696805923,-0.0611068836728065,-0.061074178159826,-0.0612505087981104
1.11866666666667,-0.0611561131539089,-0.0611701311071617,-0.0611374249220303,-0.0613139935632904
1.119,-0.0612194199838333,-0.0612335422111946,-0.0612008353723389,-0.0613776426013156
1.11933333333333,-0.0612828906514306,-0.061297117467129,-0.0612644099934005,-0.061441456396584
1.11966666666667,-0.0613465256395734,-0.0613608573589988,-0.06132814926967,-0.0615054354353038
1.12,-0.0614103254329435,-0.0614247623726494,-0.0613920536874276,-0.0615695802055096
1.12033333333333,-0.0614742905180381,-0.0614888329957583,-0.0614561237347726,-0.06163389119707
1.12066666666667,-0.0615384213831876,-0.0615530697178204,-0.0615203599016414,-0.06169836890169
1.121,-0.0616027185185504,-0.0616174730301863,-0.0615847626798125,-0.0617630138129313
1.12133333333333,-0.0616671824161331,-0.0616820434260419,-0.0616493325629191,-0.0618278264262047
1.12166666666667,-0.0617318135697882,-0.0617467814004368,-0.0617140700464396,-0.0618928072387919
1.122,-0.0617966124752311,-0.0618116874502818,-0.0617789756277378,-0.0619579567498474
1.12233333333333,-0.0618615796300451,-0.0618767620743619,-0.0618440498060357,-0.0620232754603996
1.12266666666667,-0.0619267155336861,-0.0619420057733405,-0.0619092930824485,-0.0620887638733781
1.123,-0.0619920206874948,-0.0620074190497721,-0.0619747059599762,-0.0621544224936037
1.12333333333333,-0.0620574955947064,-0.0620730024081079,-0.0620402889435233,-0.0622202518278072
1.12366666666667,-0.0621231407604528,-0.0621387563547038,-0.0621060425399035,-0.0622862523846332
1.124,-0.0621889566917793,-0.0622046813978298,-0.062171967257845,-0.0623524246746523
1.12433333333333,-0.0622549438976463,-0.0622707780476804,-0.0622380636079965,-0.0624187692103648
1.12466666666667,-0.062321102888938,-0.0623370468163824,-0.0623043321029505,-0.062485286506211
1.125,-0.0623874341784775,-0.0624034882179986,-0.0623707732572338,-0.0625519770785823
1.12533333333333,-0.0624539382810272,-0.0624701027685469,-0.0624373875873272,-0.0626188414458313
1.12566666666667,-0.0625206157133043,-0.0625368909859897,-0.0625041756116735,-0.0626858801282705
1.126,-0.0625874669939845,-0.0626038533902688,-0.0625711378506775,-0.0627530936481944
1.12633333333333,-0.062654492643714,-0.0626709905032961,-0.0626382748267277,-0.0628204825298794
1.12666666666667,-0.062721693185116,-0.0627383028489595,-0.0627055870641933,-0.0628880472995934
1.127,-0.0627890691427987,-0.0628057909531523,-0.0627730750894423,-0.0629557884856084
1.12733333333333,-0.0628566210433707,-0.0628734553437567,-0.0628407394308462,-0.0630237066182125
1.12766666666667,-0.0629243494154375,-0.0629412965506744,-0.0629085806187872,-0.0630918022296992
1.128,-0.0629922547896289,-0.0630093151058206,-0.0629765991856687,-0.0631600758544075
1.12833333333333,-0.0630603376985863,-0.0630775115431381,-0.0630447956659295,-0.0632285280287073
1.12866666666667,-0.0631285986769897,-0.0631458863986108,-0.0631131705960381,-0.063297159291015
1.129,-0.0631970382615551,-0.0632144402102651,-0.0631817245145266,-0.0633659701818049
1.12933333333333,-0.0632656569910512,-0.0632831735181857,-0.0632504579619718,-0.0634349612436148
1.12966666666667,-0.0633344554063064,-0.0633520868645192,-0.0633193714810263,-0.0635041330210622
1.13,-0.0634034340502126,-0.0634211807934864,-0.0633884656164138,-0.0635734860608469
1.13033333333333,-0.0634725934677446,-0.063490455851399,-0.0634577409149488,-0.0636430209117589
1.13066666666667,-0.0635419342059602,-0.063559912586644,-0.0635271979255349,-0.0637127381246956
1.131,-0.063611456814018,-0.0636295515497296,-0.0635968371991911,-0.0637826382526674
1.13133333333333,-0.0636811618431727,-0.0636993732932644,-0.0636666592890396,-0.0638527218508026
1.13166666666667,-0.0637510498468083,-0.0637693783719793,-0.0637366647503327,-0.0639229894763622
1.132,-0.063821121380417,-0.063839567342739,-0.0638068541404489,-0.0639934416887504
1.13233333333333,-0.0638913770016381,-0.0639099407645438,-0.0638772280189235,-0.0640640790495243
1.13266666666667,-0.0639618172702509,-0.0639804991985454,-0.0639477869474277,-0.0641349021223982
1.133,-0.0640324427481857,-0.0640512432080608,-0.0640185314898116,-0.064205911473256
1.13333333333333,-0.0641032539995375,-0.0641221733585675,-0.0640894622120832,-0.0642771076701628
1.13366666666667,-0.0641742515905765,-0.0641932902177283,-0.0641605796824391,-0.0643484912833768
1.134,-0.0642454360897542,-0.064264594355386,-0.0642318844712693,-0.0644200628853527
1.13433333333333,-0.0643168080677141,-0.0643360863435967,-0.0643033771511627,-0.0644918230507577
1.13466666666667,-0.064388368097299,-0.0644077667566144,-0.0643750582969204,-0.0645637723564767
1.135,-0.0644601167535736,-0.0644796361709141,-0.0644469284855652,-0.0646359113816251
1.13533333333333,-0.0645320546138165,-0.0645516951652007,-0.0645189882963546,-0.0647082407075592
1.13566666666667,-0.0646041822575432,-0.0646239443204181,-0.0645912383107833,-0.0647807609178862
1.136,-0.0646765002665139,-0.0646963842197606,-0.064663679112606,-0.0648534725984769
1.13633333333333,-0.064749009224735,-0.0647690154486815,-0.0647363112878278,-0.0649263763374649
1.13666666666667,-0.0648217097184867,-0.0648418385948994,-0.0648091354247406,-0.0649994727252723
1.137,-0.0648946023363107,-0.0649148542484208,-0.0648821521139074,-0.0650727623546106
1.13733333333333,-0.0649676876690464,-0.0649880630015362,-0.0649553619481929,-0.0651462458204939
1.13766666666667,-0.0650409663098133,-0.0650614654488429,-0.0650287655227628,-0.0652199237202476
1.138,-0.0651144388540496,-0.0651350621872415,-0.0651023634350985,-0.0652937966535232
1.13833333333333,-0.0651881058994946,-0.0652088538159634,-0.0651761562850049,-0.0653678652223018
1.13866666666667,-0.065261968046229,-0.0652828409365685,-0.0652501446746248,-0.0654421300309132
1.139,-0.0653360258966619,-0.0653570241529589,-0.0653243292084451,-0.0655165916860407
1.13933333333333,-0.0654102800555509,-0.0654314040713926,-0.0653987104933136,-0.0655912507967381
1.13966666666667,-0.0654847311300071,-0.0655059813004924,-0.0654732891384421,-0.0656661079744257
1.14,-0.0655593797295196,-0.0655807564512571,-0.0655480657554241,-0.0657411638329231
1.14033333333333,-0.0656342264659546,-0.0656557301370715,-0.0656230409582429,-0.0658164189884412
1.14066666666667,-0.0657092719535639,-0.0657309029737197,-0.0656982153632814,-0.0658918740596052
1.141,-0.0657845168090069,-0.06580627557939,-0.0657735895893341,-0.0659675296674591
1.14133333333333,-0.0658599616513559,-0.0658818485746949,-0.065849164257624,-0.0660433864354806
1.14166666666667,-0.0659356071021047,-0.0659576225826766,-0.0659249399917976,-0.0661194449895906
1.142,-0.0660114537851794,-0.0660335982288196,-0.0660009174179598,-0.0661957059581637
1.14233333333333,-0.0660875023269598,-0.06610977614106,-0.0660770971646627,-0.0662721699720379
1.14266666666667,-0.0661637533562789,-0.0661861569497972,-0.0661534798629259,-0.0663488376645352
1.143,-0.06624020750444,-0.0662627412879155,-0.0662300661462567,-0.0664257096714592
1.14333333333333,-0.0663168654052266,-0.0663395297907778,-0.066306856650646,-0.0665027866311221
1.14366666666667,-0.0663937276949087,-0.0664165230962479,-0.0663838520145904,-0.0665800691843408
1.144,-0.0664707950122707,-0.0664937218446987,-0.0664610528791054,-0.0666575579744569
1.14433333333333,-0.0665480679986075,-0.0665711266790311,-0.0665384598877149,-0.06673525364735
1.14466666666667,-0.0666255472977339,-0.0666487382446747,-0.066616073686502,-0.0668131568514456
1.145,-0.0667032335560125,-0.0667265571896072,-0.0666938949240878,-0.0668912682377279
1.14533333333333,-0.0667811274223516,-0.0668045841643618,-0.0667719242516522,-0.066969588459752
1.14566666666667,-0.0668592295482215,-0.0668828198220455,-0.0668501623229536,-0.0670481181736565
1.146,-0.0669375405876668,-0.0669612648183391,-0.0669286097943358,-0.0671268580381698
1.14633333333333,-0.0670160611973201,-0.0670399198115227,-0.0670072673247294,-0.0672058087146358
1.14666666666667,-0.0670947920364073,-0.0671187854624819,-0.0670861355756872,-0.0672849708670126
1.147,-0.0671737337667736,-0.0671978624347141,-0.0671652152113793,-0.0673643451618833
1.14733333333333,-0.0672528870528779,-0.0672771513943544,-0.0672445068986041,-0.0674439322684896
1.14766666666667,-0.0673322525618105,-0.0673566530101758,-0.0673240113068133,-0.067523732858714
1.148,-0.0674118309633196,-0.0674363679536051,-0.0674037291081058,-0.0676037476071131
1.14833333333333,-0.0674916229298048,-0.0675162968987336,-0.0674836609772643,-0.0676839771909286
1.14866666666667,-0.0675716291363398,-0.0675964405223403,-0.0675638075917448,-0.0677644222900891
1.149,-0.0676518502606834,-0.0676767995038857,-0.0676441696317029,-0.0678450835872335
1.14933333333333,-0.0677322869832873,-0.0677573745255427,-0.0677247477800035,-0.0679259617677145
1.14966666666667,-0.0678129399873173,-0.0678381662721967,-0.067805542722227,-0.0680070575196197
1.15,-0.067893809958657,-0.0679191754314682,-0.0678865551466974,-0.0680883715337806
1.15033333333333,-0.0679748975859305,-0.0680004026937122,-0.0679677857444721,-0.0681699045037833
1.15066666666667,-0.0680562035605002,-0.068081848752047,-0.0680492352093772,-0.0682516571259887
1.151,-0.0681377285764988,-0.0681635143023525,-0.0681309042380129,-0.0683336300995382
1.15133333333333,-0.0682194733308265,-0.0682454000432994,-0.0682127935297568,-0.068415824126367
1.15166666666667,-0.0683014385231726,-0.0683275066763456,-0.0682949037867908,-0.0684982399112235
1.152,-0.0683836248560232,-0.0684098349057568,-0.0683772357141063,-0.068580878161673
1.15233333333333,-0.0684660330346843,-0.0684923854386238,-0.068459790019522,-0.0686637395881246
1.15266666666667,-0.06854866376728,-0.0685751589848719,-0.0685425674136946,-0.068746824903835
1.153,-0.0686315177647808,-0.0686581562572685,-0.0686255686101282,-0.0688301348249153
1.15333333333333,-0.0687145957410026,-0.0687413779714454,-0.0687087943251981,-0.0689136700703675
1.15366666666667,-0.0687978984126351,-0.0688248248459133,-0.0687922452781582,-0.068997431362068
1.154,-0.0688814264992453,-0.0689084976020672,-0.0688759221911471,-0.0690814194248092
1.15433333333333,-0.0689651807232954,-0.0689923969642039,-0.0689598257892206,-0.0691656349862962
1.15466666666667,-0.0690491618101484,-0.0690765236595373,-0.0690439568003488,-0.0692500787771616
1.155,-0.0691333704880963,-0.0691608784182121,-0.0691283159554345,-0.0693347515309906
1.15533333333333,-0.069217807488363,-0.069245461973313,-0.0692129039883303,-0.0694196539843221
1.15566666666667,-0.0693024735451221,-0.0693302750608882,-0.0692977216358543,-0.0695047868766741
1.156,-0.069387369395511,-0.0694153184199491,-0.0693827696377915,-0.0695901509505451
1.15633333333333,-0.069472495779643,-0.0695005927925031,-0.0694680487369262,-0.0696757469514403
1.15666666666667,-0.0695578534406246,-0.0695860989235497,-0.0695535596790406,-0.0697615756278767
1.157,-0.0696434431245614,-0.069671837561105,-0.0696393032129409,-0.0698476377314057
1.15733333333333,-0.0697292655805892,-0.0697578094562171,-0.0697252800904649,-0.069933934016626
1.15766666666667,-0.0698153215608703,-0.069844015362974,-0.069811491066491,-0.0700204652411881
1.158,-0.0699016118206195,-0.0699304560385229,-0.0698979368989735,-0.0701072321658188
1.15833333333333,-0.0699881371181149,-0.0700171322430803,-0.0699846183489272,-0.0701942355543401
1.15866666666667,-0.070074898214711,-0.070104044739955,-0.0700715361804739,-0.0702814761736704
1.159,-0.0701618958748554,-0.0701911942955551,-0.0701586911608346,-0.0703689547938513
1.15933333333333,-0.070249130866103,-0.0702785816794047,-0.0702460840603475,-0.0704566721880536
1.15966666666667,-0.0703366039591378,-0.0703662076641582,-0.0703337156524965,-0.0705446291325992
1.16,-0.070424315927771,-0.070454073025623,-0.070421586713907,-0.070632826406976
1.16033333333333,-0.0705122675489736,-0.0705421785427634,-0.0705096980243798,-0.0707212647938451
1.16066666666667,-0.07060045960288,-0.0706305249977198,-0.0705980503668918,-0.0708099450790655
1.161,-0.07068889287281,-0.0707191131758284,-0.0706866445276187,-0.0708988680517051
1.16133333333333,-0.0707775681452847,-0.0708079438656324,-0.0707754812959469,-0.0709880345040567
1.16166666666667,-0.0708664862100329,-0.0708970178588966,-0.0708645614644946,-0.0710774452316558
1.162,-0.0709556478600162,-0.0709863359506276,-0.0709538858291177,-0.0711671010332871
1.16233333333333,-0.071045053891439,-0.0710758989390801,-0.0710434551889386,-0.0712570027110174
1.16266666666667,-0.0711347051037712,-0.0711657076257879,-0.0711332703463483,-0.0713471510701928
1.163,-0.0712246022997525,-0.0712557628155647,-0.0712233321070305,-0.0714375469194686
1.16333333333333,-0.0713147462854193,-0.0713460653165268,-0.0713136412799771,-0.0715281910708141
1.16366666666667,-0.0714051378701142,-0.0714366159401099,-0.0714041986775035,-0.0716190843395417
1.164,-0.0714957778665028,-0.0715274155010843,-0.0714950051152607,-0.0717102275443116
1.16433333333333,-0.0715866670905927,-0.0716184648175648,-0.071586061412252,-0.0718016215071494
1.16466666666667,-0.0716778063617493,-0.0717097647110422,-0.0716773683908596,-0.0718932670534742
1.165,-0.071769196502706,-0.0718013160063792,-0.0717689268768515,-0.0719851650120954
1.16533333333333,-0.0718608383395889,-0.0718931195318464,-0.0718607376993927,-0.0720773162152439
1.16566666666667,-0.0719527327019321,-0.0719851761191259,-0.0719528016910792,-0.0721697214985915
1.166,-0.0720448804226862,-0.0720774866033339,-0.0720451196879373,-0.0722623817012508
1.16633333333333,-0.0721372823382398,-0.0721700518230328,-0.0721376925294476,-0.0723552976658121
1.16666666666667,-0.0722299392884468,-0.0722628726202553,-0.0722305210585692,-0.0724484702383403
1.167,-0.0723228521166222,-0.0723559498405129,-0.0723236061217388,-0.0725419002684094
1.16733333333333,-0.07241602166958,-0.0724492843328175,-0.0724169485689029,-0.0726355886091102
1.16766666666667,-0.0725094487976296,-0.0725428769496999,-0.0725105492535345,-0.072729536117068
1.168,-0.0726031343546178,-0.0726367285472249,-0.0726044090326353,-0.0728237436524619
1.16833333333333,-0.0726970791979221,-0.0727308399850043,-0.0726985287667723,-0.0729182120790479
1.16866666666667,-0.0727912841884774,-0.0728252121262287,-0.0727929093200855,-0.0730129422641585
1.169,-0.0728857501908019,-0.0729198458376648,-0.0728875515603026,-0.0731079350787444
1.16933333333333,-0.0729804780730024,-0.0730147419896861,-0.0729824563587682,-0.0732031913973728
1.16966666666667,-0.0730754687067957,-0.0731099014562898,-0.0730776245904398,-0.0732987120982536
1.17,-0.0731707229675284,-0.0732053251151101,-0.0731730571339381,-0.0733944980632576
1.17033333333333,-0.0732662417341968,-0.0733010138474429,-0.0732687548715291,-0.0734905501779283
1.17066666666667,-0.0733620258894532,-0.0733969685382548,-0.073364718689174,-0.0735868693315141
1.171,-0.0734580763196424,-0.0734931900762061,-0.0734609494765228,-0.0736834564169692
1.17133333333333,-0.073554393914803,-0.0735896793536711,-0.073557448126947,-0.0737803123309805
1.17166666666667,-0.0736509795686913,-0.0736864372667552,-0.0736542155375528,-0.0738774379739896
1.172,-0.0737478341788072,-0.0737834647153059,-0.0737512526091989,-0.073974834250201
1.17233333333333,-0.0738449586464012,-0.0738807626029443,-0.0738485602465244,-0.0740725020676156
1.17266666666667,-0.0739423538765006,-0.0739783318370748,-0.0739461393579452,-0.0741704423380322
1.173,-0.074040020777923,-0.0740761733289075,-0.0740439908557031,-0.0742686559770801
1.17333333333333,-0.0741379602633008,-0.0741742879934703,-0.0741421156558542,-0.0743671439042302
1.17366666666667,-0.0742361732490899,-0.0742726767496393,-0.0742405146783122,-0.0744659070428201
1.174,-0.0743346606556066,-0.0743713405201493,-0.0743391888468537,-0.074564946320062
1.17433333333333,-0.0744334234070297,-0.0744702802316135,-0.0744381390891456,-0.0746642626670835
1.17466666666667,-0.0745324624314228,-0.0745694968145497,-0.0745373663367511,-0.0747638570189199
1.175,-0.0746317786607626,-0.074668991203389,-0.0746368715251699,-0.0748637303145542
1.17533333333333,-0.0747313730309504,-0.0747687643365061,-0.074736655593836,-0.0749638834969285
1.17566666666667,-0.074831246481833,-0.074868817156233,-0.0748367194861545,-0.0750643175129669
1.176,-0.0749313999572224,-0.0749691506088724,-0.0749370641495113,-0.0751650333135905
1.17633333333333,-0.0750318344049165,-0.0750697656447359,-0.0750376905352971,-0.0752660318537395
1.17666666666667,-0.0751325507767211,-0.0751706632181471,-0.0751385995989264,-0.075367314092399
1.177,-0.0752335500284666,-0.0752718442874655,-0.0752397922998526,-0.075468880992612
1.17733333333333,-0.0753348331200278,-0.0753733098151114,-0.0753412696016007,-0.0755707335214988
1.17766666666667,-0.0754364010153439,-0.0754750607675832,-0.0754430324717767,-0.0756728726502873
1.178,-0.0755382546824435,-0.0755770981154768,-0.07554508188209,-0.0757752993543206
1.17833333333333,-0.0756403950934605,-0.0756794228335105,-0.0756474188083775,-0.0758780146130896
1.17866666666667,-0.0757428232246582,-0.0757820359005388,-0.0757500442306229,-0.0759810194102445
1.179,-0.0758455400564452,-0.0758849382995768,-0.0758529591329785,-0.0760843147336219
1.17933333333333,-0.0759485465733988,-0.0759881310178239,-0.075956164503773,-0.0761879015752592
1.17966666666667,-0.0760518437642891,-0.0760916150466827,-0.0760596613355611,-0.076291780931426
1.18,-0.0761554326220922,-0.0761953913817775,-0.0761634506251177,-0.0763959538026374
1.18033333333333,-0.076259314144025,-0.0762994610229768,-0.0762675333734684,-0.0765004211936761
1.18066666666667,-0.0763634893315473,-0.0764038249744194,-0.0763719105859167,-0.0766051841136182
1.181,-0.0764679591904001,-0.0765084842445229,-0.0764765832720567,-0.0767102435758416
1.18133333333333,-0.0765727247306215,-0.0766134398460316,-0.0765815524457977,-0.0768156005980762
1.18166666666667,-0.0766777869665644,-0.076718692796006,-0.076686819125397,-0.0769212562023948
1.182,-0.076783146916924,-0.0768242441158656,-0.0767923843334608,-0.0770272114152489
1.18233333333333,-0.0768888056047551,-0.0769300948314043,-0.0768982490969791,-0.0771334672674932
1.18266666666667,-0.0769947640575005,-0.0770362459728148,-0.0770044144473498,-0.0772400247944101
1.183,-0.0771010233070088,-0.0771426985747108,-0.0771108814203958,-0.0773468850357148
1.18333333333333,-0.0772075843895522,-0.0772494536761451,-0.0772176510563884,-0.077454049035598
1.18366666666667,-0.0773144483458562,-0.0773565123206345,-0.0773247244000716,-0.0775615178427379
1.184,-0.0774216162211267,-0.0774638755561915,-0.0774321025006826,-0.0776692925103306
1.18433333333333,-0.0775290890650564,-0.0775715444353283,-0.0775397864119751,-0.0777773740960989
1.18466666666667,-0.0776368679318625,-0.0776795200150996,-0.0776477771922482,-0.0778857636623351
1.185,-0.0777449538803068,-0.0777878033571076,-0.0777560759043589,-0.0779944622759084
1.18533333333333,-0.0778533479737086,-0.0778963955275434,-0.0778646836157512,-0.078103471008292
1.18566666666667,-0.0779620512799841,-0.0780052975971955,-0.0779736013984832,-0.0782127909355925
1.186,-0.0780710648716608,-0.0781145106414823,-0.0780828303292422,-0.0783224231385667
1.18633333333333,-0.0781803898258954,-0.0782240357404659,-0.0781923714893744,-0.0784323687026501
1.18666666666667,-0.0782900272245111,-0.0783338739788911,-0.0783022259649085,-0.0785426287179754
1.187,-0.0783999781540137,-0.0784440264461946,-0.078412394846576,-0.0786532042794079
1.18733333333333,-0.0785102437056131,-0.0785544942365381,-0.0785228792298432,-0.0787640964865522
1.18766666666667,-0.0786208249752492,-0.0786652784488297,-0.0786336802149211,-0.0788753064437938
1.188,-0.0787317230636294,-0.0787763801867442,-0.0787447989067998,-0.0789868352603134
1.18833333333333,-0.0788429390762273,-0.0788878005587586,-0.0788562364152838,-0.0790986840501109
1.18866666666667,-0.0789544741233265,-0.0789995406781615,-0.0789679938549919,-0.0792108539320422
1.189,-0.0790663293200426,-0.0791116016630904,-0.079080072345396,-0.0793233460298248
1.18933333333333,-0.0791785057863415,-0.0792239846365568,-0.0791924730108545,-0.0794361614720842
1.18966666666667,-0.0792910046470708,-0.0793366907264557,-0.0793051969806165,-0.0795493013923575
1.19,-0.0794038270319837,-0.079449721065612,-0.0794182453888639,-0.0796627669291439
1.19033333333333,-0.0795169740757605,-0.0795630767917931,-0.0795316193747329,-0.0797765592259035
1.19066666666667,-0.079630446918039,-0.0796767590477319,-0.0796453200823348,-0.0798906794311038
1.191,-0.0797442467034342,-0.0797907689811694,-0.0797593486607846,-0.0800051286982328
1.19133333333333,-0.0798583745815735,-0.0799051077448523,-0.0798737062642353,-0.0801199081858342
1.19166666666667,-0.079972831707114,-0.0800197764965939,-0.0799883940518845,-0.0802350190575257
1.192,-0.0800876192397693,-0.0801347763992679,-0.0801034131880195,-0.0803504624820287
1.19233333333333,-0.0802027383443387,-0.080250108620856,-0.080218764842033,-0.0804662396332042
1.19266666666667,-0.0803181901907361,-0.0803657743344654,-0.0803344501884544,-0.0805823516900538
1.193,-0.0804339759540113,-0.0804817747183604,-0.0804504704069798,-0.0806987998367757
1.19333333333333,-0.080550096814377,-0.0805981109559819,-0.0805668266824843,-0.0808155852627782
1.19366666666667,-0.0806665539572377,-0.0807147842359762,-0.0806835202050649,-0.0809327091627012
1.194,-0.0807833485732191,-0.0808317957522315,-0.0808005521700603,-0.0810501727364537
1.19433333333333,-0.0809004818581909,-0.0809491467038951,-0.0809179237780796,-0.081167977189239
1.19466666666667,-0.0810179550132932,-0.0810668382954046,-0.0810356362350319,-0.0812861237315771
1.195,-0.0811357692449711,-0.0811848717365121,-0.0811536907521468,-0.0814046135793416
1.19533333333333,-0.0812539257649944,-0.0813032482423172,-0.0812720885460108,-0.0815234479537775
1.19566666666667,-0.0813724257904911,-0.0814219690332927,-0.0813908308385913,-0.0816426280815349
1.196,-0.081491270543973,-0.0815410353353133,-0.0815099188572661,-0.0817621551946997
1.19633333333333,-0.0816104612533645,-0.0816604483796804,-0.0816293538348465,-0.0818820305308187
1.19666666666667,-0.0817299991520258,-0.0817802094031573,-0.0817491370096167,-0.0820022553329229
1.197,-0.081849885478792,-0.0819003196479892,-0.0818692696253507,-0.0821228308495686
1.19733333333333,-0.0819701214779951,-0.0820207803619376,-0.0819897529313477,-0.0822437583348573
1.19766666666667,-0.0820907083994933,-0.0821415927983117,-0.0821105881824597,-0.0823650390484679
1.198,-0.082211647498699,-0.0822627582159944,-0.0822317766391269,-0.0824866742556841
1.19833333333333,-0.082332940036616,-0.082384277879466,-0.08235331956739,-0.0826086652274271
1.19866666666667,-0.0824545872798495,-0.082506153058846,-0.0824752182389402,-0.0827310132402848
1.199,-0.0825765905006643,-0.0826283850299111,-0.082597473931133,-0.0828537195765394
1.19933333333333,-0.0826989509769879,-0.0827509750741313,-0.0827200879270287,-0.0829767855241959
1.19966666666667,-0.0828216699924575,-0.0828739244787018,-0.0828430615154197,-0.0831002123770197
1.2,-0.0829447488364436,-0.0829972345365668,-0.0829663959908608,-0.0832240014345623
1.20033333333333,-0.0830681888040766,-0.0831209065464527,-0.0830900926536865,-0.083348154002188
1.20066666666667,-0.083191991196289,-0.0832449418129022,-0.0832141528100692,-0.0834726713911124
1.201,-0.083316157319832,-0.0833693416463025,-0.0833385777720277,-0.0835975549184273
1.20133333333333,-0.0834406884873191,-0.0834941073629104,-0.0834633688574634,-0.083722805907143
1.20166666666667,-0.0835655860172465,-0.0836192402848976,-0.0835885273901975,-0.0838484256862002
1.202,-0.0836908512340343,-0.0837447417403695,-0.0837140546999988,-0.0839744155905178
1.20233333333333,-0.0838164854680427,-0.0838706130633998,-0.0838399521226092,-0.0841007769610199
1.20266666666667,-0.0839424900556308,-0.0839968555940634,-0.0839662209997848,-0.0842275111446694
1.203,-0.0840688663391551,-0.0841234706784745,-0.0840928626793249,-0.084354619494492
1.20333333333333,-0.0841956156670276,-0.0842504596688021,-0.0842198785151026,-0.0844821033696221
1.20366666666667,-0.0843227393937349,-0.0843778239233256,-0.0843472698671011,-0.0846099641353233
1.204,-0.0844502388798734,-0.0845055648064427,-0.084475038101438,-0.0847382031630324
1.20433333333333,-0.0845781154921896,-0.0846336836887201,-0.0846031845904046,-0.084866821830375
1.20466666666667,-0.0847063706035941,-0.0847621819469236,-0.0847317107125044,-0.0849958215212208
1.205,-0.0848350055932196,-0.0848910609640446,-0.0848606178524745,-0.0851252036257036
1.20533333333333,-0.084964021846428,-0.0850203221293333,-0.0849899074013252,-0.0852549695402564
1.20566666666667,-0.0850934207548701,-0.0851499668383455,-0.0851195807563681,-0.0853851206676402
1.206,-0.0852232037164972,-0.0852799964929602,-0.0852496393212663,-0.0855156584169935
1.20633333333333,-0.0853533721356076,-0.0854104125014206,-0.0853800845060471,-0.0856465842038544
1.20666666666667,-0.0854839274228797,-0.0855412162783745,-0.0855109177271495,-0.0857778994501969
1.207,-0.0856148709953958,-0.0856724092448942,-0.0856421404074548,-0.0859096055844622
1.20733333333333,-0.0857462042766926,-0.0858039928285239,-0.0857737539763222,-0.0860417040416055
1.20766666666667,-0.0858779286967871,-0.0859359684633101,-0.0859057598696239,-0.0861741962631217
1.208,-0.0860100456922051,-0.0860683375898363,-0.0860381595297802,-0.0863070836970754
1.20833333333333,-0.0861425567060342,-0.0862011016552588,-0.0861709544057912,-0.0864403677981561
1.20866666666667,-0.0862754631879402,-0.0863342621133437,-0.0863041459532764,-0.0865740500276907
1.209,-0.0864087665942153,-0.0864678204244978,-0.0864377356345115,-0.0867081318536952
1.20933333333333,-0.0865424683878093,-0.0866017780558087,-0.0865717249184649,-0.0868426147509047
1.20966666666667,-0.0866765700383665,-0.0867361364810819,-0.086706115280825,-0.086977500200811
1.21,-0.086811073022262,-0.0868708971808751,-0.0868409082040485,-0.0871127896917041
1.21033333333333,-0.0869459788226335,-0.0870060616425368,-0.0869761051773921,-0.0872484847186955
1.21066666666667,-0.0870812889294328,-0.0871416313602348,-0.0871117076969437,-0.0873845867837726
1.211,-0.0872170048394413,-0.0872776078350085,-0.0872477172656738,-0.0875210973958263
1.21133333333333,-0.0873531280563207,-0.087413992574796,-0.0873841353934573,-0.0876580180706835
1.21166666666667,-0.0874896600906588,-0.0875507870944724,-0.0875209635971194,-0.0877953503311619
1.212,-0.0876266024599825,-0.0876879929158843,-0.0876582034004753,-0.0879330957070905
1.21233333333333,-0.0877639566888152,-0.087825611567903,-0.0877958563343669,-0.0880712557353612
1.21266666666667,-0.0879017243087119,-0.0879636445864443,-0.0879339239366881,-0.0882098319599516
1.213,-0.0880399068582948,-0.0881020935145158,-0.0880724077524524,-0.0883488259319856
1.21333333333333,-0.0881785058832891,-0.0882409599022591,-0.0882113093337964,-0.0884882392097544
1.21366666666667,-0.0883175229365661,-0.0883802453069779,-0.0883506302400539,-0.0886280733587605
1.214,-0.0884569595781866,-0.0885199512931938,-0.0884903720377621,-0.0887683299517649
1.21433333333333,-0.0885968173754248,-0.0886600794326681,-0.0886305363007284,-0.0889090105688127
1.21466666666667,-0.0887370979028314,-0.0888006313044516,-0.0887711246100567,-0.0890501167972912
1.215,-0.0888778027422518,-0.0889416084949223,-0.0889121385541844,-0.0891916502319506
1.21533333333333,-0.0890189334828732,-0.0890830125978306,-0.0890535797289368,-0.0893336124749576
1.21566666666667,-0.0891604917212745,-0.0892248452143286,-0.0891954497375559,-0.0894760051359404
1.216,-0.0893024790614512,-0.0893671079530226,-0.089337750190739,-0.0896188298320101
1.21633333333333,-0.0894448971148714,-0.0895098024300042,-0.0894804827066906,-0.0897620881878235
1.21666666666667,-0.0895877475005041,-0.0896529302689067,-0.0896236489111617,-0.0899057818356109
1.217,-0.0897310318448703,-0.0897964931009228,-0.0897672504374829,-0.0900499124152263
1.21733333333333,-0.0898747517820759,-0.0899404925648746,-0.0899112889266147,-0.0901944815741837
1.21766666666667,-0.0900189089538669,-0.0900849303072299,-0.0900557660271828,-0.0903394909677019
1.218,-0.0901635050096519,-0.0902298079821632,-0.0902006833955339,-0.0904849422587502
1.21833333333333,-0.0903085416065692,-0.0903751272515881,-0.0903460426957604,-0.0906308371180805
1.21866666666667,-0.0904540204095037,-0.0905208897852057,-0.0904918455997496,-0.0907771772242901
1.219,-0.0905999430911506,-0.0906670972605413,-0.0906380937872441,-0.0909239642638436
1.21933333333333,-0.0907463113320525,-0.0908137513630039,-0.0907847889458575,-0.0910711999311329
1.21966666666667,-0.0908931268206333,-0.0909608537859031,-0.0909319327711364,-0.0912188859285109
1.22,-0.0910403912532598,-0.0911084062305189,-0.0910795269666,-0.0913670239663448
1.22033333333333,-0.0911881063342633,-0.0912564104061305,-0.0912275732437838,-0.0915156157630516
1.22066666666667,-0.0913362737760127,-0.0914048680300695,-0.0913760733222843,-0.0916646630451523
1.221,-0.0914848952989309,-0.0915537808277596,-0.0915250289298064,-0.0918141675473068
1.22133333333333,-0.0916339726315617,-0.0917031505327687,-0.091674441802204,-0.0919641310123681
1.22166666666667,-0.0917835075106007,-0.0918529788868398,-0.0918243136835299,-0.0921145551914275
1.222,-0.0919335016809445,-0.0920032676399521,-0.0919746463260851,-0.0922654418438565
1.22233333333333,-0.0920839568957459,-0.0921540185503633,-0.0921254414904495,-0.0924167927373522
1.22266666666667,-0.0922348749164459,-0.0923052333846508,-0.0922767009455529,-0.0925686096479963
1.223,-0.0923862575128279,-0.0924569139177654,-0.0924284264686913,-0.0927208943602785
1.22333333333333,-0.092538106463067,-0.0926090619330692,-0.0925806198456042,-0.0928736486671729
1.22366666666667,-0.0926904235537729,-0.0927616792223921,-0.0927332828705061,-0.0930268743701616
1.224,-0.092843210580036,-0.092914767586076,-0.092886417346127,-0.0931805732792964
1.22433333333333,-0.0929964693454783,-0.0930683288330228,-0.0930400250837849,-0.0933347472132416
1.22466666666667,-0.0931502016622987,-0.0932223647807373,-0.0931941079034094,-0.0934893979993245
1.225,-0.0933044093513292,-0.0933768772553884,-0.093348667633596,-0.0936445274735813
1.22533333333333,-0.0934590942420692,-0.0935318680918461,-0.093503706111674,-0.0938001374808138
1.22566666666667,-0.0936142581727503,-0.0936873391337362,-0.0936592251837249,-0.093956229874629
1.226,-0.0937699029903753,-0.0938432922334862,-0.0938152267046603,-0.0941128065174986
1.22633333333333,-0.0939260305507666,-0.093999729252382,-0.093971712538254,-0.0942698692807957
1.22666666666667,-0.0940826427186315,-0.0941566520606107,-0.0941286845571942,-0.0944274200448671
1.227,-0.0942397413675913,-0.0943140625373139,-0.0942861446431488,-0.0945854606990622
1.22733333333333,-0.0943973283802417,-0.0944719625706462,-0.094444094686794,-0.0947439931417967
1.22766666666667,-0.0945554056482139,-0.0946303540578016,-0.0946025365878838,-0.0949030192805992
1.228,-0.094713975072205,-0.0947892389050986,-0.0947614722552892,-0.0950625410321657
1.22833333333333,-0.0948730385620501,-0.0949486190280154,-0.0949209036070598,-0.0952225603224109
1.22866666666667,-0.0950325980367568,-0.0951084963512323,-0.095080832570474,-0.0953830790865203
1.229,-0.0951926554245714,-0.0952688728087005,-0.0952412610820804,-0.0955440992690063
1.22933333333333,-0.0953532126630248,-0.0954297503436913,-0.0954021910877723,-0.0957056228237524
1.22966666666667,-0.0955142716989879,-0.0955911309088402,-0.0955636245428167,-0.0958676517140833
1.23,-0.0956758344887176,-0.0957530164662155,-0.0957255634119279,-0.0960301879128001
1.23033333333333,-0.095837902997923,-0.0959154089873595,-0.0958880096693097,-0.096193233402242
1.23066666666667,-0.0960004792018134,-0.0960783104533431,-0.0960509652987129,-0.096356790174354
1.231,-0.0961635650851499,-0.0962417228548343,-0.0962144322934941,-0.0965208602307191
1.23133333333333,-0.0963271626423012,-0.096405648192139,-0.0963784126566652,-0.0966854455826317
1.23166666666667,-0.0964912738773038,-0.0965700884752611,-0.0965429084009533,-0.0968505482511395
1.232,-0.0966559008039109,-0.0967350457239554,-0.0967079215488484,-0.0970161702671197
1.23233333333333,-0.0968210454456602,-0.0969005219677901,-0.0968734541326742,-0.0971823136713077
1.23266666666667,-0.0969867098359089,-0.0970665192462039,-0.0970395081946285,-0.0973489805143808
1.233,-0.0971528960179086,-0.0972330396085476,-0.0972060857868542,-0.097516172856997
1.23333333333333,-0.0973196060448629,-0.0974000851141629,-0.0973731889714834,-0.0976838927698648
1.23366666666667,-0.0974868419799702,-0.0975676578324277,-0.0975408198207076,-0.0978521423337917
1.234,-0.0976546058964921,-0.09773575984281,-0.0977089804168286,-0.0980209236397504
1.23433333333333,-0.0978228998778125,-0.0979043932349394,-0.0978776728523156,-0.0981902387889345
1.23466666666667,-0.0979917260174895,-0.0980735601086577,-0.0980468992298709,-0.0983600898928112
1.235,-0.0981610864193214,-0.0982432625740767,-0.0982166616624872,-0.0985304790731952
1.23533333333333,-0.098330983197398,-0.0984135027516436,-0.0983869622734967,-0.0987014084623015
1.23566666666667,-0.0985014184761746,-0.0985842827721952,-0.0985578031966483,-0.0988728802027983
1.236,-0.0986723943905097,-0.0987556047770256,-0.0987291865761587,-0.0990448964478811
1.23633333333333,-0.0988439130857473,-0.0989274709179363,-0.0989011145667718,-0.099217459361322
1.23666666666667,-0.09901597671777,-0.0990998833573097,-0.0990735893338217,-0.0993905711175461
1.237,-0.0991885874530508,-0.0992728442681602,-0.0992466130533004,-0.0995642339016773
1.23733333333333,-0.099361747468737,-0.0994463558342033,-0.0994201879119108,-0.0997384499096093
1.23766666666667,-0.0995354589526842,-0.099620420249916,-0.0995943161071359,-0.0999132213480699
1.238,-0.099709724103548,-0.0997950397205982,-0.0997689998472962,-0.100088550434683
1.23833333333333,-0.0998845451308213,-0.0999702164624335,-0.0999442413516162,-0.100264439398029
1.23866666666667,-0.100059924254917,-0.100145952702567,-0.100120042850295,-0.100440890477712
1.239,-0.100235863707223,-0.100322250679148,-0.100296406584556,-0.100617905924424
1.23933333333333,-0.100412365730165,-0.100499112641409,-0.100473334806725,-0.100795488000014
1.23966666666667,-0.100589432577275,-0.100676540849731,-0.100650829780284,-0.100973638977543
1.24,-0.10076706651326,-0.100854537575704,-0.100828893779948,-0.101152361141361
1.24033333333333,-0.100945269814057,-0.101033105102193,-0.101007529091725,-0.10133165678717
1.24066666666667,-0.101124044766912,-0.101212245723406,-0.101186738012979,-0.101511528222088
1.241,-0.101303393670436,-0.101391961744964,-0.101366522852509,-0.101691977764721
1.24133333333333,-0.101483318834679,-0.101572255483958,-0.101546885930598,-0.101873007745222
1.24166666666667,-0.101663822581195,-0.101753129269033,-0.101727829579103,-0.102054620505375
1.242,-0.1018449072431,-0.101934585440442,-0.101909356141503,-0.102236818398649
1.24233333333333,-0.102026575165169,-0.102116626350117,-0.102091467972983,-0.102419603790272
1.24266666666667,-0.102208828703868,-0.102299254361749,-0.102274167440488,-0.102602979057305
1.243,-0.102391670227455,-0.102482471850843,-0.102457456922812,-0.102786946588707
1.24333333333333,-0.102575102116028,-0.102666281204796,-0.102641338810653,-0.102971508785406
1.24366666666667,-0.102759126761603,-0.102850684822969,-0.102825815506689,-0.103156668060373
1.244,-0.102943746568192,-0.103035685116754,-0.10301088942565,-0.103342426838695
1.24433333333333,-0.103128963951862,-0.103221284509648,-0.103196562994385,-0.10352878755764
1.24466666666667,-0.103314781340819,-0.103407485437323,-0.103382838651942,-0.103715752666734
1.245,-0.103501201175464,-0.103594290347703,-0.103569718849633,-0.10390332462784
1.24533333333333,-0.103688225908483,-0.103781701701027,-0.103757206051114,-0.104091505915217
1.24566666666667,-0.103875858004917,-0.103969721969935,-0.103945302732451,-0.104280299015613
1.246,-0.104064099942218,-0.104158353639541,-0.104134011382202,-0.104469706428321
1.24633333333333,-0.104252954210348,-0.104347599207494,-0.10432333450149,-0.104659730665268
1.24666666666667,-0.104442423311841,-0.104537461184061,-0.10451327460407,-0.104850374251088
1.247,-0.10463250976188,-0.104727942092218,-0.104703834216418,-0.105041639723188
1.24733333333333,-0.104823216088366,-0.104919044467702,-0.104895015877793,-0.105233529631838
1.24766666666667,-0.105014544832016,-0.105110770859096,-0.105086822140329,-0.105426046540247
1.248,-0.105206498546411,-0.105303123827916,-0.1052792555691,-0.105619193024627
1.24833333333333,-0.105399079798097,-0.105496105948674,-0.105472318742204,-0.105812971674291
1.24866666666667,-0.105592291166647,-0.105689719808966,-0.105666014250842,-0.106007385091717
1.249,-0.105786135244752,-0.10588396800955,-0.105860344699389,-0.106202435892636
1.24933333333333,-0.105980614638294,-0.106078853164424,-0.106055312705485,-0.106398126706104
1.24966666666667,-0.106175731966421,-0.1062743779009,-0.106250920900105,-0.106594460174593
1.25,-0.10637148986164,-0.106470544859698,-0.106447171927651,-0.106791438954063
1.25033333333333,-0.106567890969881,-0.106667356695009,-0.106644068446017,-0.106989065714053
1.25066666666667,-0.106764937950597,-0.1068648160746,-0.106841613126696,-0.10718734313775
1.251,-0.106962633476829,-0.107062925679874,-0.107039808654823,-0.107386273922085
1.25133333333333,-0.107160980235298,-0.107261688205963,-0.107238657729306,-0.10758586077781
1.25166666666667,-0.10735998092649,-0.107461106361812,-0.107438163062863,-0.107786106429586
1.252,-0.107559638264724,-0.107661182870262,-0.107638327382146,-0.107987013616058
1.25233333333333,-0.10775995497826,-0.107861920468133,-0.107839153427795,-0.108188585089956
1.25266666666667,-0.10796093380937,-0.108063321906308,-0.108040643954544,-0.108390823618165
1.253,-0.108162577514416,-0.108265389949831,-0.108242801731297,-0.10859373198182
1.25333333333333,-0.108364888863952,-0.108468127377966,-0.108445629541215,-0.108797312976399
1.25366666666667,-0.108567870642806,-0.108671536984318,-0.108649130181802,-0.109001569411794
1.254,-0.108771525650156,-0.108875621576895,-0.108853306465004,-0.109206504112413
1.25433333333333,-0.108975856699632,-0.109080383978206,-0.10905816121728,-0.109412119917266
1.25466666666667,-0.109180866619403,-0.109285827025355,-0.109263697279704,-0.109618419680053
1.255,-0.109386558252255,-0.109491953570112,-0.109469917508045,-0.109825406269249
1.25533333333333,-0.109592934455692,-0.10969876647903,-0.109676824772869,-0.110033082568209
1.25566666666667,-0.109799998102021,-0.109906268633513,-0.109884421959622,-0.110241451475246
1.256,-0.110007752078447,-0.110114462929922,-0.11009271196872,-0.110450515903727
1.25633333333333,-0.110216199287158,-0.110323352279655,-0.110301697715644,-0.110660278782174
1.25666666666667,-0.110425342645421,-0.110532939609244,-0.110511382131037,-0.110870743054344
1.257,-0.110635185085683,-0.11074322786046,-0.110721768160789,-0.111081911679327
1.25733333333333,-0.11084572955565,-0.110954219990388,-0.110932858766137,-0.111293787631655
1.25766666666667,-0.111056979018387,-0.111165918971534,-0.11114465692376,-0.11150637390137
1.258,-0.111268936452424,-0.111378327791918,-0.111357165625869,-0.111719673494155
1.25833333333333,-0.11148160485183,-0.111591449455172,-0.111570387880309,-0.111933689431395
1.25866666666667,-0.111694987226333,-0.111805286980625,-0.111784326710656,-0.112148424750306
1.259,-0.111909086601394,-0.112019843403425,-0.111998985156317,-0.112363882504005
1.25933333333333,-0.112123906018322,-0.112235121774602,-0.112214366272608,-0.112580065761634
1.25966666666667,-0.112339448534371,-0.112451125161202,-0.11243047313088,-0.112796977608443
1.26,-0.112555717222825,-0.11266785664637,-0.112647308818613,-0.113014621145898
1.26033333333333,-0.112772715173119,-0.112885319329443,-0.1128648764395,-0.113232999491783
1.26066666666667,-0.112990445490918,-0.113103516326069,-0.113083179113564,-0.113452115780295
1.261,-0.113208911298231,-0.113322450768291,-0.113302219977254,-0.113671973162152
1.26133333333333,-0.11342811573352,-0.11354212580467,-0.113522002183549,-0.113892574804695
1.26166666666667,-0.113648061951783,-0.113762544600362,-0.113742528902062,-0.114113923891993
1.262,-0.113868753124665,-0.113983710337244,-0.113963803319141,-0.114336023624948
1.26233333333333,-0.114090192440581,-0.114205626214015,-0.11418582863798,-0.1145588772214
1.26266666666667,-0.114312383104788,-0.114428295446285,-0.114408608078716,-0.114782487916227
1.263,-0.11453532833952,-0.114651721266707,-0.114632144878539,-0.115006858961469
1.26333333333333,-0.114759031384078,-0.114875906925064,-0.114856442291808,-0.115231993626417
1.26366666666667,-0.114983495494943,-0.115100855688382,-0.115081503590148,-0.115457895197733
1.264,-0.115208723945882,-0.115326570841044,-0.115307332062553,-0.115684566979557
1.26433333333333,-0.115434720028062,-0.115553055684895,-0.115533931015513,-0.115912012293618
1.26466666666667,-0.115661487050152,-0.115780313539358,-0.115761303773116,-0.116140234479341
1.265,-0.115889028338436,-0.116008347741524,-0.115989453677161,-0.116369236893966
1.26533333333333,-0.116117347236928,-0.116237161646301,-0.116218384087256,-0.116599022912654
1.26566666666667,-0.116346447107487,-0.116466758626488,-0.116448098380954,-0.116829595928602
1.266,-0.116576331329915,-0.116697142072911,-0.116678599953853,-0.117060959353164
1.26633333333333,-0.11680700330209,-0.116928315394539,-0.116909892219708,-0.117293116615959
1.26666666666667,-0.117038466440063,-0.117160282018584,-0.117141978610556,-0.117526071164984
1.267,-0.117270724178187,-0.117393045390628,-0.117374862576822,-0.117759826466748
1.26733333333333,-0.117503779969228,-0.11762660897474,-0.117608547587448,-0.11799438600637
1.26766666666667,-0.117737637284477,-0.117860976253587,-0.117843037129992,-0.118229753287702
1.268,-0.117972299613881,-0.118096150728557,-0.118078334710774,-0.118465931833463
1.26833333333333,-0.118207770466147,-0.118332135919879,-0.118314443854965,-0.118702925185345
1.26866666666667,-0.118444053368876,-0.118568935366741,-0.118551368106731,-0.118940736904131
1.269,-0.118681151868671,-0.118806552627414,-0.118789111029348,-0.119179370569838
1.26933333333333,-0.118919069531266,-0.119044991279373,-0.119027676205311,-0.119418829781817
1.26966666666667,-0.119157809941645,-0.119284254919418,-0.11926706723648,-0.119659118158887
1.27,-0.119397376704174,-0.119524347163797,-0.119507287744183,-0.119900239339468
1.27033333333333,-0.119637773442709,-0.11976527164834,-0.119748341369358,-0.120142196981692
1.27066666666667,-0.11987900380074,-0.120007032028573,-0.119990231772668,-0.120384994763536
1.271,-0.120121071441495,-0.120249631979852,-0.120232962634624,-0.120628636382956
1.27133333333333,-0.12036398004809,-0.120493075197488,-0.120476537655731,-0.120873125558008
1.27166666666667,-0.120607733323647,-0.120737365396876,-0.1207209605566,-0.121118466026976
1.272,-0.120852334991419,-0.120982506313623,-0.120966235078082,-0.121364661548516
1.27233333333333,-0.121097788794925,-0.121228501703689,-0.121212364981401,-0.121611715901767
1.27266666666667,-0.12134409849808,-0.121475355343496,-0.121459354048288,-0.121859632886507
1.273,-0.121591267885322,-0.121723071030082,-0.121707206081103,-0.122108416323264
1.27333333333333,-0.121839300761763,-0.121971652581232,-0.12195592490298,-0.122358070053473
1.27366666666667,-0.122088200953289,-0.122221103835599,-0.12220551435796,-0.122608597939592
1.274,-0.122337972306736,-0.122471428652849,-0.122455978311121,-0.122860003865245
1.27433333333333,-0.12258861868999,-0.1227226309138,-0.12270732064871,-0.123112291735374
1.27466666666667,-0.122840143992147,-0.122974714520556,-0.122959545278305,-0.123365465476352
1.275,-0.123092552123644,-0.12322768339664,-0.123212656128921,-0.123619529036145
1.27533333333333,-0.123345847016387,-0.123481541487145,-0.123466657151178,-0.123874486384441
1.27566666666667,-0.123600032623912,-0.123736292758869,-0.123721552317416,-0.124130341512793
1.276,-0.123855112921515,-0.12399194120045,-0.123977345621869,-0.12438709843477
1.27633333333333,-0.124111091906384,-0.124248490822524,-0.124234041080769,-0.124644761186092
1.27666666666667,-0.124367973597766,-0.124505945657855,-0.124491642732527,-0.124903333824777
1.277,-0.124625762037087,-0.124764309761492,-0.124750154637853,-0.125162820431293
1.27733333333333,-0.124884461288112,-0.125023587210897,-0.125009580879914,-0.125423225108697
1.27766666666667,-0.125144075437095,-0.125283782106113,-0.12526992556447,-0.12568455198279
1.278,-0.125404608592907,-0.125544898569902,-0.125531192820045,-0.125946805202265
1.27833333333333,-0.125666064887209,-0.125806940747894,-0.125793386798053,-0.126209988938858
1.27866666666667,-0.125928448474586,-0.126069912808737,-0.126056511672956,-0.126474107387494
1.279,-0.126191763532697,-0.126333818944258,-0.126320571642423,-0.126739164766458
1.27933333333333,-0.126456014262437,-0.126598663369601,-0.126585570927478,-0.127005165317517
1.27966666666667,-0.126721204888093,-0.126864450323395,-0.12685151377265,-0.12727211330611
1.28,-0.126987339657472,-0.127131184067898,-0.127118404446134,-0.127540013021489
1.28033333333333,-0.127254422842101,-0.12739886888916,-0.127386247239943,-0.127808868776871
1.28066666666667,-0.127522458737338,-0.127667509097184,-0.127655046470076,-0.128078684909609
1.281,-0.127791451662567,-0.127937109026074,-0.127924806476665,-0.128349465781348
1.28133333333333,-0.128061405961326,-0.128207673034208,-0.128195531624136,-0.128621215778179
1.28166666666667,-0.128332326001494,-0.128479205504384,-0.12846722630138,-0.128893939310811
1.282,-0.128604216175439,-0.128751710843994,-0.128739894921907,-0.129167640814741
1.28233333333333,-0.128877080900184,-0.129025193485191,-0.129013541924016,-0.129442324750399
1.28266666666667,-0.12915092461757,-0.129299657885042,-0.129288171770955,-0.12971799560333
1.283,-0.129425751794426,-0.1295751085257,-0.129563788951088,-0.129994657884361
1.28333333333333,-0.129701566922724,-0.129851549914577,-0.129840397978062,-0.130272316129763
1.28366666666667,-0.129978374519765,-0.130128986584498,-0.130118003390985,-0.130550974901433
1.284,-0.130256179128334,-0.130407423093894,-0.130396609754585,-0.130830638787048
1.28433333333333,-0.130534985316878,-0.13068686402695,-0.130676221659387,-0.13111131240026
1.28466666666667,-0.130814797679669,-0.130967313993795,-0.130956843721885,-0.131393000380847
1.285,-0.131095620836997,-0.131248777630667,-0.131238480584717,-0.131675707394916
1.28533333333333,-0.131377459435323,-0.13153125960009,-0.131521136916837,-0.131959438135051
1.28566666666667,-0.13166031814746,-0.131814764591053,-0.131804817413701,-0.132244197320511
1.286,-0.131944201672768,-0.132099297319192,-0.132089526797434,-0.132529989697413
1.28633333333333,-0.132229114737306,-0.132384862526962,-0.132375269817019,-0.132816820038893
1.28666666666667,-0.132515062094035,-0.132671464983816,-0.132662051248475,-0.133104693145303
1.287,-0.132802048522981,-0.132959109486403,-0.132949875895034,-0.133393613844403
1.28733333333333,-0.133090078831437,-0.133247800858735,-0.133238748587339,-0.133683586991525
1.28766666666667,-0.133379157854131,-0.133537543952384,-0.133528674183612,-0.133974617469782
1.288,-0.133669290453418,-0.133828343646657,-0.133819657569856,-0.134266710190239
1.28833333333333,-0.133960481519477,-0.134120204848798,-0.134111703660034,-0.134559870092111
1.28866666666667,-0.134252735970481,-0.134413132494174,-0.134404817396266,-0.134854102142965
1.289,-0.134546058752805,-0.134707131546454,-0.134699003749011,-0.13514941133889
1.28933333333333,-0.134840454841203,-0.135002206997818,-0.134994267717266,-0.135445802704709
1.28966666666667,-0.135135929239017,-0.135298363869143,-0.135290614328768,-0.135743281294173
1.29,-0.135432486978355,-0.135595607210203,-0.135588048640174,-0.13604185219015
1.29033333333333,-0.135730133120302,-0.135893942099863,-0.135886575737265,-0.136341520504836
1.29066666666667,-0.136028872755109,-0.136193373646275,-0.136186200735157,-0.136642291379948
1.291,-0.136328711002401,-0.136493906987085,-0.136486928778473,-0.136944169986929
1.29133333333333,-0.136629653011365,-0.136795547289638,-0.136788765041585,-0.137247161527149
1.29166666666667,-0.136931703960962,-0.13709829975117,-0.137091714728774,-0.137551271232119
1.292,-0.137234869060134,-0.13740216959902,-0.13739578307448,-0.137856504363685
1.29233333333333,-0.137539153548008,-0.137707162090842,-0.137700975343467,-0.138162866214253
1.29266666666667,-0.137844562694093,-0.138013282514805,-0.138007296831063,-0.138470362106986
1.293,-0.138151101798501,-0.138320536189804,-0.138314752863354,-0.138778997396022
1.29333333333333,-0.138458776192158,-0.138628928465679,-0.138623348797406,-0.139088777466691
1.29366666666667,-0.13876759123701,-0.138938464723425,-0.138933090021462,-0.139399707735722
1.294,-0.139077552326244,-0.139249150375405,-0.139243981955182,-0.139711793651473
1.29433333333333,-0.139388664884492,-0.139560990865566,-0.139556030049842,-0.140025040694137
1.29466666666667,-0.139700934368069,-0.139873991669669,-0.139869239788554,-0.140339454375971
1.295,-0.140014366265171,-0.14018815829549,-0.140183616686495,-0.140655040241517
1.29533333333333,-0.140328966096114,-0.140503496283064,-0.140499166291127,-0.140971803867827
1.29566666666667,-0.140644739413541,-0.140820011204896,-0.140815894182417,-0.141289750864688
1.296,-0.140961691802665,-0.141137708666186,-0.141133805973067,-0.141608886874848
1.29633333333333,-0.141279828881478,-0.141456594305064,-0.141452907308733,-0.141929217574255
1.29666666666667,-0.14159915630099,-0.141776673792816,-0.141773203868269,-0.142250748672277
1.297,-0.14191967974545,-0.142097952834118,-0.142094701363961,-0.142573485911945
1.29733333333333,-0.142241404932598,-0.142420437167261,-0.142417405541726,-0.142897435070181
1.29766666666667,-0.142564337613876,-0.142744132564401,-0.142741322181391,-0.143222601958046
1.298,-0.142888483574674,-0.14306904483178,-0.143066457096909,-0.143548992420966
1.29833333333333,-0.143213848634568,-0.143395179809975,-0.143392816136598,-0.143876612338984
1.29866666666667,-0.143540438647565,-0.143722543374139,-0.143720405183382,-0.144205467627002
1.299,-0.143868259502332,-0.144051141434236,-0.14404923015504,-0.144535564235017
1.29933333333333,-0.144197317122448,-0.144380979935299,-0.14437929700445,-0.144866908148385
1.29966666666667,-0.14452761746665,-0.144712064857663,-0.144710611719828,-0.145199505388056
1.3,-0.14485916652908,-0.145044402217225,-0.145043180324986,-0.145533362010829
1.30033333333333,-0.145191970339532,-0.145377998065686,-0.145377008879577,-0.145868484109607
1.30066666666667,-0.145526034963703,-0.145712858490813,-0.145712103479353,-0.146204877813657
1.301,-0.145861366503455,-0.146048989616685,-0.146048470256417,-0.14654254928886
1.30133333333333,-0.146197971097064,-0.146386397603959,-0.146386115379479,-0.146881504737967
1.30166666666667,-0.146535854919472,-0.146725088650123,-0.146725045054119,-0.147221750400882
1.302,-0.146875024182565,-0.147065068989758,-0.147065265523049,-0.147563292554901
1.30233333333333,-0.147215485135418,-0.147406344894804,-0.147406783066369,-0.147906137514991
1.30266666666667,-0.147557244064564,-0.147748922674827,-0.14774960400184,-0.14825029163406
1.303,-0.147900307294266,-0.148092808677279,-0.148093734685153,-0.148595761303217
1.30333333333333,-0.148244681186786,-0.148438009287784,-0.148439181510193,-0.148942552952061
1.30366666666667,-0.148590372142642,-0.14878453093039,-0.148785950909315,-0.149290673048933
1.304,-0.1489373866009,-0.149132380067856,-0.149134049353617,-0.149640128101226
1.30433333333333,-0.149285731039434,-0.149481563201928,-0.14948348335322,-0.14999092465563
1.30466666666667,-0.149635411975221,-0.149832086873624,-0.149834259457545,-0.150343069298435
1.305,-0.149986435964598,-0.150183957663494,-0.150186384255593,-0.150696568655815
1.30533333333333,-0.150338809603561,-0.150537182191931,-0.150539864376231,-0.151051429394104
1.30566666666667,-0.150692539528053,-0.150891767119433,-0.15089470648848,-0.151407658220097
1.306,-0.151047632414232,-0.151247719146914,-0.151250917301795,-0.151765261881326
1.30633333333333,-0.15140409497878,-0.151605045015976,-0.151608503566371,-0.152124247166375
1.30666666666667,-0.151761933979184,-0.151963751509215,-0.151967472073419,-0.152484620905157
1.307,-0.152121156214036,-0.152323845450512,-0.152327829655473,-0.152846389969223
1.30733333333333,-0.152481768523319,-0.152685333705325,-0.152689583186689,-0.15320956127206
1.30766666666667,-0.152843777788726,-0.153048223181006,-0.153052739583136,-0.153574141769403
1.308,-0.15320719093394,-0.153412520827087,-0.153417305803112,-0.15394013845953
1.30833333333333,-0.153572014924953,-0.153778233635598,-0.153783288847441,-0.154307558383566
1.30866666666667,-0.153938256770369,-0.154145368641365,-0.154150695759779,-0.15467640862582
1.309,-0.154305923521706,-0.15451393292234,-0.154519533626936,-0.155046696314077
1.30933333333333,-0.154675022273726,-0.154883933599881,-0.154889809579181,-0.155418428619919
1.30966666666667,-0.155045560164722,-0.155255377839109,-0.155261530790559,-0.155791612759052
1.31,-0.155417544376866,-0.1556282728492,-0.155634704479219,-0.156166255991613
1.31033333333333,-0.155790982136505,-0.156002625883702,-0.156009337907712,-0.156542365622518
1.31066666666667,-0.156165880714498,-0.156378444240892,-0.156385438383346,-0.15691994900177
1.311,-0.156542247426532,-0.15675573526406,-0.156763013258493,-0.157299013524799
1.31133333333333,-0.156920089633456,-0.157134506341881,-0.157142069930927,-0.157679566632791
1.31166666666667,-0.157299414741615,-0.157514764908715,-0.157522615844147,-0.158061615813024
1.312,-0.157680230203172,-0.157896518444954,-0.15790465848772,-0.158445168599214
1.31233333333333,-0.158062543516449,-0.158279774477368,-0.158288205397623,-0.158830232571846
1.31266666666667,-0.158446362226281,-0.158664540579438,-0.158673264156578,-0.159216815358529
1.313,-0.158831693924334,-0.159050824371699,-0.159059842394393,-0.15960492463434
1.31333333333333,-0.159218546249469,-0.159438633522092,-0.159447947788317,-0.159994568122173
1.31366666666667,-0.159606926888074,-0.159827975746307,-0.159837588063389,-0.160385753593089
1.314,-0.159996843574444,-0.160218858808152,-0.160228770992776,-0.160778488866683
1.31433333333333,-0.160388304091092,-0.160611290519884,-0.160621504398153,-0.161172781811438
1.31466666666667,-0.160781316269149,-0.161005278742587,-0.161015796150047,-0.161568640345086
1.315,-0.161175887988687,-0.161400831386537,-0.161411654168193,-0.16196607243498
1.31533333333333,-0.161572027179121,-0.161797956411546,-0.16180908642192,-0.16236508609845
1.31566666666667,-0.161969741819535,-0.162196661827353,-0.1622081009305,-0.162765689403204
1.316,-0.162369039939082,-0.162596955693984,-0.162608705763526,-0.163167890467663
1.31633333333333,-0.162769929617347,-0.162998846122126,-0.163010909041289,-0.163571697461376
1.31666666666667,-0.163172418984713,-0.163402341273513,-0.163414718935155,-0.163977118605375
1.317,-0.163576516222752,-0.163807449361297,-0.163820143667939,-0.164384162172586
1.31733333333333,-0.163982229564612,-0.164214178650439,-0.164227191514301,-0.164792836488194
1.31766666666667,-0.16438956729539,-0.164622537458101,-0.164635870801124,-0.165203149930054
1.318,-0.164798537752521,-0.165032534154029,-0.165046189907913,-0.165615110929067
1.31833333333333,-0.165209149326185,-0.165444177160945,-0.165458157267177,-0.166028727969596
1.31866666666667,-0.165621410459688,-0.16585747495496,-0.165871781364842,-0.166444009589866
1.319,-0.166035329649867,-0.166272436065962,-0.166287070740648,-0.166860964382363
1.31933333333333,-0.166450915447495,-0.16668906907802,-0.16670403398854,-0.167279600994241
1.31966666666667,-0.166868176457682,-0.167107382629805,-0.167122679757096,-0.167699928127747
1.32,-0.167287121340294,-0.167527385414999,-0.167543016749926,-0.168121954540632
1.32033333333333,-0.167707758810354,-0.167949086182692,-0.167965053726095,-0.168545689046563
1.32066666666667,-0.168130097638465,-0.168372493737826,-0.168388799500533,-0.168971140515569
1.321,-0.168554146651236,-0.168797616941612,-0.168814262944469,-0.169398317874432
1.32133333333333,-0.168979914731695,-0.169224464711944,-0.169241452985844,-0.169827230107164
1.32166666666667,-0.169407410819731,-0.169653046023837,-0.16967037860976,-0.170257886255404
1.322,-0.169836643912513,-0.170083369909877,-0.170101048858889,-0.170690295418874
1.32233333333333,-0.17026762306493,-0.170515445460625,-0.170533472833937,-0.171124466755823
1.32266666666667,-0.170700357390036,-0.170949281825092,-0.170967659694064,-0.17156040948347
1.323,-0.171134856059482,-0.171384888211168,-0.171403618657343,-0.171998132878454
1.32333333333333,-0.171571128303977,-0.171822273886075,-0.171841359001199,-0.172437646277291
1.32366666666667,-0.172009183413726,-0.17226144817682,-0.172280890062878,-0.17287895907683
1.324,-0.172449030738892,-0.172702420470655,-0.17272222123988,-0.173322080734723
1.32433333333333,-0.17289067969006,-0.17314520021553,-0.173165361990452,-0.173767020769881
1.32466666666667,-0.173334139738685,-0.173589796920579,-0.173610321834018,-0.174213788762952
1.325,-0.173779420417581,-0.174036220156575,-0.174057110351678,-0.174662394356802
1.32533333333333,-0.17422653132137,-0.174484479556393,-0.174505737186669,-0.175112847256977
1.32566666666667,-0.17467548210697,-0.174934584815518,-0.17495621204484,-0.175565157232203
1.326,-0.175126282494079,-0.175386545692499,-0.175408544695147,-0.176019334114874
1.32633333333333,-0.175578942265649,-0.175840372009462,-0.17586274497012,-0.17647538780153
1.32666666666667,-0.176033471268376,-0.176296073652581,-0.17631882276637,-0.176933328253366
1.327,-0.176489879413203,-0.176753660572575,-0.176776788045085,-0.177393165496737
1.32733333333333,-0.176948176675801,-0.177213142785222,-0.177236650832507,-0.177854909623651
1.32766666666667,-0.177408373097088,-0.177674530371856,-0.177698421220475,-0.178318570792287
1.328,-0.177870478783725,-0.178137833479869,-0.178162109366893,-0.178784159227508
1.32833333333333,-0.178334503908628,-0.17860306232324,-0.178627725496265,-0.179251685221382
1.32866666666667,-0.178800458711483,-0.179070227183038,-0.179095279900219,-0.179721159133713
1.329,-0.179268353499269,-0.179539338407956,-0.179564782938009,-0.180192591392552
1.32933333333333,-0.179738198646781,-0.180010406414833,-0.180036245037058,-0.18066599249475
1.32966666666667,-0.180210004597157,-0.180483441689191,-0.18050967669348,-0.181141373006482
1.33,-0.180683781862422,-0.180958454785765,-0.180985088472631,-0.181618743563804
1.33033333333333,-0.181159541024008,-0.181435456329052,-0.181462491009627,-0.182098114873189
1.33066666666667,-0.18163729273332,-0.18191445701386,-0.181941895009913,-0.182579497712087
1.331,-0.18211704771227,-0.182395467605853,-0.182423311249809,-0.183062902929488
1.33133333333333,-0.182598816753837,-0.182878498942106,-0.18290675057705,-0.183548341446474
1.33166666666667,-0.183082610722624,-0.183363561931686,-0.18339222391137,-0.184035824256792
1.332,-0.183568440555421,-0.18385066755619,-0.183879742245062,-0.184525362427439
1.33233333333333,-0.18405631726178,-0.184339826870342,-0.18436931664353,-0.185016967099226
1.33266666666667,-0.18454625192457,-0.184831051002559,-0.184860958245903,-0.185510649487368
1.333,-0.185038255700594,-0.185324351155544,-0.18535467826558,-0.186006420882074
1.33333333333333,-0.185532339821133,-0.185819738606856,-0.185850487990843,-0.186504292649151
1.33366666666667,-0.186028515592562,-0.186317224709521,-0.186348398785433,-0.187004276230578
1.334,-0.186526794396933,-0.186816820892622,-0.186848422089165,-0.187506383145151
1.33433333333333,-0.187027187692584,-0.187318538661914,-0.187350569418513,-0.188010624989058
1.33466666666667,-0.187529707014742,-0.187822389600414,-0.187854852367235,-0.188517013436524
1.335,-0.188034363976136,-0.188328385369042,-0.188361282606976,-0.189025560240415
1.33533333333333,-0.188541170267614,-0.188836537707221,-0.188869871887899,-0.189536277232879
1.33566666666667,-0.189050137658761,-0.189346858433515,-0.189380632039304,-0.190049176325978
1.336,-0.189561277998543,-0.189859359446268,-0.189893574970257,-0.190564269512316
1.33633333333333,-0.190074603215924,-0.190374052724228,-0.190408712670239,-0.191081568865712
1.33666666666667,-0.190590125320522,-0.190890950327194,-0.190926057209784,-0.191601086541826
1.337,-0.191107856403251,-0.19141006439668,-0.191445620741121,-0.192122834778831
1.33733333333333,-0.191627808636963,-0.191931407156563,-0.191967415498842,-0.192646825898077
1.33766666666667,-0.192149994277125,-0.192454990913739,-0.192491453800557,-0.193173072304758
1.338,-0.192674425662472,-0.192980828058813,-0.193017748047562,-0.193701586488594
1.33833333333333,-0.193201115215681,-0.19350893106674,-0.193546310725511,-0.194232381024509
1.33866666666667,-0.193730075444051,-0.194039312497547,-0.194077154405105,-0.194765468573324
1.339,-0.194261318940183,-0.194571984996989,-0.194610291742773,-0.195300861882453
1.33933333333333,-0.194794858382671,-0.195106961297263,-0.195145735481362,-0.195838573786608
1.33966666666667,-0.195330706536801,-0.195644254217695,-0.195683498450838,-0.196378617208507
1.34,-0.195868876255254,-0.196183876665458,-0.196223593568998,-0.196921005159584
1.34033333333333,-0.196409380478811,-0.19672584163628,-0.196766033842175,-0.197465750740721
1.34066666666667,-0.196952232237075,-0.197270162215169,-0.197310832365959,-0.198012867142978
1.341,-0.197497444649191,-0.197816851577139,-0.197858002325935,-0.198562367648314
1.34133333333333,-0.198045030924579,-0.198365922987937,-0.198407556998393,-0.199114265630356
1.34166666666667,-0.198595004363661,-0.198917389804799,-0.198959509751084,-0.199668574555127
1.342,-0.199147378358628,-0.199471265477189,-0.199513874043972,-0.200225307981819
1.34233333333333,-0.199702166394154,-0.200027563547554,-0.200070663429967,-0.200784479563537
1.34266666666667,-0.200259382048195,-0.20058629765209,-0.200629891555701,-0.201346103048103
1.343,-0.200819038992721,-0.201147481521511,-0.201191572162301,-0.201910192278812
1.34333333333333,-0.20138115099451,-0.201711128981827,-0.201755719086148,-0.202476761195217
1.34366666666667,-0.201945731915912,-0.202277253955119,-0.20232234625967,-0.203045823833943
1.344,-0.202512795715645,-0.202845870460353,-0.202891467712136,-0.203617394329468
1.34433333333333,-0.203082356449592,-0.203416992614152,-0.203463097570441,-0.204191486914944
1.34466666666667,-0.203654428271596,-0.203990634631632,-0.204037250059922,-0.204768115923016
1.345,-0.204229025434272,-0.204566810827188,-0.20461393950517,-0.205347295786641
1.34533333333333,-0.204806162289824,-0.205145535615338,-0.205193180330842,-0.205929041039919
1.34566666666667,-0.205385853290874,-0.205726823511543,-0.205774987062504,-0.206513366318945
1.346,-0.205968112991297,-0.206310689133053,-0.206359374327449,-0.207100286362652
1.34633333333333,-0.206552956047047,-0.206897147199743,-0.206946356855561,-0.207689816013658
1.34666666666667,-0.207140397217025,-0.207486212534982,-0.207535949480153,-0.208281970219153
1.347,-0.20773045136393,-0.208077900066482,-0.208128167138835,-0.208876764031759
1.34733333333333,-0.208323133455116,-0.208672224827178,-0.208723024874381,-0.209474212610413
1.34766666666667,-0.208918458563483,-0.209269201956104,-0.209320537835606,-0.210074331221261
1.348,-0.209516441868344,-0.20986884669928,-0.20992072127825,-0.210677135238558
1.34833333333333,-0.210117098656323,-0.210471174410612,-0.210523590565878,-0.211282640145571
1.34866666666667,-0.210720444322254,-0.2110762005528,-0.211129161170783,-0.211890861535506
1.349,-0.211326494370094,-0.211683940698248,-0.211737448674884,-0.212501815112426
1.34933333333333,-0.211935264413822,-0.212294410529982,-0.212348468770664,-0.213115516692186
1.34966666666667,-0.212546770178397,-0.212907625842592,-0.212962237262092,-0.213731982203383
1.35,-0.213161027500661,-0.213523602543169,-0.213578770065563,-0.214351227688312
1.35033333333333,-0.213778052330302,-0.214142356652255,-0.214198083210842,-0.214973269303907
1.35066666666667,-0.214397860730799,-0.214763904304802,-0.21482019284202,-0.215598123322746
1.351,-0.215020468880393,-0.215388261751142,-0.215445115218493,-0.216225806134004
1.35133333333333,-0.215645893073048,-0.216015445357971,-0.216072866715922,-0.216856334244466
1.35166666666667,-0.216274149719446,-0.216645471609317,-0.216703463827225,-0.217489724279508
1.352,-0.216905255347965,-0.217278357107573,-0.217336923163571,-0.218125992984128
1.35233333333333,-0.217539226605685,-0.217914118574462,-0.217973261455386,-0.218765157223952
1.35266666666667,-0.218176080259406,-0.218552772852092,-0.218612495553362,-0.219407233986274
1.353,-0.21881583319666,-0.219194336903962,-0.219254642429495,-0.220052240381088
1.35333333333333,-0.219458502426741,-0.219838827816006,-0.219899719178095,-0.220700193642151
1.35366666666667,-0.220104105081753,-0.220486262797641,-0.220547743016859,-0.221351111128033
1.354,-0.220752658417655,-0.221136659182825,-0.221198731287907,-0.222005010323203
1.35433333333333,-0.221404179815331,-0.221790034431122,-0.221852701458848,-0.2226619088391
1.35466666666667,-0.22205868678165,-0.222446406128786,-0.222509671123862,-0.223321824415228
1.355,-0.22271619695056,-0.223105791989854,-0.223169658004794,-0.223984774920272
1.35533333333333,-0.223376728084171,-0.223768209857236,-0.22383267995223,-0.224650778353197
1.35566666666667,-0.224040298073874,-0.22443367770384,-0.22449875494662,-0.225319852844392
1.356,-0.224706924941442,-0.225102213633681,-0.225167901099397,-0.225992016656798
1.35633333333333,-0.225376626840158,-0.22577383588303,-0.225840136654102,-0.226667288187051
1.35666666666667,-0.226049422055973,-0.226448562821546,-0.226515479987527,-0.227345685966667
1.357,-0.226725329008623,-0.22712641295344,-0.227193949610872,-0.228027228663185
1.35733333333333,-0.227404366252813,-0.227807404918646,-0.227875564170902,-0.228711935081376
1.35766666666667,-0.228086552479381,-0.22849155749399,-0.228560342451125,-0.22939982416442
1.358,-0.228771906516484,-0.229178889594401,-0.229248303372991,-0.230090914995135
1.35833333333333,-0.229460447330792,-0.229869420274096,-0.22993946599707,-0.230785226797179
1.35866666666667,-0.230152194028704,-0.230563168727798,-0.230633849524284,-0.231482778936289
1.359,-0.230847165857549,-0.231260154291984,-0.231331473297126,-0.23218359092154
1.35933333333333,-0.231545382206844,-0.231960396446105,-0.232032356800883,-0.23288768240657
1.35966666666667,-0.232246862609514,-0.232663914813845,-0.2327365196649,-0.233595073190898
1.36,-0.232951626743171,-0.233370729164394,-0.233443981663838,-0.234305783221161
1.36033333333333,-0.233659694431368,-0.234080859413714,-0.234154762718943,-0.235019832592446
1.36066666666667,-0.234371085644894,-0.234794325625847,-0.234868882899337,-0.235737241549573
1.361,-0.23508582050306,-0.235511148014208,-0.235586362423315,-0.236458030488445
1.36133333333333,-0.235803919275018,-0.236231346942906,-0.236307221659665,-0.23718221995736
1.36166666666667,-0.236525402381068,-0.23695494292808,-0.237031481128983,-0.237909830658384
1.362,-0.23725029039402,-0.237681956639242,-0.237759161505024,-0.238640883448692
1.36233333333333,-0.237978604040519,-0.238412408900625,-0.238490283616047,-0.239375399341967
1.36266666666667,-0.238710364202422,-0.239146320692576,-0.239224868446192,-0.240113399509782
1.363,-0.239445591918168,-0.239883713152938,-0.239962937136847,-0.240854905283015
1.36333333333333,-0.240184308384177,-0.240624607578441,-0.240704510988057,-0.241599938153254
1.36366666666667,-0.240926534956248,-0.241369025426119,-0.241449611459932,-0.242348519774252
1.364,-0.241672293150988,-0.24211698831475,-0.242198260174058,-0.243100671963368
1.36433333333333,-0.24242160464724,-0.242868518026297,-0.242950478914958,-0.243856416703034
1.36466666666667,-0.243174491287536,-0.24362363650737,-0.243706289631519,-0.24461577614224
1.365,-0.243930975079564,-0.244382365870688,-0.24446571443849,-0.24537877259802
1.36533333333333,-0.244691078197634,-0.245144728396588,-0.245228775617936,-0.246145428556978
1.36566666666667,-0.245454822984203,-0.245910746534518,-0.24599549562076,-0.246915766676809
1.366,-0.246222231951343,-0.246680442904568,-0.246765897068209,-0.247689809787835
1.36633333333333,-0.246993327782314,-0.247453840298997,-0.247540002753394,-0.248467580894582
1.36666666666667,-0.247768133333064,-0.248230961683788,-0.24831783564286,-0.249249103177338
1.367,-0.248546671633824,-0.24901183020023,-0.249099418878123,-0.250034399993759
1.36733333333333,-0.249328965890645,-0.249796469166484,-0.249884775777263,-0.250823494880465
1.36766666666667,-0.250115039487028,-0.250584902079202,-0.250673929836512,-0.251616411554682
1.368,-0.2509049159855,-0.251377152615136,-0.251466904731872,-0.252413173915875
1.36833333333333,-0.25169861912925,-0.252173244632776,-0.252263724320734,-0.253213806047405
1.36866666666667,-0.25249617284378,-0.252973202174011,-0.253064412643535,-0.254018332218216
1.369,-0.253297601238548,-0.253777049465783,-0.253868993925402,-0.254826776884522
1.36933333333333,-0.254102928608647,-0.254584810921792,-0.254677492577854,-0.255639164691529
1.36966666666667,-0.254912179436508,-0.255396511144191,-0.25548993320048,-0.25645552047516
1.37,-0.255725378393604,-0.256212174925325,-0.256306340582665,-0.257275869263803
1.37033333333333,-0.256542550342175,-0.25703182724944,-0.257126739705319,-0.258100236280086
1.37066666666667,-0.257363720336986,-0.257855493294484,-0.257951155742634,-0.258928646942662
1.371,-0.258188913627092,-0.258683198433858,-0.258779614063843,-0.259761126868013
1.37133333333333,-0.259018155657609,-0.259514968238229,-0.259612140235016,-0.260597701872274
1.37166666666667,-0.259851472071535,-0.260350828477338,-0.260448760020872,-0.26143839797308
1.372,-0.260688888711567,-0.261190805121838,-0.26128949938659,-0.262283241391435
1.37233333333333,-0.261530431621935,-0.26203492434515,-0.262134384499673,-0.263132258553586
1.37266666666667,-0.262376127050282,-0.262883212525349,-0.262983441731796,-0.26398547609294
1.373,-0.263226001449526,-0.263735696247042,-0.263836697660714,-0.264842920851971
1.37333333333333,-0.264080081479771,-0.264592402303299,-0.264694179072133,-0.265704619884191
1.37366666666667,-0.264938394010239,-0.265453357697578,-0.265555912961679,-0.266570600456087
1.374,-0.26580096612119,-0.266318589645696,-0.266421926536808,-0.267440890049139
1.37433333333333,-0.266667825105909,-0.267188125577786,-0.267292247218784,-0.268315516361798
1.37466666666667,-0.26753899847267,-0.268061993140324,-0.268166902644681,-0.269194507311548
1.375,-0.268414513946765,-0.268940220198128,-0.269045920669369,-0.270077891036937
1.37533333333333,-0.269294399472508,-0.269822834836406,-0.269929329367566,-0.270965695899652
1.37566666666667,-0.270178683215299,-0.27070986536283,-0.270817157035873,-0.271857950486631
1.376,-0.271067393563692,-0.271601340309616,-0.271709432194864,-0.272754683612173
1.37633333333333,-0.271960559131495,-0.272497288435632,-0.272606183591175,-0.27365592432008
1.37666666666667,-0.272858208759871,-0.273397738728533,-0.273507440199621,-0.274561701885831
1.377,-0.273760371519493,-0.27430272040692,-0.274413231225349,-0.275472045818766
1.37733333333333,-0.274667076712697,-0.275212262922515,-0.275323586105992,-0.276386985864298
1.37766666666667,-0.275578353875681,-0.276126395962369,-0.276238534513869,-0.277306552006161
1.378,-0.276494232780703,-0.277045149451079,-0.277158106358189,-0.278230774468667
1.37833333333333,-0.277414743438313,-0.277968553553059,-0.278082331787296,-0.279159683718986
1.37866666666667,-0.278339916099625,-0.278896638674783,-0.279011241190924,-0.280093310469471
1.379,-0.279269781258594,-0.279829435467128,-0.279944865202492,-0.281031685679997
1.37933333333333,-0.280204369654318,-0.280766974827664,-0.280883234701399,-0.281974840560311
1.37966666666667,-0.281143712273382,-0.28170928790303,-0.281826380815375,-0.282922806572432
1.38,-0.282087840352215,-0.282656406091293,-0.282774334922845,-0.283875615433066
1.38033333333333,-0.283036785379463,-0.283608361044365,-0.283727128655296,-0.284833299116047
1.38066666666667,-0.283990579098421,-0.28456518467043,-0.284684793899717,-0.285795889854812
1.381,-0.284949253509459,-0.285526909136398,-0.285647362801024,-0.286763420144899
1.38133333333333,-0.285912840872481,-0.286493566870395,-0.286614867764526,-0.287735922746454
1.38166666666667,-0.286881373709438,-0.287465190564269,-0.287587341458431,-0.28871343068681
1.382,-0.287854884806823,-0.288441813176125,-0.288564816816357,-0.28969597726306
1.38233333333333,-0.288833407218238,-0.289423467932917,-0.289547327039887,-0.290683596044654
1.38266666666667,-0.289816974266961,-0.290410188333005,-0.290534905601145,-0.291676320876054
1.383,-0.290805619548553,-0.291402008148825,-0.291527586245407,-0.29267418587941
1.38333333333333,-0.291799376933495,-0.292398961429505,-0.292525402993725,-0.293677225457228
1.38366666666667,-0.292798280569837,-0.293401082503575,-0.293528390145615,-0.294685474295134
1.384,-0.293802364885921,-0.29440840598167,-0.294536582281723,-0.295698967364617
1.38433333333333,-0.29481166459307,-0.295420966759275,-0.295550014266568,-0.296717739925819
1.38466666666667,-0.29582621468836,-0.296438800019505,-0.29656872125129,-0.297741827530369
1.385,-0.296846050457403,-0.297461941235905,-0.29759273867645,-0.29877126602422
1.38533333333333,-0.297871207477163,-0.298490426175299,-0.298622102274812,-0.299806091550551
1.38566666666667,-0.298901721618798,-0.299524290900655,-0.299656848074239,-0.300846340552685
1.386,-0.299937629050546,-0.30056357177398,-0.300697012400528,-0.30189204977703
1.38633333333333,-0.300978966240635,-0.301608305459264,-0.301742631880352,-0.302943256276077
1.38666666666667,-0.302025769960219,-0.302658528925451,-0.302793743444201,-0.303999997411417
1.387,-0.303078077286381,-0.303714279449441,-0.303850384329352,-0.305062310856792
1.38733333333333,-0.30413592560511,-0.304775594619112,-0.304912592082881,-0.306130234601182
1.38766666666667,-0.30519935261438,-0.305842512336416,-0.305980404564725,-0.307203806951945
1.388,-0.306268396327212,-0.306915070820461,-0.307053859950745,-0.308283066537956
1.38833333333333,-0.307343095074792,-0.307993308610663,-0.308132996735854,-0.309368052312813
1.38866666666667,-0.308423487509634,-0.309077264569938,-0.309217853737154,-0.310458803558077
1.389,-0.309509612608748,-0.310166977887881,-0.310308470097149,-0.311555359886539
1.38933333333333,-0.310601509676881,-0.311262488084052,-0.311404885286933,-0.312657761245512
1.38966666666667,-0.311699218349775,-0.312363835011235,-0.312507139109477,-0.313766047920198
1.39,-0.312802778597454,-0.313471058858792,-0.313615271702922,-0.314880260537064
1.39033333333333,-0.313912230727573,-0.314584200156001,-0.314729323543904,-0.316000440067267
1.39066666666667,-0.31502761538879,-0.315703299775468,-0.315849335450934,-0.317126627830109
1.391,-0.31614897357417,-0.31682839893658,-0.316975348587809,-0.318258865496557
1.39133333333333,-0.31727634662465,-0.317959539208969,-0.318107404467066,-0.319397195092773
1.39166666666667,-0.318409776232526,-0.319096762516042,-0.319245544953464,-0.320541659003708
1.392,-0.319549304444986,-0.320240111138549,-0.320389812267524,-0.321692299976721
1.39233333333333,-0.320694973667683,-0.321389627718171,-0.321540248989091,-0.322849161125255
1.39266666666667,-0.321846826668358,-0.322545355261185,-0.322696898060961,-0.324012285932553
1.393,-0.323004906580483,-0.323707337142144,-0.323859802792522,-0.325181718255395
1.39333333333333,-0.324169256906977,-0.3248756171076,-0.325029006863459,-0.326357502327926
1.39366666666667,-0.325339921523935,-0.326050239279895,-0.326204554327488,-0.327539682765474
1.394,-0.326516944684437,-0.327231248160969,-0.327386489616144,-0.328728304568459
1.39433333333333,-0.32770037102234,-0.328418688636232,-0.328574857542606,-0.329923413126312
1.39466666666667,-0.328890245556205,-0.329612605978458,-0.329769703305571,-0.331125054221471
1.395,-0.330086613693169,-0.330813045851761,-0.33097107249317,-0.332333274033403
1.39533333333333,-0.33128952123295,-0.332020054315577,-0.332179011086924,-0.333548119142674
1.39566666666667,-0.332499014371841,-0.333233677828732,-0.333393565465769,-0.334769636535092
1.396,-0.33371513970678,-0.334453963253524,-0.334614782410097,-0.335997873605855
1.39633333333333,-0.334937944239452,-0.335680957859865,-0.335842709105867,-0.337232878163801
1.39666666666667,-0.33616747538046,-0.336914709329498,-0.33707739314876,-0.338474698435662
1.397,-0.337403780953519,-0.338155265760213,-0.338318882548366,-0.339723383070397
1.39733333333333,-0.338646909199714,-0.339402675670157,-0.339567225732449,-0.340978981143561
1.39766666666667,-0.339896908781821,-0.340656988002179,-0.340822471551248,-0.342241542161744
1.398,-0.341153828788655,-0.341918252128221,-0.342084669281817,-0.343511116067038
1.39833333333333,-0.342417718739476,-0.343186517853771,-0.343353868632437,-0.344787753241586
1.39866666666667,-0.343688628588469,-0.344461835422367,-0.344630119747068,-0.346071504512164
1.399,-0.344966608729243,-0.345744255520145,-0.345913473209859,-0.347362421154833
1.39933333333333,-0.346251709999412,-0.347033829280465,-0.347203980049703,-0.348660554899616
1.39966666666667,-0.347543983685222,-0.348330608288565,-0.348501691744864,-0.349965957935291
1.4,-0.348843481526221,-0.349634644586286,-0.349806660227646,-0.351278682914175
1.40033333333333,-0.350150255720005,-0.350945990676856,-0.351118937889109,-0.352598782957016
1.40066666666667,-0.35146435892702,-0.352264699529719,-0.352438577583866,-0.353926311657915
1.401,-0.352785844275392,-0.353590824585446,-0.353765632634915,-0.355261323089322
1.40133333333333,-0.354114765365856,-0.354924419760664,-0.355100156838545,-0.35660387180709
1.40166666666667,-0.355451176276721,-0.356265539453093,-0.356442204469286,-0.357954012855582
1.402,-0.3567951315689,-0.357614238546619,-0.357791830284936,-0.359311801772858
1.40233333333333,-0.358146686290998,-0.358970572416416,-0.359149089531634,-0.360677294595903
1.40266666666667,-0.359505895984459,-0.360334596934161,-0.36051403794899,-0.362050547865944
1.403,-0.360872816688816,-0.361706368473291,-0.36188673177531,-0.363431618633808
1.40333333333333,-0.362247504946915,-0.363085943914328,-0.363267227752834,-0.36482056446536
1.40366666666667,-0.363630017810309,-0.36447338065028,-0.364655583133087,-0.366217443447013
1.404,-0.365020412844638,-0.36586873659209,-0.366051855682254,-0.367622314191279
1.40433333333333,-0.366418748135111,-0.367272070174162,-0.367456103686654,-0.369035235842423
1.40466666666667,-0.367825082292056,-0.368683440359958,-0.368868385958247,-0.370456268082167
1.405,-0.369239474456522,-0.370102906647671,-0.370288761840257,-0.371885471135464
1.40533333333333,-0.370661984305958,-0.371530529075922,-0.371717291212791,-0.373322905776357
1.40566666666667,-0.372092672059969,-0.372966368229609,-0.373154034498606,-0.374768633333892
1.406,-0.373531598486127,-0.374410485245743,-0.374599052668897,-0.376222715698111
1.40633333333333,-0.374978824905877,-0.375862941819411,-0.376052407249156,-0.37768521532614
1.40666666666667,-0.376434413200491,-0.377323800209806,-0.37751416032514,-0.379156195248319
1.407,-0.377898425817104,-0.378793123246296,-0.378984374548867,-0.380635719074435
1.40733333333333,-0.379370925774841,-0.380270974334628,-0.380463113144721,-0.382123851000017
1.40766666666667,-0.380851976671006,-0.381757417463144,-0.381950439915605,-0.383620655812721
1.408,-0.382341642687331,-0.383252517209135,-0.383446419249209,-0.385126198898785
1.40833333333333,-0.383839988596339,-0.384756338745224,-0.384951116124299,-0.386640546249581
1.40866666666667,-0.385347079767768,-0.386268947845866,-0.386464596117133,-0.388163764468226
1.409,-0.386862982175067,-0.387790410893915,-0.38798692540794,-0.389695920776294
1.40933333333333,-0.388387762401991,-0.389320794887258,-0.389518170787479,-0.391237083020616
1.40966666666667,-0.389921487649264,-0.390860167445569,-0.39105839966367,-0.392787319680145
1.41,-0.391464225741336,-0.392408596817106,-0.392607680068324,-0.394346699872933
1.41033333333333,-0.39301604513323,-0.393966151885633,-0.394166080663956,-0.395915293363182
1.41066666666667,-0.394577014917436,-0.395532902177395,-0.395733670750665,-0.397493170568374
1.411,-0.396147204830969,-0.397108917868209,-0.39731052027313,-0.399080402566537
1.41133333333333,-0.397726685262428,-0.398694269790631,-0.39889669982766,-0.400677061103527
1.41166666666667,-0.39931552725921,-0.400289029441209,-0.400492280669364,-0.402283218600494
1.412,-0.400913802534784,-0.40189326898785,-0.402097334719384,-0.403898948161373
1.41233333333333,-0.402521583476064,-0.403507061277244,-0.403711934572248,-0.40552432358049
1.41266666666667,-0.404138943150895,-0.405130479842435,-0.405336153503288,-0.407159419350293
1.413,-0.405765955315582,-0.40676359891043,-0.406970065476169,-0.408804310669146
1.41333333333333,-0.407402694422592,-0.408406493409954,-0.408613745150507,-0.410459073449235
1.41366666666667,-0.409049235628278,-0.410059238979272,-0.410267267889588,-0.412123784324597
1.414,-0.410705654800761,-0.411721911974141,-0.411930709768191,-0.413798520659218
1.41433333333333,-0.412372028527867,-0.41339458947582,-0.413604147580477,-0.415483360555263
1.41466666666667,-0.414048434125214,-0.415077349299241,-0.415287658848039,-0.417178382861394
1.415,-0.415734949644356,-0.416770270001238,-0.416981321827989,-0.418883667181224
1.41533333333333,-0.417431653881061,-0.418473430888904,-0.418685215521198,-0.420599293881828
1.41566666666667,-0.419138626383696,-0.420186912028053,-0.420399419680618,-0.42232534410244
1.416,-0.420855947461694,-0.42191079425178,-0.422124014819715,-0.424061899763193
1.41633333333333,-0.422583698194165,-0.423645159169165,-0.423859082221019,-0.425809043574009
1.41666666666667,-0.424321960438607,-0.425390089174045,-0.425604703944756,-0.427566859043606
1.417,-0.426070816839711,-0.427145667453941,-0.427360962837648,-0.429335430488621
1.41733333333333,-0.42783035083831,-0.428911977999073,-0.429127942541747,-0.43111484304283
1.41766666666667,-0.429600646680425,-0.430689105611509,-0.43090572750347,-0.432905182666516
1.418,-0.431381789426437,-0.432477135914422,-0.432694402982677,-0.434706536155974
1.41833333333333,-0.43317386496038,-0.434276155361492,-0.434494055061907,-0.436518991153078
1.41866666666667,-0.434976959999351,-0.436086251246385,-0.436304770655738,-0.438342636155058
1.419,-0.436791162103047,-0.437907511712431,-0.438126637520239,-0.440177560524343
1.41933333333333,-0.438616559683425,-0.439740025762335,-0.43995974426257,-0.442023854498556
1.41966666666667,-0.440453242014497,-0.441583883268106,-0.441804180350699,-0.443881609200655
1.42,-0.442301299242245,-0.443439174981054,-0.443660036123257,-0.445750916649194
1.42033333333333,-0.444160822394661,-0.44530599254196,-0.445527402799489,-0.447631869768716
1.42066666666667,-0.446031903391957,-0.447184428491348,-0.447406372489381,-0.449524562400299
1.421,-0.447914635056845,-0.44907457627993,-0.44929703820389,-0.451429089312243
1.42133333333333,-0.449809111125027,-0.450976530279145,-0.451199493865312,-0.453345546210887
1.42166666666667,-0.451715426255762,-0.452890385791888,-0.453113834317808,-0.455274029751578
1.422,-0.453633676042625,-0.454816239063342,-0.45504015533803,-0.457214637549803
1.42233333333333,-0.455563957024369,-0.45675418729198,-0.456978553645933,-0.459167468192437
1.42266666666667,-0.457506366695953,-0.458704328640696,-0.458929126915686,-0.461132621249177
1.423,-0.459461003519723,-0.460666762248114,-0.46089197378677,-0.463110197284118
1.42333333333333,-0.461427966936718,-0.462641588239998,-0.462867193875189,-0.465100297867472
1.42366666666667,-0.463407357378163,-0.464628907740889,-0.464854887784848,-0.467103025587472
1.424,-0.465399276277088,-0.466628822885824,-0.466855157119095,-0.469118484062427
1.42433333333333,-0.467403826080107,-0.468641436832258,-0.468868104492363,-0.471146777952921
1.42466666666667,-0.469421110259384,-0.470666853772149,-0.470893833542061,-0.473188012974216
1.425,-0.471451233324719,-0.472705178944184,-0.472932448940512,-0.475242295908797
1.42533333333333,-0.473494300835831,-0.474756518646182,-0.474984056407158,-0.477309734619096
1.42566666666667,-0.475550419414793,-0.476820980247661,-0.47704876272085,-0.479390438060398
1.426,-0.477619696758642,-0.478898672202606,-0.479126675732354,-0.481484516293922
1.42633333333333,-0.479702241652151,-0.480989704062352,-0.481217904376975,-0.483592080500057
1.42666666666667,-0.481798163980794,-0.483094186488714,-0.483322558687429,-0.485713242991826
1.427,-0.483907574743862,-0.485212231267227,-0.485440749806803,-0.487848117228508
1.42733333333333,-0.48603058606779,-0.487343951320626,-0.487572590001741,-0.489996817829438
1.42766666666667,-0.488167311219638,-0.489489460722484,-0.489718192675815,-0.492159460588036
1.428,-0.490317864620777,-0.49164887471103,-0.491877672383037,-0.494336162485985
1.42833333333333,-0.492482361860755,-0.493822309703185,-0.494051144841598,-0.496527041707655
1.42866666666667,-0.494660919711353,-0.496009883308763,-0.496238726947765,-0.498732217654673
1.429,-0.496853656140844,-0.498211714344892,-0.498440536789989,-0.500951810960758
1.42933333333333,-0.499060690328435,-0.500427922850617,-0.500656693663187,-0.503185943506709
1.42966666666667,-0.501282142678931,-0.502658630101718,-0.502887318083231,-0.505434738435633
1.43,-0.503518134837571,-0.504903958625734,-0.505132531801641,-0.507698320168389
1.43033333333333,-0.505768789705106,-0.507164032217184,-0.507392457820472,-0.50997681441922
1.43066666666667,-0.508034231453066,-0.50943897595302,-0.509667220407398,-0.512270348211655
1.431,-0.510314585539233,-0.511728916208278,-0.511956945111025,-0.514579049894571
1.43133333333333,-0.512609978723366,-0.514033980671961,-0.514261758776398,-0.516903049158551
1.43166666666667,-0.514920539083088,-0.516354298363138,-0.516581789560741,-0.519242477052416
1.432,-0.517246396030072,-0.518689999647273,-0.518917166949391,-0.52159746600003
1.43233333333333,-0.519587680326369,-0.521041216252781,-0.521268021771966,-0.523968149817323
1.43266666666667,-0.521944524101049,-0.523408081287827,-0.52363448621878,-0.526354663729569
1.433,-0.524317060867012,-0.525790729257353,-0.526016693857436,-0.528757144388904
1.43333333333333,-0.526705425538078,-0.528189296080332,-0.528414779649699,-0.53117572989208
1.43366666666667,-0.529109754446285,-0.530603919107314,-0.530828879968587,-0.533610559798525
1.434,-0.531530185359482,-0.533034737138167,-0.533259132615696,-0.536061775148588
1.43433333333333,-0.533966857499103,-0.535481890440106,-0.535705676838766,-0.538529518482111
1.43466666666667,-0.536419911558261,-0.537945520765969,-0.538168653349519,-0.541013933857224
1.435,-0.538889489720067,-0.540425771372748,-0.540648204341723,-0.543515166869449
1.43533333333333,-0.541375735676195,-0.542922787040389,-0.543144473509505,-0.54603336467104
1.43566666666667,-0.543878794645762,-0.545436714090876,-0.545657606065968,-0.548568675990644
1.436,-0.546398813394429,-0.547967700407563,-0.548187748761999,-0.551121251153209
1.43633333333333,-0.548935940253797,-0.550515895454804,-0.550735049905424,-0.553691242100212
1.43666666666667,-0.551490325141096,-0.553081450297866,-0.553299659380369,-0.556278802410168
1.437,-0.554062119579135,-0.555664517623116,-0.55588172866694,-0.558884087319434
1.43733333333333,-0.556651476716548,-0.558265251758514,-0.558481410861152,-0.561507253743324
1.43766666666667,-0.559258551348332,-0.560883808694387,-0.56109886069517,-0.564148460297542
1.438,-0.561883499936695,-0.56352034610453,-0.563734234557827,-0.566807867319908
1.43833333333333,-0.564526480632186,-0.566175023367593,-0.566387690515422,-0.569485636892419
1.43866666666667,-0.567187653295142,-0.568848001588786,-0.569059388332849,-0.572181932863633
1.439,-0.569867179517468,-0.571539443621899,-0.571749489494997,-0.57489692087138
1.43933333333333,-0.572565222644674,-0.574249514091644,-0.574458157228477,-0.577630768365805
1.43966666666667,-0.575281947798328,-0.576978379416351,-0.577185556523657,-0.580383644632775
1.44,-0.578017521898745,-0.579726207830937,-0.579931854157026,-0.583155720817596
1.44033333333333,-0.580772113688058,-0.58249316941027,-0.582697218713853,-0.585947169949109
1.44066666666667,-0.58354589375364,-0.585279436092861,-0.585481820611205,-0.588758166964148
1.441,-0.586339034551831,-0.588085181704893,-0.588285832121285,-0.591588888732344
1.44133333333333,-0.589151710432032,-0.590910581984609,-0.591109427395117,-0.594439514081307
1.44166666666667,-0.59198409766118,-0.593755814607084,-0.593952782486562,-0.5973102238222
1.442,-0.594836374448545,-0.59662105920933,-0.596816075376704,-0.600201200775675
1.44233333333333,-0.597708720970914,-0.5995064974158,-0.599699485998562,-0.603112629798216
1.44266666666667,-0.600601319398165,-0.602412312864265,-0.602603196262219,-0.606044697808862
1.443,-0.603514353919199,-0.605338691232083,-0.605527390080258,-0.608997593816359
1.44333333333333,-0.60644801076825,-0.608285820262828,-0.60847225339359,-0.611971508946691
1.44366666666667,-0.60940247825163,-0.611253889793373,-0.611437974197707,-0.614966636471053
1.444,-0.612377946774841,-0.614243091781345,-0.614424742569265,-0.617983171834249
1.44433333333333,-0.615374608870088,-0.617253620332991,-0.617432750693063,-0.621021312683484
1.44466666666667,-0.618392659224245,-0.620285671731467,-0.620462192889479,-0.624081258897667
1.445,-0.621432294707192,-0.623339444465589,-0.623513265642246,-0.627163212617083
1.44533333333333,-0.624493714400619,-0.62641513925894,-0.626586167626663,-0.63026737827357
1.44566666666667,-0.627577119627256,-0.629512959099515,-0.629681099738256,-0.633393962621142
1.446,-0.630682713980527,-0.632633109269747,-0.632798265121828,-0.636543174767091
1.44633333333333,-0.633810703354671,-0.635775797377008,-0.635937869200935,-0.63971522620355
1.44666666666667,-0.636961295975326,-0.638941233384576,-0.639100119707849,-0.642910330839556
1.447,-0.640134702430571,-0.642129629643098,-0.642285226713943,-0.646128705033621
1.44733333333333,-0.643331135702417,-0.645341200922478,-0.645493402660517,-0.649370567626763
1.44766666666667,-0.646550811198844,-0.648576164444329,-0.648724862390105,-0.652636139976118
1.448,-0.649793946786261,-0.651834739914847,-0.651979823178273,-0.655925645989001
1.44833333333333,-0.65306076282249,-0.655117149558246,-0.655258504765845,-0.659239312157554
1.44866666666667,-0.656351482190275,-0.658423618150687,-0.658561129391665,-0.662577367593906
1.449,-0.659666330331288,-0.661754373054735,-0.661887921825848,-0.665940044065895
1.44933333333333,-0.663005535280652,-0.665109644254334,-0.665239109403474,-0.669327576033332
1.44966666666667,-0.666369327702014,-0.668489664390352,-0.668614922058904,-0.672740200684866
1.45,-0.669757940923163,-0.671894668796658,-0.672015592360522,-0.676178157975395
1.45033333333333,-0.673171610972186,-0.675324895536759,-0.675441355546046,-0.679641690664087
1.45066666666667,-0.676610576614207,-0.678780585441035,-0.678892449558384,-0.683131044353009
1.451,-0.680075079388668,-0.68226198214452,-0.682369115082025,-0.686646467526335
1.45133333333333,-0.683565363647217,-0.685769332125273,-0.685871595579981,-0.690188211590208
1.45166666666667,-0.687081676592198,-0.689302884743414,-0.689400137331325,-0.693756530913218
1.452,-0.690624268315703,-0.692862892280689,-0.692954989469286,-0.697351682867547
1.45233333333333,-0.694193391839284,-0.696449609980703,-0.696536404019907,-0.700973927870723
1.45266666666667,-0.697789303154245,-0.700063296089787,-0.700144635941359,-0.704623529428101
1.453,-0.701412261262623,-0.703704211898511,-0.703779943163816,-0.708300754175984
1.45333333333333,-0.705062528218755,-0.707372621783827,-0.707442586629958,-0.712005871925444
1.45366666666667,-0.708740369171554,-0.71106879325192,-0.711132830336113,-0.715739155706867
1.454,-0.712446052407431,-0.714792996981713,-0.714850941374027,-0.719500881815184
1.45433333333333,-0.716179849393893,-0.718545506869063,-0.718597189973288,-0.723291329855861
1.45466666666667,-0.71994203482386,-0.722326600071702,-0.722371849544414,-0.727110782791626
1.455,-0.723732886660664,-0.726136557054844,-0.726175196722628,-0.730959526989942
1.45533333333333,-0.727552686183781,-0.729975661637536,-0.73000751141227,-0.734837852271254
1.45566666666667,-0.731401718035276,-0.733844201039791,-0.733869076831966,-0.738746051958043
1.456,-0.735280270267049,-0.737742465930444,-0.737760179560484,-0.742684422924672
1.45633333333333,-0.739188634388753,-0.741670750475755,-0.741681109583276,-0.746653265648004
1.45666666666667,-0.743127105416552,-0.745629352388876,-0.745632160339832,-0.750652884258938
1.457,-0.747095981922653,-0.749618572980036,-0.749613628771688,-0.754683586594693
1.45733333333333,-0.751095566085608,-0.753638717207577,-0.753625815371268,-0.758745684252023
1.45766666666667,-0.755126163741487,-0.757690093729836,-0.757669024231484,-0.762839492641295
1.458,-0.759188084435814,-0.761773014957835,-0.761743563096083,-0.766965331041434
1.45833333333333,-0.763281641476403,-0.765887797108842,-0.765849743410845,-0.771123522655794
1.45866666666667,-0.767407151987032,-0.77003476026082,-0.769987880375584,-0.775314394668972
1.459,-0.771564936961996,-0.774214228407778,-0.774158292996964,-0.779538278304565
1.45933333333333,-0.775755321321541,-0.778426529515958,-0.778361304142155,-0.78379550888383
1.45966666666667,-0.779978633968251,-0.782671995581069,-0.782597240593401,-0.788086425885428
1.46,-0.784235207844304,-0.786950962686335,-0.786866433103385,-0.79241137300608
1.46033333333333,-0.788525379989686,-0.791263771061591,-0.791169216451556,-0.796770698222273
1.46066666666667,-0.79284949160142,-0.79561076514332,-0.795505929501326,-0.801164753853023
1.461,-0.797207888093697,-0.799992293635691,-0.799876915258192,-0.805593896623656
1.46133333333333,-0.801600919159043,-0.804408709572607,-0.80428252092881,-0.810058487730694
1.46166666666667,-0.806028938830496,-0.80886037038078,-0.808723097981015,-0.814558892907819
1.462,-0.810492305544825,-0.8133476379439,-0.813199002204839,-0.819095482492993
1.46233333333333,-0.814991382206784,-0.817870878667792,-0.817710593774476,-0.823668631496656
1.46266666666667,-0.819526536254464,-0.822430463546763,-0.822258237311309,-0.828278719671154
1.463,-0.824098139725694,-0.827026768230996,-0.826842301947935,-0.8329261315813
1.46333333333333,-0.828706569325625,-0.831660173095068,-0.83146316139322,-0.837611256676166
1.46366666666667,-0.833352206495381,-0.836331063307694,-0.836121193998477,-0.842334489362103
1.464,-0.83803543748192,-0.841039828902584,-0.840816782824688,-0.847096229077028
1.46433333333333,-0.842756653409017,-0.845786864850501,-0.845550315710813,-0.851896880365936
1.46466666666667,-0.847516250349517,-0.850572571132586,-0.85032218534328,-0.856736852957795
1.465,-0.852314629398752,-0.855397352814884,-0.855132789326592,-0.861616561843717
1.46533333333333,-0.857152196749229,-0.860261620124153,-0.859982530255073,-0.866536427356475
1.46566666666667,-0.862029363766601,-0.865165788524976,-0.864871815785867,-0.871496875251469
1.466,-0.866946547066913,-0.870110278798181,-0.869801058713102,-0.876498336789014
1.46633333333333,-0.871904168595161,-0.875095517120599,-0.874770677043277,-0.881541248818118
1.46666666666667,-0.876902655705239,-0.880121935146194,-0.87978109407196,-0.886626053861727
1.467,-0.881942441241209,-0.885189970088623,-0.884832738461716,-0.891753200203432
1.46733333333333,-0.887023963619987,-0.89030006480514,-0.88992604432134,-0.896923141975714
1.46766666666667,-0.89214766691546,-0.895452667882023,-0.895061451286459,-0.902136339249759
1.468,-0.897314000944067,-0.900648233721475,-0.900239404601449,-0.907393258126841
1.46833333333333,-0.902523421351808,-0.905887222629958,-0.905460355202726,-0.9126943708313
1.46866666666667,-0.907776389702838,-0.911170100908163,-0.910724759803474,-0.918040155805223
1.469,-0.913073373569531,-0.91649734094248,-0.916033080979771,-0.923431097804755
1.46933333333333,-0.918414846624146,-0.921869421298077,-0.921385787258178,-0.928867687998144
1.46966666666667,-0.923801288732109,-0.927286826813624,-0.926783353204832,-0.934350424065537
1.47,-0.92923318604689,-0.932750048697673,-0.932226259516037,-0.93987981030058
1.47033333333333,-0.93471103110655,-0.938259584626707,-0.937714993110363,-0.945456357713777
1.47066666666667,-0.940235322932011,-0.943815938844953,-0.94325004722238,-0.951080584137775
1.471,-0.945806567127037,-0.949419622265927,-0.948831921497955,-0.956753014334525
1.47133333333333,-0.951425275979953,-0.955071152575774,-0.954461122091143,-0.962474180104327
1.47166666666667,-0.957091968567213,-0.960771054338472,-0.960138161762826,-0.968244620396949
1.472,-0.962807170858778,-0.966519859102859,-0.965863559980966,-0.974064881424649
1.47233333333333,-0.968571415825342,-0.9723181055116,-0.971637843022608,-0.979935516777322
1.47266666666667,-0.974385243547506,-0.97816633941207,-0.977461544077656,-0.985857087539733
1.473,-0.980249201326886,-0.984065113969258,-0.983335203354433,-0.991830162410875
1.47333333333333,-0.986163843799168,-0.990014989780618,-0.989259368187029,-0.997855317825507
1.47366666666667,-0.992129733049256,-0.996016534993077,-0.995234593144574,-1.00393313807795
1.474,-0.998147438728436,-1.00207032542209,-1.00126144014238,-1.01006421544814
1.47433333333333,-1.00421753817366,-1.00817694467283,-1.00734047855498,-1.01624915032999
1.47466666666667,-1.01034061652897,-1.0143369842636,-1.01347228533117,-1.02248855136216
1.475,-1.01651726686917,-1.02055104375151,-1.0196574451111,-1.02878303556118
1.47533333333333,-1.02274809032563,-1.0268197308603,-1.02589655034532,-1.03513322845717
1.47566666666667,-1.0290336962145,-1.03314366161067,-1.03219020141601,-1.0415397642319
1.476,-1.03537470216715,-1.03952346045286,-1.03853900676025,-1.04800328585964
1.47633333333333,-1.04177173426304,-1.04595976040166,-1.04494358299552,-1.05452444525041
1.47666666666667,-1.04822542716501,-1.05245320317397,-1.05140455504738,-1.06110390339614
1.477,-1.05473642425705,-1.0590044393288,-1.05792255627946,-1.06774233051938
1.47733333333333,-1.06130537778457,-1.06561412840987,-1.06449822862565,-1.07444040622496
1.47766666666667,-1.06793294899725,-1.07228293909086,-1.07113222272472,-1.08119881965441
1.478,-1.07461980829462,-1.07901154932331,-1.07782519805731,-1.08801826964333
1.47833333333333,-1.08136663537414,-1.08580064648727,-1.08457782308531,-1.09489946488177
1.47866666666667,-1.08817411938222,-1.09265092754478,-1.09139077539382,-1.10184312407763
1.479,-1.0950429590679,-1.09956309919611,-1.09826474183554,-1.10884997612316
1.47933333333333,-1.10197386293945,-1.10653787803902,-1.10520041867782,-1.11592076026466
1.47966666666667,-1.10896754942384,-1.11357599073089,-1.11219851175231,-1.12305622627544
1.48,-1.11602474702932,-1.12067817415401,-1.11925973660732,-1.13025713463207
1.48033333333333,-1.12314619451081,-1.12784517558382,-1.12638481866288,-1.13752425669397
1.48066666666667,-1.13033264103864,-1.13507775286043,-1.13357449336868,-1.14485837488662
1.481,-1.13758484637027,-1.14237667456334,-1.14082950636477,-1.15226028288812
1.48133333333333,-1.14490358102536,-1.14974272018937,-1.14815061364519,-1.15973078581949
1.48166666666667,-1.15228962646411,-1.15717668033414,-1.15553858172466,-1.16727070043859
1.482,-1.15974377526895,-1.16467935687683,-1.16299418780816,-1.17488085533788
1.48233333333333,-1.1672668313297,-1.17225156316846,-1.17051821996368,-1.18256209114594
1.48266666666667,-1.17485961003227,-1.17989412422389,-1.1781114772981,-1.19031526073307
1.483,-1.18252293845092,-1.18760787691737,-1.18577477013634,-1.19814122942076
1.48333333333333,-1.19025765554417,-1.19539367018178,-1.19350892020363,-1.20604087519537
1.48366666666667,-1.19806461235455,-1.20325236521191,-1.20131476081134,-1.21401508892602
1.484,-1.20594467221208,-1.21118483567137,-1.20919313704605,-1.22206477458673
1.48433333333333,-1.21389871094169,-1.21919196790369,-1.21714490596218,-1.23019084948297
1.48466666666667,-1.2219276170747,-1.22727466114741,-1.22517093677818,-1.23839424448272
1.485,-1.23003229206426,-1.23543382775535,-1.23327211107632,-1.24667590425212
1.48533333333333,-1.23821365050508,-1.2436703934181,-1.24144932300616,-1.25503678749578
1.48566666666667,-1.24647262035735,-1.25198529739188,-1.24970347949183,-1.26347786720191
1.486,-1.25481014317502,-1.2603794927309,-1.2580355004432,-1.27200013089239
1.48633333333333,-1.26322717433851,-1.26885394652406,-1.26644631897084,-1.28060458087776
1.48666666666667,-1.27172468329207,-1.27740964013656,-1.27493688160518,-1.28929223451746
1.487,-1.28030365378561,-1.28604756945597,-1.28350814851963,-1.29806412448521
1.48733333333333,-1.28896508412138,-1.29476874514331,-1.29216109375788,-1.30692129903978
1.48766666666667,-1.29770998740551,-1.30357419288902,-1.30089670546555,-1.31586482230132
1.488,-1.30653939180443,-1.31246495367398,-1.30971598612616,-1.32489577453313
1.48833333333333,-1.31545434080638,-1.32144208403568,-1.31861995280143,-1.33401525242933
1.48866666666667,-1.32445589348816,-1.33050665633968,-1.32760963737636,-1.34322436940829
1.489,-1.33354512478701,-1.33965975905647,-1.33668608680861,-1.35252425591211
1.48933333333333,-1.34272312577804,-1.34890249704379,-1.34585036338293,-1.36191605971213
1.48966666666667,-1.35199100395713,-1.35823599183465,-1.35510354497018,-1.37140094622091
1.49,-1.36134988352941,-1.36766138193108,-1.36444672529137,-1.3809800988104
1.49033333333333,-1.37080090570361,-1.37717982310369,-1.37388101418673,-1.39065471913676
1.49066666666667,-1.3803452289922,-1.38679248869738,-1.38340753788985,-1.40042602747198
1.491,-1.38998402951769,-1.3965005699431,-1.39302743930711,-1.41029526304223
1.49133333333333,-1.39971850132487,-1.40630527627588,-1.40274187830242,-1.42026368437322
1.49166666666667,-1.40954985669963,-1.41620783565941,-1.41255203198749,-1.43033256964293
1.492,-1.41947932649392,-1.42620949491699,-1.4224590950175,-1.44050321704143
1.49233333333333,-1.42950816045749,-1.43631152006935,-1.43246427989266,-1.45077694513837
1.49266666666667,-1.43963762757632,-1.44651519667932,-1.44256881726547,-1.46115509325818
1.493,-1.44986901641782,-1.45682183020343,-1.45277395625387,-1.47163902186298
1.49333333333333,-1.46020363548316,-1.46723274635071,-1.46308096476052,-1.4822301129437
1.49366666666667,-1.47064281356673,-1.47774929144892,-1.47349112979824,-1.49292977041932
1.494,-1.48118790012302,-1.48837283281816,-1.48400575782173,-1.50373942054456
1.49433333333333,-1.49184026564083,-1.49910475915217,-1.49462617506571,-1.51466051232618
1.49466666666667,-1.50260130202539,-1.50994648090755,-1.50535372788974,-1.52569451794812
1.495,-1.51347242298815,-1.52089943070087,-1.5161897831296,-1.53684293320563
1.49533333333333,-1.5244550644446,-1.53196506371407,-1.52713572845565,-1.54810727794852
1.49566666666667,-1.53555068492043,-1.54314485810821,-1.5381929727381,-1.55948909653407
1.496,-1.54676076596591,-1.55444031544579,-1.54936294641951,-1.57098995828937
1.49633333333333,-1.55808681257892,-1.56585296112178,-1.56064710189449,-1.58261145798362
1.49666666666667,-1.56953035363673,-1.5773843448037,-1.57204691389689,-1.59435521631054
1.497,-1.58109294233674,-1.58903604088079,-1.58356387989461,-1.60622288038112
1.49733333333333,-1.59277615664637,-1.60080964892254,-1.59519952049213,-1.61821612422682
1.49766666666667,-1.6045815997623,-1.61270679414686,-1.60695537984098,-1.63033664931377
1.498,-1.61651090057931,-1.62472912789795,-1.61883302605834,-1.64258618506785
1.49833333333333,-1.62856571416884,-1.63687832813423,-1.63083405165377,-1.65496648941117
1.49866666666667,-1.64074772226765,-1.64915609992653,-1.64296007396455,-1.66747934931008
1.499,-1.65305863377659,-1.66156417596669,-1.65521273559949,-1.68012658133507
1.49933333333333,-1.66550018526987,-1.67410431708682,-1.66759370489151,-1.69291003223265
1.49966666666667,-1.67807414151502,-1.68677831278965,-1.6801046763593,-1.70583157950971
1.5,-1.69078229600379,-1.69958798178987,-1.6927473711781,-1.7188931320305
1.50033333333333,-1.70362647149401,-1.71253517256703,-1.70552353765965,-1.73209663062646
1.50066666666667,-1.71660852056315,-1.72562176393004,-1.71843495174192,-1.74544404871944
1.501,-1.72973032617334,-1.73884966559372,-1.73148341748847,-1.75893739295831
1.50133333333333,-1.74299380224822,-1.75222081876741,-1.74467076759759,-1.77257870386938
1.50166666666667,-1.7564008942621,-1.76573719675608,-1.75799886392178,-1.786370056521
1.502,-1.76995357984156,-1.77940080557443,-1.77146959799755,-1.80031356120266
1.50233333333333,-1.78365386937952,-1.79321368457355,-1.78508489158551,-1.81441136411864
1.50266666666667,-1.79750380666253,-1.80717790708141,-1.79884669722157,-1.82866564809696
1.503,-1.81150546951111,-1.82129558105653,-1.81275699877887,-1.84307863331357
1.50333333333333,-1.82566097043365,-1.83556884975576,-1.8268178120409,-1.85765257803228
1.50366666666667,-1.83997245729414,-1.84999989241624,-1.84103118528621,-1.87238977936086
1.504,-1.85444211399402,-1.8645909249518,-1.8553991998846,-1.88729257402345
1.50433333333333,-1.86907216116827,-1.87934420066417,-1.86992397090517,-1.90236333914967
1.50466666666667,-1.88386485689625,-1.89426201096934,-1.88460764773652,-1.91760449308093
1.505,-1.89882249742765,-1.90934668613939,-1.89945241471939,-1.93301849619412
1.50533333333333,-1.91394741792337,-1.92460059605991,-1.91446049179147,-1.94860785174304
1.50566666666667,-1.92924199321243,-1.94002615100377,-1.92963413514556,-1.96437510671809
1.506,-1.9447086385643,-1.95562580242103,-1.94497563790031,-1.98032285272434
1.50633333333333,-1.96034981047773,-1.97140204374577,-1.96048733078439,-1.99645372687852
1.50666666666667,-1.97616800748606,-1.98735741121996,-1.97617158283435,-2.01277041272521
1.507,-1.99216577097921,-2.00349448473472,-1.99203080210594,-2.02927564117266
1.50733333333333,-2.00834568604286,-2.01981588868934,-2.00806743639968,-2.04597219144835
1.50766666666667,-2.02471038231511,-2.03632429286841,-2.02428397400053,-2.06286289207508
1.508,-2.04126253486092,-2.05302241333751,-2.04068294443227,-2.07995062186758
1.50833333333333,-2.05800486506445,-2.06991301335742,-2.05726691922632,-2.09723831095006
1.50866666666667,-2.07494014154004,-2.08699890431782,-2.07403851270585,-2.11472894179523
1.509,-2.0920711810616,-2.10428294669016,-2.09100038278494,-2.13242555028484
1.50933333333333,-2.10940084951115,-2.12176805100052,-2.10815523178321,-2.1503312267923
1.50966666666667,-2.12693206284665,-2.13945717882268,-2.12550580725634,-2.1684491172877
1.51,-2.14466778808931,-2.1573533437916,-2.14305490284234,-2.18678242446533
1.51033333333333,-2.16261104433079,-2.17545961263767,-2.16080535912399,-2.20533440889415
1.51066666666667,-2.18076490376063,-2.19377910624239,-2.1787600645079,-2.22410839019162
1.511,-2.19913249271399,-2.21231500071537,-2.19692195611999,-2.24310774822094
1.51133333333333,-2.21771699274003,-2.23107052849308,-2.2152940207178,-2.2623359243119
1.51166666666667,-2.23652164169134,-2.25004897945993,-2.23387929561997,-2.28179642250595
1.512,-2.25554973483434,-2.26925370209162,-2.25268086965288,-2.3014928108253
1.51233333333333,-2.27480462598098,-2.28868810462114,-2.27170188411452,-2.32142872256623
1.51266666666667,-2.2942897286423,-2.30835565622797,-2.29094553375638,-2.34160785761729
1.513,-2.31400851720325,-2.32825988825025,-2.31041506778257,-2.36203398380167
1.51333333333333,-2.33396452811961,-2.34840439542052,-2.33011379086716,-2.38271093824449
1.51366666666667,-2.35416136113675,-2.36879283712511,-2.35004506418931,-2.40364262876467
1.514,-2.37460268053063,-2.38942893868751,-2.37021230648681,-2.42483303529175
1.51433333333333,-2.39529221637046,-2.4103164926754,-2.3906189951273,-2.44628621130684
1.51466666666667,-2.41623376580395,-2.43145936023229,-2.41126866719823,-2.4680062853086
1.515,-2.43743119436426,-2.45286147243304,-2.43216492061478,-2.4899974623031
1.51533333333333,-2.45888843729899,-2.47452683166375,-2.4533114152461,-2.51226402531787
1.51566666666667,-2.48060950092113,-2.4964595130261,-2.4747118740598,-2.53481033693965
1.516,-2.50259846398162,-2.51866366576587,-2.49637008428465,-2.5576408408754
1.51633333333333,-2.52485947906312,-2.54114351472552,-2.5182898985911,-2.58076006353586
1.51666666666667,-2.54739677399515,-2.56390336182112,-2.54047523629,-2.60417261564151
1.517,-2.57021465328969,-2.58694758754283,-2.56293008454866,-2.6278831938497
1.51733333333333,-2.59331749959692,-2.61028065247907,-2.58565849962448,-2.65189658240225
1.51766666666667,-2.61670977518089,-2.63390709886408,-2.60866460811578,-2.67621765479284
1.518,-2.64039602341373,-2.65783155214796,-2.63195260822904,-2.70085137545242
1.51833333333333,-2.66438087028816,-2.68205872258913,-2.65552677106259,-2.7258028014519
1.51866666666667,-2.68866902594735,-2.70659340686845,-2.67939144190596,-2.75107708422037
1.519,-2.71326528623093,-2.7314404897243,-2.70355104155436,-2.77667947127742
1.51933333333333,-2.73817453423574,-2.7566049456074,-2.72801006763736,-2.80261530797707
1.51966666666667,-2.76340174189092,-2.78209184035523,-2.75277309596158,-2.82889003926233
1.52,-2.78895197154437,-2.80790633288372,-2.77784478186535,-2.85550921142662
1.52033333333333,-2.81483037756045,-2.83405367689616,-2.80322986158571,-2.8824784738809
1.52066666666667,-2.84104220792597,-2.8605392226071,-2.82893315363549,-2.90980358092258
1.521,-2.86759280586266,-2.88736841847971,-2.85495956018959,-2.9374903935034
1.52133333333333,-2.894487611444,-2.91454681297489,-2.88131406847893,-2.96554488099259
1.52166666666667,-2.92173216321369,-2.94208005631026,-2.90800175219077,-2.99397312293197
1.522,-2.94933209980275,-2.96997390222637,-2.93502777287299,-3.02278131077777
1.52233333333333,-2.97729316154232,-2.99823420975757,-2.96239738134088,-3.05197574962513
1.52266666666667,-3.00562119206864,-3.02686694500534,-2.9901159190841,-3.08156285991005
1.523,-3.03432213991621,-3.05587818291001,-3.0181888196711,-3.11154917908268
1.52333333333333,-3.06340206009523,-3.0852741090183,-3.04662161014896,-3.14194136324633
1.52366666666667,-3.09286711564856,-3.11506102124236,-3.07541991243516,-3.17274618875511
1.524,-3.12272357918302,-3.14524533160628,-3.10458944469824,-3.20397055376256
1.52433333333333,-3.15297783436968,-3.17583356797525,-3.13413602272386,-3.23562147971362
1.52466666666667,-3.1836363774073,-3.20683237576305,-3.16406556126269,-3.26770611277112
1.525,-3.21470581844205,-3.23824851961143,-3.19438407535545,-3.30023172516683
1.52533333333333,-3.24619288293625,-3.27008888503578,-3.22509768163066,-3.33320571646689
1.52566666666667,-3.27810441297903,-3.30236048003094,-3.25621259957061,-3.36663561474079
1.526,-3.31044736852943,-3.3350704366288,-3.28773515273908,-3.40052907762045
1.52633333333333,-3.34322882858365,-3.36822601240118,-3.31967176996606,-3.43489389323755
1.52666666666667,-3.37645599225602,-3.40183459189862,-3.35202898648224,-3.4697379810238
1.527,-3.41013617976285,-3.43590368801592,-3.38481344499649,-3.50506939235877
1.52733333333333,-3.44427683329735,-3.47044094327447,-3.41803189670877,-3.54089631104849
1.52766666666667,-3.47888551778343,-3.50545413101051,-3.45169120225037,-3.57722705361692
1.528,-3.51396992149413,-3.5409511564573,-3.48579833254248,-3.61407006939039
1.52833333333333,-3.54953785651962,-3.57694005770802,-3.52036036956312,-3.6514339403537
1.52866666666667,-3.58559725906985,-3.61342900654644,-3.55538450701288,-3.68932738075588
1.529,-3.62215618959296,-3.65042630912881,-3.59087805086698,-3.72775923644007
1.52933333333333,-3.6592228326925,-3.68794040650229,-3.62684841980275,-3.7667384838723
1.52966666666667,-3.696805496822,-3.72597987494101,-3.66330314548857,-3.80627422884014
1.53,-3.73491261373622,-3.7645534260816,-3.70024987272021,-3.84637570479102
1.53033333333333,-3.77355273767526,-3.80366990683712,-3.7376963593898,-3.88705227077799
1.53066666666667,-3.81273454425728,-3.84333829906799,-3.77565047627051,-3.92831340897798
1.531,-3.8524668290527,-3.88356771898574,-3.81412020659973,-3.97016872174536
1.53133333333333,-3.89275850581084,-3.92436741626399,-3.85311364544123,-4.01262792816068
1.53166666666667,-3.93361860430974,-3.96574677282992,-3.89263899880677,-4.05570086003325
1.532,-3.97505626779458,-4.00771530130592,-3.93270458251453,-4.09939745731082
1.53233333333333,-4.01708074997121,-4.05028264307072,-3.97331882076144,-4.14372776284979
1.53266666666667,-4.05970141151668,-4.09345856590576,-4.01449024438434,-4.18870191649382
1.533,-4.10292771606727,-4.13725296119092,-4.05622748878313,-4.23433014840734
1.53333333333333,-4.14676922564115,-4.18167584061064,-4.09853929147678,-4.28062277160559
1.53366666666667,-4.19123559545198,-4.22673733233011,-4.14143448926304,-4.32759017362214
1.534,-4.23633656806402,-4.27244767659642,-4.18492201494753,-4.37524280724782
1.53433333333333,-4.28208196683969,-4.31881722071895,-4.22901089360887,-4.42359118027532
1.53466666666667,-4.32848168862532,-4.3658564133788,-4.27371023836252,-4.4726458441775
1.535,-4.37554569561869,-4.41357579821429,-4.31902924558375,-4.52241738164539
1.53533333333333,-4.42328400635944,-4.4619860066271,-4.36497718954904,-4.57291639290828
1.53566666666667,-4.47170668577951,-4.51109774974953,-4.41156341645137,-4.62415348075481
1.536,-4.52082383424779,-4.56092180951005,-4.45879733774274,-4.67613923417016
1.53633333333333,-4.57064557554116,-4.61146902873148,-4.50668842275538,-4.72888421050307
1.53666666666667,-4.62118204366975,-4.66275030019237,-4.55524619054949,-4.78239891607148
1.537,-4.67244336848259,-4.71477655457837,-4.60448020093356,-4.83669378511522
1.53733333333333,-4.72443965997554,-4.76755874724705,-4.65440004459926,-4.89177915699943
1.53766666666667,-4.77718099122361,-4.8211078437272,-4.70501533231313,-4.94766525157479
1.538,-4.83067737985346,-4.87543480386787,-4.7563356831003,-5.00436214259392
1.53833333333333,-4.88493876797399,-4.93055056455206,-4.80837071135729,-5.06187972908907
1.53866666666667,-4.93997500047894,-4.98646602088546,-4.86113001282609,-5.12022770461192
1.539,-4.99579580163441,-5.04319200576668,-4.91462314935916,-5.17941552424031
1.53933333333333,-5.05241074986488,-5.10073926774592,-4.96885963240444,-5.23945236925789
1.53966666666667,-5.10982925065094,-5.15911844707426,-5.02384890513677,-5.30034710941843
1.54,-5.16806050745238,-5.2183400498456,-5.0796003231602,-5.36210826270928
1.54033333333333,-5.22711349057303,-5.27841442013157,-5.13612313370471,-5.42474395253761
1.54066666666667,-5.28699690388707,-5.33935171001071,-5.1934264532417,-5.48826186227198
1.541,-5.34771914934916,-5.40116184739138,-5.25151924343879,-5.55266918708062
1.54133333333333,-5.40928828921938,-5.46385450153314,-5.31041028537983,-5.61797258302537
1.54166666666667,-5.47171200593833,-5.52743904617039,-5.37010815197268,-5.68417811338271
1.542,-5.53499755959924,-5.59192452014864,-5.4306211784727,-5.75129119218444
1.54233333333333,-5.59915174297369,-5.65731958548819,-5.49195743105077,-5.81931652499308
1.54266666666667,-5.66418083406267,-5.72363248279859,-5.55412467334115,-5.88825804695236
1.543,-5.73009054615917,-5.79087098397543,-5.61713033090763,-5.95811885818367
1.54333333333333,-5.7968859754274,-5.85904234212198,-5.68098145357453,-6.02890115663141
1.54366666666667,-5.86457154602768,-5.92815323865578,-5.74568467557923,-6.10060616850199
1.544,-5.93315095283672,-5.99820972757119,-5.81124617350886,-6.17323407647837
1.54433333333333,-6.00262710184624,-6.06921717685462,-5.87767162200216,-6.24678394594563
1.54466666666667,-6.07300204835012,-6.14118020706754,-5.94496614720599,-6.32125364950908
1.545,-6.14427693306975,-6.21410262714104,-6.013134277997,-6.39663979014811
1.54533333333333,-6.21645191640332,-6.287987367455,-6.0821798949955,-6.47293762340666
1.54566666666667,-6.28952611103205,-6.36283641031014,-6.15210617742262,-6.55014097909134
1.546,-6.36349751316071,-6.43865071793868,-6.2229155478744,-6.62824218301503
1.54633333333333,-6.4383629327221,-6.51543015824096,-6.29460961511471,-6.70723197939972
1.54666666666667,-6.51411792293287,-6.59317342848726,-6.3671891150214,-6.78709945463124
1.547,-6.59075670964187,-6.67187797726905,-6.44065384984878,-6.86783196313423
1.54733333333333,-6.66827212097994,-6.75153992504708,-6.51500262601203,-6.9494150562212
1.54766666666667,-6.74665551788089,-6.83215398370126,-6.5902331906351,-7.03183241484825
1.548,-6.82589672610966,-6.91371337555173,-6.66634216714483,-7.11506578728742
1.54833333333333,-6.90598397050388,-6.99620975239231,-6.7433249902442,-7.1990949328053
1.54866666666667,-6.98690381220003,-7.0796331151486,-6.82117584063915,-7.28389757250379
1.549,-7.06864108968152,-7.16397173484726,-6.89988757994598,-7.36944934854195
1.54933333333333,-7.15117886454858,-7.24921207566055,-6.979451686255,-7.45572379300718
1.54966666666667,-7.23449837297029,-7.33533872086887,-7.05985819087921,-7.54269230774292
1.55,-7.31857898382411,-7.42233430265565,-7.14109561686196,-7.63032415645378
1.55033333333333,-7.40339816457663,-7.51017943672914,-7.22315091987356,-7.71858647041344
1.55066666666667,-7.48893145598515,-7.59885266282892,-7.30600943216729,-7.8074442690692
1.551,-7.57515245671475,-7.68833039224029,-7.38965481030887,-7.89686049678529
1.55133333333333,-7.66203281896706,-7.77858686349165,-7.47406898743218,-7.98679607688128
1.55166666666667,-7.74954225619172,-7.86959410745097,-7.55923213079917,-8.07720998400208
1.552,-7.83764856390786,-7.96132192306208,-7.64512260546404,-8.16805933569826
1.55233333333333,-7.92631765459236,-8.05373786496853,-7.73171694484889,-8.25929950389954
1.55266666666667,-8.0155136074922,-8.14680724425953,-7.81898982903297,-8.35088424672869
1.553,-8.1051987340869,-8.24049314352809,-7.9069140715351,-8.44276586082094
1.55333333333333,-8.19533365976806,-8.33475644736833,-7.99546061533288,-8.53489535400225
1.55366666666667,-8.2858774221036,-8.42955588933322,-8.08459853880059,-8.62722263781823
1.554,-8.37678758582677,-8.52484811624126,-8.17429507216823,-8.71969673901741
1.55433333333333,-8.46802037442648,-8.6205877705484,-8.26451562500166,-8.81226602867413
1.55466666666667,-8.55953081792217,-8.71672759129028,-8.35522382507498,-8.90487846719454
1.555,-8.6512729160827,-8.81321853385032,-8.44638156885349,-8.99748186299477
1.55533333333333,-8.74319981600083,-8.91000990851786,-8.53794908362729,-9.09002414218234
1.55566666666667,-8.8352640025734,-9.00704953747872,-8.62988500113655,-9.1824536261271
1.556,-8.9274175000536,-9.1042839295114,-8.72214644229951,-9.27471931337541
1.55633333333333,-9.01961208246801,-9.20165847127853,-8.81468911241646,-9.36677116197664
1.55666666666667,-9.11179949031129,-9.29911763368,-8.90746740595521,-9.45856036794242
1.557,-9.20393165057674,-9.3966051913058,-9.00043451975486,-9.55003963528551
1.55733333333333,-9.29596089684919,-9.49406445258406,-9.09354257320287,-9.64116343287879
1.55766666666667,-9.38784018589855,-9.59143849778581,-9.18674273366233,-9.73188823326297
1.558,-9.47952330696791,-9.68867042162344,-9.27998534515191,-9.82217272851103
1.55833333333333,-9.57096507977726,-9.78570357679138,-9.3732200580291,-9.91197801834926
1.55866666666667,-9.66212153715372,-9.88248181444563,-9.46639595719201,-10.0012677659283
1.559,-9.75295008817466,-9.97894971732551,-9.55946168611901,-10.0900083169459
1.55933333333333,-9.8434096577717,-10.0750528209985,-9.65236556391167,-10.1781687782354
1.55966666666667,-9.93346079889636,-10.1707378185677,-9.7450556924021,-10.2657210524528
1.56,-10.0230657735914,-10.2659527441316,-9.83748005034004,-10.3526398260907
1.56033333333333,-10.1121885996541,-10.3606471303444,-9.92958657170291,-10.4389025087404
1.56066666666667,-10.2007950600015,-10.4547721355848,-10.0213232052626,-10.524489122258
1.561,-10.2888526723544,-10.5482806365199,-10.1126379527171,-10.6093821392813
1.56133333333333,-10.3763306174378,-10.6411272822334,-10.2034788829435,-10.6935662713501
1.56166666666667,-10.4631996245347,-10.7332685065915,-10.2937941202615,-10.7770282077019
1.562,-10.549431813913,-10.8246624961048,-10.3835318049934,-10.8597563066041
1.56233333333333,-10.6350004963654,-10.9152691112474,-10.4726400250943,-10.9417402418585
1.56266666666667,-10.7198799308305,-11.0050497599463,-10.5610667181594,-11.0229706078186
1.563,-10.8040450417971,-11.0939672227917,-10.6487595437165,-11.1034384869185
1.56333333333333,-10.8874710989117,-11.1819854303891,-10.7356657263609,-11.183134984287
1.56366666666667,-10.970133361894,-11.2690691941686,-10.8217318709661,-11.2620507345215
1.564,-11.0520066945161,-11.3551838928777,-10.9069037519062,-11.3401753861102
1.56433333333333,-11.1330651519961,-11.4402951178743,-10.9911260789414,-11.4174970693296
1.56466666666667,-11.213281546701,-11.5243682812061,-11.0743422431223,-11.4940018537006
1.565,-11.2926269975273,-11.6073681912805,-11.1564940467585,-11.5696732012698
1.56533333333333,-11.371070468748,-11.6892586017,-11.2375214221573,-11.6444914221146
1.56566666666667,-11.4485783044625,-11.7700017395341,-11.3173621444518,-11.7184331385368
1.566,-11.5251137650793,-11.8495578199252,-11.3959515444011,-11.7914707644484
1.56633333333333,-11.6006365724892,-11.9278845544702,-11.4732222275362,-11.8635720064546
1.56666666666667,-11.6751024707712,-12.0049366612828,-11.5491038064472,-11.9346993931225
1.567,-11.7484628093959,-12.0806653850223,-11.6235226533373,-12.0048098389013
1.56733333333333,-11.8206641559781,-12.155018035465,-11.6964016802059,-12.0738542491203
1.56766666666667,-11.8916479456685,-12.2279375534139,-11.7676601541563,-12.1417771724618
1.568,-11.9613501742674,-12.2993621128612,-11.8372135553372,-12.2085165072573
1.56833333333333,-12.0297011420965,-12.3692247683693,-11.904973484922,-12.2740032679086
1.56866666666667,-12.0966252555589,-12.4374531565812,-11.9708476302875,-12.3381614176605
1.569,-12.1620408931597,-12.5039692606372,-12.0347397941663,-12.4009077738438
1.56933333333333,-12.2258603425207,-12.5686892460199,-12.0965499940035,-12.4621519915486
1.56966666666667,-12.2879898146089,-12.6315233759965,-12.1561746370475,-12.5217966314511
1.57,-12.348329540967,-12.6923760143232,-12.2135067758199,-12.5797373171808
1.57033333333333,-12.4067739591888,-12.7511457222379,-12.2684364475556,-12.6358629871499
1.57066666666667,-12.4632119911886,-12.8077254559546,-12.3208510999665,-12.6900562451481
1.571,-12.5175274179506,-12.8620028698644,-12.3706361042633,-12.7421938131969
1.57133333333333,-12.5695993534074,-12.9138607294474,-12.4176753547839,-12.7921470891467
1.57166666666667,-12.61930281885,-12.963177436462,-12.4618519528342,-12.8397828102578
1.572,-12.6665094178296,-13.0098276673194,-12.5030489704773,-12.884963822519
1.57233333333333,-12.7110881098546,-13.0536831236538,-12.5411502880357,-12.927549953732
1.57266666666667,-12.7529060793349,-13.0946133919849,-12.5760414970548,-12.9673989864231
1.573,-12.7918296941973,-13.132486907043,-12.6076108584546,-13.0043677244681
1.57333333333333,-12.8277255464291,-13.1671720108537,-12.6357503036437,-13.0383131449643
1.57366666666667,-12.860461564542,-13.1985380970801,-12.6603564645537,-13.0690936244197
1.574,-12.88990818566,-13.2264568274889,-12.6813317169389,-13.0965702258151
1.57433333333333,-12.9159395726928,-13.2508034048207,-12.6985852199664,-13.1206080306282
1.57466666666667,-12.9384348599466,-13.2714578838956,-12.7120339341604,-13.1410774975921
1.575,-12.957279408649,-13.2883065005957,-12.7216035992274,-13.1578558278905
1.57533333333333,-12.9723660523166,-13.3012429965337,-12.7272296532358,-13.1708283148055
1.57566666666667,-12.9835963107715,-13.3101699158695,-12.7288580750947,-13.1798896546184
1.576,-12.990881551006,-13.3149998499577,-12.7264461332774,-13.1849451949434
1.57633333333333,-12.9941440730733,-13.3156566054064,-12.7199630252819,-13.1859120967099
1.57666666666667,-12.9933180998015,-13.3120762717454,-12.7093903943618,-13.182720386779
1.577,-12.9883506504088,-13.3042081662813,-12.6947227125604,-13.1753138796957
1.57733333333333,-12.9792022800441,-13.2920156358537,-12.6759675219429,-13.1636509493374
1.57766666666667,-12.9658476698368,-13.2754766980546,-12.6531455290705,-13.1477051341711
1.578,-12.9482760551541,-13.254584507955,-12.6262905510567,-13.1274655633896
1.57833333333333,-12.9264914833271,-13.2293476403794,-12.5954493148954,-13.1029371952389
1.57866666666667,-12.9005128959847,-13.1997901821368,-12.5606811150066,-13.0741408632221
1.579,-12.8703740351964,-13.1659516331799,-12.522057337002,-13.0411131304061
1.57933333333333,-12.8361231766887,-13.1278866202493,-12.4796608584262,-13.0039059565723
1.57966666666667,-12.7978226973417,-13.0856644309768,-12.4335853395647,-12.9625861872722
1.58,-12.7555484878048,-13.0393683805021,-12.3839344192994,-12.917234877803
1.58033333333333,-12.7093892242903,-12.9890950262451,-12.3308208323465,-12.8679464685491
1.58066666666667,-12.6594455162877,-12.9349532494562,-12.2743654650475,-12.8148278309481
1.581,-12.6058289490117,-12.8770632244328,-12.2146963671864,-12.7579972054318
1.58133333333333,-12.5486610408129,-12.8155552978154,-12.1519477371087,-12.6975830540354
1.58166666666667,-12.4880721365216,-12.7505688011314,-12.0862588967721,-12.6337228509554
1.582,-12.4242002577885,-12.682250819773,-12.0177732723173,-12.5665618342001
1.58233333333333,-12.3571899309724,-12.6107549409372,-11.9466373943932,-12.4962517406755
1.58266666666667,-12.2871910120756,-12.5362400017956,-11.8729999308674,-12.4229495456824
1.583,-12.2143575267342,-12.4588688574207,-11.7970107627993,-12.3468162259637
1.58333333333333,-12.1388465414197,-12.3788071858568,-11.718820112695,-12.2680155632419
1.58366666666667,-12.0608170799151,-12.2962223453453,-11.6385777322042,-12.1867130027688
1.584,-11.9804290968758,-12.2112822961632,-11.5564321545853,-12.1030745788438
1.58433333333333,-11.897842517986,-12.1241545969602,-11.4725300155364,-12.0172659166841
1.58466666666667,-11.8132163539341,-12.0350054829389,-11.3870154443818,-11.9294513175149
1.585,-11.7267078932511,-11.9439990308168,-11.3000295261635,-11.8397929313736
1.58533333333333,-11.6384719770171,-11.8512964132842,-11.2117098339201,-11.7484500199399
1.58566666666667,-11.5486603565985,-11.7570552436772,-11.1221900293569,-11.6555783097618
1.586,-11.4574211339595,-11.6614290098467,-11.0315995292238,-11.5613294345594
1.58633333333333,-11.3648982826976,-11.5645665947356,-10.9400632340085,-11.4658504638755
1.58666666666667,-11.2712312468104,-11.4666118799798,-10.8477013150223,-11.369283514195
1.587,-11.1765546132776,-11.3677034279067,-10.7546290555746,-11.2717654377637
1.58733333333333,-11.0809978538562,-11.2679742366189,-10.660956741707,-11.1734275836954
1.58766666666667,-10.9846851309845,-11.1675515623739,-10.5667895978373,-11.0743956255162
1.588,-10.8877351623917,-11.0665568032035,-10.4722277626694,-10.9747894490637
1.58833333333333,-10.7902611388489,-10.9651054376068,-10.3773663007981,-10.8747230945767
1.58866666666667,-10.6923706894881,-10.8633070121928,-10.2822952455952,-10.7743047468736
1.589,-10.5941658892067,-10.7612651723022,-10.1870996691681,-10.6736367676922
1.58933333333333,-10.4957433028599,-10.6590777298773,-10.0918597754262,-10.5728157645132
1.58966666666667,-10.3971940611992,-10.5568367631703,-9.99665101256901,-10.4719326905224
1.59,-10.2986039638099,-10.4546287432301,-9.90154420159119,-10.3710729707186
1.59033333333333,-10.2000536046489,-10.3525346825076,-9.80660567770769,-10.2703166495822
1.59066666666667,-10.1016185161305,-10.2506303013191,-9.71189744189012,-10.1697385561137
1.591,-10.0033693280797,-10.1489862083247,-9.61747732000477,-10.0694084824707
1.59133333333333,-9.90537193823624,-10.047668091579,-9.52339912731959,-9.96939137282815
1.59166666666667,-9.80768769134643,-9.94673691710394,-9.42971283641606,-9.86974751947685
1.592,-9.71037356422932,-9.84624913231252,-9.33646474679571,-9.77053276354485
1.59233333333333,-9.61348235452003,-9.74625687195261,-9.24369765469969,-9.67179869806849
1.59266666666667,-9.51706287110439,-9.64680816457773,-9.15145102188108,-9.57359287146623
1.593,-9.42116012453642,-9.54794713784006,-9.05976114225924,-9.47595898975458
1.59333333333333,-9.32581551598869,-9.44971422118129,-8.9686613055691,-9.37893711611991
1.59366666666667,-9.23106702352013,-9.35214634473623,-8.87818195727258,-9.28256386669378
1.594,-9.13694938465532,-9.25527713348729,-8.7883508541443,-9.18687260159835
1.59433333333333,-9.04349427446046,-9.15913709590162,-8.69919321507012,-9.0918936105179
1.59466666666667,-8.95073047846208,-9.06375380645058,-8.610731866702,-8.99765429221525
1.595,-8.85868405990889,-8.96915208156696,-8.52298738371716,-8.90417932756523
1.59533333333333,-8.76737852099913,-8.87535414871893,-8.43597822350597,-8.81149084579778
1.59566666666667,-8.6768349578083,-8.78237980839332,-8.3497208551866,-8.71960858375143
1.596,-8.58707220874993,-8.69024658887598,-8.26422988290754,-8.62855003803486
1.59633333333333,-8.49810699648066,-8.59896989379725,-8.17951816344755,-8.5383306100677
1.59666666666667,-8.40995406322855,-8.50856314247341,-8.09559691816598,-8.44896374403637
1.597,-8.32262629958582,-8.4190379031373,-8.01247583939418,-8.36046105785855
1.59733333333333,-8.23613486684885,-8.33040401918946,-7.93016319138479,-8.27283246728904
1.59766666666667,-8.15048931302988,-8.24266972863947,-7.84866590595908,-8.18608630333547
1.598,-8.06569768269627,-8.15584177693748,-7.76798967301217,-8.10022942318141
1.59833333333333,-7.98176662081606,-8.06992552341472,-7.68813902604868,-8.01526731483453
1.59866666666667,-7.89870147080662,-7.98492504156708,-7.60911742292951,-7.93120419572911
1.599,-7.8165063669992,-7.90084321343025,-7.53092732202016,-7.8480431055287
1.59933333333333,-7.73518432173962,-7.81768181829773,-7.4535702539334,-7.76578599337659
1.59966666666667,-7.65473730735074,-7.73544161603828,-7.37704688905976,-7.68443379984483
1.6,-7.57516633318738,-7.65412242526991,-7.30135710108146,-7.60398653383595
1.60033333333333,-7.49647151801287,-7.5737231966451,-7.22650002666237,-7.52444334468717
1.60066666666667,-7.41865215792467,-7.49424208149665,-7.15247412150205,-7.44580258972118
1.601,-7.34170679005409,-7.41567649609163,-7.07927721294121,-7.36806189748726
1.60133333333333,-7.26563325226131,-7.33802318173112,-7.00690654929872,-7.29121822692532
1.60166666666667,-7.19042873903663,-7.26127826092631,-6.9353588461139,-7.21526792267976
1.602,-7.11608985381821,-7.18543728987526,-6.86463032946456,-7.14020676678158
1.60233333333333,-7.04261265792625,-7.11049530745447,-6.79471677652363,-7.06603002691074
1.60266666666667,-6.96999271630433,-7.03644688092903,-6.72561355350882,-6.99273250143703
1.603,-6.89822514025478,-6.96328614857969,-6.65731565117654,-6.92030856143397
1.60333333333333,-6.82730462734376,-6.89100685943223,-6.58981771800234,-6.84875218984869
1.60366666666667,-6.75722549864436,-6.81960241026711,-6.52311409118311,-6.77805701800035
1.604,-6.6879817334784,-6.74906588007838,-6.45719882559124,-6.70821635957423
1.60433333333333,-6.61956700180933,-6.67939006214118,-6.39206572080377,-6.63922324226726
1.60466666666667,-6.55197469443048,-6.61056749383924,-6.32770834632231,-6.57107043723259
1.605,-6.48519795108529,-6.54259048439437,-6.26412006509421,-6.5037504864634
1.60533333333333,-6.41922968664964,-6.47545114063378,-6.20129405544053,-6.43725572824861
1.60566666666667,-6.35406261549736,-6.40914139092032,-6.13922333148746,-6.37157832082314
1.606,-6.28968927416477,-6.3436530073663,-6.0779007621958,-6.3067102643308
1.60633333333333,-6.22610204242307,-6.27897762644279,-6.01731908907571,-6.24264342120982
1.60666666666667,-6.16329316285927,-6.21510676808876,-5.95747094266919,-6.17936953510323
1.607,-6.10125475906415,-6.15203185342079,-5.89834885787849,-6.11688024839244
1.60733333333333,-6.03997885251539,-6.08974422113441,-5.83994528821355,-6.05516711844424
1.60766666666667,-5.97945737824185,-6.02823514268532,-5.78225261902742,-5.99422163265662
1.608,-5.91968219934817,-5.96749583633091,-5.72526317980387,-5.93403522238288
1.60833333333333,-5.86064512047519,-5.90751748010987,-5.66896925555913,-5.87459927581075
1.60866666666667,-5.80233790026468,-5.84829122382949,-5.61336309741312,-5.81590514986344
1.609,-5.74475226289574,-5.78980820012909,-5.55843693238554,-5.75794418119149
1.60933333333333,-5.68787990875342,-5.73205953468162,-5.50418297246591,-5.70070769631482
1.60966666666667,-5.63171252428689,-5.67503635559098,-5.45059342300461,-5.64418702097237
1.61,-5.5762417911119,-5.61872980204134,-5.39766049046992,-5.58837348873392
1.61033333333333,-5.5214593944076,-5.56313103224815,-5.34537638961182,-5.53325844892372
1.61066666666667,-5.46735703065459,-5.50823123075931,-5.2937333500716,-5.47883327390246
1.611,-5.41392641475852,-5.45402161515039,-5.24272362247306,-5.42508936575152
1.61133333333333,-5.36115928660139,-5.40049344215652,-5.1923394840307,-5.37201816240095
1.61166666666667,-5.30904741705735,-5.34763801327848,-5.14257324370487,-5.31961114323821
1.612,-5.2575826135108,-5.29544667990036,-5.09341724693544,-5.26785983423429
1.61233333333333,-5.20675672491001,-5.24391084795246,-5.04486387998128,-5.21675581262031
1.61266666666667,-5.15656164638683,-5.19302198214993,-4.99690557389106,-5.16629071114476
1.613,-5.10698932347348,-5.14277160983828,-4.94953480813093,-5.1164562219416
1.61333333333333,-5.0580317559429,-5.09315132447224,-4.90274411389164,-5.06724410003569
1.61366666666667,-5.00968100129882,-5.04415278875373,-4.85652607709615,-5.01864616651076
1.614,-4.96192917793898,-4.99576773745291,-4.81087334112793,-4.97065431136306
1.61433333333333,-4.91476846801518,-4.94798797993528,-4.76577860929961,-4.92326049606425
1.61466666666667,-4.86819112000955,-4.9008054024145,-4.72123464707801,-4.87645675585186
1.615,-4.82218945104782,-4.85421196995148,-4.67723428408332,-4.83023520176815
1.61533333333333,-4.7767558489677,-4.80819972821742,-4.63377041587734,-4.78458802246483
1.61566666666667,-4.73188277415853,-4.76276080503715,-4.59083600555467,-4.73950748578941
1.616,-4.68756276118946,-4.71788741172998,-4.54842408515134,-4.69498594017016
1.61633333333333,-4.64378842024034,-4.6735718442613,-4.50652775688271,-4.65101581581334
1.61666666666667,-4.60055243834921,-4.62980648421946,-4.46514019422267,-4.60758962572607
1.617,-4.55784758048945,-4.58658379963051,-4.42425464283487,-4.56469996657801
1.61733333333333,-4.5156666904894,-4.54389634562303,-4.38386442136729,-4.52233951941364
1.61766666666667,-4.47400269180435,-4.50173676495356,-4.3439629221183,-4.48050105022551
1.618,-4.43284858815314,-4.46009778840369,-4.30454361158443,-4.43917741039931
1.61833333333333,-4.39219746402817,-4.41897223505827,-4.26560003089804,-4.39836153704039
1.61866666666667,-4.35204248508809,-4.37835301247337,-4.22712579616221,-4.35804645318995
1.619,-4.31237689844264,-4.33823311674326,-4.18911459869097,-4.31822526794007
1.61933333333333,-4.27319403283676,-4.29860563247356,-4.15156020516161,-4.27889117645498
1.61966666666667,-4.23448729874203,-4.25946373266796,-4.11445645768517,-4.24003745990573
1.62,-4.19625018836205,-4.22080067853577,-4.07779727380133,-4.20165748532492
1.62033333333333,-4.15847627555906,-4.18260981922638,-4.04157664640396,-4.16374470538861
1.62066666666667,-4.12115921570707,-4.14488459149653,-4.00578864360161,-4.12629265813017
1.621,-4.08429274547758,-4.1076185193159,-3.97042740851848,-4.08929496659221
1.62133333333333,-4.04787068256379,-4.07080521341679,-3.93548715904084,-4.05274533842194
1.62166666666667,-4.01188692534697,-4.03443837079144,-3.90096218751214,-4.01663756541383
1.622,-3.97633545251113,-3.99851177414291,-3.86684686038213,-3.98096552300516
1.62233333333333,-3.94121032260924,-3.96301929129284,-3.83313561781275,-3.94572316972764
1.62266666666667,-3.90650567358577,-3.92795487455008,-3.79982297324523,-3.91090454661965
1.623,-3.87221572225865,-3.89331256004393,-3.76690351293056,-3.8765037766022
1.62333333333333,-3.83833476376505,-3.85908646702572,-3.73437189542791,-3.8425150638225
1.62366666666667,-3.80485717097341,-3.8252707971411,-3.70222285107251,-3.80893269296785
1.624,-3.77177739386538,-3.7918598336766,-3.67045118141647,-3.77575102855273
1.62433333333333,-3.73908995889051,-3.75884794078324,-3.63905175864505,-3.74296451418257
1.62466666666667,-3.70678946829583,-3.7262295626791,-3.60801952497021,-3.71056767179552
1.625,-3.67487059943352,-3.69399922283377,-3.57734949200433,-3.6785551008856
1.62533333333333,-3.64332810404865,-3.662151523137,-3.54703674011572,-3.64692147770911
1.62566666666667,-3.61215680754928,-3.63068114305303,-3.51707641776798,-3.61566155447615
1.626,-3.58135160826037,-3.5995828387627,-3.48746374084477,-3.58477015852916
1.62633333333333,-3.55090747666472,-3.5688514422957,-3.45819399196236,-3.55424219151093
1.62666666666667,-3.52081945463108,-3.53848186065361,-3.42926251977057,-3.52407262852252
1.627,-3.49108265463233,-3.5084690749261,-3.40066473824427,-3.49425651727383
1.62733333333333,-3.46169225895459,-3.47880813940123,-3.3723961259666,-3.46478897722745
1.62766666666667,-3.43264351889883,-3.44949418067132,-3.34445222540491,-3.4356651987374
1.628,-3.40393175397637,-3.42052239673555,-3.3168286421811,-3.40688044218398
1.62833333333333,-3.37555235109955,-3.3918880561007,-3.28952104433706,-3.37843003710584
1.62866666666667,-3.34750076376836,-3.36358649688052,-3.26252516159636,-3.35030938133034
1.629,-3.31977251125445,-3.33561312589511,-3.23583678462308,-3.32251394010295
1.62933333333333,-3.29236317778356,-3.30796341777135,-3.20945176427896,-3.29503924521728
1.62966666666667,-3.26526841171669,-3.28063291404457,-3.18336601087916,-3.26788089414548
1.63,-3.23848392473162,-3.25361722226285,-3.15757549344791,-3.24103454917079
1.63033333333333,-3.21200549100508,-3.22691201509449,-3.13207623897449,-3.21449593652258
1.63066666666667,-3.18582894639631,-3.20051302943898,-3.10686433167017,-3.18826084551417
1.631,-3.15995018763285,-3.17441606554239,-3.08193591222681,-3.16232512768468
1.63133333333333,-3.13436517149914,-3.14861698611782,-3.05728717707788,-3.1366846959451
1.63166666666667,-3.10906991402842,-3.12311171547095,-3.0329143776618,-3.11133552372902
1.632,-3.08406048969831,-3.09789623863153,-3.00881381968889,-3.08627364414876
1.63233333333333,-3.0593330306311,-3.07296660049123,-2.98498186241165,-3.06149514915703
1.63266666666667,-3.03488372579842,-3.04831890494789,-2.96141491789933,-3.03699618871479
1.633,-3.01070882023131,-3.02394931405693,-2.93810945031672,-3.01277296996549
1.63333333333333,-2.98680461423582,-2.99985404718999,-2.91506197520793,-2.98882175641603
1.63366666666667,-2.9631674626144,-2.97602938020106,-2.89226905878504,-2.96513886712477
1.634,-2.93979377389353,-2.95247164460048,-2.86972731722218,-2.94172067589687
1.63433333333333,-2.9166800095579,-2.92917722673707,-2.8474334159554,-2.91856361048718
1.63466666666667,-2.89382268329117,-2.90614256698833,-2.82538406898819,-2.89566415181082
1.635,-2.87121836022368,-2.88336415895915,-2.80357603820313,-2.8730188331617
1.63533333333333,-2.84886365618753,-2.86083854868918,-2.78200613267995,-2.85062423943929
1.63566666666667,-2.82675523697862,-2.83856233386874,-2.76067120801988,-2.82847700638349
1.636,-2.80488981762659,-2.81653216306379,-2.7395681656767,-2.80657381981792
1.63633333333333,-2.78326416167215,-2.79474473494966,-2.71869395229453,-2.7849114149019
1.63666666666667,-2.76187508045219,-2.77319679755385,-2.69804555905249,-2.76348657539066
1.637,-2.74071943239282,-2.75188514750799,-2.67762002101623,-2.74229613290458
1.63733333333333,-2.71979412231046,-2.73080662930891,-2.65741441649678,-2.72133696620699
1.63766666666667,-2.69909610072089,-2.70995813458897,-2.63742586641633,-2.70060600049088
1.638,-2.6786223631563,-2.68933660139539,-2.61765153368128,-2.68010020667425
1.63833333333333,-2.65836994949083,-2.66893901347922,-2.59808862256269,-2.6598166007046
1.63866666666667,-2.63833594327399,-2.64876239959319,-2.57873437808395,-2.63975224287204
1.639,-2.61851747107255,-2.62880383279903,-2.55958608541577,-2.61990423713154
1.63933333333333,-2.59891170182071,-2.6090604297841,-2.54064106927882,-2.60026973043389
1.63966666666667,-2.57951584617835,-2.58952935018699,-2.52189669335341,-2.58084591206566
1.64,-2.56032715589776,-2.57020779593256,-2.50335035969694,-2.5616300129979
1.64033333333333,-2.54134292319865,-2.55109301057619,-2.48499950816858,-2.54261930524397
1.64066666666667,-2.52256048015127,-2.53218227865685,-2.46684161586139,-2.52381110122575
1.641,-2.50397719806803,-2.51347292505974,-2.44887419654201,-2.50520275314908
1.64133333333333,-2.48559048690317,-2.49496231438756,-2.43109480009755,-2.48679165238767
1.64166666666667,-2.46739779466065,-2.47664785034098,-2.41350101198998,-2.46857522887574
1.642,-2.44939660681025,-2.45852697510797,-2.39609045271783,-2.45055095050933
1.64233333333333,-2.43158444571192,-2.44059716876215,-2.37886077728527,-2.43271632255628
1.64266666666667,-2.41395887004792,-2.42285594866967,-2.36180967467839,-2.41506888707456
1.643,-2.3965174742632,-2.40530086890502,-2.34493486734881,-2.39760622233913
1.64333333333333,-2.3792578880138,-2.38792951967551,-2.32823411070445,-2.38032594227733
1.64366666666667,-2.36217777562293,-2.37073952675415,-2.31170519260741,-2.36322569591229
1.644,-2.34527483554521,-2.35372855092123,-2.29534593287913,-2.34630316681492
1.64433333333333,-2.32854679983848,-2.33689428741421,-2.2791541828124,-2.32955607256384
1.64466666666667,-2.31199143364339,-2.32023446538586,-2.26312782469043,-2.31298216421341
1.645,-2.2956065346707,-2.30374684737083,-2.24726477131293,-2.2965792257699
1.64533333333333,-2.27938993269619,-2.28742922876031,-2.23156296552906,-2.28034507367554
1.64566666666667,-2.26333948906304,-2.27127943728466,-2.21602037977713,-2.26427755630033
1.646,-2.24745309619151,-2.25529533250404,-2.200635015631,-2.24837455344165
1.64633333333333,-2.23172867709638,-2.23947480530711,-2.18540490335344,-2.23263397583167
1.64666666666667,-2.21616418491117,-2.22381577741725,-2.17032810145573,-2.21705376465211
1.647,-2.20075760242003,-2.20831620090663,-2.15540269626417,-2.20163189105671
1.64733333333333,-2.18550694159644,-2.19297405771794,-2.14062680149278,-2.18636635570093
1.64766666666667,-2.17041024314908,-2.17778735919338,-2.12599855782265,-2.17125518827912
1.648,-2.15546557607466,-2.16275414561134,-2.1115161324874,-2.15629644706878
1.64833333333333,-2.14067103721768,-2.14787248573028,-2.09717771886516,-2.1414882184821
1.64866666666667,-2.12602475083686,-2.13314047633971,-2.08298153607654,-2.12682861662434
1.649,-2.11152486817837,-2.11855624181855,-2.06892582858878,-2.1123157828594
1.64933333333333,-2.09716956705573,-2.10411793370029,-2.05500886582606,-2.09794788538205
1.64966666666667,-2.08295705143614,-2.08982373024517,-2.04122894178557,-2.08372311879702
1.65,-2.06888555103338,-2.07567183601925,-2.02758437465966,-2.06963970370478
1.65033333333333,-2.05495332090706,-2.06166048148013,-2.0140735064638,-2.05569588629388
1.65066666666667,-2.04115864106808,-2.04778792256935,-2.00069470267009,-2.0418899379397
1.651,-2.0274998160904,-2.03405244031135,-1.98744635184679,-2.0282201548098
1.65133333333333,-2.01397517472894,-2.02045234041891,-1.9743268653031,-2.0146848574754
1.65166666666667,-2.00058306954342,-2.00698595290488,-1.96133467673971,-2.00128239052917
1.652,-1.98732187652822,-1.99365163170029,-1.94846824190467,-1.98801112220911
1.65233333333333,-1.9741899947482,-1.98044775427858,-1.93572603825478,-1.9748694440286
1.65266666666667,-1.96118584598008,-1.96737272128585,-1.92310656462201,-1.96185577041214
1.653,-1.94830787435979,-1.95442495617725,-1.91060834088549,-1.94896853833731
1.65333333333333,-1.93555454603528,-1.94160290485921,-1.89822990764844,-1.93620620698221
1.65366666666667,-1.92292434882487,-1.92890503533743,-1.8859698259202,-1.92356725737876
1.654,-1.91041579188118,-1.9163298373707,-1.87382667680334,-1.91105019207158
1.65433333333333,-1.89802740536038,-1.90387582213029,-1.86179906118573,-1.89865353478236
1.65466666666667,-1.8857577400967,-1.89154152186497,-1.84988559943734,-1.88637583007971
1.655,-1.87360536728221,-1.87932548957139,-1.83808493111196,-1.87421564305436
1.65533333333333,-1.86156887815177,-1.86722629866998,-1.8263957146537,-1.86217155899967
1.65566666666667,-1.849646883673,-1.85524254268599,-1.8148166271079,-1.85024218309719
1.656,-1.83783801424128,-1.84337283493593,-1.80334636383694,-1.8384261401076
1.65633333333333,-1.82614091937965,-1.83161580821899,-1.79198363824035,-1.82672207406641
1.65666666666667,-1.81455426744351,-1.81997011451359,-1.78072718147948,-1.81512864798478
1.657,-1.80307674533018,-1.80843442467889,-1.76957574220645,-1.80364454355517
1.65733333333333,-1.79170705819309,-1.79700742816122,-1.75852808629764,-1.79226846086182
1.65766666666667,-1.78044392916061,-1.78568783270528,-1.74758299659113,-1.78099911809592
1.658,-1.76928609905936,-1.77447436407004,-1.73673927262856,-1.76983525127539
1.65833333333333,-1.75823232614216,-1.7633657657495,-1.72599573040108,-1.75877561396939
1.65866666666667,-1.74728138582016,-1.75236079869776,-1.71535120209923,-1.74781897702715
1.659,-1.73643207039955,-1.74145824105882,-1.70480453586695,-1.73696412831136
1.65933333333333,-1.72568318882238,-1.73065688790076,-1.69435459555957,-1.72620987243587
1.65966666666667,-1.71503356641156,-1.71995555095416,-1.68400026050542,-1.71555503050761
1.66,-1.70448204462011,-1.70935305835504,-1.67374042527156,-1.70499843987292
1.66033333333333,-1.69402748078446,-1.69884825439186,-1.66357399943313,-1.69453895386781
1.66066666666667,-1.68366874788163,-1.68843999925674,-1.65349990734628,-1.68417544157247
1.661,-1.67340473429047,-1.67812716880071,-1.643517087925,-1.67390678756967
1.66133333333333,-1.66323434355679,-1.6679086542931,-1.63362449442129,-1.66373189170725
1.66166666666667,-1.65315649416213,-1.65778336218474,-1.62382109420894,-1.65364966886431
1.662,-1.64317011929656,-1.64775021387515,-1.61410586857085,-1.64365904872146
1.66233333333333,-1.63327416663487,-1.63780814548353,-1.60447781248966,-1.63375897553462
1.66266666666667,-1.62346759811661,-1.62795610762345,-1.59493593444173,-1.62394840791257
1.663,-1.61374938972958,-1.61819306518133,-1.5854792561945,-1.61422631859822
1.66333333333333,-1.60411853129691,-1.60851799709852,-1.57610681260709,-1.60459169425339
1.66366666666667,-1.59457402626756,-1.59892989615692,-1.56681765143399,-1.5950435352471
1.664,-1.58511489151015,-1.58942776876812,-1.55761083313207,-1.58558085544731
1.66433333333333,-1.5757401571103,-1.58001063476613,-1.54848543067053,-1.57620268201617
1.66466666666667,-1.56644886617109,-1.57067752720328,-1.53944052934396,-1.5669080552084
1.665,-1.55724007461682,-1.56142749214961,-1.53047522658841,-1.55769602817319
1.66533333333333,-1.54811285100001,-1.55225958849562,-1.5215886318004,-1.5485656667592
1.66566666666667,-1.53906627631138,-1.54317288775795,-1.51277986615877,-1.53951604932273
1.666,-1.53009944379305,-1.53416647388861,-1.50404806244945,-1.53054626653911
1.66633333333333,-1.52121145875473,-1.5252394430871,-1.49539236489305,-1.52165542121708
1.66666666666667,-1.5124014383928,-1.5163909036156,-1.48681192897513,-1.51284262811622
1.667,-1.50366851161239,-1.50761997561733,-1.47830592127923,-1.50410701376735
1.66733333333333,-1.49501181885241,-1.49892579093769,-1.46987351932258,-1.4954477162959
1.66766666666667,-1.48643051191318,-1.49030749294845,-1.46151391139442,-1.48686388524799
1.668,-1.47792375378711,-1.48176423637477,-1.45322629639692,-1.4783546814196
1.66833333333333,-1.46949071849196,-1.47329518712503,-1.4450098836886,-1.46991927668826
1.66866666666667,-1.46113059090674,-1.4648995221234,-1.43686389293027,-1.46155685384761
1.669,-1.45284256661043,-1.45657642914519,-1.42878755393344,-1.45326660644459
1.66933333333333,-1.44462585172321,-1.44832510665489,-1.42078010651119,-1.44504773861937
1.66966666666667,-1.43647966275015,-1.44014476364674,-1.41284080033127,-1.43689946494766
1.67,-1.4284032264276,-1.43203461948799,-1.40496889477169,-1.42882101028579
1.67033333333333,-1.42039577957191,-1.42399390376472,-1.39716365877858,-1.42081160961824
1.67066666666667,-1.41245656893066,-1.41602185613,-1.3894243707262,-1.41287050790749
1.671,-1.4045848510362,-1.40811772615471,-1.38175031827933,-1.40499695994653
1.67133333333333,-1.39677989206168,-1.40028077318065,-1.37414079825776,-1.39719023021352
1.67166666666667,-1.38904096767922,-1.39251026617607,-1.36659511650291,-1.38944959272902
1.672,-1.38136736292044,-1.38480548359349,-1.35911258774662,-1.38177433091528
1.67233333333333,-1.3737583720393,-1.37716571322994,-1.35169253548205,-1.37416373745802
1.67266666666667,-1.36621329837695,-1.36959025208924,-1.3443342918365,-1.36661711417027
1.673,-1.35873145422889,-1.36207840624673,-1.33703719744634,-1.35913377185846
1.67333333333333,-1.35131216071424,-1.35462949071605,-1.32980060133393,-1.35171303019074
1.67366666666667,-1.34395474764699,-1.34724282931804,-1.32262386078641,-1.3443542175672
1.674,-1.33665855340945,-1.33991775455185,-1.3155063412365,-1.33705667099242
1.67433333333333,-1.32942292482762,-1.33265360746807,-1.30844741614505,-1.3298197359499
1.67466666666667,-1.32224721704855,-1.32544973754385,-1.30144646688558,-1.32264276627853
1.675,-1.31513079341967,-1.31830550256006,-1.29450288263056,-1.31552512405104
1.67533333333333,-1.3080730253701,-1.31122026848051,-1.28761606023949,-1.30846617945447
1.67566666666667,-1.30107329229372,-1.30419340933287,-1.28078540414874,-1.3014653106724
1.676,-1.29413098143417,-1.2972243070918,-1.27401032626318,-1.29452190376915
1.67633333333333,-1.2872454877717,-1.29031235156363,-1.26729024584937,-1.28763535257584
1.67666666666667,-1.28041621391173,-1.28345694027314,-1.26062458943058,-1.28080505857822
1.677,-1.27364256997527,-1.27665747835199,-1.25401279068339,-1.27403043080625
1.67733333333333,-1.26692397349097,-1.26991337842899,-1.24745429033587,-1.26731088572553
1.67766666666667,-1.26025984928893,-1.26322406052208,-1.24094853606741,-1.26064584713039
1.678,-1.25364962939624,-1.25658895193204,-1.23449498241009,-1.25403474603862
1.67833333333333,-1.24709275293403,-1.25000748713792,-1.22809309065161,-1.24747702058806
1.67866666666667,-1.24058866601627,-1.24347910769409,-1.2217423287397,-1.24097211593452
1.679,-1.23413682165008,-1.23700326212889,-1.21544217118804,-1.23451948415163
1.67933333333333,-1.22773667963768,-1.23057940584498,-1.20919209898365,-1.22811858413207
1.67966666666667,-1.22138770647977,-1.22420700102115,-1.20299159949571,-1.22176888149038
1.68,-1.21508937528052,-1.21788551651577,-1.19684016638577,-1.21546984846739
1.68033333333333,-1.20884116565408,-1.21161442777171,-1.19073729951945,-1.20922096383608
1.68066666666667,-1.20264256363236,-1.20539321672277,-1.18468250487933,-1.20302171280887
1.681,-1.1964930615745,-1.1992213717016,-1.17867529447941,-1.19687158694652
1.68133333333333,-1.19039215807758,-1.19309838734906,-1.17271518628072,-1.19077008406832
1.68166666666667,-1.18433935788878,-1.18702376452493,-1.16680170410829,-1.18471670816372
1.682,-1.17833417181892,-1.18099701022018,-1.16093437756942,-1.17871096930535
1.68233333333333,-1.17237611665733,-1.17501763747044,-1.15511274197321,-1.17275238356346
1.68266666666667,-1.16646471508802,-1.16908516527091,-1.14933633825129,-1.16684047292155
1.683,-1.16059949560721,-1.16319911849265,-1.14360471287981,-1.16097476519345
1.68333333333333,-1.1547799924421,-1.15735902780001,-1.13791741780262,-1.15515479394167
1.68366666666667,-1.14900574547085,-1.15156442956954,-1.13227401035557,-1.1493800983969
1.684,-1.14327630014391,-1.14581486581002,-1.12667405319208,-1.14365022337891
1.68433333333333,-1.13759120740651,-1.14010988408382,-1.12111711420979,-1.13796471921863
1.68466666666667,-1.13195002362227,-1.1344490374294,-1.11560276647827,-1.13232314168138
1.685,-1.12635231049814,-1.12883188428509,-1.11013058816799,-1.12672505189134
1.68533333333333,-1.12079763501038,-1.12325798841402,-1.1047001624802,-1.1211700162572
1.68566666666667,-1.11528556933169,-1.11772691883018,-1.099311077578,-1.1156576063989
1.686,-1.10981569075953,-1.11223824972566,-1.09396292651843,-1.11018739907558
1.68633333333333,-1.10438758164547,-1.10679156039905,-1.08865530718556,-1.10475897611454
1.68666666666667,-1.09900082932563,-1.10138643518478,-1.08338782222459,-1.09937192434136
1.687,-1.0936550260522,-1.09602246338378,-1.07816007897705,-1.09402583551109
1.68733333333333,-1.08834976892606,-1.09069923919504,-1.07297168941686,-1.08872030624049
1.68766666666667,-1.0830846598303,-1.08541636164823,-1.06782227008741,-1.08345493794126
1.688,-1.07785930536486,-1.08017343453745,-1.0627114420396,-1.07822933675437
1.68833333333333,-1.07267331678216,-1.07497006635592,-1.05763883077081,-1.07304311348534
1.68866666666667,-1.06752630992362,-1.06980587023165,-1.05260406616474,-1.06789588354051
1.689,-1.06241790515726,-1.06468046386418,-1.04760678243227,-1.06278726686431
1.68933333333333,-1.05734772731619,-1.05959346946214,-1.04264661805307,-1.05771688787746
1.68966666666667,-1.05231540563799,-1.05454451368197,-1.0377232157182,-1.05268437541611
1.69,-1.04732057370508,-1.04953322756733,-1.03283622227351,-1.0476893626719
1.69033333333333,-1.04236286938601,-1.04455924648967,-1.0279852886639,-1.04273148713299
1.69066666666667,-1.03744193477748,-1.03962221008947,-1.02317006987843,-1.03781039052585
1.691,-1.03255741614745,-1.03472176221855,-1.01839022489623,-1.03292571875808
1.69133333333333,-1.02770896387893,-1.02985755088319,-1.01364541663323,-1.02807712186198
1.69166666666667,-1.02289623241472,-1.02502922818805,-1.00893531188969,-1.02326425393904
1.692,-1.01811888020294,-1.02023645028107,-1.00425958129848,-1.01848677310523
1.69233333333333,-1.01337656964334,-1.01547887729904,-0.999617899274148,-1.01374434143711
1.69266666666667,-1.00866896703454,-1.01075617331413,-0.995009943962791,-1.00903662491878
1.693,-1.00399574252186,-1.00606800628114,-0.990435397192576,-1.00436329338961
1.69333333333333,-0.999356570046149,-1.00141404798553,-0.985893944425061,-0.999724020492728
1.69366666666667,-0.994751127293202,-0.99679397399234,-0.981385274707217,-0.995118483624325
1.694,-0.990179095644027,-0.992207463595728,-0.976909080624155,-0.990546363883672
1.69433333333333,-0.985640160125819,-0.98765419976937,-0.972465058252568,-0.986007346023915
1.69466666666667,-0.981134009363648,-0.983133869117534,-0.968052907114823,-0.981501118403588
1.695,-0.976660335532935,-0.978646161826941,-0.963672330133777,-0.977027372938845
1.69533333333333,-0.972218834312501,-0.974190771619278,-0.959323033588203,-0.972585805056413
1.69566666666667,-0.967809204838472,-0.969767395704478,-0.955004727068919,-0.968176113647232
1.696,-0.963431149658711,-0.965375734734649,-0.950717123435526,-0.963798001020781
1.69633333333333,-0.959084374688051,-0.961015492758714,-0.946459938773811,-0.959451172860109
1.69666666666667,-0.954768589164066,-0.956686377177689,-0.942232892353716,-0.955135338177455
1.697,-0.950483505603633,-0.952388098700661,-0.938035706587992,-0.950850209270629
1.69733333333333,-0.946228839759997,-0.948120371301406,-0.933868106991411,-0.946595501679954
1.69766666666667,-0.942004310580538,-0.943882912175602,-0.929729822140571,-0.94237093414585
1.698,-0.937809640165167,-0.939675441698747,-0.925620583634319,-0.938176228567085
1.69833333333333,-0.933644553725267,-0.935497683384626,-0.921540126054689,-0.934011109959606
1.69866666666667,-0.929508779543319,-0.931349363844441,-0.917488186928483,-0.929875306415965
1.699,-0.925402048933038,-0.927230212746484,-0.913464506689336,-0.925768549065362
1.69933333333333,-0.921324096200141,-0.923139962776474,-0.90946882864039,-0.921690572034272
1.69966666666667,-0.917274658603651,-0.919078349598386,-0.905500898917442,-0.9176411124076
1.7,-0.913253476317811,-0.915045111815921,-0.901560466452688,-0.913619910190466
1.70033333333333,-0.9092602923945,-0.911039990934518,-0.897647282938959,-0.909626708270533
1.70066666666667,-0.905294852726205,-0.907062731323901,-0.893761102794447,-0.905661252380803
1.701,-0.901356906009569,-0.903113080181186,-0.889901683127995,-0.901723291063093
1.70133333333333,-0.897446203709406,-0.899190787494512,-0.886068783704823,-0.897812575631903
1.70166666666667,-0.893562500023287,-0.895295606007217,-0.882262166912802,-0.8939288601389
1.702,-0.889705551846583,-0.891427291182519,-0.878481597729154,-0.890071901337858
1.70233333333333,-0.885875118738076,-0.887585601168707,-0.874726843687679,-0.886241458650152
1.70266666666667,-0.88207096288601,-0.883770296764836,-0.870997674846409,-0.882437294130695
1.703,-0.878292849074642,-0.879981141386913,-0.867293863755748,-0.878659172434407
1.70333333333333,-0.874540544651302,-0.87621790103458,-0.863615185427047,-0.874906860783163
1.70366666666667,-0.870813819493867,-0.87248034425827,-0.859961417301649,-0.87118012893317
1.704,-0.867112445978777,-0.868768242126823,-0.856332339220349,-0.867478749142895
1.70433333333333,-0.86343619894942,-0.865081368195573,-0.852727733393288,-0.863802496141334
1.70466666666667,-0.859784855685043,-0.861419498474901,-0.849147384370296,-0.860151147096863
1.705,-0.856158195870049,-0.857782411399229,-0.845591079011617,-0.856524481586431
1.70533333333333,-0.852556001563781,-0.854169887796449,-0.842058606459093,-0.852922281565258
1.70566666666667,-0.848978057170675,-0.850581710857797,-0.838549758107706,-0.849344331336914
1.706,-0.845424149410898,-0.847017666108157,-0.835064327577545,-0.845790417523843
1.70633333333333,-0.841894067291363,-0.843477541376769,-0.831602110686177,-0.842260329038344
1.70666666666667,-0.838387602077145,-0.839961126768373,-0.828162905421378,-0.838753857053874
1.707,-0.834904547263344,-0.836468214634764,-0.824746511914257,-0.835270794976854
1.70733333333333,-0.831444698547303,-0.832998599546702,-0.821352732412776,-0.831810938418794
1.70766666666667,-0.828007853801235,-0.829552078266308,-0.817981371255604,-0.828374085168862
1.708,-0.824593813045212,-0.826128449719743,-0.814632234846351,-0.82496003516681
1.70833333333333,-0.821202378420589,-0.822727514970351,-0.811305131628182,-0.821568590476309
1.70866666666667,-0.81783335416373,-0.819349077192158,-0.807999872058742,-0.81819955525861
1.709,-0.814486546580142,-0.815992941643696,-0.804716268585456,-0.814852735746618
1.70933333333333,-0.811161764018974,-0.812658915642301,-0.801454135621189,-0.811527940219339
1.70966666666667,-0.80785881684783,-0.80934680853863,-0.798213289520195,-0.808224978976615
1.71,-0.804577517428005,-0.806056431691668,-0.794993548554414,-0.804943664314284
1.71033333333333,-0.801317680089976,-0.80278759844398,-0.791794732890142,-0.801683810499648
1.71066666666667,-0.798079121109309,-0.799540124097378,-0.788616664564959,-0.798445233747301
1.711,-0.794861658682858,-0.796313825888882,-0.785459167464999,-0.795227752195267
1.71133333333333,-0.791665112905312,-0.793108522967044,-0.782322067302563,-0.792031185881501
1.71166666666667,-0.78848930574605,-0.789924036368577,-0.779205191593972,-0.788855356720684
1.712,-0.785334061026329,-0.786760188995316,-0.776108369637787,-0.785700088481358
1.71233333333333,-0.782199204396784,-0.78361680559152,-0.773031432493309,-0.782565206763394
1.71266666666667,-0.779084563315234,-0.780493712721438,-0.769974212959327,-0.779450538975704
1.713,-0.775989967024797,-0.777390738747242,-0.766936545553241,-0.77635591431436
1.71333333333333,-0.772915246532292,-0.774307713807205,-0.763918266490398,-0.773281163740902
1.71366666666667,-0.769860234586961,-0.771244469794238,-0.760919213663733,-0.770226119961046
1.714,-0.766824765659453,-0.768200840334656,-0.757939226623691,-0.7671906174036
1.71433333333333,-0.763808675921126,-0.765176660767311,-0.754978146558422,-0.764174492199748
1.71466666666667,-0.760811803223608,-0.762171768122943,-0.752035816274232,-0.761177582162532
1.715,-0.757833987078644,-0.759186001103838,-0.74911208017631,-0.758199726766677
1.71533333333333,-0.75487506863821,-0.756219200063792,-0.746206784249719,-0.755240767128682
1.71566666666667,-0.751934890674917,-0.753271206988285,-0.743319776040614,-0.752300545987145
1.716,-0.749013297562663,-0.750341865475,-0.740450904637761,-0.749378907683399
1.71633333333333,-0.746110135257541,-0.747431020714519,-0.737600020654247,-0.746475698142378
1.71666666666667,-0.743225251279035,-0.744538519471388,-0.734766976209505,-0.743590764853773
1.717,-0.740358494691427,-0.741664210065315,-0.731951624911497,-0.740723956853415
1.71733333333333,-0.737509716085499,-0.738807942352752,-0.729153821839216,-0.737875124704915
1.71766666666667,-0.734678767560448,-0.735969567708599,-0.726373423525368,-0.735044120481565
1.718,-0.731865502706047,-0.733148939008253,-0.723610287939299,-0.732230797748474
1.71833333333333,-0.729069776585089,-0.73034591060986,-0.720864274470171,-0.729435011544937
1.71866666666667,-0.726291445715989,-0.727560338336785,-0.71813524391032,-0.726656618367061
1.719,-0.723530368055688,-0.724792079460357,-0.715423058438878,-0.723895476150582
1.71933333333333,-0.720786402982742,-0.722040992682815,-0.712727581605582,-0.721151444253985
1.71966666666667,-0.71805941128069,-0.719306938120509,-0.710048678314822,-0.718424383441764
1.72,-0.715349255121547,-0.716589777287293,-0.707386214809861,-0.715714155867966
1.72033333333333,-0.712655798049625,-0.713889373078169,-0.704740058657319,-0.713020625059923
1.72066666666667,-0.7099789049655,-0.711205589753125,-0.702110078731817,-0.710343655902227
1.721,-0.707318442110215,-0.708538292921211,-0.699496145200828,-0.707683114620885
1.72133333333333,-0.704674277049693,-0.705887349524813,-0.696898129509763,-0.705038868767716
1.72166666666667,-0.702046278659339,-0.703252627824127,-0.694315904367199,-0.702410787204941
1.722,-0.699434317108879,-0.700633997381851,-0.691749343730352,-0.69979874008994
1.72233333333333,-0.696838263847353,-0.698031329048096,-0.6891983227907,-0.697202598860307
1.72266666666667,-0.694257991588361,-0.69544449494545,-0.686662717959827,-0.694622236218996
1.723,-0.691693374295442,-0.692873368454286,-0.68414240685541,-0.692057526119712
1.72333333333333,-0.689144287167693,-0.69031782419823,-0.681637268287447,-0.689508343752511
1.72366666666667,-0.686610606625547,-0.687777738029841,-0.679147182244606,-0.686974565529539
1.724,-0.68409221029677,-0.685252987016462,-0.67667202988079,-0.68445606907101
1.72433333333333,-0.681588977002596,-0.682743449426288,-0.674211693501862,-0.681952733191329
1.72466666666667,-0.679100786744079,-0.680249004714565,-0.671766056552533,-0.679464437885422
1.725,-0.67662752068861,-0.677769533510002,-0.669335003603448,-0.676991064315216
1.72533333333333,-0.674169061156607,-0.675304917601389,-0.666918420338402,-0.67453249479634
1.72566666666667,-0.671725291608383,-0.672855039924306,-0.664516193541758,-0.672088612784939
1.726,-0.669296096631178,-0.670419784548097,-0.662128211085999,-0.669659302864718
1.72633333333333,-0.66688136192637,-0.667999036662944,-0.659754361919445,-0.667244450734114
1.72666666666667,-0.664480974296838,-0.665592682567153,-0.657394536054148,-0.664843943193642
1.727,-0.662094821634493,-0.663200609654577,-0.655048624553908,-0.662457668133424
1.72733333333333,-0.659722792907981,-0.660822706402214,-0.652716519522489,-0.660085514520869
1.72766666666667,-0.657364778150534,-0.658458862357968,-0.650398114091927,-0.657727372388484
1.728,-0.655020668447951,-0.656108968128549,-0.648093302411039,-0.655383132821889
1.72833333333333,-0.6526903559268,-0.653772915367562,-0.645801979634059,-0.653052687947947
1.72866666666667,-0.650373733742716,-0.651450596763716,-0.643524041909408,-0.650735930923084
1.729,-0.648070696068844,-0.649141906029196,-0.641259386368616,-0.648432755921704
1.72933333333333,-0.64578113808448,-0.646846737888195,-0.639007911115406,-0.64614305812481
1.72966666666667,-0.643504955963808,-0.644564988065571,-0.636769515214864,-0.643866733708749
1.73,-0.641242046864804,-0.642296553275674,-0.634544098682799,-0.641603679834067
1.73033333333333,-0.638992308918274,-0.640041331211287,-0.632331562475227,-0.639353794634582
1.73066666666667,-0.63675564121704,-0.637799220532749,-0.630131808477946,-0.637116977206495
1.731,-0.634531943805252,-0.635570120857155,-0.627944739496294,-0.634893127597742
1.73133333333333,-0.632321117667839,-0.633353932747762,-0.625770259245019,-0.632682146797405
1.73166666666667,-0.630123064720104,-0.631150557703471,-0.623608272338263,-0.630483936725305
1.732,-0.62793768779742,-0.628959898148483,-0.621458684279676,-0.628298400221685
1.73233333333333,-0.625764890645101,-0.626781857422067,-0.619321401452686,-0.626125441037066
1.73266666666667,-0.623604577908367,-0.62461633976845,-0.617196331110832,-0.623964963822195
1.733,-0.621456655122427,-0.622463250326857,-0.615083381368263,-0.621816874118137
1.73333333333333,-0.619321028702747,-0.620322495121655,-0.612982461190358,-0.619681078346506
1.73366666666667,-0.617197605935343,-0.618193981052642,-0.610893480384425,-0.617557483799773
1.734,-0.615086294967293,-0.616077615885416,-0.608816349590549,-0.615445998631752
1.73433333333333,-0.61298700479731,-0.613973308241937,-0.606750980272536,-0.613346531848155
1.73466666666667,-0.61089964526644,-0.611880967591133,-0.604697284708993,-0.611258993297308
1.735,-0.608824127048892,-0.609800504239659,-0.602655175984469,-0.609183293660939
1.73533333333333,-0.606760361642958,-0.607731829322771,-0.600624567980782,-0.607119344445125
1.73566666666667,-0.604708261362089,-0.605674854795314,-0.598605375368371,-0.605067057971321
1.736,-0.602667739326025,-0.603629493422813,-0.596597513597813,-0.603026347367503
1.73633333333333,-0.600638709452082,-0.60159565877267,-0.594600898891423,-0.600997126559449
1.73666666666667,-0.598621086446514,-0.599573265205491,-0.592615448234952,-0.598979310262079
1.737,-0.596614785796008,-0.597562227866507,-0.590641079369391,-0.596972813970949
1.73733333333333,-0.594619723759266,-0.595562462677094,-0.588677710782898,-0.594977553953833
1.73766666666667,-0.592635817358706,-0.59357388632643,-0.586725261702782,-0.592993447242395
1.738,-0.590662984372226,-0.591596416263189,-0.584783652087619,-0.591020411623971
1.73833333333333,-0.588701143325148,-0.589629970687427,-0.582852802619447,-0.589058365633487
1.73866666666667,-0.586750213482159,-0.587674468542476,-0.580932634696063,-0.587107228545403
1.739,-0.584810114839441,-0.585729829507023,-0.579023070423411,-0.585166920365824
1.73933333333333,-0.582880768116849,-0.583795973987204,-0.577124032608073,-0.583237361824689
1.73966666666667,-0.580962094750189,-0.581872823108872,-0.575235444749826,-0.581318474368019
1.74,-0.579054016883591,-0.5799602987099,-0.573357231034316,-0.57941018015032
1.74033333333333,-0.577156457362005,-0.5780583233326,-0.571489316325805,-0.577512402027027
1.74066666666667,-0.575269339723739,-0.576166820216257,-0.56963162616002,-0.575625063547074
1.741,-0.573392588193119,-0.574285713289698,-0.567784086737062,-0.573748088945519
1.74133333333333,-0.57152612767324,-0.572414927164024,-0.565946624914431,-0.571881403136316
1.74166666666667,-0.569669883738777,-0.570554387125354,-0.564119168200116,-0.570024931705103
1.742,-0.567823782628912,-0.568704019127716,-0.562301644745772,-0.568178600902131
1.74233333333333,-0.565987751240354,-0.566863749786001,-0.560493983339981,-0.566342337635265
1.74266666666667,-0.564161717120385,-0.565033506368997,-0.558696113401597,-0.56451606946305
1.743,-0.562345608460067,-0.563213216792512,-0.556907964973156,-0.56269972458788
1.74333333333333,-0.560539354087469,-0.561402809612588,-0.555129468714382,-0.560893231849259
1.74366666666667,-0.558742883461018,-0.559602214018786,-0.553360555895778,-0.559096520717115
1.744,-0.556956126662885,-0.557811359827552,-0.55160115839224,-0.557309521285194
1.74433333333333,-0.555179014392516,-0.556030177475673,-0.549851208676826,-0.555532164264591
1.74466666666667,-0.553411477960162,-0.554258598013796,-0.548110639814537,-0.553764380977255
1.745,-0.551653449280545,-0.552496553100035,-0.546379385456197,-0.552006103349681
1.74533333333333,-0.549904860866582,-0.550743974993657,-0.544657379832411,-0.550257263906612
1.74566666666667,-0.548165645823161,-0.549000796548829,-0.542944557747569,-0.548517795764807
1.746,-0.546435737841032,-0.547266951208458,-0.541240854573957,-0.546787632626943
1.74633333333333,-0.544715071190749,-0.545542372998086,-0.539546206245901,-0.545066708775526
1.74666666666667,-0.543003580716659,-0.543826996519872,-0.537860549254009,-0.543354959066927
1.747,-0.541301201831022,-0.542120756946638,-0.536183820639455,-0.541652318925437
1.74733333333333,-0.539607870508141,-0.540423590015987,-0.534515957988356,-0.539958724337434
1.74766666666667,-0.537923523278589,-0.538735432024484,-0.532856899426202,-0.538274111845598
1.748,-0.536248097223514,-0.53705621982192,-0.531206583612343,-0.536598418543201
1.74833333333333,-0.534581529968986,-0.535385890805638,-0.529564949734552,-0.534931582068476
1.74866666666667,-0.532923759680428,-0.533724382914913,-0.527931937503661,-0.533273540599008
1.749,-0.531274725057094,-0.532071634625413,-0.526307487148223,-0.531624232846241
1.74933333333333,-0.529634365326648,-0.530427584943723,-0.524691539409281,-0.529983598050043
1.74966666666667,-0.528002620239763,-0.52879217340193,-0.523084035535183,-0.528351575973296
1.75,-0.526379430064805,-0.527165340052268,-0.521484917276415,-0.526728106896594
1.75033333333333,-0.524764735582589,-0.525547025461832,-0.519894126880574,-0.525113131612965
1.75066666666667,-0.523158478081163,-0.523937170707349,-0.518311607087323,-0.523506591422697
1.751,-0.521560599350699,-0.522335717370014,-0.516737301123458,-0.521908428128179
1.75133333333333,-0.519971041678392,-0.520742607530383,-0.515171152698,-0.520318584028835
1.75166666666667,-0.518389747843461,-0.519157783763327,-0.513613105997357,-0.518737001916104
1.752,-0.516816661112187,-0.517581189133041,-0.512063105680535,-0.517163625068475
1.75233333333333,-0.515251725233007,-0.51601276718812,-0.510521096874416,-0.515598397246594
1.75266666666667,-0.513694884431673,-0.514452461956673,-0.508987025169083,-0.514041262688398
1.753,-0.512146083406466,-0.512900217941524,-0.50746083661318,-0.512492166104343
1.75333333333333,-0.510605267323457,-0.511355980115431,-0.505942477709364,-0.510951052672666
1.75366666666667,-0.509072381811832,-0.509819693916393,-0.504431895409785,-0.509417868034694
1.754,-0.507547372959266,-0.508291305242989,-0.502929037111607,-0.507892558290225
1.75433333333333,-0.506030187307352,-0.506770760449787,-0.501433850652607,-0.506375069992945
1.75466666666667,-0.504520771847077,-0.505258006342787,-0.499946284306804,-0.504865350145919
1.755,-0.503019074014351,-0.503752990174935,-0.498466286780142,-0.503363346197112
1.75533333333333,-0.501525041685602,-0.502255659641675,-0.496993807206238,-0.501869006034975
1.75566666666667,-0.500038623173401,-0.500765962876561,-0.495528795142153,-0.500382277984074
1.756,-0.498559767222137,-0.499283848446908,-0.49407120056422,-0.498903110800759
1.75633333333333,-0.497088423003772,-0.497809265349506,-0.49262097386393,-0.497431453668922
1.75666666666667,-0.49562454011359,-0.496342163006371,-0.491178065843853,-0.49596725619575
1.757,-0.49416806856605,-0.49488249126055,-0.489742427713604,-0.494510468407561
1.75733333333333,-0.492718958790648,-0.493430200371969,-0.488314011085867,-0.493061040745682
1.75766666666667,-0.49127716162785,-0.491985241013353,-0.486892767972441,-0.491618924062362
1.758,-0.489842628325046,-0.490547564266125,-0.485478650780365,-0.490184069616746
1.75833333333333,-0.488415310532573,-0.489117121616447,-0.48407161230805,-0.488756429070875
1.75866666666667,-0.486995160299771,-0.487693864951232,-0.48267160574147,-0.487335954485766
1.759,-0.485582130071086,-0.486277746554216,-0.481278584650407,-0.485922598317478
1.75933333333333,-0.484176172682214,-0.484868719102101,-0.479892502984718,-0.484516313413294
1.75966666666667,-0.482777241356289,-0.483466735660712,-0.47851331507065,-0.483117053007888
1.76,-0.481385289700119,-0.482071749681212,-0.477140975607209,-0.48172477071955
1.76033333333333,-0.480000271700463,-0.480683714996349,-0.47577543966255,-0.480339420546484
1.76066666666667,-0.478622141720338,-0.479302585816766,-0.474416662670422,-0.478960956863105
1.761,-0.477250854495377,-0.47792831672732,-0.473064600426629,-0.477589334416386
1.76133333333333,-0.475886365130237,-0.476560862683463,-0.471719209085578,-0.476224508322288
1.76166666666667,-0.474528629095026,-0.475200179007677,-0.470380445156804,-0.474866434062153
1.762,-0.473177602221776,-0.473846221385904,-0.469048265501586,-0.473515067479215
1.76233333333333,-0.471833240700976,-0.472498945864073,-0.467722627329564,-0.472170364775102
1.76266666666667,-0.470495501078107,-0.471158308844601,-0.466403488195413,-0.470832282506384
1.763,-0.469164340250253,-0.469824267083,-0.465090805995546,-0.469500777581174
1.76333333333333,-0.467839715462711,-0.468496777684473,-0.463784538964863,-0.468175807255748
1.76366666666667,-0.466521584305675,-0.467175798100551,-0.462484645673513,-0.466857329131229
1.764,-0.465209904710929,-0.465861286125812,-0.461191085023718,-0.465545301150269
1.76433333333333,-0.463904634948595,-0.464553199894566,-0.459903816246616,-0.464239681593798
1.76466666666667,-0.462605733623914,-0.463251497877654,-0.458622798899146,-0.462940429077806
1.765,-0.461313159674029,-0.461956138879197,-0.457347992860956,-0.461647502550146
1.76533333333333,-0.460026872364874,-0.460667082033462,-0.456079358331352,-0.460360861287376
1.76566666666667,-0.458746831288013,-0.459384286801711,-0.454816855826297,-0.459080464891647
1.766,-0.45747299635758,-0.458107712969096,-0.453560446175405,-0.457806273287615
1.76633333333333,-0.45620532780723,-0.456837320641602,-0.452310090518994,-0.456538246719383
1.76666666666667,-0.454943786187098,-0.455573070243003,-0.451065750305168,-0.455276345747501
1.767,-0.45368833236083,-0.454314922511867,-0.449827387286935,-0.454020531245945
1.76733333333333,-0.452438927502631,-0.453062838498578,-0.448594963519333,-0.452770764399198
1.76766666666667,-0.45119553309433,-0.451816779562414,-0.447368441356619,-0.451527006699315
1.768,-0.449958110922511,-0.450576707368631,-0.44614778344945,-0.450289219943021
1.76833333333333,-0.448726623075632,-0.449342583885591,-0.444932952742156,-0.449057366228881
1.76866666666667,-0.447501031941222,-0.448114371381924,-0.443723912469948,-0.447831407954444
1.769,-0.446281300203045,-0.44689203242371,-0.442520626156267,-0.446611307813451
1.76933333333333,-0.445067390838388,-0.445675529871709,-0.44132305761006,-0.445397028793085
1.76966666666667,-0.443859267115276,-0.444464826878596,-0.440131170923157,-0.444188534171218
1.77,-0.442656892589781,-0.443259886886248,-0.43894493046764,-0.442985787513702
1.77033333333333,-0.441460231103353,-0.442060673623053,-0.437764300893255,-0.4417887526717
1.77066666666667,-0.440269246780157,-0.440867151101236,-0.436589247124824,-0.44059739377903
1.771,-0.439083904024454,-0.439679283614232,-0.43541973435975,-0.439411675249534
1.77133333333333,-0.43790416751801,-0.438497035734089,-0.434255728065458,-0.438231561774507
1.77166666666667,-0.436730002217528,-0.437320372308855,-0.433097193976941,-0.437057018320105
1.772,-0.435561373352106,-0.436149258460069,-0.431944098094283,-0.435888010124822
1.77233333333333,-0.434398246420734,-0.43498365958021,-0.430796406680243,-0.43472450269698
1.77266666666667,-0.433240587189801,-0.433823541330196,-0.429654086257834,-0.43356646181223
1.773,-0.432088361690633,-0.432668869636942,-0.428517103607945,-0.432413853511097
1.77333333333333,-0.430941536217075,-0.431519610690877,-0.427385425766994,-0.431266644096559
1.77366666666667,-0.429800077323067,-0.430375730943551,-0.42625902002457,-0.430124800131632
1.774,-0.42866395182027,-0.429237197105241,-0.425137853921166,-0.428988288436976
1.77433333333333,-0.427533126775715,-0.428103976142561,-0.424021895245854,-0.427857076088567
1.77466666666667,-0.426407569509465,-0.42697603527615,-0.422911112034063,-0.426731130415337
1.775,-0.425287247592295,-0.425853341978326,-0.421805472565305,-0.425610418996875
1.77533333333333,-0.424172128843445,-0.424735863970809,-0.420704945361008,-0.424494909661162
1.77566666666667,-0.42306218132832,-0.423623569222439,-0.419609499182284,-0.423384570482278
1.776,-0.421957373356277,-0.422516425946941,-0.418519103027781,-0.422279369778209
1.77633333333333,-0.420857673478416,-0.421414402600699,-0.417433726131555,-0.421179276108591
1.77666666666667,-0.419763050485375,-0.420317467880549,-0.416353337960922,-0.420084258272549
1.777,-0.418673473405182,-0.419225590721613,-0.415277908214366,-0.418994285306532
1.77733333333333,-0.417588911501099,-0.418138740295137,-0.414207406819481,-0.417909326482151
1.77766666666667,-0.4165093342695,-0.417056886006368,-0.41314180393088,-0.416829351304077
1.778,-0.415434711437781,-0.415979997492435,-0.412081069928197,-0.415754329507927
1.77833333333333,-0.41436501296228,-0.414908044620272,-0.411025175414042,-0.414684231058198
1.77866666666667,-0.413300209026215,-0.413840997484543,-0.409974091212032,-0.413619026146208
1.779,-0.41224027003766,-0.4127788264056,-0.4089277883648,-0.412558685188049
1.77933333333333,-0.411185166627517,-0.411721501927468,-0.407886238132053,-0.411503178822603
1.77966666666667,-0.410134869647538,-0.410668994815835,-0.406849411988638,-0.410452477909519
1.78,-0.409089350168344,-0.409621276056077,-0.405817281622633,-0.409406553527254
1.78033333333333,-0.40804857947748,-0.408578316851284,-0.40478981893345,-0.40836537697113
1.78066666666667,-0.407012529077476,-0.407540088620331,-0.403766996029952,-0.407328919751382
1.781,-0.405981170683932,-0.406506562995954,-0.402748785228622,-0.406297153591261
1.78133333333333,-0.404954476223641,-0.40547771182285,-0.401735159051708,-0.40527005042514
1.78166666666667,-0.403932417832703,-0.404453507155798,-0.400726090225414,-0.404247582396639
1.782,-0.402914967854675,-0.40343392125778,-0.399721551678102,-0.40322972185677
1.78233333333333,-0.401902098838736,-0.402418926598167,-0.398721516538508,-0.402216441362103
1.78266666666667,-0.400893783537873,-0.40140849585086,-0.397725958133987,-0.401207713672957
1.783,-0.399889994907073,-0.400402601892516,-0.396734849988766,-0.400203511751585
1.78333333333333,-0.398890706101567,-0.399401217800743,-0.395748165822215,-0.399203808760423
1.78366666666667,-0.397895890475039,-0.398404316852332,-0.394765879547137,-0.398208578060296
1.784,-0.3969055215779,-0.397411872521503,-0.393787965268089,-0.397217793208701
1.78433333333333,-0.39591957315557,-0.396423858478187,-0.39281439727969,-0.396231427958062
1.78466666666667,-0.394938019146748,-0.395440248586289,-0.391845150064968,-0.395249456254045
1.785,-0.393960833681737,-0.394461016902004,-0.390880198293743,-0.394271852233843
1.78533333333333,-0.392987991080762,-0.39348613767213,-0.389919516820958,-0.393298590224516
1.78566666666667,-0.392019465852315,-0.392515585332407,-0.38896308068511,-0.392329644741327
1.786,-0.391055232691523,-0.391549334505859,-0.388010865106637,-0.391364990486113
1.78633333333333,-0.390095266478513,-0.390587360001175,-0.387062845486355,-0.390404602345648
1.78666666666667,-0.389139542276805,-0.389629636811094,-0.386118997403881,-0.389448455390051
1.787,-0.388188035331724,-0.388676140110793,-0.385179296616105,-0.38849652487117
1.78733333333333,-0.387240721068832,-0.387726845256318,-0.384243719055652,-0.387548786221037
1.78766666666667,-0.386297575092351,-0.386781727783014,-0.383312240829366,-0.386605215050281
1.788,-0.385358573183631,-0.385840763403965,-0.382384838216818,-0.385665787146611
1.78833333333333,-0.38442369129962,-0.384903928008479,-0.38146148766882,-0.384730478473255
1.78866666666667,-0.383492905571346,-0.383971197660543,-0.380542165805948,-0.38379926516748
1.789,-0.382566192302426,-0.383042548597334,-0.379626849417097,-0.382872123539072
1.78933333333333,-0.381643527967575,-0.382117957227731,-0.378715515458032,-0.381949030068862
1.78966666666667,-0.380724889211135,-0.381197400130815,-0.377808141049968,-0.381029961407251
1.79,-0.379810252845631,-0.380280854054449,-0.376904703478161,-0.380114894372759
1.79033333333333,-0.378899595850328,-0.379368295913791,-0.376005180190494,-0.379203805950587
1.79066666666667,-0.377992895369794,-0.378459702789891,-0.375109548796106,-0.378296673291195
1.791,-0.377090128712504,-0.37755505192826,-0.374217787064023,-0.377393473708875
1.79133333333333,-0.376191273349431,-0.376654320737468,-0.373329872921786,-0.376494184680377
1.79166666666667,-0.375296306912666,-0.375757486787752,-0.37244578445413,-0.375598783843499
1.792,-0.374405207194056,-0.37486452780965,-0.371565499901618,-0.374707248995748
1.79233333333333,-0.37351795214383,-0.373975421692628,-0.370688997659359,-0.373819558092942
1.79266666666667,-0.372634519869269,-0.373090146483731,-0.369816256275689,-0.372935689247914
1.793,-0.37175488863337,-0.37220868038625,-0.368947254450866,-0.372055620729145
1.79333333333333,-0.370879036853524,-0.371331001758402,-0.368081971035815,-0.371179330959465
1.79366666666667,-0.370006943100228,-0.37045708911201,-0.367220385030833,-0.370306798514743
1.794,-0.369138586095777,-0.369586921111219,-0.366362475584351,-0.369438002122592
1.79433333333333,-0.368273944712987,-0.368720476571204,-0.365508221991703,-0.368572920661105
1.79466666666667,-0.367412997973936,-0.367857734456895,-0.364657603693853,-0.367711533157568
1.795,-0.366555725048701,-0.366998673881722,-0.36381060027623,-0.366853818787221
1.79533333333333,-0.365702105254124,-0.366143274106367,-0.362967191467482,-0.365999756872016
1.79566666666667,-0.364852118052575,-0.365291514537525,-0.362127357138282,-0.365149326879367
1.796,-0.364005743050735,-0.364443374726685,-0.361291077300174,-0.364302508420956
1.79633333333333,-0.363162959998392,-0.363598834368925,-0.36045833210437,-0.363459281251525
1.79666666666667,-0.362323748787244,-0.362757873301689,-0.359629101840599,-0.362619625267658
1.797,-0.361488089449717,-0.361920471503627,-0.358803366935962,-0.361783520506632
1.79733333333333,-0.360655962157797,-0.361086609093398,-0.357981107953783,-0.360950947145212
1.79766666666667,-0.359827347221848,-0.360256266328512,-0.357162305592491,-0.360121885498508
1.798,-0.359002225089497,-0.359429423604181,-0.356346940684496,-0.359296316018839
1.79833333333333,-0.35818057634448,-0.358606061452162,-0.355534994195082,-0.35847421929456
1.79866666666667,-0.357362381705491,-0.357786160539636,-0.354726447221318,-0.357655576048965
1.799,-0.356547622025104,-0.356969701668086,-0.353921280990954,-0.356840367139159
1.79933333333333,-0.355736278288649,-0.356156665772188,-0.353119476861372,-0.35602857355495
1.79966666666667,-0.354928331613103,-0.355347033918696,-0.352321016318504,-0.355220176417761
1.8,-0.354123763246034,-0.354540787305372,-0.351525880975775,-0.35441515697953
1.80033333333333,-0.353322554564502,-0.353737907259892,-0.350734052573074,-0.353613496621665
1.80066666666667,-0.352524687074007,-0.352938375238793,-0.349945512975698,-0.352815176853945
1.801,-0.351730142407432,-0.352142172826393,-0.349160244173336,-0.352020179313493
1.80133333333333,-0.350938902323992,-0.351349281733773,-0.348378228279065,-0.35122848576371
1.80166666666667,-0.350150948708212,-0.350559683797696,-0.347599447528322,-0.350440078093265
1.802,-0.349366263568891,-0.349773360979617,-0.346823884277924,-0.349654938315045
1.80233333333333,-0.348584829038093,-0.348990295364646,-0.346051521005077,-0.34887304856516
1.80266666666667,-0.347806627370136,-0.348210469160546,-0.345282340306391,-0.348094391101931
1.803,-0.347031640940607,-0.347433864696717,-0.344516324896915,-0.347318948304889
1.80333333333333,-0.346259852245365,-0.346660464423228,-0.343753457609189,-0.346546702673795
1.80366666666667,-0.345491243899565,-0.34589025090982,-0.342993721392275,-0.345777636827664
1.804,-0.344725798636693,-0.345123206844938,-0.342237099310823,-0.345011733503793
1.80433333333333,-0.343963499307612,-0.344359315034772,-0.341483574544147,-0.344248975556809
1.80466666666667,-0.343204328879599,-0.343598558402299,-0.340733130385281,-0.343489345957704
1.805,-0.342448270435407,-0.342840919986338,-0.339985750240079,-0.342732827792911
1.80533333333333,-0.341695307172349,-0.342086382940624,-0.339241417626311,-0.341979404263365
1.80566666666667,-0.340945422401353,-0.341334930532862,-0.338500116172746,-0.341229058683579
1.806,-0.340198599546052,-0.340586546143817,-0.337761829618275,-0.340481774480732
1.80633333333333,-0.339454822141897,-0.339841213266418,-0.337026541811027,-0.33973753519376
1.80666666666667,-0.338714073835228,-0.339098915504832,-0.336294236707498,-0.338996324472455
1.807,-0.337976338382406,-0.338359636573595,-0.335564898371678,-0.338258126076584
1.80733333333333,-0.337241599648921,-0.337623360296701,-0.334838510974195,-0.337522923875006
1.80766666666667,-0.336509841608529,-0.336890070606751,-0.334115058791475,-0.33679070184479
1.808,-0.335781048342378,-0.33615975154407,-0.333394526204876,-0.336061444070364
1.80833333333333,-0.335055204038148,-0.335432387255842,-0.332676897699887,-0.335335134742643
1.80866666666667,-0.334332292989214,-0.334707961995279,-0.331962157865274,-0.334611758158193
1.809,-0.333612299593795,-0.333986460120747,-0.33125029139227,-0.333891298718383
1.80933333333333,-0.332895208354123,-0.333267866094957,-0.330541283073772,-0.333173740928555
1.80966666666667,-0.332181003875617,-0.332552164484112,-0.329835117803517,-0.332459069397185
1.81,-0.331469670866059,-0.331839339957106,-0.329131780575307,-0.331747268835094
1.81033333333333,-0.330761194134804,-0.331129377284696,-0.32843125648221,-0.331038324054607
1.81066666666667,-0.330055558591944,-0.3304222613387,-0.32773353071577,-0.33033221996877
1.811,-0.32935274924753,-0.329717977091197,-0.327038588565244,-0.329628941590536
1.81133333333333,-0.328652751210799,-0.329016509613734,-0.326346415416831,-0.32892847403199
1.81166666666667,-0.327955549689354,-0.328317844076556,-0.325656996752906,-0.328230802503574
1.812,-0.327261129988419,-0.327621965747797,-0.324970318151267,-0.327535912313293
1.81233333333333,-0.326569477510068,-0.326928859992746,-0.324286365284398,-0.326843788865954
1.81266666666667,-0.325880577752456,-0.32623851227305,-0.323605123918713,-0.326154417662422
1.813,-0.325194416309069,-0.325550908145986,-0.32292657991383,-0.325467784298849
1.81333333333333,-0.324510978867973,-0.324866033263698,-0.322250719221845,-0.324783874465926
1.81366666666667,-0.323830251211087,-0.32418387337245,-0.321577527886611,-0.32410267394816
1.814,-0.323152219213435,-0.323504414311898,-0.32090699204302,-0.323424168623121
1.81433333333333,-0.322476868842428,-0.322827642014361,-0.320239097916293,-0.322748344460736
1.81466666666667,-0.321804186157138,-0.322153542504093,-0.319573831821294,-0.322075187522553
1.815,-0.321134157307591,-0.321482101896566,-0.318911180161815,-0.321404683961034
1.81533333333333,-0.32046676853406,-0.320813306397775,-0.318251129429898,-0.320736820018844
1.81566666666667,-0.319802006166355,-0.32014714230351,-0.317593666205155,-0.32007158202816
1.816,-0.319139856623135,-0.319483595998679,-0.316938777154086,-0.319408956409971
1.81633333333333,-0.318480306411221,-0.31882265395661,-0.316286449029402,-0.318748929673379
1.81666666666667,-0.317823342124911,-0.318164302738366,-0.315636668669379,-0.318091488414947
1.817,-0.317168950445308,-0.317508528992067,-0.314989422997184,-0.317436619317985
1.81733333333333,-0.316517118139647,-0.316855319452223,-0.314344699020226,-0.31678430915191
1.81766666666667,-0.31586783206063,-0.316204660939056,-0.313702483829512,-0.316134544771574
1.818,-0.315221079145762,-0.315556540357849,-0.313062764599001,-0.31548731311659
1.81833333333333,-0.314576846416717,-0.314910944698289,-0.312425528584977,-0.314842601210712
1.81866666666667,-0.313935120978677,-0.314267861033822,-0.311790763125407,-0.314200396161161
1.819,-0.313295890019697,-0.313627276520998,-0.311158455639334,-0.313560685157996
1.81933333333333,-0.312659140810065,-0.312989178398853,-0.310528593626232,-0.312923455473476
1.81966666666667,-0.312024860701679,-0.312353553988258,-0.309901164665421,-0.312288694461443
1.82,-0.311393037127417,-0.311720390691305,-0.309276156415447,-0.311656389556678
1.82033333333333,-0.310763657600523,-0.311089675990688,-0.308653556613472,-0.311026528274294
1.82066666666667,-0.310136709714,-0.310461397449074,-0.308033353074689,-0.310399098209134
1.821,-0.309512181139986,-0.309835542708511,-0.307415533691726,-0.30977408703514
1.82133333333333,-0.308890059629174,-0.309212099489812,-0.306800086434057,-0.309151482504771
1.82166666666667,-0.308270333010195,-0.308591055591963,-0.306186999347419,-0.308531272448401
1.822,-0.307652989189037,-0.307972398891528,-0.305576260553246,-0.307913444773727
1.82233333333333,-0.30703801614846,-0.307356117342054,-0.304967858248088,-0.307297987465181
1.82266666666667,-0.30642540194741,-0.306742198973501,-0.304361780703037,-0.306684888583349
1.823,-0.305815134720443,-0.306130631891651,-0.303758016263188,-0.3060741362644
1.82333333333333,-0.305207202677166,-0.305521404277544,-0.303156553347069,-0.305465718719517
1.82366666666667,-0.304601594101647,-0.304914504386906,-0.30255738044608,-0.304859624234321
1.824,-0.303998297351885,-0.304309920549586,-0.301960486123966,-0.30425584116832
1.82433333333333,-0.303397300859219,-0.303707641169002,-0.301365859016264,-0.303654357954349
1.82466666666667,-0.302798593127811,-0.303107654721578,-0.300773487829757,-0.303055163098012
1.825,-0.302202162734079,-0.302509949756215,-0.300183361341968,-0.302458245177159
1.82533333333333,-0.301607998326156,-0.301914514893722,-0.299595468400597,-0.301863592841317
1.82566666666667,-0.301016088623361,-0.3013213388263,-0.299009797923025,-0.301271194811167
1.826,-0.300426422415665,-0.300730410316986,-0.298426338895781,-0.300681039878012
1.82633333333333,-0.299838988563156,-0.300141718199155,-0.297845080374042,-0.300093116903252
1.82666666666667,-0.299253775995525,-0.299555251375957,-0.297266011481094,-0.299507414817842
1.827,-0.298670773711541,-0.298970998819823,-0.296689121407857,-0.298923922621805
1.82733333333333,-0.298089970778544,-0.298388949571948,-0.296114399412367,-0.298342629383695
1.82766666666667,-0.297511356331925,-0.297809092741756,-0.295541834819287,-0.297763524240092
1.828,-0.296934919574631,-0.297231417506427,-0.294971417019409,-0.297186596395104
1.82833333333333,-0.296360649776657,-0.296655913110371,-0.294403135469156,-0.296611835119855
1.82866666666667,-0.295788536274553,-0.296082568864735,-0.293836979690126,-0.296039229751995
1.829,-0.29521856847093,-0.295511374146908,-0.293272939268578,-0.295468769695212
1.82933333333333,-0.294650735833974,-0.294942318400042,-0.292711003854982,-0.294900444418741
1.82966666666667,-0.294085027896959,-0.294375391132547,-0.292151163163536,-0.294334243456872
1.83,-0.293521434257766,-0.29381058191763,-0.291593406971685,-0.293770156408482
1.83033333333333,-0.292959944578419,-0.293247880392799,-0.291037725119691,-0.29320817293655
1.83066666666667,-0.292400548584591,-0.292687276259404,-0.290484107510139,-0.292648282767697
1.831,-0.291843236065162,-0.292128759282163,-0.289932544107492,-0.292090475691706
1.83133333333333,-0.291287996871737,-0.29157231928869,-0.28938302493765,-0.291534741561069
1.83166666666667,-0.29073482091819,-0.291017946169049,-0.288835540087484,-0.290981070290523
1.832,-0.290183698180217,-0.290465629875282,-0.288290079704405,-0.290429451856583
1.83233333333333,-0.289634618694873,-0.289915360420961,-0.287746633995914,-0.289879876297114
1.83266666666667,-0.289087572560126,-0.289367127880745,-0.287205193229168,-0.289332333710867
1.833,-0.28854254993442,-0.288820922389915,-0.286665747730547,-0.288786814257039
1.83333333333333,-0.287999541036231,-0.288276734143958,-0.286128287885223,-0.288243308154825
1.83366666666667,-0.28745853614362,-0.287734553398108,-0.285592804136736,-0.287701805683
1.834,-0.286919525593819,-0.287194370466923,-0.285059286986569,-0.287162297179464
1.83433333333333,-0.286382499782784,-0.286656175723847,-0.284527726993726,-0.286624773040827
1.83466666666667,-0.28584744916478,-0.286119959600788,-0.283998114774319,-0.286089223721983
1.835,-0.28531436425195,-0.285585712587686,-0.283470441001169,-0.285555639735674
1.83533333333333,-0.284783235613907,-0.285053425232114,-0.282944696403368,-0.285024011652095
1.83566666666667,-0.284254053877309,-0.284523088138828,-0.282420871765898,-0.284494330098454
1.836,-0.283726809725452,-0.283994691969382,-0.281898957929223,-0.283966585758578
1.83633333333333,-0.283201493897863,-0.283468227441712,-0.281378945788887,-0.283440769372498
1.83666666666667,-0.282678097189888,-0.282943685329717,-0.280860826295122,-0.282916871736042
1.837,-0.2821566104523,-0.282421056462871,-0.28034459045245,-0.282394883700441
1.83733333333333,-0.281637024590896,-0.281900331725819,-0.279830229319306,-0.281874796171925
1.83766666666667,-0.281119330566099,-0.281381502057978,-0.27931773400764,-0.281356600111329
1.838,-0.280603519392573,-0.280864558453145,-0.278807095682544,-0.280840286533703
1.83833333333333,-0.280089582138832,-0.280349491959116,-0.278298305561867,-0.280325846507928
1.83866666666667,-0.279577509926848,-0.27983629367728,-0.277791354915844,-0.279813271156314
1.839,-0.279067293931684,-0.279324954762257,-0.277286235066714,-0.279302551654248
1.83933333333333,-0.278558925381104,-0.278815466421507,-0.276782937388365,-0.278793679229787
1.83966666666667,-0.278052395555196,-0.278307819914959,-0.27628145330595,-0.278286645163293
1.84,-0.277547695786012,-0.277802006554625,-0.275781774295544,-0.277781440787071
1.84033333333333,-0.277044817457181,-0.277298017704247,-0.275283891883756,-0.27727805748498
1.84066666666667,-0.276543752003561,-0.276795844778917,-0.274787797647401,-0.276776486692082
1.841,-0.276044490910859,-0.276295479244718,-0.274293483213124,-0.276276719894278
1.84133333333333,-0.275547025715285,-0.275796912618358,-0.273800940257052,-0.275778748627933
1.84166666666667,-0.275051348003181,-0.275300136466811,-0.273310160504455,-0.27528256447954
1.842,-0.274557449410682,-0.274805142406977,-0.272821135729388,-0.274788159085347
1.84233333333333,-0.274065321623347,-0.274311922105305,-0.272333857754353,-0.274295524131023
1.84266666666667,-0.273574956375828,-0.273820467277461,-0.271848318449961,-0.27380465135129
1.843,-0.273086345451505,-0.273330769687973,-0.271364509734584,-0.273315532529597
1.84333333333333,-0.272599480682166,-0.272842821149891,-0.270882423574035,-0.272828159497758
1.84366666666667,-0.272114353947645,-0.272356613524441,-0.270402051981224,-0.272342524135634
1.844,-0.271630957175495,-0.271872138720693,-0.269923387015835,-0.271858618370771
1.84433333333333,-0.271149282340661,-0.271389388695223,-0.269446420783991,-0.271376434178086
1.84466666666667,-0.270669321465129,-0.270908355451773,-0.26897114543794,-0.270895963579525
1.845,-0.270191066617604,-0.270429031040933,-0.268497553175722,-0.270417198643739
1.84533333333333,-0.269714509913207,-0.269951407559801,-0.268025636240865,-0.269940131485744
1.84566666666667,-0.269239643513108,-0.269475477151675,-0.267555386922061,-0.269464754266624
1.846,-0.268766459624236,-0.269001232005703,-0.267086797552837,-0.268991059193179
1.84633333333333,-0.268294950498959,-0.268528664356592,-0.26661986051127,-0.268519038517635
1.84666666666667,-0.267825108434749,-0.268057766484281,-0.266154568219667,-0.268048684537299
1.847,-0.267356925773884,-0.267588530713621,-0.265690913144246,-0.267579989594276
1.84733333333333,-0.266890394903141,-0.26712094941406,-0.265228887794858,-0.267112946075131
1.84766666666667,-0.266425508253467,-0.26665501499935,-0.264768484724658,-0.266647546410602
1.848,-0.265962258299691,-0.266190719927228,-0.264309696529833,-0.266183783075275
1.84833333333333,-0.26550063756022,-0.265728056699106,-0.263852515849275,-0.2657216485873
1.84866666666667,-0.265040638596722,-0.265267017859793,-0.263396935364319,-0.265261135508074
1.849,-0.264582254013849,-0.264807595997162,-0.26294294779843,-0.264802236441951
1.84933333333333,-0.264125476458918,-0.264349783741876,-0.262490545916907,-0.264344944035941
1.84966666666667,-0.263670298621649,-0.263893573767094,-0.262039722526627,-0.263889250979426
1.85,-0.263216713233828,-0.26343895878816,-0.261590470475727,-0.263435150003849
1.85033333333333,-0.26276471306906,-0.262985931562332,-0.261142782653341,-0.262982633882448
1.85066666666667,-0.26231429094246,-0.262534484888484,-0.260696651989312,-0.262531695429953
1.851,-0.261865439710373,-0.262084611606822,-0.26025207145391,-0.262082327502308
1.85133333333333,-0.261418152270089,-0.261636304598604,-0.259809034057572,-0.261634522996386
1.85166666666667,-0.260972421559577,-0.261189556785859,-0.259367532850606,-0.261188274849712
1.852,-0.260528240557183,-0.260744361131096,-0.258927560922936,-0.260743576040186
1.85233333333333,-0.260085602281373,-0.26030071063705,-0.258489111403828,-0.260300419585798
1.85266666666667,-0.259644499790455,-0.259858598346384,-0.258052177461617,-0.259858798544368
1.853,-0.259204926182295,-0.259418017341436,-0.257616752303451,-0.259418706013265
1.85333333333333,-0.258766874594083,-0.25897896074394,-0.257182829175023,-0.258980135129138
1.85366666666667,-0.258330338202018,-0.258541421714755,-0.256750401360304,-0.258543079067662
1.854,-0.257895310221077,-0.258105393453603,-0.2563194621813,-0.258107531043258
1.85433333333333,-0.257461783904744,-0.257670869198806,-0.255890004997777,-0.257673484308826
1.85466666666667,-0.257029752544739,-0.257237842227033,-0.255462023207013,-0.257240932155511
1.855,-0.256599209470776,-0.256806305853017,-0.255035510243553,-0.256809867912416
1.85533333333333,-0.256170148050295,-0.256376253429319,-0.254610459578945,-0.256380284946361
1.85566666666667,-0.255742561688212,-0.255947678346066,-0.254186864721499,-0.255952176661617
1.856,-0.255316443826654,-0.255520574030694,-0.25376471921604,-0.255525536499668
1.85633333333333,-0.254891787944733,-0.255094933947705,-0.253344016643655,-0.255100357938953
1.85666666666667,-0.254468587558273,-0.254670751598403,-0.252924750621462,-0.254676634494607
1.857,-0.254046836219574,-0.254248020520664,-0.252506914802356,-0.254254359718236
1.85733333333333,-0.253626527517172,-0.253826734288676,-0.252090502874778,-0.253833527197656
1.85766666666667,-0.25320765507558,-0.253406886512701,-0.251675508562475,-0.253414130556648
1.858,-0.252790212555068,-0.25298847083884,-0.251261925624257,-0.252996163454735
1.85833333333333,-0.252374193651404,-0.252571480948771,-0.250849747853785,-0.252579619586924
1.85866666666667,-0.25195959209563,-0.252155910559548,-0.250438969079311,-0.252164492683477
1.859,-0.251546401653817,-0.251741753423323,-0.250029583163461,-0.251750776509672
1.85933333333333,-0.251134616126841,-0.251329003327142,-0.249621584003019,-0.251338464865582
1.85966666666667,-0.250724229350145,-0.250917654092699,-0.249214965528669,-0.250927551585822
1.86,-0.250315235193505,-0.25050769957611,-0.2488097217048,-0.250518030539335
1.86033333333333,-0.249907627560817,-0.250099133667678,-0.248405846529265,-0.250109895629161
1.86066666666667,-0.249501400389852,-0.249691950291675,-0.248003334033171,-0.249703140792204
1.861,-0.249096547652039,-0.249286143406107,-0.24760217828064,-0.249297759999015
1.86133333333333,-0.248693063352245,-0.248881707002502,-0.247202373368625,-0.248893747253565
1.86166666666667,-0.248290941528552,-0.248478635105671,-0.246803913426655,-0.248491096593029
1.862,-0.247890176252036,-0.248076921773503,-0.246406792616644,-0.248089802087548
1.86233333333333,-0.247490761626545,-0.247676561096747,-0.246011005132671,-0.247689857840046
1.86266666666667,-0.247092691788494,-0.247277547198774,-0.245616545200769,-0.247291257985976
1.863,-0.246695960906638,-0.246879874235391,-0.245223407078715,-0.246893996693131
1.86333333333333,-0.246300563181865,-0.246483536394607,-0.24483158505582,-0.246498068161419
1.86366666666667,-0.245906492846988,-0.246088527896427,-0.244441073452727,-0.246103466622657
1.864,-0.24551374416653,-0.245694842992643,-0.244051866621195,-0.245710186340363
1.86433333333333,-0.245122311436511,-0.245302475966627,-0.243663958943913,-0.245318221609532
1.86466666666667,-0.244732188984259,-0.244911421133114,-0.243277344834277,-0.244927566756459
1.865,-0.244343371168185,-0.24452167283801,-0.242892018736209,-0.244538216138511
1.86533333333333,-0.243955852377587,-0.244133225458181,-0.242507975123948,-0.244150164143918
1.86566666666667,-0.24356962703246,-0.243746073401253,-0.242125208501847,-0.243763405191606
1.866,-0.243184689583274,-0.243360211105396,-0.241743713404189,-0.243377933730954
1.86633333333333,-0.242801034510795,-0.242975633039157,-0.241363484394984,-0.24299374424163
1.86666666666667,-0.242418656325871,-0.24259233370123,-0.240984516067784,-0.242610831233364
1.867,-0.242037549569247,-0.242210307620276,-0.240606803045484,-0.242229189245778
1.86733333333333,-0.241657708811375,-0.241829549354726,-0.240230339980128,-0.241848812848182
1.86766666666667,-0.241279128652205,-0.241450053492588,-0.239855121552738,-0.241469696639374
1.868,-0.240901803721004,-0.241071814651244,-0.2394811424731,-0.241091835247457
1.86833333333333,-0.240525728676171,-0.240694827477287,-0.239108397479612,-0.240715223329648
1.86866666666667,-0.240150898205031,-0.240319086646293,-0.238736881339064,-0.240339855572091
1.869,-0.239777307023673,-0.239944586862671,-0.238366588846475,-0.239965726689663
1.86933333333333,-0.239404949876738,-0.239571322859448,-0.237997514824915,-0.239592831425793
1.86966666666667,-0.239033821537257,-0.239199289398106,-0.237629654125314,-0.239221164552284
1.87,-0.238663916806449,-0.23882848126838,-0.237263001626283,-0.238850720869118
1.87033333333333,-0.238295230513555,-0.238458893288091,-0.236897552233937,-0.238481495204282
1.87066666666667,-0.237927757515648,-0.238090520302959,-0.236533300881735,-0.238113482413584
1.871,-0.237561492697461,-0.237723357186421,-0.236170242530274,-0.237746677380485
1.87133333333333,-0.237196430971205,-0.237357398839453,-0.23580837216714,-0.237381075015902
1.87166666666667,-0.236832567276391,-0.236992640190404,-0.235447684806735,-0.237016670258049
1.872,-0.236469896579661,-0.236629076194803,-0.235088175490086,-0.236653458072259
1.87233333333333,-0.236108413874606,-0.236266701835209,-0.234729839284693,-0.236291433450796
1.87266666666667,-0.235748114181609,-0.235905512121004,-0.234372671284359,-0.235930591412717
1.873,-0.235388992547658,-0.235545502088259,-0.234016666609013,-0.235570927003651
1.87333333333333,-0.235031044046181,-0.235186666799538,-0.233661820404547,-0.235212435295675
1.87366666666667,-0.234674263776885,-0.234829001343739,-0.23330812784267,-0.234855111387124
1.874,-0.234318646865577,-0.234472500835925,-0.232955584120702,-0.234498950402423
1.87433333333333,-0.233964188464006,-0.234117160417154,-0.232604184461458,-0.234143947491933
1.87466666666667,-0.233610883749694,-0.233762975254324,-0.232253924113059,-0.233790097831771
1.875,-0.233258727925779,-0.233409940539994,-0.231904798348776,-0.233437396623661
1.87533333333333,-0.232907716220848,-0.233058051492234,-0.231556802466883,-0.23308583909476
1.87566666666667,-0.23255784388877,-0.23270730335446,-0.231209931790476,-0.232735420497505
1.876,-0.232209106208549,-0.232357691395266,-0.230864181667347,-0.232386136109446
1.87633333333333,-0.231861498484152,-0.232009210908281,-0.230519547469794,-0.2320379812331
1.87666666666667,-0.231515016044368,-0.231661857211987,-0.230176024594501,-0.231690951195778
1.877,-0.231169654242623,-0.231315625649594,-0.229833608462359,-0.231345041349437
1.87733333333333,-0.23082540845687,-0.230970511588853,-0.229492294518324,-0.23100024707052
1.87766666666667,-0.23048227408938,-0.230626510421916,-0.229152078231271,-0.230656563759816
1.878,-0.230140246566635,-0.230283617565189,-0.228812955093835,-0.230313986842282
1.87833333333333,-0.229799321339153,-0.229941828459166,-0.228474920622264,-0.229972511766919
1.87866666666667,-0.22945949388134,-0.229601138568288,-0.228137970356271,-0.229632134006594
1.879,-0.229120759691345,-0.229261543380784,-0.227802099858902,-0.229292849057916
1.87933333333333,-0.228783114290907,-0.228923038408533,-0.227467304716359,-0.228954652441069
1.87966666666667,-0.228446553225214,-0.228585619186903,-0.227133580537892,-0.228617539699675
1.88,-0.228111072062747,-0.228249281274616,-0.226800922955626,-0.228281506400639
1.88033333333333,-0.22777666639514,-0.227914020253601,-0.226469327624436,-0.227946548134016
1.88066666666667,-0.227443331837041,-0.227579831728834,-0.226138790221798,-0.227612660512846
1.881,-0.22711106402595,-0.227246711328218,-0.225809306447654,-0.227279839173036
1.88133333333333,-0.226779858622105,-0.22691465470242,-0.225480872024268,-0.226948079773201
1.88166666666667,-0.226449711308315,-0.226583657524742,-0.225153482696087,-0.226617377994528
1.882,-0.226120617789834,-0.226253715490981,-0.224827134229606,-0.226287729540638
1.88233333333333,-0.225792573794223,-0.225924824319272,-0.22450182241323,-0.225959130137437
1.88266666666667,-0.225465575071199,-0.225596979749972,-0.224177543057147,-0.225631575532992
1.883,-0.225139617392505,-0.225270177545509,-0.223854291993181,-0.225305061497386
1.88333333333333,-0.224814696551784,-0.224944413490254,-0.223532065074664,-0.224979583822578
1.88366666666667,-0.224490808364429,-0.22461968339037,-0.223210858176309,-0.224655138322283
1.884,-0.224167948667452,-0.224295983073703,-0.222890667194065,-0.224331720831815
1.88433333333333,-0.223846113319355,-0.223973308389618,-0.222571488045001,-0.224009327207972
1.88466666666667,-0.223525298199996,-0.223651655208894,-0.222253316667168,-0.223687953328904
1.885,-0.22320549921046,-0.223331019423572,-0.221936149019473,-0.223367595093964
1.88533333333333,-0.22288671227292,-0.22301139694683,-0.221619981081548,-0.2230482484236
1.88566666666667,-0.222568933330513,-0.222692783712866,-0.22130480885363,-0.222729909259207
1.886,-0.222252158347219,-0.222375175676752,-0.220990628356423,-0.222412573563013
1.88633333333333,-0.221936383307728,-0.222058568814309,-0.220677435630993,-0.222096237317938
1.88666666666667,-0.221621604217293,-0.221742959121992,-0.220365226738618,-0.221780896527485
1.887,-0.221307817101645,-0.221428342616751,-0.220053997760687,-0.221466547215591
1.88733333333333,-0.220995018006832,-0.221114715335904,-0.219743744798564,-0.221153185426517
1.88766666666667,-0.220683202999111,-0.220802073337027,-0.219434463973471,-0.220840807224729
1.888,-0.220372368164826,-0.220490412697825,-0.219126151426371,-0.220529408694764
1.88833333333333,-0.220062509610279,-0.220179729515992,-0.218818803317845,-0.220218985941104
1.88866666666667,-0.219753623461612,-0.219870019909113,-0.218512415827962,-0.219909535088072
1.889,-0.219445705864688,-0.219561280014538,-0.218206985156186,-0.219601052279694
1.88933333333333,-0.219138752984971,-0.219253505989257,-0.217902507521233,-0.219293533679591
1.88966666666667,-0.218832761007398,-0.218946694009769,-0.21759897916097,-0.218986975470853
1.89,-0.218527726136276,-0.218640840271988,-0.217296396332293,-0.218681373855927
1.89033333333333,-0.218223644595153,-0.218335940991116,-0.216994755311018,-0.21837672505649
1.89066666666667,-0.217920512626707,-0.218031992401513,-0.216694052391755,-0.218073025313347
1.891,-0.217618326492635,-0.217728990756602,-0.216394283887812,-0.217770270886302
1.89133333333333,-0.217317082473522,-0.217426932328743,-0.216095446131063,-0.217468458054052
1.89166666666667,-0.217016776868747,-0.217125813409115,-0.215797535471854,-0.217167583114071
1.892,-0.21671740599636,-0.216825630307612,-0.215500548278884,-0.216867642382493
1.89233333333333,-0.216418966192961,-0.216526379352726,-0.21520448093909,-0.216568632194006
1.89266666666667,-0.216121453813609,-0.216228056891432,-0.214909329857547,-0.216270548901736
1.893,-0.215824865231696,-0.215930659289084,-0.214615091457355,-0.215973388877135
1.89333333333333,-0.215529196838839,-0.215634182929301,-0.214321762179534,-0.215677148509877
1.89366666666667,-0.215234445044773,-0.215338624213851,-0.214029338482907,-0.215381824207745
1.894,-0.214940606277245,-0.215043979562557,-0.213737816844007,-0.215087412396522
1.89433333333333,-0.214647676981906,-0.214750245413179,-0.21344719375697,-0.214793909519885
1.89466666666667,-0.214355653622194,-0.2144574182213,-0.213157465733413,-0.214501312039298
1.895,-0.214064532679238,-0.214165494460242,-0.212868629302351,-0.214209616433905
1.89533333333333,-0.213774310651759,-0.213874470620936,-0.212580681010085,-0.213918819200423
1.89566666666667,-0.213484984055942,-0.213584343211829,-0.212293617420103,-0.213628916853042
1.896,-0.213196549425358,-0.213295108758781,-0.21200743511296,-0.213339905923315
1.89633333333333,-0.212909003310841,-0.213006763804956,-0.211722130686206,-0.213051782960061
1.89666666666667,-0.2126223422804,-0.21271930491072,-0.211437700754268,-0.212764544529261
1.897,-0.212336562919106,-0.212432728653547,-0.211154141948349,-0.212478187213945
1.89733333333333,-0.212051661828995,-0.212147031627907,-0.210871450916332,-0.212192707614112
1.89766666666667,-0.211767635628974,-0.211862210445162,-0.210589624322682,-0.211908102346612
1.898,-0.211484480954708,-0.211578261733488,-0.210308658848353,-0.211624368045052
1.89833333333333,-0.211202194458529,-0.211295182137752,-0.210028551190683,-0.211341501359704
1.89866666666667,-0.210920772809346,-0.211012968319422,-0.209749298063298,-0.211059498957395
1.899,-0.210640212692527,-0.210731616956473,-0.209470896196021,-0.210778357521403
1.89933333333333,-0.210360510809817,-0.210451124743287,-0.209193342334778,-0.210498073751393
1.89966666666667,-0.210081663879238,-0.210171488390547,-0.208916633241493,-0.210218644363282
1.9,-0.20980366863499,-0.209892704625161,-0.208640765694005,-0.209940066089169
1.90033333333333,-0.209526521827366,-0.209614770190148,-0.208365736485974,-0.20966233567723
1.90066666666667,-0.209250220222644,-0.209337681844552,-0.208091542426774,-0.209385449891617
1.901,-0.208974760603,-0.209061436363346,-0.207818180341429,-0.209109405512385
1.90133333333333,-0.208700139766417,-0.208786030537345,-0.207545647070486,-0.208834199335374
1.90166666666667,-0.208426354526592,-0.2085114611731,-0.207273939469962,-0.208559828172138
1.902,-0.208153401712835,-0.208237725092815,-0.207003054411219,-0.208286288849834
1.90233333333333,-0.20788127816999,-0.207964819134259,-0.206732988780903,-0.208013578211149
1.90266666666667,-0.20760998075834,-0.207692740150664,-0.206463739480835,-0.207741693114198
1.903,-0.207339506353514,-0.207421485010643,-0.206195303427932,-0.207470630432433
1.90333333333333,-0.207069851846405,-0.207151050598103,-0.205927677554121,-0.207200387054563
1.90366666666667,-0.206801014143066,-0.206881433812142,-0.205660858806241,-0.20693095988446
1.904,-0.20653299016464,-0.206612631566978,-0.205394844145977,-0.206662345841064
1.90433333333333,-0.206265776847268,-0.206344640791852,-0.205129630549751,-0.206394541858312
1.90466666666667,-0.205999371141989,-0.206077458430935,-0.204865215008644,-0.20612754488503
1.905,-0.205733770014665,-0.205811081443261,-0.204601594528329,-0.205861351884866
1.90533333333333,-0.2054689704459,-0.205545506802616,-0.204338766128954,-0.205595959836198
1.90566666666667,-0.205204969430944,-0.205280731497471,-0.20407672684509,-0.205331365732034
1.906,-0.20494176397961,-0.205016752530891,-0.203815473725628,-0.205067566579954
1.90633333333333,-0.204679351116196,-0.204753566920451,-0.203555003833709,-0.204804559402008
1.90666666666667,-0.204417727879397,-0.204491171698145,-0.203295314246624,-0.204542341234632
1.907,-0.204156891322223,-0.204229563910327,-0.203036402055753,-0.204280909128575
1.90733333333333,-0.203896838511912,-0.203968740617589,-0.202778264366477,-0.204020260148809
1.90766666666667,-0.203637566529859,-0.203708698894718,-0.202520898298091,-0.203760391374452
1.908,-0.203379072471527,-0.203449435830592,-0.202264300983734,-0.203501299898679
1.90833333333333,-0.203121353446365,-0.203190948528101,-0.202008469570301,-0.203242982828653
1.90866666666667,-0.202864406577733,-0.20293323410408,-0.201753401218373,-0.202985437285435
1.909,-0.202608229002816,-0.202676289689208,-0.201499093102133,-0.202728660403907
1.90933333333333,-0.202352817872558,-0.202420112427952,-0.201245542409285,-0.202472649332689
1.90966666666667,-0.202098170351556,-0.202164699478465,-0.200992746340989,-0.20221740123408
1.91,-0.201844283618022,-0.201910048012526,-0.200740702111771,-0.201962913283955
1.91033333333333,-0.201591154863665,-0.201656155215458,-0.200489406949458,-0.201709182671691
1.91066666666667,-0.201338781293646,-0.201403018286038,-0.200238858095092,-0.201456206600109
1.911,-0.201087160126476,-0.201150634436441,-0.199989052802863,-0.201203982285374
1.91133333333333,-0.20083628859396,-0.200899000892147,-0.199739988340035,-0.20095250695694
1.91166666666667,-0.200586163941109,-0.200648114891872,-0.199491661986857,-0.200701777857458
1.912,-0.20033678342607,-0.200397973687493,-0.199244071036515,-0.200451792242708
1.91233333333333,-0.200088144320055,-0.200148574543974,-0.198997212795035,-0.200202547381526
1.91266666666667,-0.199840243907255,-0.199899914739294,-0.198751084581223,-0.199954040555725
1.913,-0.199593079484778,-0.199651991564358,-0.198505683726588,-0.199706269060023
1.91333333333333,-0.199346648362574,-0.199404802322943,-0.198261007575275,-0.199459230201978
1.91366666666667,-0.199100947863355,-0.199158344331619,-0.198017053483989,-0.199212921301902
1.914,-0.198855975322533,-0.198912614919674,-0.197773818821927,-0.198967339692804
1.91433333333333,-0.198611728088145,-0.19866761142904,-0.197531300970701,-0.198722482720296
1.91466666666667,-0.198368203520776,-0.19842333121423,-0.197289497324281,-0.198478347742548
1.915,-0.198125398993496,-0.198179771642262,-0.197048405288921,-0.198234932130204
1.91533333333333,-0.197883311891785,-0.197936930092588,-0.196808022283078,-0.197992233266306
1.91566666666667,-0.197641939613462,-0.197694803957018,-0.196568345737358,-0.197750248546241
1.916,-0.197401279568629,-0.197453390639673,-0.196329373094441,-0.197508975377652
1.91633333333333,-0.197161329179582,-0.197212687556886,-0.196091101809021,-0.197268411180386
1.91666666666667,-0.196922085880748,-0.196972692137157,-0.195853529347727,-0.197028553386417
1.917,-0.196683547118644,-0.196733401821072,-0.195616653189066,-0.196789399439783
1.91733333333333,-0.196445710351761,-0.196494814061243,-0.195380470823352,-0.196550946796507
1.91766666666667,-0.196208573050536,-0.196256926322231,-0.195144979752643,-0.196313192924543
1.918,-0.195972132697268,-0.19601973608049,-0.194910177490671,-0.196076135303714
1.91833333333333,-0.195736386786064,-0.195783240824296,-0.194676061562787,-0.195839771425618
1.91866666666667,-0.195501332822757,-0.195547438053679,-0.194442629505876,-0.195604098793599
1.919,-0.195266968324851,-0.195312325280361,-0.194209878868322,-0.195369114922651
1.91933333333333,-0.195033290821451,-0.195077900027691,-0.193977807209918,-0.19513481733937
1.91966666666667,-0.194800297853214,-0.194844159830568,-0.19374641210182,-0.194901203581887
1.92,-0.194567986972256,-0.194611102235408,-0.193515691126468,-0.194668271199801
1.92033333333333,-0.194336355742115,-0.194378724800042,-0.193285641877548,-0.194436017754116
1.92066666666667,-0.194105401737682,-0.194147025093678,-0.193056261959903,-0.19420444081718
1.921,-0.193875122545116,-0.193916000696827,-0.192827548989483,-0.193973537972613
1.92133333333333,-0.193645515761821,-0.193685649201252,-0.192599500593291,-0.193743306815265
1.92166666666667,-0.193416578996347,-0.193455968209891,-0.19237211440931,-0.19351374495113
1.922,-0.19318830986835,-0.1932269553368,-0.192145388086449,-0.193284849997303
1.92233333333333,-0.192960706008529,-0.192998608207096,-0.191919319284479,-0.193056619581903
1.92266666666667,-0.192733765058549,-0.1927709244569,-0.191693905673981,-0.19282905134403
1.923,-0.192507484671003,-0.192543901733258,-0.191469144936273,-0.19260214293369
1.92333333333333,-0.192281862509335,-0.192317537694105,-0.191245034763366,-0.192375892011741
1.92366666666667,-0.192056896247793,-0.192091830008184,-0.191021572857902,-0.192150296249829
1.924,-0.191832583571353,-0.191866776355003,-0.190798756933077,-0.191925353330337
1.92433333333333,-0.191608922175682,-0.191642374424763,-0.190576584712621,-0.19170106094632
1.92466666666667,-0.191385909767063,-0.191418621918305,-0.190355053930694,-0.191477416801443
1.925,-0.191163544062342,-0.191195516547056,-0.190134162331871,-0.191254418609936
1.92533333333333,-0.190941822788867,-0.190973056032968,-0.189913907671061,-0.191032064096524
1.92566666666667,-0.190720743684436,-0.190751238108449,-0.189694287713458,-0.190810350996374
1.926,-0.190500304497244,-0.190530060516327,-0.189475300234479,-0.19058927705503
1.92633333333333,-0.19028050298581,-0.190309521009781,-0.189256943019721,-0.190368840028376
1.92666666666667,-0.190061336918936,-0.190089617352282,-0.189039213864892,-0.190149037682559
1.927,-0.189842804075643,-0.189870347317538,-0.188822110575769,-0.189929867793947
1.92733333333333,-0.189624902245121,-0.189651708689449,-0.188605630968126,-0.189711328149064
1.92766666666667,-0.189407629226673,-0.18943369926204,-0.188389772867698,-0.189493416544537
1.928,-0.18919098282965,-0.189216316839407,-0.188174534110113,-0.18927613078705
1.92833333333333,-0.188974960873408,-0.188999559235669,-0.187959912540853,-0.189059468693277
1.92866666666667,-0.188759561187258,-0.188783424274912,-0.187745906015189,-0.188843428089835
1.929,-0.188544781610391,-0.188567909791125,-0.187532512398126,-0.188628006813227
1.92933333333333,-0.188330619991849,-0.188353013628158,-0.187319729564358,-0.18841320270979
1.92966666666667,-0.188117074190456,-0.188138733639669,-0.187107555398221,-0.188199013635641
1.93,-0.187904142074768,-0.187925067689058,-0.186895987793625,-0.187985437456629
1.93033333333333,-0.187691821523024,-0.187712013649433,-0.186685024654017,-0.187772472048274
1.93066666666667,-0.187480110423099,-0.187499569403539,-0.186474663892317,-0.187560115295719
1.931,-0.187269006672433,-0.18728773284372,-0.186264903430883,-0.187348365093681
1.93133333333333,-0.187058508178005,-0.187076501871862,-0.186055741201441,-0.187137219346396
1.93166666666667,-0.186848612856253,-0.186865874399342,-0.185847175145055,-0.186926675967565
1.932,-0.186639318633053,-0.186655848346972,-0.185639203212064,-0.186716732880315
1.93233333333333,-0.186430623443648,-0.186446421644964,-0.185431823362027,-0.18650738801713
1.93266666666667,-0.186222525232607,-0.186237592232858,-0.185225033563694,-0.186298639319819
1.933,-0.186015021953768,-0.186029358059488,-0.185018831794937,-0.186090484739451
1.93333333333333,-0.185808111570195,-0.18582171708293,-0.184813216042717,-0.185882922236326
1.93366666666667,-0.185601792054126,-0.185614667270443,-0.184608184303017,-0.185675949779894
1.934,-0.185396061386923,-0.185408206598435,-0.184403734580814,-0.185469565348738
1.93433333333333,-0.185190917559027,-0.185202333052393,-0.184199864890016,-0.185263766930502
1.93466666666667,-0.184986358569905,-0.184997044626864,-0.183996573253425,-0.185058552521863
1.935,-0.184782382428006,-0.184792339325377,-0.183793857702677,-0.184853920128459
1.93533333333333,-0.18457898715071,-0.184588215160416,-0.183591716278216,-0.184649867764868
1.93566666666667,-0.184376170764279,-0.184384670153361,-0.183390147029224,-0.184446393454534
1.936,-0.184173931303818,-0.184181702334446,-0.183189148013585,-0.184243495229742
1.93633333333333,-0.183972266813221,-0.183979309742708,-0.182988717297844,-0.184041171131559
1.93666666666667,-0.183771175345125,-0.183777490425947,-0.182788852957153,-0.183839419209786
1.937,-0.183570654960863,-0.183576242440673,-0.182589553075228,-0.183638237522925
1.93733333333333,-0.183370703730422,-0.183375563852065,-0.182390815744311,-0.183437624138114
1.93766666666667,-0.183171319732404,-0.183175452733911,-0.182192639065108,-0.183237577131098
1.938,-0.182972501053952,-0.182975907168593,-0.181995021146764,-0.183038094586176
1.93833333333333,-0.182774245790739,-0.182776925247006,-0.181797960106804,-0.182839174596152
1.93866666666667,-0.182576552046908,-0.182578505068539,-0.181601454071093,-0.182640815262296
1.939,-0.182379417935022,-0.182380644741014,-0.1814055011738,-0.182443014694303
1.93933333333333,-0.18218284157603,-0.182183342380655,-0.181210099557342,-0.182245771010241
1.93966666666667,-0.181986821099215,-0.181986596112034,-0.18101524737235,-0.182049082336505
1.94,-0.181791354642157,-0.181790404068027,-0.180820942777616,-0.181852946807783
1.94033333333333,-0.181596440350685,-0.18159476438978,-0.180627183940066,-0.181657362567008
1.94066666666667,-0.181402076378837,-0.181399675226658,-0.180433969034702,-0.181462327765312
1.941,-0.18120826088881,-0.181205134736196,-0.180241296244565,-0.181267840561981
1.94133333333333,-0.181014992050926,-0.181011141084074,-0.180049163760698,-0.181073899124425
1.94166666666667,-0.180822268043587,-0.180817692444057,-0.179857569782098,-0.18088050162812
1.942,-0.180630087053228,-0.180624786997964,-0.179666512515678,-0.180687646256578
1.94233333333333,-0.180438447274277,-0.180432422935615,-0.179475990176221,-0.180495331201292
1.94266666666667,-0.180247346909125,-0.180240598454801,-0.179286000986344,-0.180303554661707
1.943,-0.180056784168061,-0.180049311761237,-0.179096543176457,-0.180112314845175
1.94333333333333,-0.179866757269253,-0.179858561068517,-0.178907614984719,-0.179921609966915
1.94366666666667,-0.179677264438697,-0.179668344598081,-0.178719214657002,-0.179731438249958
1.944,-0.179488303910179,-0.17947866057917,-0.178531340446849,-0.179541797925129
1.94433333333333,-0.179299873925225,-0.179289507248783,-0.17834399061543,-0.17935268723099
1.94466666666667,-0.179111972733081,-0.179100882851635,-0.178157163431511,-0.179164104413805
1.945,-0.178924598590651,-0.178912785640133,-0.177970857171409,-0.178976047727503
1.94533333333333,-0.178737749762474,-0.178725213874315,-0.177785070118953,-0.178788515433633
1.94566666666667,-0.178551424520675,-0.178538165821825,-0.177599800565447,-0.178601505801331
1.946,-0.178365621144931,-0.178351639757864,-0.17741504680963,-0.178415017107273
1.94633333333333,-0.178180337922422,-0.178165633965154,-0.177230807157645,-0.178229047635639
1.94666666666667,-0.177995573147813,-0.177980146733916,-0.177047079922988,-0.178043595678079
1.947,-0.177811325123187,-0.177795176361789,-0.176863863426474,-0.177858659533667
1.94733333333333,-0.177627592158039,-0.177610721153846,-0.176681155996207,-0.177674237508867
1.94766666666667,-0.17744437256921,-0.177426779422507,-0.176498955967541,-0.177490327917495
1.948,-0.177261664680857,-0.177243349487542,-0.17631726168303,-0.177306929080682
1.94833333333333,-0.177079466824432,-0.177060429675994,-0.176136071492406,-0.177124039326832
1.94866666666667,-0.176897777338621,-0.17687801832218,-0.175955383752536,-0.17694165699159
1.949,-0.17671659456932,-0.17669611376762,-0.175775196827384,-0.176759780417801
1.94933333333333,-0.176535916869596,-0.176514714361021,-0.175595509087983,-0.176578407955469
1.94966666666667,-0.176355742599647,-0.176333818458242,-0.175416318912382,-0.176397537961737
1.95,-0.17617607012677,-0.176153424422237,-0.175237624685631,-0.176217168800835
1.95033333333333,-0.175996897825324,-0.17597353062304,-0.175059424799732,-0.176037298844035
1.95066666666667,-0.17581822407669,-0.175794135437718,-0.1748817176536,-0.175857926469654
1.951,-0.175640047269243,-0.175615237250335,-0.174704501653045,-0.175679050062962
1.95133333333333,-0.175462365798302,-0.175436834451925,-0.17452777521072,-0.175500668016202
1.95166666666667,-0.175285178066113,-0.175258925440442,-0.174351536746095,-0.175322778728516
1.952,-0.175108482481801,-0.175081508620743,-0.174175784685417,-0.175145380605925
1.95233333333333,-0.174932277461341,-0.174904582404531,-0.174000517461681,-0.174968472061288
1.95266666666667,-0.174756561427512,-0.174728145210343,-0.173825733514593,-0.174792051514281
1.953,-0.174581332809885,-0.174552195463499,-0.173651431290538,-0.174616117391346
1.95333333333333,-0.174406590044771,-0.174376731596074,-0.173477609242541,-0.174440668125665
1.95366666666667,-0.174232331575182,-0.17420175204686,-0.173304265830241,-0.174265702157117
1.954,-0.174058555850814,-0.174027255261346,-0.173131399519852,-0.174091217932263
1.95433333333333,-0.173885261328008,-0.173853239691655,-0.172959008784126,-0.173917213904292
1.95466666666667,-0.173712446469704,-0.173679703796546,-0.172787092102333,-0.173743688533004
1.955,-0.173540109745428,-0.17350664604135,-0.172615647960218,-0.173570640284753
1.95533333333333,-0.173368249631238,-0.173334064897957,-0.172444674849972,-0.173398067632446
1.95566666666667,-0.173196864609707,-0.173161958844769,-0.172274171270196,-0.173225969055482
1.956,-0.173025953169885,-0.172990326366679,-0.172104135725875,-0.173054343039742
1.95633333333333,-0.172855513807267,-0.172819165955042,-0.171934566728336,-0.172883188077531
1.95666666666667,-0.172685545023751,-0.172648476107611,-0.17176546279523,-0.172712502667569
1.957,-0.172516045327622,-0.172478255328548,-0.171596822450485,-0.172542285314944
1.95733333333333,-0.172347013233515,-0.172308502128361,-0.17142864422429,-0.172372534531094
1.95766666666667,-0.172178447262374,-0.172139215023882,-0.171260926653052,-0.172203248833758
1.958,-0.172010345941427,-0.171970392538248,-0.171093668279367,-0.172034426746955
1.95833333333333,-0.171842707804155,-0.171802033200843,-0.170926867651996,-0.171866066800955
1.95866666666667,-0.171675531390267,-0.171634135547286,-0.170760523325822,-0.171698167532236
1.959,-0.171508815245655,-0.171466698119396,-0.170594633861838,-0.171530727483464
1.95933333333333,-0.171342557922371,-0.171299719465161,-0.170429197827093,-0.171363745203461
1.95966666666667,-0.171176757978598,-0.171133198138704,-0.170264213794683,-0.171197219247167
1.96,-0.171011413978615,-0.170967132700252,-0.170099680343705,-0.171031148175617
1.96033333333333,-0.170846524492773,-0.170801521716116,-0.169935596059242,-0.170865530555906
1.96066666666667,-0.17068208809745,-0.170636363758643,-0.169771959532316,-0.170700364961165
1.961,-0.170518103375046,-0.170471657406205,-0.169608769359877,-0.170535649970519
1.96133333333333,-0.170354568913928,-0.170307401243152,-0.169446024144759,-0.170371384169074
1.96166666666667,-0.170191483308417,-0.170143593859799,-0.169283722495658,-0.170207566147869
1.962,-0.170028845158745,-0.169980233852379,-0.1691218630271,-0.170044194503858
1.96233333333333,-0.169866653071044,-0.169817319823023,-0.168960444359421,-0.169881267839886
1.96266666666667,-0.169704905657299,-0.169654850379743,-0.168799465118721,-0.169718784764642
1.963,-0.16954360153533,-0.169492824136371,-0.168638923936849,-0.169556743892647
1.96333333333333,-0.169382739328755,-0.169331239712564,-0.168478819451374,-0.169395143844218
1.96366666666667,-0.169222317666966,-0.169170095733753,-0.168319150305551,-0.169233983245433
1.964,-0.16906233518511,-0.169009390831126,-0.168159915148296,-0.16907326072812
1.96433333333333,-0.16890279052404,-0.168849123641595,-0.168001112634159,-0.168912974929803
1.96466666666667,-0.168743682330298,-0.168689292807763,-0.167842741423298,-0.168753124493711
1.965,-0.168585009256098,-0.168529896977914,-0.167684800181444,-0.168593708068712
1.96533333333333,-0.168426769959276,-0.168370934805953,-0.167527287579882,-0.168434724309303
1.96566666666667,-0.168268963103279,-0.168212404951421,-0.167370202295422,-0.168276171875581
1.966,-0.168111587357133,-0.168054306079431,-0.167213543010359,-0.168118049433219
1.96633333333333,-0.167954641395405,-0.167896636860647,-0.167057308412476,-0.167960355653431
1.96666666666667,-0.167798123898203,-0.167739395971285,-0.166901497194979,-0.167803089212948
1.967,-0.167642033551115,-0.167582582093044,-0.166746108056509,-0.167646248793999
1.96733333333333,-0.167486369045211,-0.167426193913117,-0.166591139701081,-0.167489833084268
1.96766666666667,-0.167331129076995,-0.167270230124128,-0.166436590838083,-0.167333840776877
1.968,-0.167176312348387,-0.167114689424142,-0.166282460182238,-0.167178270570366
1.96833333333333,-0.167021917566711,-0.166959570516611,-0.166128746453575,-0.167023121168646
1.96866666666667,-0.166867943444639,-0.166804872110362,-0.165975448377414,-0.166868391281
1.969,-0.166714388700188,-0.166650592919561,-0.165822564684339,-0.166714079622032
1.96933333333333,-0.166561252056684,-0.166496731663701,-0.165670094110152,-0.166560184911658
1.96966666666667,-0.166408532242745,-0.166343287067561,-0.165518035395884,-0.166406705875072
1.97,-0.166256227992239,-0.166190257861189,-0.165366387287737,-0.166253641242723
1.97033333333333,-0.166104338044283,-0.166037642779876,-0.165215148537073,-0.166100989750283
1.97066666666667,-0.165952861143187,-0.165885440564124,-0.165064317900388,-0.165948750138635
1.971,-0.16580179603846,-0.165733649959632,-0.164913894139292,-0.165796921153841
1.97133333333333,-0.165651141484757,-0.165582269717257,-0.164763876020472,-0.165645501547105
1.97166666666667,-0.165500896241884,-0.165431298593008,-0.164614262315677,-0.165494490074776
1.972,-0.165351059074741,-0.165280735347999,-0.164465051801692,-0.165343885498289
1.97233333333333,-0.165201628753318,-0.165130578748438,-0.164316243260311,-0.165193686584171
1.97266666666667,-0.165052604052672,-0.164980827565602,-0.164167835478317,-0.165043892103997
1.973,-0.164903983752881,-0.164831480575811,-0.164019827247453,-0.164894500834371
1.97333333333333,-0.164755766639053,-0.164682536560392,-0.163872217364401,-0.164745511556909
1.97366666666667,-0.16460795150127,-0.164533994305681,-0.163725004630765,-0.164596923058199
1.974,-0.164460537134585,-0.164385852602975,-0.163578187853027,-0.164448734129797
1.97433333333333,-0.164313522338987,-0.16423811024852,-0.16343176584255,-0.164300943568187
1.97466666666667,-0.164166905919383,-0.16409076604348,-0.163285737415533,-0.164153550174758
1.975,-0.164020686685574,-0.163943818793921,-0.163140101393003,-0.1640065527558
1.97533333333333,-0.163874863452226,-0.163797267310781,-0.162994856600784,-0.163859950122451
1.97566666666667,-0.163729435038856,-0.163651110409851,-0.162850001869472,-0.163713741090698
1.976,-0.163584400269801,-0.163505346911757,-0.162705536034415,-0.16356792448134
1.97633333333333,-0.163439757974198,-0.163359975641912,-0.162561457935701,-0.163422499119973
1.97666666666667,-0.163295506985963,-0.163214995430539,-0.162417766418116,-0.163277463836964
1.977,-0.163151646143766,-0.163070405112593,-0.162274460331132,-0.163132817467422
1.97733333333333,-0.163008174291006,-0.162926203527784,-0.16213153852889,-0.162988558851191
1.97766666666667,-0.162865090275789,-0.16278238952053,-0.161988999870162,-0.162844686832809
1.978,-0.162722392950919,-0.162638961939937,-0.161846843218351,-0.162701200261498
1.97833333333333,-0.162580081173852,-0.162495919639791,-0.161705067441444,-0.162558097991139
1.97866666666667,-0.16243815380669,-0.162353261478515,-0.161563671412016,-0.16241537888025
1.979,-0.162296609716156,-0.162210986319164,-0.161422654007179,-0.162273041791953
1.97933333333333,-0.162155447773576,-0.162069093029393,-0.161282014108593,-0.162131085593977
1.97966666666667,-0.162014666854843,-0.16192758048144,-0.161141750602417,-0.161989509158615
1.98,-0.161874265840415,-0.161786447552102,-0.161001862379311,-0.161848311362707
1.98033333333333,-0.161734243615275,-0.161645693122718,-0.160862348334388,-0.161707491087619
1.98066666666667,-0.161594599068924,-0.161505316079139,-0.160723207367216,-0.16156704721923
1.981,-0.161455331095351,-0.161365315311713,-0.16058443838179,-0.161426978647893
1.98133333333333,-0.16131643859302,-0.161225689715265,-0.160446040286506,-0.161287284268433
1.98166666666667,-0.161177920464829,-0.161086438189068,-0.160308011994145,-0.161147962980116
1.982,-0.161039775618123,-0.160947559636832,-0.160170352421855,-0.161009013686624
1.98233333333333,-0.16090200296464,-0.16080905296668,-0.16003306049112,-0.160870435296043
1.98266666666667,-0.160764601420512,-0.16067091709112,-0.159896135127756,-0.160732226720842
1.983,-0.16062756990623,-0.160533150927031,-0.159759575261874,-0.160594386877843
1.98333333333333,-0.160490907346636,-0.160395753395647,-0.159623379827869,-0.160456914688211
1.98366666666667,-0.160354612670892,-0.160258723422523,-0.159487547764402,-0.160319809077428
1.984,-0.160218684812468,-0.160122059937531,-0.159352078014369,-0.160183068975275
1.98433333333333,-0.160083122709122,-0.159985761874827,-0.159216969524896,-0.160046693315809
1.98466666666667,-0.159947925302864,-0.159849828172836,-0.159082221247308,-0.159910681037346
1.985,-0.159813091539957,-0.159714257774235,-0.158947832137113,-0.159775031082442
1.98533333333333,-0.159678620370894,-0.159579049625924,-0.158813801153982,-0.159639742397867
1.98566666666667,-0.159544510750362,-0.159444202679014,-0.158680127261731,-0.159504813934591
1.986,-0.159410761637237,-0.159309715888812,-0.158546809428303,-0.159370244647769
1.98633333333333,-0.159277371994565,-0.159175588214786,-0.158413846625746,-0.159236033496704
1.98666666666667,-0.159144340789541,-0.159041818620558,-0.158281237830191,-0.159102179444851
1.987,-0.159011666993473,-0.158908406073886,-0.158148982021841,-0.158968681459777
1.98733333333333,-0.158879349581791,-0.158775349546631,-0.158017078184945,-0.158835538513154
1.98766666666667,-0.15874738753401,-0.15864264801475,-0.157885525307783,-0.158702749580739
1.988,-0.158615779833712,-0.158510300458281,-0.157754322382648,-0.158570313642344
1.98833333333333,-0.158484525468534,-0.158378305861306,-0.157623468405825,-0.158438229681842
1.98866666666667,-0.158353623430148,-0.158246663211952,-0.157492962377568,-0.158306496687111
1.989,-0.15822307271423,-0.158115371502359,-0.157362803302094,-0.158175113650054
1.98933333333333,-0.158092872320465,-0.157984429728671,-0.15723299018756,-0.158044079566557
1.98966666666667,-0.157963021252506,-0.157853836891006,-0.157103522046031,-0.157913393436474
1.99,-0.157833518517964,-0.157723591993446,-0.156974397893486,-0.157783054263609
1.99033333333333,-0.157704363128398,-0.157593694044022,-0.156845616749781,-0.15765306105571
1.99066666666667,-0.157575554099283,-0.157464142054685,-0.156717177638638,-0.157523412824429
1.991,-0.157447090449996,-0.157334935041292,-0.156589079587624,-0.157394108585322
1.99133333333333,-0.15731897120381,-0.157206072023599,-0.156461321628146,-0.157265147357827
1.99166666666667,-0.157191195387857,-0.157077552025226,-0.156333902795412,-0.157136528165236
1.992,-0.157063762033129,-0.156949374073652,-0.156206822128436,-0.157008250034695
1.99233333333333,-0.156936670174439,-0.156821537200183,-0.156080078670004,-0.156880311997168
1.99266666666667,-0.156809918850428,-0.156694040439956,-0.155953671466658,-0.156752713087429
1.993,-0.156683507103526,-0.156566882831904,-0.155827599568691,-0.156625452344051
1.99333333333333,-0.156557433979948,-0.156440063418738,-0.155701862030122,-0.156498528809371
1.99366666666667,-0.156431698529677,-0.156313581246945,-0.155576457908676,-0.15637194152949
1.994,-0.15630629980643,-0.156187435366758,-0.155451386265766,-0.156245689554242
1.99433333333333,-0.156181236867667,-0.156061624832142,-0.155326646166492,-0.15611977193719
1.99466666666667,-0.156056508774546,-0.155936148700776,-0.155202236679604,-0.155994187735606
1.995,-0.155932114591937,-0.155811006034034,-0.155078156877494,-0.155868936010433
1.99533333333333,-0.155808053388372,-0.155686195896982,-0.154954405836181,-0.155744015826308
1.99566666666667,-0.155684324236063,-0.155561717358342,-0.154830982635301,-0.15561942625151
1.996,-0.155560926210849,-0.155437569490485,-0.154707886358066,-0.155495166357954
1.99633333333333,-0.155437858392211,-0.155313751369419,-0.15458511609128,-0.155371235221188
1.99666666666667,-0.155315119863233,-0.155190262074758,-0.154462670925297,-0.155247631920354
1.997,-0.155192709710598,-0.155067100689723,-0.154340549954019,-0.155124355538196
1.99733333333333,-0.155070627024577,-0.154944266301112,-0.15421875227488,-0.155001405161014
1.99766666666667,-0.154948870898993,-0.154821757999288,-0.154097276988814,-0.154878779878686
1.998,-0.154827440431219,-0.154699574878174,-0.153976123200267,-0.154756478784606
1.99833333333333,-0.154706334722165,-0.154577716035213,-0.153855290017151,-0.154634500975711
1.99866666666667,-0.154585552876248,-0.154456180571372,-0.15373477655085,-0.154512845552445
1.999,-0.154465094001398,-0.154334967591128,-0.153614581916201,-0.154391511618735
1.99933333333333,-0.154344957209012,-0.15421407620243,-0.153494705231462,-0.154270498281992
1.99966666666667,-0.154225141613967,-0.15409350551671,-0.153375145618323,-0.154149804653083
2,-0.154105646334588,-0.15397325464884,-0.153255902201864,-0.154029429846329
