"Freq [GHz]","dB(S(1,1)) []","dB(S(2,2)) []","dB(S(3,3)) []","dB(S(4,4)) []"
1,-0.0464298446318965,-0.0463658473988402,-0.0462878758118081,-0.0464349561570828
1.00033333333333,-0.0464557952172143,-0.0463916925714532,-0.0463137703387051,-0.0464608029454141
1.00066666666667,-0.0464818124722663,-0.0464176040688152,-0.0463397313134289,-0.0464867160077872
1.001,-0.0465078965420008,-0.0464435820350711,-0.0463657588805452,-0.0465126954881383
1.00133333333333,-0.0465340475718223,-0.0464696266148267,-0.0463918531850844,-0.0465387415308664
1.00166666666667,-0.0465602657076049,-0.0464957379531506,-0.0464180143725319,-0.0465648542808333
1.002,-0.0465865510956866,-0.0465219161955703,-0.0464442425888456,-0.0465910338833558
1.00233333333333,-0.04661290388287,-0.0465481614880829,-0.0464705379804436,-0.0466172804842225
1.00266666666667,-0.0466393242164296,-0.0465744739771436,-0.0464969006942153,-0.0466435942296749
1.003,-0.0466658122441084,-0.0466008538096829,-0.046523330877517,-0.0466699752664301
1.00333333333333,-0.0466923681141241,-0.0466273011330916,-0.0465498286781727,-0.0466964237416749
1.00366666666667,-0.0467189919751612,-0.0466538160952396,-0.0465763942444811,-0.046722939803059
1.004,-0.0467456839763875,-0.0466803988444638,-0.0466030277252143,-0.0467495235987047
1.00433333333333,-0.0467724442674445,-0.0467070495295736,-0.046629729269622,-0.0467761752772098
1.00466666666667,-0.0467992729984502,-0.046733768299858,-0.0466564990274276,-0.046802894987644
1.005,-0.0468261703200041,-0.0467605553050806,-0.046683337148833,-0.0468296828795552
1.00533333333333,-0.0468531363831864,-0.0467874106954853,-0.0467102437845195,-0.0468565391029673
1.00566666666667,-0.0468801713395642,-0.0468143346217918,-0.0467372190856549,-0.0468834638083813
1.006,-0.0469072753411864,-0.0468413272352071,-0.0467642632038853,-0.0469104571467879
1.00633333333333,-0.0469344485405902,-0.0468683886874176,-0.0467913762913443,-0.0469375192696521
1.00666666666667,-0.046961691090799,-0.0468955191305971,-0.0468185585006568,-0.0469646503289256
1.007,-0.0469890031453287,-0.0469227187174088,-0.0468458099849252,-0.0469918504770442
1.00733333333333,-0.0470163848581882,-0.0469499876009982,-0.0468731308977547,-0.0470191198669371
1.00766666666667,-0.0470438363838749,-0.0469773259350081,-0.0469005213932314,-0.0470464586520189
1.008,-0.0470713578773863,-0.0470047338735675,-0.046927981625945,-0.0470738669861925
1.00833333333333,-0.047098949494214,-0.0470322115713018,-0.0469555117509691,-0.04710134502386
1.00866666666667,-0.0471266113903507,-0.0470597591833344,-0.0469831119238905,-0.0471288929199138
1.009,-0.0471543437222883,-0.0470873768652779,-0.047010782300778,-0.0471565108297423
1.00933333333333,-0.0471821466470209,-0.0471150647732522,-0.0470385230382131,-0.0471841989092353
1.00966666666667,-0.0472100203220472,-0.047142823063874,-0.0470663342932722,-0.0472119573147794
1.01,-0.0472379649053684,-0.0471706518942642,-0.0470942162235382,-0.0472397862032617
1.01033333333333,-0.0472659805554984,-0.0471985514220439,-0.0471221689871005,-0.0472676857320751
1.01066666666667,-0.0472940674314541,-0.047226521805344,-0.0471501927425596,-0.0472956560591185
1.011,-0.0473222256927692,-0.0472545632028033,-0.0471782876490142,-0.04732369734279
1.01133333333333,-0.0473504554994893,-0.0472826757735667,-0.0472064538660865,-0.0473518097420043
1.01166666666667,-0.0473787570121719,-0.0473108596772928,-0.0472346915539076,-0.0473799934161853
1.012,-0.0474071303918893,-0.0473391150741513,-0.0472630008731197,-0.0474082485252648
1.01233333333333,-0.0474355758002366,-0.0473674421248324,-0.0472913819848825,-0.0474365752296903
1.01266666666667,-0.0474640933993283,-0.0473958409905297,-0.0473198350508786,-0.0474649736904282
1.013,-0.047492683351799,-0.0474243118329755,-0.0473483602333091,-0.0474934440689566
1.01333333333333,-0.0475213458208077,-0.0474528548144,-0.0473769576948921,-0.0475219865272775
1.01366666666667,-0.0475500809700383,-0.0474814700975723,-0.0474056275988752,-0.0475506012279085
1.014,-0.0475788889637019,-0.0475101578457765,-0.0474343701090304,-0.0475792883338969
1.01433333333333,-0.0476077699665394,-0.047538918222828,-0.0474631853896526,-0.0476080480088107
1.01466666666667,-0.0476367241438233,-0.0475677513930633,-0.0474920736055761,-0.0476368804167474
1.015,-0.0476657516613583,-0.0475966575213568,-0.0475210349221594,-0.0476657857223252
1.01533333333333,-0.0476948526854828,-0.0476256367731059,-0.0475500695052902,-0.0476947640907008
1.01566666666667,-0.0477240273830735,-0.0476546893142472,-0.047579177521399,-0.0477238156875623
1.016,-0.0477532759215494,-0.0476838153112441,-0.0476083591374509,-0.0477529406791283
1.01633333333333,-0.0477825984688601,-0.047713014931111,-0.0476376145209512,-0.0477821392321551
1.01666666666667,-0.0478119951935071,-0.0477422883413868,-0.0476669438399389,-0.0478114115139341
1.017,-0.0478414662645345,-0.0477716357101617,-0.0476963472630049,-0.0478407576923012
1.01733333333333,-0.0478710118515207,-0.0478010572060604,-0.0477258249592766,-0.0478701779356343
1.01766666666667,-0.0479006321246169,-0.0478305529982558,-0.0477553770984365,-0.0478996724128482
1.018,-0.0479303272544978,-0.0478601232564736,-0.0477850038507035,-0.0479292412934066
1.01833333333333,-0.047960097412412,-0.0478897681509753,-0.0478147053868621,-0.0479588847473243
1.01866666666667,-0.0479899427701445,-0.0479194878525822,-0.0478444818782355,-0.0479886029451585
1.019,-0.048019863500048,-0.0479492825326648,-0.0478743334967087,-0.0480183960580244
1.01933333333333,-0.0480498597750334,-0.0479791523631467,-0.0479042604147217,-0.0480482642575846
1.01966666666667,-0.0480799317685605,-0.0480090975165125,-0.0479342628052687,-0.0480782077160614
1.02,-0.0481100796546622,-0.0480391181658008,-0.0479643408419116,-0.0481082266062352
1.02033333333333,-0.0481403036079301,-0.0480692144846102,-0.0479944946987665,-0.0481383211014378
1.02066666666667,-0.0481706038035297,-0.0480993866471043,-0.0480247245505201,-0.0481684913755695
1.021,-0.0482009804171795,-0.0481296348280085,-0.048055030572423,-0.0481987376030926
1.02133333333333,-0.0482314336251806,-0.048159959202618,-0.04808541294029,-0.0482290599590335
1.02166666666667,-0.0482619636044009,-0.0481903599467968,-0.0481158718305132,-0.0482594586189863
1.022,-0.0482925705322881,-0.0482208372369691,-0.0481464074200536,-0.0482899337591101
1.02233333333333,-0.0483232545868585,-0.0482513912501452,-0.0481770198864459,-0.0483204855561472
1.02266666666667,-0.0483540159467081,-0.0482820221638977,-0.0482077094078046,-0.0483511141873966
1.023,-0.0483848547910204,-0.0483127301563894,-0.0482384761628175,-0.0483818198307432
1.02333333333333,-0.0484157712995506,-0.0483435154063461,-0.0482693203307573,-0.0484126026646519
1.02366666666667,-0.0484467656526512,-0.0483743780930898,-0.0483002420914771,-0.0484434628681581
1.024,-0.0484778380312486,-0.0484053183965115,-0.0483312416254146,-0.0484744006208829
1.02433333333333,-0.0485089886168652,-0.0484363364970974,-0.0483623191135988,-0.0485054161030359
1.02466666666667,-0.048540217591613,-0.0484674325759134,-0.0483934747376414,-0.0485365094954003
1.025,-0.0485715251381945,-0.0484986068146186,-0.0484247086797462,-0.0485676809793625
1.02533333333333,-0.0486029114399113,-0.0485298593954616,-0.0484560211227175,-0.0485989307368877
1.02566666666667,-0.0486343766806615,-0.0485611905012855,-0.048487412249943,-0.0486302589505392
1.026,-0.0486659210449374,-0.0485926003155305,-0.0485188822454214,-0.048661665803466
1.02633333333333,-0.0486975447178442,-0.0486240890222292,-0.048550431293738,-0.0486931514794259
1.02666666666667,-0.048729247885075,-0.0486556568060137,-0.0485820595800911,-0.0487247161627665
1.027,-0.0487610307329423,-0.0486873038521286,-0.0486137672902741,-0.0487563600384355
1.02733333333333,-0.048792893448362,-0.0487190303464125,-0.0486455546106936,-0.0487880832919925
1.02766666666667,-0.0488248362188611,-0.0487508364753096,-0.0486774217283603,-0.0488198861095936
1.028,-0.0488568592325747,-0.0487827224258803,-0.0487093688308988,-0.0488517686780048
1.02833333333333,-0.0488889626782616,-0.0488146883857892,-0.0487413961065401,-0.0488837311845996
1.02866666666667,-0.0489211467452868,-0.0488467345433197,-0.0487735037441387,-0.048915773817365
1.029,-0.0489534116236449,-0.0488788610873613,-0.0488056919331631,-0.0489478967649073
1.02933333333333,-0.0489857575039438,-0.0489110682074323,-0.048837960863697,-0.0489801002164377
1.02966666666667,-0.0490181845774219,-0.0489433560936601,-0.0488703107264536,-0.0490123843617945
1.03,-0.0490506930359365,-0.0489757249367989,-0.048902741712762,-0.0490447493914364
1.03033333333333,-0.0490832830719814,-0.0490081749282284,-0.0489352540145871,-0.0490771954964365
1.03066666666667,-0.0491159548786744,-0.0490407062599545,-0.0489678478245154,-0.0491097228685025
1.031,-0.0491487086497718,-0.0490733191246105,-0.0490005233357624,-0.0491423316999638
1.03133333333333,-0.0491815445796577,-0.0491060137154547,-0.0490332807421878,-0.0491750221837845
1.03166666666667,-0.0492144628633586,-0.0491387902263907,-0.0490661202382732,-0.0492077945135564
1.032,-0.0492474636965444,-0.0491716488519509,-0.0490990420191486,-0.0492406488835062
1.03233333333333,-0.0492805472755179,-0.0492045897873043,-0.0491320462805786,-0.0492735854885017
1.03266666666667,-0.0493137137972349,-0.0492376132282643,-0.0491651332189722,-0.0493066045240417
1.033,-0.049346963459294,-0.0492707193712848,-0.049198303031382,-0.0493397061862733
1.03333333333333,-0.0493802964599429,-0.0493039084134643,-0.0492315559155088,-0.0493728906719823
1.03366666666667,-0.0494137129980876,-0.0493371805525475,-0.0492648920697056,-0.0494061581786056
1.034,-0.0494472132732758,-0.0493705359869355,-0.0492983116929752,-0.0494395089042247
1.03433333333333,-0.0494807974857229,-0.0494039749156708,-0.0493318149849693,-0.0494729430475715
1.03466666666667,-0.0495144658362977,-0.0494374975384601,-0.0493654021460078,-0.0495064608080349
1.035,-0.0495482185265353,-0.0494711040556623,-0.0493990733770628,-0.0495400623856556
1.03533333333333,-0.0495820557586259,-0.0495047946682984,-0.0494328288797678,-0.0495737479811339
1.03566666666667,-0.0496159777354306,-0.049538569578046,-0.0494666688564202,-0.0496075177958318
1.036,-0.0496499846604845,-0.0495724289872503,-0.0495005935099912,-0.0496413720317683
1.03633333333333,-0.049684076737985,-0.0496063730989267,-0.0495346030441075,-0.0496753108916373
1.03666666666667,-0.0497182541728101,-0.0496404021167546,-0.0495686976630824,-0.0497093345787899
1.037,-0.0497525171705069,-0.0496745162450817,-0.0496028775718942,-0.0497434432972553
1.03733333333333,-0.0497868659373093,-0.0497087156889412,-0.0496371429761963,-0.0497776372517315
1.03766666666667,-0.049821300680126,-0.0497430006540352,-0.0496714940823256,-0.0498119166475965
1.038,-0.0498558216065535,-0.0497773713467439,-0.049705931097303,-0.0498462816908952
1.03833333333333,-0.049890428924869,-0.0498118279741342,-0.0497404542288279,-0.0498807325883654
1.03866666666667,-0.0499251228440443,-0.0498463707439478,-0.0497750636852848,-0.0499152695474195
1.039,-0.0499599035737421,-0.049880999864627,-0.0498097596757537,-0.0499498927761589
1.03933333333333,-0.0499947713243115,-0.0499157155452938,-0.049844542410003,-0.0499846024833676
1.03966666666667,-0.0500297263068101,-0.0499505179957589,-0.0498794120984929,-0.0500193988785281
1.04,-0.0500647687329831,-0.0499854074265395,-0.0499143689523871,-0.0500542821718097
1.04033333333333,-0.0500998988152842,-0.0500203840488375,-0.0499494131835417,-0.0500892525740774
1.04066666666667,-0.0501351167668685,-0.050055448074563,-0.0499845450045212,-0.0501243102968956
1.041,-0.0501704228015994,-0.0500905997163208,-0.0500197646285868,-0.0501594555525348
1.04133333333333,-0.0502058171340505,-0.050125839187429,-0.0500550722697147,-0.0501946885539539
1.04166666666667,-0.0502412999795071,-0.0501611667019041,-0.0500904681425895,-0.0502300095148322
1.042,-0.0502768715539644,-0.0501965824744809,-0.0501259524626032,-0.0502654186495548
1.04233333333333,-0.0503125320741429,-0.0502320867206004,-0.0501615254458688,-0.0503009161732113
1.04266666666667,-0.0503482817574772,-0.0502676796564229,-0.0501971873092136,-0.0503365023016103
1.043,-0.0503841208221301,-0.0503033614988239,-0.050232938270189,-0.0503721772512765
1.04333333333333,-0.0504200494869863,-0.0503391324654029,-0.0502687785470635,-0.0504079412394541
1.04366666666667,-0.0504560679716557,-0.0503749927744797,-0.0503047083588436,-0.0504437944841052
1.044,-0.050492176496489,-0.0504109426451011,-0.0503407279252527,-0.0504797372039221
1.04433333333333,-0.0505283752825629,-0.0504469822970427,-0.0503768374667444,-0.0505157696183192
1.04466666666667,-0.050564664551692,-0.0504831119508161,-0.0504130372045209,-0.0505518919474476
1.045,-0.0506010445264297,-0.050519331827659,-0.0504493273605084,-0.0505881044121817
1.04533333333333,-0.0506375154300751,-0.0505556421495528,-0.0504857081573768,-0.0506244072341416
1.04566666666667,-0.0506740774866672,-0.0505920431392158,-0.050522179818538,-0.0506608006356763
1.046,-0.0507107309209975,-0.0506285350201089,-0.0505587425681523,-0.0506972848398825
1.04633333333333,-0.0507474759586033,-0.0506651180164399,-0.0505953966311228,-0.050733860070598
1.04666666666667,-0.0507843128257794,-0.0507017923531633,-0.0506321422331093,-0.0507705265524107
1.047,-0.0508212417495761,-0.0507385582559869,-0.0506689796005229,-0.05080728451065
1.04733333333333,-0.0508582629577985,-0.0507754159513705,-0.0507059089605286,-0.0508441341714071
1.04766666666667,-0.0508953766790197,-0.0508123656665321,-0.0507429305410565,-0.0508810757615195
1.048,-0.0509325831425745,-0.0508494076294465,-0.0507800445707925,-0.0509181095085886
1.04833333333333,-0.050969882578564,-0.0508865420688555,-0.0508172512791934,-0.0509552356409766
1.04866666666667,-0.0510072752178626,-0.0509237692142618,-0.0508545508964828,-0.0509924543878072
1.049,-0.051044761292118,-0.050961089295939,-0.0508919436536563,-0.0510297659789673
1.04933333333333,-0.05108234103375,-0.0509985025449313,-0.0509294297824758,-0.0510671706451271
1.04966666666667,-0.0511200146759638,-0.0510360091930608,-0.0509670095154935,-0.0511046686177075
1.05,-0.0511577824527434,-0.0510736094729163,-0.0510046830860315,-0.0511422601289241
1.05033333333333,-0.051195644598862,-0.0511113036178783,-0.0510424507281972,-0.0511799454117611
1.05066666666667,-0.0512336013498749,-0.0511490918621026,-0.051080312676884,-0.0512177246999894
1.051,-0.0512716529421344,-0.0511869744405341,-0.0511182691677791,-0.0512555982281576
1.05133333333333,-0.0513097996127865,-0.0512249515889085,-0.05115632043735,-0.0512935662316019
1.05166666666667,-0.0513480415997654,-0.0512630235437477,-0.0511944667228698,-0.0513316289464596
1.052,-0.0513863791418247,-0.0513011905423772,-0.0512327082624094,-0.051369786609652
1.05233333333333,-0.0514248124785002,-0.0513394528229106,-0.0512710452948309,-0.0514080394588933
1.05266666666667,-0.0514633418501492,-0.0513778106242723,-0.0513094780598096,-0.0514463877327045
1.053,-0.0515019674979336,-0.0514162641861813,-0.0513480067978231,-0.0514848316704056
1.05333333333333,-0.0515406896638243,-0.0514548137491706,-0.051386631750166,-0.051523371512124
1.05366666666667,-0.0515795085906153,-0.0514934595545814,-0.051425353158935,-0.0515620074987921
1.054,-0.0516184245219154,-0.051532201844567,-0.051464171267054,-0.0516007398721607
1.05433333333333,-0.0516574377021549,-0.0515710408621029,-0.0515030863182617,-0.0516395688747846
1.05466666666667,-0.0516965483765904,-0.0516099768509762,-0.051542098557116,-0.0516784947500448
1.055,-0.0517357567913098,-0.0516490100558026,-0.0515812082290065,-0.0517175177421429
1.05533333333333,-0.0517750631932286,-0.0516881407220211,-0.0516204155801517,-0.0517566380960991
1.05566666666667,-0.0518144678300955,-0.0517273690959009,-0.0516597208575967,-0.0517958560577668
1.056,-0.0518539709505052,-0.0517666954245409,-0.0516991243092279,-0.0518351718738307
1.05633333333333,-0.0518935728038858,-0.0518061199558818,-0.0517386261837676,-0.0518745857917972
1.05666666666667,-0.0519332736405105,-0.0518456429386958,-0.0517782267307786,-0.0519140980600275
1.057,-0.0519730737115073,-0.0518852646226022,-0.0518179262006744,-0.0519537089277074
1.05733333333333,-0.0520129732688477,-0.0519249852580625,-0.0518577248447089,-0.0519934186448725
1.05766666666667,-0.0520529725653608,-0.0519648050963859,-0.0518976229149967,-0.0520332274624087
1.058,-0.0520930718547288,-0.0520047243897429,-0.0519376206644966,-0.0520731356320458
1.05833333333333,-0.0521332713915064,-0.0520447433911421,-0.0519777183470341,-0.0521131434063669
1.05866666666667,-0.0521735714310968,-0.0520848623544644,-0.0520179162172965,-0.0521532510388167
1.059,-0.0522139722297843,-0.0521250815344502,-0.0520582145308261,-0.0521934587836921
1.05933333333333,-0.0522544740447154,-0.0521654011866992,-0.0520986135440496,-0.0522337668961605
1.05966666666667,-0.0522950771339177,-0.0522058215676833,-0.0521391135142497,-0.0522741756322503
1.06,-0.05233578175629,-0.0522463429347485,-0.0521797146995915,-0.0523146852488637
1.06033333333333,-0.0523765881716163,-0.0522869655461072,-0.0522204173591198,-0.0523552960037714
1.06066666666667,-0.0524174966405622,-0.0523276896608625,-0.052261221752755,-0.0523960081556249
1.061,-0.0524585074246847,-0.0523685155389898,-0.0523021281413125,-0.0524368219639533
1.06133333333333,-0.0524996207864351,-0.0524094434413565,-0.0523431367864838,-0.052477737689168
1.06166666666667,-0.0525408369891493,-0.0524504736297136,-0.0523842479508661,-0.0525187555925721
1.062,-0.0525821562970684,-0.0524916063667036,-0.0524254618979395,-0.052559875936354
1.06233333333333,-0.0526235789753375,-0.05253284191587,-0.0524667788920918,-0.0526010989835994
1.06266666666667,-0.0526651052900022,-0.0525741805416567,-0.0525081991986133,-0.0526424249982856
1.063,-0.052706735508018,-0.052615622509399,-0.0525497230836935,-0.0526838542452949
1.06333333333333,-0.0527484698972575,-0.0526571680853551,-0.0525913508144397,-0.052725386990415
1.06366666666667,-0.0527903087265025,-0.0526988175366783,-0.0526330826588656,-0.0527670235003394
1.064,-0.0528322522654566,-0.0527405711314422,-0.0526749188859066,-0.0528087640426703
1.06433333333333,-0.0528743007847551,-0.0527824291386362,-0.0527168597654171,-0.0528506088859283
1.06466666666667,-0.0529164545559476,-0.0528243918281727,-0.0527589055681734,-0.0528925582995515
1.065,-0.0529587138515174,-0.0528664594708829,-0.0528010565658836,-0.0529346125538996
1.06533333333333,-0.0530010789448883,-0.0529086323385298,-0.0528433130311827,-0.0529767719202573
1.06566666666667,-0.0530435501104178,-0.0529509107038094,-0.052885675237645,-0.0530190366708432
1.066,-0.0530861276234042,-0.0529932948403463,-0.052928143459777,-0.0530614070788006
1.06633333333333,-0.0531288117600924,-0.0530357850227106,-0.0529707179730334,-0.0531038834182146
1.06666666666667,-0.0531716027976737,-0.0530783815264123,-0.0530133990538165,-0.0531464659641089
1.067,-0.053214501014295,-0.0531210846279009,-0.0530561869794683,-0.0531891549924547
1.06733333333333,-0.0532575066890585,-0.05316389460459,-0.0530990820282959,-0.0532319507801669
1.06766666666667,-0.0533006201020277,-0.0532068117348371,-0.0531420844795561,-0.0532748536051079
1.068,-0.0533438415342286,-0.053249836297958,-0.0531851946134737,-0.0533178637461085
1.06833333333333,-0.0533871712676543,-0.0532929685742288,-0.0532284127112251,-0.0533609814829459
1.06866666666667,-0.0534306095852731,-0.0533362088448937,-0.0532717390549696,-0.0534042070963606
1.069,-0.0534741567710254,-0.0533795573921673,-0.0533151739278328,-0.0534475408680694
1.06933333333333,-0.0535178131098308,-0.0534230144992284,-0.0533587176139154,-0.0534909830807484
1.06966666666667,-0.0535615788875938,-0.0534665804502417,-0.0534023703983031,-0.0535345340180556
1.07,-0.0536054543912078,-0.0535102555303501,-0.0534461325670605,-0.0535781939646215
1.07033333333333,-0.0536494399085514,-0.0535540400256716,-0.0534900044072413,-0.0536219632060613
1.07066666666667,-0.0536935357285048,-0.053597934223323,-0.0535339862068919,-0.0536658420289783
1.071,-0.0537377421409419,-0.0536419384114137,-0.0535780782550565,-0.0537098307209559
1.07133333333333,-0.0537820594367397,-0.0536860528790376,-0.0536222808417743,-0.0537539295705832
1.07166666666667,-0.0538264879077875,-0.0537302779163026,-0.0536665942580929,-0.0537981388674421
1.072,-0.0538710278469774,-0.0537746138143079,-0.0537110187960665,-0.0538424589021104
1.07233333333333,-0.0539156795482259,-0.0538190608651709,-0.0537555547487563,-0.0538868899661814
1.07266666666667,-0.0539604433064593,-0.053863619362015,-0.0538002024102455,-0.0539314323522512
1.073,-0.0540053194176321,-0.053908289598979,-0.053844962075637,-0.0539760863539258
1.07333333333333,-0.0540503081787252,-0.0539530718712268,-0.0538898340410493,-0.05402085226584
1.07366666666667,-0.054095409887748,-0.0539979664749432,-0.0539348186036397,-0.0540657303836407
1.074,-0.0541406248437499,-0.0540429737073382,-0.0539799160615934,-0.0541107210040089
1.07433333333333,-0.0541859533468147,-0.054088093866659,-0.0540251267141264,-0.0541558244246431
1.07466666666667,-0.0542313956980723,-0.0541333272521861,-0.054070450861503,-0.054201040944287
1.075,-0.0542769521997007,-0.0541786741642423,-0.0541158888050305,-0.0542463708627147
1.07533333333333,-0.0543226231549299,-0.0542241349041953,-0.0541614408470605,-0.0542918144807502
1.07566666666667,-0.0543684088680459,-0.054269709774459,-0.0542071072910004,-0.0543373721002559
1.076,-0.0544143096443906,-0.0543153990785033,-0.0542528884413165,-0.0543830440241483
1.07633333333333,-0.0544603257903797,-0.054361203120854,-0.0542987846035312,-0.0544288305564015
1.07666666666667,-0.0545064576134879,-0.0544071222070968,-0.0543447960842383,-0.054474732002043
1.077,-0.0545527054222724,-0.0544531566438882,-0.0543909231910977,-0.054520748667167
1.07733333333333,-0.054599069526362,-0.0544993067389524,-0.0544371662328479,-0.0545668808589334
1.07766666666667,-0.0546455502364665,-0.0545455728010825,-0.0544835255192989,-0.054613128885577
1.078,-0.0546921478643898,-0.0545919551401591,-0.0545300013613494,-0.0546594930564062
1.07833333333333,-0.0547388627230147,-0.0546384540671395,-0.0545765940709856,-0.0547059736818074
1.07866666666667,-0.0547856951263271,-0.0546850698940752,-0.0546233039612791,-0.0547525710732572
1.079,-0.0548326453894135,-0.0547318029340986,-0.0546701313464039,-0.0547992855433138
1.07933333333333,-0.0548797138284595,-0.0547786535014511,-0.0547170765416343,-0.054846117405641
1.07966666666667,-0.0549269007607602,-0.0548256219114648,-0.0547641398633458,-0.0548930669749868
1.08,-0.0549742065047247,-0.0548727084805828,-0.0548113216290234,-0.0549401345672126
1.08033333333333,-0.0550216313798802,-0.0549199135263545,-0.0548586221572678,-0.0549873204992804
1.08066666666667,-0.0550691757068721,-0.0549672373674427,-0.054906041767804,-0.0550346250892639
1.081,-0.0551168398074749,-0.0550146803236367,-0.0549535807814662,-0.0550820486563573
1.08133333333333,-0.0551646240045965,-0.0550622427158365,-0.0550012395202262,-0.0551295915208669
1.08166666666667,-0.0552125286222754,-0.0551099248660816,-0.0550490183071888,-0.0551772540042347
1.082,-0.0552605539856924,-0.0551577270975346,-0.0550969174665908,-0.0552250364290202
1.08233333333333,-0.0553087004211753,-0.0552056497344989,-0.0551449373238067,-0.0552729391189293
1.08266666666667,-0.0553569682561955,-0.0552536931024228,-0.0551930782053685,-0.0553209623987932
1.083,-0.055405357819388,-0.0553018575278941,-0.0552413404389491,-0.0553691065946015
1.08333333333333,-0.0554538694405355,-0.0553501433386535,-0.0552897243533779,-0.0554173720334767
1.08366666666667,-0.0555025034505931,-0.0553985508636021,-0.0553382302786486,-0.0554657590437031
1.084,-0.0555512601816793,-0.0554470804327936,-0.0553868585459197,-0.0555142679547212
1.08433333333333,-0.055600139967091,-0.0554957323774512,-0.0554356094875118,-0.0555628990971315
1.08466666666667,-0.0556491431412936,-0.0555445070299714,-0.0554844834369261,-0.0556116528027017
1.085,-0.0556982700399454,-0.0555934047239132,-0.0555334807288429,-0.0556605294043701
1.08533333333333,-0.0557475209998872,-0.0556424257940288,-0.0555826016991236,-0.055709529236254
1.08566666666667,-0.0557968963591518,-0.0556915705762446,-0.0556318466848199,-0.0557586526336533
1.086,-0.05584639645697,-0.0557408394076791,-0.0556812160241755,-0.055807899933047
1.08633333333333,-0.0558960216337738,-0.0557902326266481,-0.0557307100566371,-0.0558572714721084
1.08666666666667,-0.0559457722312079,-0.0558397505726611,-0.0557803291228495,-0.0559067675897096
1.087,-0.0559956485921199,-0.0558893935864299,-0.0558300735646681,-0.0559563886259181
1.08733333333333,-0.0560456510605853,-0.0559391620098848,-0.0558799437251603,-0.056006134922013
1.08766666666667,-0.0560957799818913,-0.0559890561861574,-0.0559299399486142,-0.0560560068204776
1.088,-0.0561460357025569,-0.0560390764596057,-0.0559800625805415,-0.0561060046650109
1.08833333333333,-0.0561964185703353,-0.0560892231758086,-0.0560303119676778,-0.0561561288005406
1.08866666666667,-0.0562469289342098,-0.0561394966815744,-0.0560806884579979,-0.0562063795732102
1.089,-0.0562975671444157,-0.0561898973249395,-0.0561311924007112,-0.056256757330396
1.08933333333333,-0.0563483335524281,-0.0562404254551939,-0.0561818241462698,-0.0563072624207145
1.08966666666667,-0.0563992285109801,-0.0562910814228501,-0.0562325840463787,-0.056357895194015
1.09,-0.0564502523740572,-0.056341865579692,-0.0562834724539945,-0.0564086560014052
1.09033333333333,-0.0565014054969133,-0.0563927782787376,-0.0563344897233319,-0.0564595451952271
1.09066666666667,-0.0565526882360643,-0.0564438198742807,-0.0563856362098729,-0.0565105631290941
1.091,-0.0566041009493052,-0.0564949907218672,-0.0564369122703643,-0.0565617101578699
1.09133333333333,-0.0566556439957078,-0.0565462911783196,-0.0564883182628324,-0.0566129866376883
1.09166666666667,-0.0567073177356273,-0.056597721601731,-0.056539854546581,-0.056664392925958
1.092,-0.0567591225307075,-0.0566492823514845,-0.0565915214822019,-0.0567159293813632
1.09233333333333,-0.0568110587438881,-0.0567009737882334,-0.056643319431573,-0.0567675963638669
1.09266666666667,-0.0568631267394114,-0.0567527962739336,-0.0566952487578716,-0.0568193942347228
1.093,-0.0569153268828186,-0.0568047501718379,-0.056747309825577,-0.0568713233564768
1.09333333333333,-0.0569676595409684,-0.0568568358464897,-0.0567995030004728,-0.0569233840929724
1.09366666666667,-0.057020125082032,-0.0569090536637522,-0.0568518286496576,-0.0569755768093608
1.094,-0.0570727238755063,-0.056961403990792,-0.0569042871415469,-0.0570279018720969
1.09433333333333,-0.0571254562922094,-0.0570138871961033,-0.0569568788458773,-0.0570803596489513
1.09466666666667,-0.057178322704296,-0.0570665036494909,-0.0570096041337162,-0.057132950509017
1.095,-0.0572313234852626,-0.0571192537221016,-0.0570624633774656,-0.0571856748227154
1.09533333333333,-0.0572844590099415,-0.0571721377864069,-0.0571154569508676,-0.0572385329617894
1.09566666666667,-0.0573377296545238,-0.0572251562162263,-0.0571685852290085,-0.0572915252993281
1.096,-0.0573911357965497,-0.0572783093867166,-0.0572218485883277,-0.057344652209757
1.09633333333333,-0.0574446778149215,-0.0573315976743945,-0.0572752474066195,-0.0573979140688508
1.09666666666667,-0.0574983560899104,-0.057385021457132,-0.0573287820630412,-0.057451311253743
1.097,-0.0575521710031566,-0.057438581114158,-0.0573824529381172,-0.0575048441429146
1.09733333333333,-0.0576061229376828,-0.0574922770260742,-0.0574362604137504,-0.0575585131162262
1.09766666666667,-0.0576602122778898,-0.0575461095748591,-0.0574902048732165,-0.0576123185548985
1.098,-0.0577144394095778,-0.0576000791438661,-0.0575442867011841,-0.057666260841527
1.09833333333333,-0.0577688047199288,-0.0576541861178344,-0.0575985062837072,-0.0577203403601001
1.09866666666667,-0.0578233085975401,-0.0577084308829005,-0.0576528640082393,-0.0577745574959845
1.099,-0.0578779514324087,-0.0577628138265955,-0.0577073602636385,-0.0578289126359452
1.09933333333333,-0.057932733615943,-0.0578173353378484,-0.0577619954401683,-0.057883406168146
1.09966666666667,-0.0579876555409793,-0.0578719958070101,-0.0578167699295105,-0.0579380384821519
1.1,-0.0580427176017698,-0.0579267956258321,-0.057871684124767,-0.0579928099689498
1.10033333333333,-0.0580979201940063,-0.0579817351874953,-0.0579267384204651,-0.0580477210209324
1.10066666666667,-0.058153263714812,-0.0580368148866095,-0.0579819332125661,-0.0581027720319222
1.101,-0.0582087485627553,-0.0580920351192099,-0.0580372688984695,-0.0581579633971704
1.10133333333333,-0.0582643751378542,-0.0581473962827805,-0.0580927458770235,-0.0582132955133621
1.10166666666667,-0.0583201438415829,-0.0582028987762417,-0.0581483645485215,-0.0582687687786254
1.102,-0.0583760550768753,-0.0582585429999725,-0.0582041253147186,-0.0583243835925357
1.10233333333333,-0.0584321092481372,-0.0583143293558077,-0.0582600285788316,-0.058380140356122
1.10266666666667,-0.0584883067612458,-0.0583702582470412,-0.0583160747455472,-0.0584360394718716
1.103,-0.0585446480235582,-0.0584263300784424,-0.0583722642210325,-0.0584920813437391
1.10333333333333,-0.0586011334439239,-0.0584825452562564,-0.0584285974129292,-0.0585482663771542
1.10366666666667,-0.0586577634326741,-0.0585389041882089,-0.0584850747303717,-0.0586045949790182
1.104,-0.0587145384016503,-0.0585954072835141,-0.0585416965839886,-0.0586610675577239
1.10433333333333,-0.058771458764199,-0.0586520549528836,-0.0585984633859118,-0.0587176845231555
1.10466666666667,-0.0588285249351697,-0.0587088476085294,-0.0586553755497767,-0.0587744462866871
1.105,-0.0588857373309434,-0.0587657856641716,-0.0587124334907357,-0.0588313532612046
1.10533333333333,-0.0589430963694146,-0.058822869535044,-0.0587696376254653,-0.0588884058611026
1.10566666666667,-0.0590006024700196,-0.0588800996379039,-0.0588269883721593,-0.0589456045022869
1.106,-0.0590582560537232,-0.0589374763910304,-0.0588844861505523,-0.0590029496021934
1.10633333333333,-0.0591160575430444,-0.0589950002142419,-0.0589421313819159,-0.0590604415797839
1.10666666666667,-0.0591740073620486,-0.0590526715288972,-0.0589999244890743,-0.0591180808555576
1.107,-0.0592321059363568,-0.0591104907578987,-0.0590578658963987,-0.0591758678515583
1.10733333333333,-0.0592903536931615,-0.0591684583257049,-0.0591159560298221,-0.059233802991375
1.10766666666667,-0.0593487510612232,-0.0592265746583327,-0.0591741953168438,-0.0592918867001543
1.108,-0.0594072984708776,-0.0592848401833678,-0.059232584186536,-0.0593501194046076
1.10833333333333,-0.0594659963540502,-0.0593432553299685,-0.059291123069554,-0.0594085015330148
1.10866666666667,-0.0595248451442576,-0.0594018205288764,-0.0593498123981379,-0.0594670335152298
1.109,-0.0595838452766129,-0.0594605362124158,-0.0594086526061208,-0.0595257157826964
1.10933333333333,-0.0596429971878356,-0.0595194028145063,-0.0594676441289413,-0.0595845487684355
1.10966666666667,-0.0597023013162572,-0.0595784207706726,-0.0595267874036351,-0.059643532907075
1.11,-0.0597617581018332,-0.0596375905180427,-0.0595860828688639,-0.0597026686348422
1.11033333333333,-0.0598213679861364,-0.0596969124953619,-0.0596455309649047,-0.0597619563895795
1.11066666666667,-0.0598811314123816,-0.0597563871429963,-0.0597051321336651,-0.0598213966107358
1.111,-0.0599410488254213,-0.0598160149029393,-0.0597648868186861,-0.0598809897393986
1.11133333333333,-0.0600011206717509,-0.0598757962188229,-0.0598247954651501,-0.0599407362182729
1.11166666666667,-0.0600613473995287,-0.059935731535922,-0.0598848585198983,-0.0600006364917132
1.112,-0.0601217294585664,-0.0599958213011596,-0.0599450764314139,-0.0600606910057103
1.11233333333333,-0.0601822673003555,-0.060056065963115,-0.0600054496498582,-0.0601209002079144
1.11266666666667,-0.0602429613780521,-0.0601164659720354,-0.0600659786270535,-0.0601812645476336
1.113,-0.0603038121465046,-0.0601770217798363,-0.0601266638165053,-0.0602417844758378
1.11333333333333,-0.0603648200622449,-0.060237733840111,-0.0601875056734035,-0.0603024604451811
1.11366666666667,-0.0604259855835082,-0.0602986026081478,-0.0602485046546333,-0.0603632929099864
1.114,-0.0604873091702358,-0.0603596285409147,-0.0603096612187802,-0.060424282326277
1.11433333333333,-0.0605487912840794,-0.0604208120970899,-0.0603709758261281,-0.0604854291517654
1.11466666666667,-0.0606104323884136,-0.0604821537370585,-0.0604324489386923,-0.0605467338458675
1.115,-0.0606722329483332,-0.060543653922921,-0.0604940810201958,-0.0606081968697124
1.11533333333333,-0.0607341934306818,-0.0606053131184968,-0.0605558725361021,-0.0606698186861473
1.11566666666667,-0.0607963143040378,-0.0606671317893384,-0.0606178239536089,-0.0607315997597445
1.116,-0.0608585960387268,-0.0607291104027401,-0.0606799357416554,-0.0607935405568102
1.11633333333333,-0.0609210391068407,-0.0607912494277388,-0.0607422083709417,-0.0608556415453827
1.11666666666667,-0.0609836439822352,-0.0608535493351235,-0.0608046423139205,-0.0609179031952659
1.117,-0.0610464111405365,-0.0609160105974467,-0.0608672380448161,-0.0609803259780095
1.11733333333333,-0.0611093410591555,-0.0609786336890295,-0.0609299960396339,-0.0610429103669221
1.11766666666667,-0.0611724342172894,-0.0610414190859664,-0.0609929167761573,-0.0611056568370908
1.118,-0.0612356910959358,-0.0611043672661367,-0.0610560007339579,-0.0611685658653831
1.11833333333333,-0.0612991121778984,-0.0611674787092195,-0.0611192483944143,-0.06123163793045
1.11866666666667,-0.0613626979477855,-0.0612307538966807,-0.0611826602407114,-0.0612948735127353
1.119,-0.0614264488920371,-0.0612941933118053,-0.0612462367578473,-0.0613582730944924
1.11933333333333,-0.0614903654989164,-0.0613577974396931,-0.0613099784326411,-0.0614218371597776
1.11966666666667,-0.0615544482585218,-0.0614215667672565,-0.0613738857537519,-0.0614855661944711
1.12,-0.0616186976628062,-0.0614855017832554,-0.0614379592116667,-0.0615494606862751
1.12033333333333,-0.0616831142055609,-0.061549602978277,-0.0615021992987282,-0.0616135211247339
1.12066666666667,-0.0617476983824523,-0.0616138708447642,-0.0615666065091379,-0.061677748001222
1.121,-0.061812450691006,-0.0616783058770105,-0.0616311813389441,-0.0617421418089812
1.12133333333333,-0.0618773716306329,-0.0617429085711804,-0.0616959242860885,-0.0618067030430977
1.12166666666667,-0.0619424617026296,-0.0618076794253048,-0.0617608358503823,-0.061871432200533
1.122,-0.0620077214101831,-0.0618726189392972,-0.0618259165335264,-0.0619363297801185
1.12233333333333,-0.0620731512583819,-0.0619377276149616,-0.0618911668391178,-0.062001396282576
1.12266666666667,-0.0621387517542336,-0.0620030059560022,-0.0619565872726619,-0.062066632210512
1.123,-0.0622045234066581,-0.062068454468018,-0.0620221783415763,-0.0621320380684401
1.12333333333333,-0.0622704667265086,-0.0621340736585377,-0.0620879405551978,-0.0621976143627776
1.12366666666667,-0.0623365822265713,-0.0621998640370062,-0.0621538744248071,-0.0622633616018628
1.124,-0.0624028704215793,-0.0622658261147921,-0.0622199804636041,-0.0623292802959564
1.12433333333333,-0.0624693318282227,-0.0623319604052134,-0.0622862591867554,-0.0623953709572542
1.12466666666667,-0.0625359669651506,-0.0623982674235371,-0.0623527111113737,-0.0624616340998988
1.125,-0.0626027763529847,-0.0624647476869824,-0.062419336756545,-0.0625280702399801
1.12533333333333,-0.0626697605143266,-0.0625314017147379,-0.0624861366433186,-0.0625946798955516
1.12566666666667,-0.0627369199737653,-0.0625982300279663,-0.0625531112947351,-0.062661463586628
1.126,-0.0628042552578975,-0.0626652331498096,-0.0626202612358274,-0.0627284218352124
1.12633333333333,-0.0628717668953115,-0.0627324116054125,-0.0626875869936253,-0.0627955551652887
1.12666666666667,-0.0629394554166228,-0.0627997659219083,-0.0627550890971727,-0.0628628641028364
1.127,-0.0630073213544711,-0.0628672966284545,-0.0628227680775299,-0.0629303491758395
1.12733333333333,-0.063075365243522,-0.062935004256215,-0.0628906244677805,-0.0629980109142946
1.12766666666667,-0.0631435876204955,-0.0630028893383862,-0.0629586588030532,-0.0630658498502254
1.128,-0.0632119890241542,-0.0630709524102082,-0.0630268716205196,-0.0631338665176802
1.12833333333333,-0.0632805699953248,-0.0631391940089559,-0.0630952634594036,-0.0632020614527541
1.12866666666667,-0.0633493310769105,-0.0632076146739744,-0.0631638348609979,-0.0632704351935849
1.129,-0.0634182728138858,-0.0632762149466614,-0.0632325863686651,-0.063338988280375
1.12933333333333,-0.0634873957533208,-0.0633449953704914,-0.0633015185278554,-0.0634077212553911
1.12966666666667,-0.0635567004443834,-0.0634139564910323,-0.0633706318861041,-0.0634766346629787
1.13,-0.0636261874383472,-0.0634830988559245,-0.0634399269930557,-0.0635457290495731
1.13033333333333,-0.0636958572886025,-0.063552423014935,-0.0635094044004645,-0.0636150049636995
1.13066666666667,-0.0637657105506728,-0.0636219295199274,-0.0635790646622002,-0.0636844629559927
1.131,-0.0638357477822112,-0.0636916189248843,-0.0636489083342691,-0.0637541035792012
1.13133333333333,-0.0639059695430253,-0.0637614917859337,-0.0637189359748154,-0.063823927388196
1.13166666666667,-0.0639763763950708,-0.0638315486613282,-0.063789148144131,-0.0638939349399857
1.132,-0.0640469689024737,-0.0639017901114805,-0.0638595454046726,-0.063964126793724
1.13233333333333,-0.0641177476315333,-0.0639722166989646,-0.0639301283210575,-0.0640345035107122
1.13266666666667,-0.0641887131507394,-0.0640428289885117,-0.0640008974600895,-0.0641050656544168
1.133,-0.0642598660307754,-0.0641136275470478,-0.0640718533907567,-0.0641758137904814
1.13333333333333,-0.0643312068445245,-0.0641846129436802,-0.0641429966842519,-0.0642467484867259
1.13366666666667,-0.0644027361670905,-0.0642557857497158,-0.0642143279139688,-0.0643178703131689
1.134,-0.0644744545758032,-0.0643271465386688,-0.0642858476555258,-0.0643891798420282
1.13433333333333,-0.0645463626502231,-0.0643986958862815,-0.0643575564867641,-0.0644606776477306
1.13466666666667,-0.0646184609721669,-0.0644704343705166,-0.0644294549877731,-0.0645323643069333
1.135,-0.0646907501256926,-0.0645423625715798,-0.0645015437408812,-0.0646042403985206
1.13533333333333,-0.064763230697137,-0.0646144810719267,-0.0645738233306818,-0.0646763065036242
1.13566666666667,-0.0648359032751067,-0.0646867904562734,-0.06464629434404,-0.0647485632056227
1.136,-0.0649087684504994,-0.0647592913116021,-0.0647189573700969,-0.0648210110901649
1.13633333333333,-0.0649818268165062,-0.0648319842271826,-0.0647918130002821,-0.0648936507451691
1.13666666666667,-0.0650550789686284,-0.0649048697945718,-0.0648648618283331,-0.0649664827608362
1.137,-0.0651285255046852,-0.0649779486076287,-0.0649381044502965,-0.0650395077296661
1.13733333333333,-0.0652021670248251,-0.0650512212625225,-0.0650115414645351,-0.0651127262464612
1.13766666666667,-0.0652760041315364,-0.0651246883577486,-0.0650851734717512,-0.0651861389083387
1.138,-0.0653500374296592,-0.0651983504941339,-0.0651590010749885,-0.0652597463147412
1.13833333333333,-0.0654242675263898,-0.0652722082748457,-0.065233024879643,-0.065333549067455
1.13866666666667,-0.0654986950313039,-0.0653462623054166,-0.0653072454934785,-0.0654075477706036
1.139,-0.0655733205563558,-0.0654205131937323,-0.0653816635266327,-0.0654817430306743
1.13933333333333,-0.0656481447158899,-0.0654949615500649,-0.0654562795916285,-0.065556135456523
1.13966666666667,-0.0657231681266675,-0.0655696079870615,-0.0655310943033895,-0.0656307256593845
1.14,-0.0657983914078489,-0.0656444531197841,-0.0656061082792485,-0.0657055142528881
1.14033333333333,-0.0658738151810374,-0.0657194975656906,-0.0656813221389538,-0.0657805018530569
1.14066666666667,-0.0659494400702687,-0.0657947419446642,-0.0657567365046871,-0.0658556890783351
1.141,-0.0660252667020248,-0.0658701868790221,-0.0658323520010739,-0.0659310765495838
1.14133333333333,-0.0661012957052501,-0.0659458329935191,-0.0659081692551901,-0.06600666489011
1.14166666666667,-0.0661775277113627,-0.0660216809153689,-0.0659841888965795,-0.0660824547256543
1.142,-0.0662539633542659,-0.0660977312742474,-0.0660604115572601,-0.0661584466844233
1.14233333333333,-0.066330603270357,-0.0661739847023056,-0.0661368378717345,-0.0662346413970869
1.14266666666667,-0.0664074480985341,-0.066250441834192,-0.0662134684770103,-0.066311039496802
1.143,-0.0664844984802223,-0.0663271033070426,-0.0662903040126049,-0.0663876416192153
1.14333333333333,-0.0665617550593712,-0.0664039697605147,-0.0663673451205532,-0.0664644484024699
1.14366666666667,-0.0666392184824742,-0.0664810418367845,-0.0664445924454279,-0.0665414604872372
1.144,-0.0667168893985773,-0.0665583201805608,-0.0665220466343502,-0.0666186785167008
1.14433333333333,-0.066794768459298,-0.0666358054391032,-0.0665997083369878,-0.0666961031365978
1.14466666666667,-0.0668728563188155,-0.0667134982622244,-0.0666775782055937,-0.0667737349952
1.145,-0.0669511536339151,-0.0667913993023169,-0.0667556568949883,-0.0668515747433508
1.14533333333333,-0.0670296610639755,-0.0668695092143454,-0.0668339450625973,-0.066929623034471
1.14566666666667,-0.0671083792709887,-0.066947828655872,-0.0669124433684406,-0.067007880524557
1.146,-0.067187308919572,-0.067026358287067,-0.0669911524751681,-0.0670863478722075
1.14633333333333,-0.0672664506769848,-0.0671050987707207,-0.067070073048045,-0.0671650257386374
1.14666666666667,-0.0673458052131353,-0.0671840507722468,-0.0671492057549923,-0.067243914787674
1.147,-0.067425373200591,-0.0672632149597098,-0.0672285512665799,-0.0673230156857846
1.14733333333333,-0.0675051553145962,-0.0673425920038272,-0.0673081102560456,-0.0674023291020818
1.14766666666667,-0.067585152233085,-0.0674221825779834,-0.0673878833993041,-0.0674818557083409
1.148,-0.0676653646366876,-0.0675019873582407,-0.0674678713749638,-0.0675615961790045
1.14833333333333,-0.0677457932087534,-0.0675820070233581,-0.0675480748643405,-0.0676415511912038
1.14866666666667,-0.0678264386353499,-0.0676622422548032,-0.0676284945514639,-0.0677217214247601
1.149,-0.0679073016052861,-0.0677426937367515,-0.067709131123096,-0.0678021075622074
1.14933333333333,-0.0679883828101264,-0.0678233621561206,-0.0677899852687405,-0.0678827102888063
1.14966666666667,-0.0680696829441918,-0.067904248202566,-0.0678710576806562,-0.0679635302925478
1.15,-0.0681512027045865,-0.0679853525684965,-0.0679523490538723,-0.06804456826417
1.15033333333333,-0.0682329427912013,-0.0680666759491011,-0.0680338600862034,-0.0681258248971722
1.15066666666667,-0.0683149039067361,-0.0681482190423394,-0.0681155914782501,-0.06820730088783
1.151,-0.0683970867566981,-0.0682299825489779,-0.0681975439334294,-0.0682889969352026
1.15133333333333,-0.0684794920494325,-0.0683119671725845,-0.0682797181579749,-0.0683709137411504
1.15166666666667,-0.0685621204961229,-0.068394173619556,-0.0683621148609587,-0.06845305201035
1.152,-0.0686449728108154,-0.0684766025991134,-0.0684447347542995,-0.0685354124502954
1.15233333333333,-0.0687280497104205,-0.0685592548233397,-0.0685275785527779,-0.0686179957713304
1.15266666666667,-0.0688113519147383,-0.0686421310071756,-0.0686106469740465,-0.068700802686648
1.153,-0.0688948801464562,-0.0687252318684358,-0.0686939407386525,-0.0687838339123072
1.15333333333333,-0.0689786351311859,-0.0688085581278229,-0.0687774605700379,-0.068867090167245
1.15366666666667,-0.0690626175974548,-0.0688921105089548,-0.0688612071945759,-0.0689505721732952
1.154,-0.0691468282767333,-0.0689758897383515,-0.068945181341546,-0.0690342806552031
1.15433333333333,-0.0692312679034481,-0.0690598965454725,-0.0690293837431975,-0.0691182163406283
1.15466666666667,-0.0693159372149807,-0.0691441316627225,-0.0691138151347225,-0.0692023799601667
1.155,-0.0694008369517097,-0.0692285958254592,-0.0691984762542873,-0.0692867722473709
1.15533333333333,-0.0694859678569974,-0.0693132897720223,-0.0692833678430468,-0.0693713939387442
1.15566666666667,-0.0695713306772204,-0.0693982142437322,-0.0693684906451568,-0.0694562457737821
1.156,-0.0696569261617806,-0.0694833699849132,-0.0694538454077837,-0.0695413284949568
1.15633333333333,-0.069742755063113,-0.0695687577429042,-0.0695394328811334,-0.0696266428477531
1.15666666666667,-0.0698288181367101,-0.069654378268078,-0.0696252538184427,-0.0697121895806853
1.157,-0.0699151161411312,-0.0697402323138478,-0.0697113089760167,-0.069797969445284
1.15733333333333,-0.0700016498380178,-0.0698263206366876,-0.069797599113227,-0.0698839831961433
1.15766666666667,-0.0700884199921045,-0.0699126439961486,-0.0698841249925388,-0.0699702315909128
1.158,-0.0701754273712448,-0.0699992031548629,-0.0699708873795133,-0.070056715390325
1.15833333333333,-0.0702626727464149,-0.0700859988785744,-0.0700578870428334,-0.0701434353582045
1.15866666666667,-0.0703501568917333,-0.070173031936145,-0.0701451247543168,-0.0702303922614811
1.159,-0.070437880584474,-0.0702603030995584,-0.0702326012889239,-0.0703175868702113
1.15933333333333,-0.0705258446050867,-0.0703478131439648,-0.0703203174247739,-0.0704050199575886
1.15966666666667,-0.0706140497372011,-0.0704355628476652,-0.070408273943179,-0.0704926922999572
1.16,-0.0707024967676592,-0.0705235529921414,-0.0704964716286248,-0.0705806046768311
1.16033333333333,-0.0707911864865157,-0.0706117843620735,-0.0705849112688197,-0.0706687578709073
1.16066666666667,-0.0708801196870611,-0.0707002577453484,-0.0706735936546908,-0.0707571526680811
1.161,-0.070969297165831,-0.0707889739330762,-0.0707625195804085,-0.0708457898574607
1.16133333333333,-0.0710587197226308,-0.0708779337196097,-0.0708516898433935,-0.0709346702313907
1.16166666666667,-0.0711483881605402,-0.0709671379025636,-0.0709411052443361,-0.0710237945854513
1.162,-0.0712383032859469,-0.0710565872828116,-0.0710307665872203,-0.0711131637184862
1.16233333333333,-0.0713284659085395,-0.0711462826645261,-0.0711206746793286,-0.0712027784326215
1.16266666666667,-0.0714188768413415,-0.071236224855181,-0.0712108303312636,-0.0712926395332666
1.163,-0.0715095369007176,-0.0713264146655663,-0.071301234356958,-0.0713827478291504
1.16333333333333,-0.0716004469063969,-0.0714168529098102,-0.0713918875737044,-0.0714731041323148
1.16366666666667,-0.0716916076814872,-0.0715075404053978,-0.0714827908021498,-0.0715637092581533
1.164,-0.071783020052479,-0.0715984779731715,-0.0715739448663415,-0.0716545640254024
1.16433333333333,-0.0718746848492873,-0.0716896664373715,-0.0716653505937102,-0.0717456692561829
1.16466666666667,-0.0719666029052484,-0.0717811066256241,-0.0717570088151153,-0.0718370257760062
1.165,-0.0720587750571373,-0.0718727993689942,-0.071848920364844,-0.0719286344137805
1.16533333333333,-0.0721512021452001,-0.0719647455019579,-0.0719410860806334,-0.0720204960018435
1.16566666666667,-0.0722438850131469,-0.0720569458624581,-0.0720335068036902,-0.072112611375969
1.166,-0.0723368245081904,-0.0721494012919023,-0.0721261833787007,-0.072204981375387
1.16633333333333,-0.0724300214810551,-0.0722421126351817,-0.0722191166538572,-0.0722976068428029
1.16666666666667,-0.0725234767859884,-0.0723350807406874,-0.0723123074808683,-0.0723904886244094
1.167,-0.0726171912807923,-0.0724283064603332,-0.0724057567149713,-0.0724836275699078
1.16733333333333,-0.0727111658268168,-0.0725217906495664,-0.0724994652149659,-0.0725770245325193
1.16766666666667,-0.0728054012890139,-0.0726155341673966,-0.0725934338432186,-0.0726706803690156
1.168,-0.0728998985359119,-0.0727095378763886,-0.0726876634656781,-0.0727645959397127
1.16833333333333,-0.0729946584396674,-0.0728038026427121,-0.0727821549519036,-0.0728587721085184
1.16866666666667,-0.0730896818760714,-0.0728983293361326,-0.0728769091750757,-0.0729532097429229
1.169,-0.0731849697245569,-0.0729931188300441,-0.0729719270120136,-0.0730479097140326
1.16933333333333,-0.0732805228682397,-0.0730881720014807,-0.0730672093431993,-0.0731428728965836
1.16966666666667,-0.0733763421939097,-0.0731834897311373,-0.0731627570527866,-0.0732381001689545
1.17,-0.0734724285920709,-0.0732790729033886,-0.0732585710286293,-0.0733335924131936
1.17033333333333,-0.0735687829569478,-0.0733749224062984,-0.0733546521622856,-0.0734293505150264
1.17066666666667,-0.0736654061865083,-0.0734710391316548,-0.0734510013490558,-0.073525375363884
1.171,-0.0737622991824815,-0.0735674239749691,-0.0735476194879804,-0.0736216678529199
1.17133333333333,-0.0738594628503741,-0.0736640778355093,-0.0736445074818741,-0.0737182288790189
1.17166666666667,-0.0739568980994948,-0.0737610016163107,-0.0737416662373357,-0.0738150593428215
1.172,-0.0740546058429649,-0.0738581962242018,-0.0738390966647682,-0.0739121601487442
1.17233333333333,-0.0741525869977417,-0.0739556625698083,-0.0739367996784035,-0.0740095322050049
1.17266666666667,-0.0742508424846428,-0.0740534015675861,-0.0740347761963127,-0.0741071764236238
1.173,-0.0743493732283512,-0.0741514141358429,-0.0741330271404339,-0.0742050937204555
1.17333333333333,-0.0744481801574529,-0.07424970119674,-0.0742315534365813,-0.0743032850152048
1.17366666666667,-0.0745472642044401,-0.0743482636763303,-0.074330356014475,-0.0744017512314437
1.174,-0.0746466263057362,-0.07444710250456,-0.0744294358077521,-0.0745004932966364
1.17433333333333,-0.074746267401721,-0.0745462186153081,-0.0745287937539916,-0.0745995121421553
1.17466666666667,-0.0748461884367449,-0.0746456129463871,-0.0746284307947336,-0.074698808703294
1.175,-0.074946390359146,-0.074745286439572,-0.074728347875496,-0.0747983839192974
1.17533333333333,-0.0750468741212732,-0.0748452400406248,-0.0748285459457918,-0.0748982387333783
1.17566666666667,-0.0751476406795144,-0.0749454746992951,-0.0749290259591598,-0.0749983740927318
1.176,-0.075248690994299,-0.0750459913693677,-0.0750297888731755,-0.0750987909485602
1.17633333333333,-0.0753500260301322,-0.0751467910086587,-0.0751308356494716,-0.0751994902560957
1.17666666666667,-0.0754516467556172,-0.0752478745790521,-0.0752321672537675,-0.0753004729746138
1.177,-0.0755535541434556,-0.0753492430465059,-0.0753337846558737,-0.075401740067453
1.17733333333333,-0.0756557491704959,-0.075450897381085,-0.0754356888297311,-0.0755032925020459
1.17766666666667,-0.0757582328177344,-0.075552838556978,-0.075537880753413,-0.0756051312499263
1.178,-0.0758610060703401,-0.0756550675525137,-0.0756403614091592,-0.0757072572867609
1.17833333333333,-0.0759640699176834,-0.0757575853501828,-0.0757431317833985,-0.0758096715923646
1.17866666666667,-0.0760674253533453,-0.0758603929366696,-0.0758461928667535,-0.0759123751507174
1.179,-0.0761710733751526,-0.0759634913028537,-0.0759495456540806,-0.0760153689499942
1.17933333333333,-0.0762750149851831,-0.0760668814438475,-0.0760531911444792,-0.0761186539825793
1.17966666666667,-0.0763792511898029,-0.076170564359013,-0.0761571303413166,-0.0762222312450947
1.18,-0.0764837829996761,-0.0762745410519815,-0.0762613642522565,-0.0763261017384058
1.18033333333333,-0.0765886114297891,-0.0763788125306731,-0.0763658938892623,-0.0764302664676669
1.18066666666667,-0.076693737499482,-0.0764833798073247,-0.0764707202686404,-0.0765347264423196
1.181,-0.0767991622324602,-0.0765882438985064,-0.0765758444110507,-0.0766394826761323
1.18133333333333,-0.0769048866568114,-0.076693405825146,-0.0766812673415286,-0.0767445361872077
1.18166666666667,-0.0770109118050503,-0.0767988666125473,-0.0767869900895069,-0.0768498879980137
1.182,-0.0771172387141119,-0.0769046272904212,-0.0768930136888487,-0.0769555391354032
1.18233333333333,-0.0772238684254002,-0.0770106888928985,-0.0769993391778495,-0.0770614906306383
1.18266666666667,-0.0773308019847924,-0.0771170524585578,-0.0771059675992836,-0.0771677435194053
1.183,-0.0774380404426721,-0.0772237190304461,-0.0772129000004063,-0.0772742988418486
1.18333333333333,-0.0775455848539481,-0.0773306896560963,-0.0773201374329879,-0.0773811576425839
1.18366666666667,-0.0776534362780734,-0.077437965387565,-0.0774276809533357,-0.0774883209707241
1.184,-0.0777615957790794,-0.0775455472814424,-0.077535531622315,-0.0775957898799043
1.18433333333333,-0.0778700644255926,-0.0776534363988766,-0.0776436905053723,-0.0777035654282999
1.18466666666667,-0.0779788432908541,-0.0777616338056016,-0.0777521586725589,-0.0778116486786556
1.185,-0.0780879334527485,-0.077870140571957,-0.0778609371985557,-0.0779200406983074
1.18533333333333,-0.0781973359938304,-0.0779789577729161,-0.0779700271626953,-0.0780287425591969
1.18566666666667,-0.0783070520013393,-0.0780880864881068,-0.0780794296489906,-0.0781377553379116
1.186,-0.0784170825672337,-0.078197527801831,-0.078189145746146,-0.0782470801156939
1.18633333333333,-0.0785274287882072,-0.078307282803097,-0.0782991765475999,-0.0783567179784742
1.18666666666667,-0.0786380917657166,-0.0784173525856354,-0.0784095231515339,-0.0784666700168858
1.187,-0.0787490726060035,-0.0785277382479302,-0.0785201866609002,-0.0785769373262984
1.18733333333333,-0.0788603724201261,-0.0786384408932427,-0.0786311681834591,-0.0786875210068402
1.18766666666667,-0.0789719923239791,-0.0787494616296276,-0.0787424688317796,-0.078798422163419
1.188,-0.0790839334383094,-0.0788608015699684,-0.078854089723287,-0.0789096419057443
1.18833333333333,-0.0791961968887613,-0.0789724618319987,-0.0789660319802742,-0.0790211813483623
1.18866666666667,-0.0793087838058853,-0.07908444353832,-0.0790782967299346,-0.0791330416106729
1.189,-0.0794216953251676,-0.0791967478164412,-0.0791908851043811,-0.0792452238169501
1.18933333333333,-0.0795349325870614,-0.0793093757987901,-0.0793037982406707,-0.0793577290963832
1.18966666666667,-0.0796484967370011,-0.079422328622745,-0.0794170372808475,-0.0794705585830908
1.19,-0.0797623889254439,-0.0795356074306632,-0.0795306033719408,-0.0795837134161376
1.19033333333333,-0.0798766103078795,-0.0796492133698969,-0.0796444976660108,-0.0796971947395818
1.19066666666667,-0.0799911620448685,-0.0797631475928348,-0.0797587213201655,-0.0798110037024881
1.191,-0.0801060453020581,-0.07987741125691,-0.0798732754965957,-0.0799251414589503
1.19133333333333,-0.0802212612502168,-0.0799920055246405,-0.0799881613625934,-0.0800396091681193
1.19166666666667,-0.0803368110652594,-0.0801069315636475,-0.0801033800905739,-0.0801544079942423
1.192,-0.0804526959282742,-0.0802221905466871,-0.0802189328581222,-0.0802695391066709
1.19233333333333,-0.0805689170255434,-0.080337783651672,-0.0803348208479961,-0.080385003679899
1.19266666666667,-0.0806854755485795,-0.080453712061702,-0.0804510452481685,-0.0805008028935804
1.193,-0.080802372694145,-0.0805699769650914,-0.0805676072518555,-0.0806169379325729
1.19333333333333,-0.0809196096642843,-0.0806865795553909,-0.0806845080575201,-0.0807334099869434
1.19366666666667,-0.0810371876663534,-0.0808035210314219,-0.0808017488689416,-0.0808502202520113
1.194,-0.0811551079130368,-0.0809208025973004,-0.0809193308952071,-0.0809673699283688
1.19433333333333,-0.0812733716223886,-0.081038425462464,-0.0810372553507464,-0.0810848602219073
1.19466666666667,-0.0813919800178545,-0.0811563908417034,-0.0811555234553791,-0.0812026923438528
1.195,-0.0815109343282945,-0.081274699955182,-0.0812741364343171,-0.0813208675107838
1.19533333333333,-0.0816302357880267,-0.0813933540284782,-0.0813930955182117,-0.0814393869446647
1.19566666666667,-0.0817498856368379,-0.0815123542925959,-0.081512401943175,-0.0815582518728772
1.196,-0.0818698851200248,-0.0816317019840155,-0.0816320569508039,-0.0816774635282435
1.19633333333333,-0.0819902354884164,-0.0817513983446974,-0.0817520617882188,-0.0817970231490514
1.19666666666667,-0.0821109379984087,-0.0818714446221292,-0.0818724177080877,-0.0819169319790959
1.197,-0.0822319939119888,-0.0819918420693469,-0.081993125968653,-0.0820371912676959
1.19733333333333,-0.0823534044967667,-0.0821125919449663,-0.0821141878337628,-0.0821578022697225
1.19766666666667,-0.0824751710260076,-0.0822336955132138,-0.082235604572906,-0.0822787662456481
1.198,-0.0825972947786503,-0.082355154043952,-0.0823573774612317,-0.0824000844615445
1.19833333333333,-0.0827197770393587,-0.082476968812716,-0.0824795077795856,-0.0825217581891366
1.19866666666667,-0.0828426190985256,-0.0825991411007316,-0.0826019968145408,-0.0826437887058266
1.199,-0.0829658222523272,-0.0827216721949604,-0.0827248458584279,-0.082766177294718
1.19933333333333,-0.0830893878027378,-0.0828445633881186,-0.0828480562093565,-0.0828889252446531
1.19966666666667,-0.0832133170575636,-0.0829678159787099,-0.0829716291712603,-0.0830120338502338
1.2,-0.0833376113304809,-0.0830914312710666,-0.0830955660539222,-0.0831355044118685
1.20033333333333,-0.0834622719410624,-0.0832154105753616,-0.0832198681729952,-0.0832593382357839
1.20066666666667,-0.0835873002148013,-0.0833397552076533,-0.0833445368500524,-0.0833835366340688
1.201,-0.083712697483159,-0.0834644664899135,-0.0834695734125981,-0.083508100924698
1.20133333333333,-0.0838384650835781,-0.0835895457500627,-0.0835949791941243,-0.0836330324315709
1.20166666666667,-0.08396460435953,-0.0837149943219906,-0.0837207555341132,-0.0837583324845382
1.202,-0.0840911166605399,-0.0838408135455974,-0.0838469037780944,-0.0838840024194249
1.20233333333333,-0.0842180033422175,-0.0839670047668241,-0.083973425277659,-0.084010043578087
1.20266666666667,-0.084345265766296,-0.0840935693376836,-0.0841003213905073,-0.0841364573084172
1.203,-0.0844729053006587,-0.0842205086162996,-0.0842275934804678,-0.0842632449643899
1.20333333333333,-0.0846009233193743,-0.0843478239669192,-0.0843552429175381,-0.0843904079060963
1.20366666666667,-0.084729321202727,-0.0844755167599719,-0.0844832710779193,-0.0845179474997649
1.204,-0.0848581003372514,-0.0846035883720865,-0.084611679344045,-0.0846458651178058
1.20433333333333,-0.0849872621157771,-0.0847320401861259,-0.0847404691046063,-0.0847741621388413
1.20466666666667,-0.0851168079374415,-0.0848608735912316,-0.0848696417546104,-0.0849028399477375
1.205,-0.0852467392077426,-0.0849900899828382,-0.0849991986953853,-0.0850318999356338
1.20533333333333,-0.0853770573385594,-0.0851196907627201,-0.0851291413346354,-0.0851613434999872
1.20566666666667,-0.0855077637481959,-0.0852496773390324,-0.0852594710864644,-0.0852911720445943
1.206,-0.0856388598614055,-0.0853800511263245,-0.0853901893714131,-0.0854213869796384
1.20633333333333,-0.0857703471094421,-0.0855108135455925,-0.0855212976164962,-0.0855519897217069
1.20666666666667,-0.0859022269300794,-0.0856419660243057,-0.0856527972552318,-0.0856829816938418
1.207,-0.0860345007676521,-0.0857735099964446,-0.0857846897276822,-0.085814364325567
1.20733333333333,-0.0861671700730921,-0.0859054469025362,-0.0859169764804904,-0.0859461390529236
1.20766666666667,-0.0863002363039617,-0.0860377781896846,-0.0860496589669047,-0.0860783073185054
1.208,-0.0864337009244929,-0.0861705053116144,-0.0861827386468261,-0.0862108705714943
1.20833333333333,-0.0865675654056226,-0.0863036297286959,-0.0863162169868412,-0.0863438302676986
1.20866666666667,-0.086701831225026,-0.0864371529079946,-0.086450095460254,-0.0864771878695853
1.209,-0.0868364998671526,-0.0865710763232996,-0.0865843755471306,-0.0866109448463191
1.20933333333333,-0.0869715728232724,-0.0867054014551562,-0.0867190587343271,-0.0867451026737929
1.20966666666667,-0.0871070515915037,-0.0868401297909107,-0.0868541465155338,-0.0868796628346739
1.21,-0.0872429376768487,-0.0869752628247421,-0.086989640391304,-0.0870146268184299
1.21033333333333,-0.0873792325912371,-0.0871108020577047,-0.0871255418691025,-0.0871499961213764
1.21066666666667,-0.0875159378535683,-0.087246748997764,-0.0872618524633363,-0.0872857722467081
1.211,-0.0876530549897301,-0.0873831051598219,-0.0873985736953891,-0.0874219567045313
1.21133333333333,-0.0877905855326601,-0.0875198720657754,-0.0875357070936698,-0.0875585510119107
1.21166666666667,-0.0879285310223755,-0.0876570512445417,-0.0876732541936388,-0.0876955566929108
1.212,-0.0880668930060026,-0.0877946442320987,-0.0878112165378584,-0.0878329752786176
1.21233333333333,-0.0882056730378249,-0.0879326525715239,-0.0879495956760226,-0.0879708083071952
1.21266666666667,-0.0883448726793232,-0.0880710778130354,-0.0880883931650022,-0.088109057323907
1.213,-0.0884844934992122,-0.0882099215140263,-0.0882276105688761,-0.0882477238811701
1.21333333333333,-0.0886245370734786,-0.0883491852391147,-0.0883672494589858,-0.088386809538588
1.21366666666667,-0.0887650049854266,-0.0884888705601655,-0.0885073114139526,-0.0885263158629851
1.214,-0.0889058988257102,-0.0886289790563494,-0.0886477980197398,-0.0886662444284605
1.21433333333333,-0.0890472201923831,-0.0887695123141692,-0.088788710869685,-0.0888065968164069
1.21466666666667,-0.0891889706909281,-0.0889104719275065,-0.0889300515645377,-0.0889473746155744
1.215,-0.0893311519343072,-0.0890518594976644,-0.0890718217125005,-0.0890885794220873
1.21533333333333,-0.0894737655430045,-0.0891936766333964,-0.0892140229292714,-0.089230212839507
1.21566666666667,-0.0896168131450559,-0.0893359249509675,-0.0893566568380901,-0.0893722764788577
1.216,-0.0897602963761,-0.0894786060741784,-0.0894997250697686,-0.0895147719586744
1.21633333333333,-0.0899042168794224,-0.0896217216344073,-0.0896432292627522,-0.0896577009050377
1.21666666666667,-0.0900485763059895,-0.089765273270669,-0.0897871710631341,-0.0898010649516257
1.217,-0.0901933763144954,-0.0899092626296427,-0.089931552124723,-0.0899448657397496
1.21733333333333,-0.0903386185714078,-0.0900536913657148,-0.0900763741090727,-0.0900891049183923
1.21766666666667,-0.0904843047510088,-0.0901985611410246,-0.0902216386855303,-0.0902337841442659
1.218,-0.0906304365354328,-0.090343873625511,-0.0903673475312745,-0.0903789050818275
1.21833333333333,-0.0907770156147159,-0.0904896304969483,-0.0905135023313671,-0.0905244694033561
1.21866666666667,-0.0909240436868456,-0.0906358334409936,-0.0906601047787868,-0.0906704787889691
1.219,-0.0910715224577873,-0.0907824841512351,-0.0908071565744835,-0.0908169349266791
1.21933333333333,-0.0912194536415518,-0.0909295843292301,-0.0909546594274121,-0.0909638395124334
1.21966666666667,-0.0913678389602232,-0.0910771356845487,-0.0911026150545872,-0.0911111942501608
1.22,-0.0915166801440054,-0.0912251399348247,-0.091251025181121,-0.0912590008518056
1.22033333333333,-0.0916659789312751,-0.0913735988057929,-0.091399891540275,-0.0914072610373981
1.22066666666667,-0.0918157370686249,-0.0915225140313442,-0.0915492158734996,-0.0915559765350671
1.221,-0.091965956310903,-0.0916718873535608,-0.0916989999304794,-0.0917051490811104
1.22133333333333,-0.0921166384212733,-0.0918217205227708,-0.0918492454691904,-0.0918547804200252
1.22166666666667,-0.0922677851712416,-0.0919720152975893,-0.0919999542559301,-0.0920048723045654
1.222,-0.092419398340725,-0.0921227734449608,-0.0921511280653782,-0.0921554264957765
1.22233333333333,-0.0925714797180808,-0.092273996740224,-0.0923027686806308,-0.0923064447630524
1.22266666666667,-0.0927240311001634,-0.0924256869671342,-0.0924548778932645,-0.0924579288841787
1.223,-0.0928770542923732,-0.0925778459179272,-0.0926074575033676,-0.0926098806453725
1.22333333333333,-0.093030551108702,-0.0927304753933652,-0.0927605093195995,-0.092762301841343
1.22366666666667,-0.0931845233717717,-0.0928835772027787,-0.0929140351592314,-0.0929151942753324
1.224,-0.0933389729129016,-0.0930371531641217,-0.0930680368481972,-0.0930685597591591
1.22433333333333,-0.0934939015721479,-0.0931912051040158,-0.0932225162211477,-0.0932224001132723
1.22466666666667,-0.0936493111983534,-0.0933457348577999,-0.0933774751214935,-0.0933767171668102
1.225,-0.093805203649189,-0.0935007442695806,-0.0935329154014556,-0.0935315127576224
1.22533333333333,-0.0939615807912254,-0.0936562351922849,-0.0936888389221174,-0.0936867887323425
1.22566666666667,-0.0941184444999604,-0.0938122094876997,-0.093845247553473,-0.093842546946437
1.226,-0.0942757966598846,-0.0939686690265371,-0.094002143174482,-0.0939987892642399
1.22633333333333,-0.0944336391645261,-0.0941256156884735,-0.0941595276731167,-0.0941555175590146
1.22666666666667,-0.094591973916499,-0.0942830513622018,-0.0943174029464045,-0.0943127337130026
1.227,-0.0947508028275669,-0.0944409779454891,-0.0944757709005013,-0.0944704396174751
1.22733333333333,-0.0949101278186817,-0.0945993973452203,-0.0946346334507234,-0.0946286371727817
1.22766666666667,-0.0950699508200421,-0.0947583114774643,-0.0947939925216117,-0.0947873282884057
1.228,-0.0952302737711475,-0.0949177222674978,-0.094953850046979,-0.0949465148830084
1.22833333333333,-0.095391098620846,-0.0950776316498991,-0.0951142079699588,-0.0951061988844925
1.22866666666667,-0.0955524273274008,-0.0952380415685578,-0.0952750682430678,-0.0952663822300484
1.229,-0.0957142618585186,-0.0953989539767567,-0.0954364328282578,-0.0954270668662059
1.22933333333333,-0.0958766041914329,-0.0955603708372242,-0.0955983036969618,-0.0955882547488938
1.22966666666667,-0.096039456312945,-0.0957222941221733,-0.0957606828301596,-0.0957499478434859
1.23,-0.0962028202194691,-0.0958847258133636,-0.0959235722184213,-0.0959121481248541
1.23033333333333,-0.0963666979171043,-0.0960476679021681,-0.0960869738619732,-0.0960748575774455
1.23066666666667,-0.0965310914216845,-0.0962111223895976,-0.0962508897707416,-0.0962380781953008
1.231,-0.0966960027588343,-0.0963750912864003,-0.0964153219644239,-0.0964018119821346
1.23133333333333,-0.0968614339640177,-0.0965395766130695,-0.0965802724725263,-0.0965660609513841
1.23166666666667,-0.0970273870826069,-0.0967045803999407,-0.0967457433344357,-0.0967308271262727
1.232,-0.0971938641699326,-0.0968701046872274,-0.0969117365994727,-0.0968961125398443
1.23233333333333,-0.0973608672913436,-0.0970361515250742,-0.0970782543269445,-0.0970619192350485
1.23266666666667,-0.0975283985222656,-0.0972027229736285,-0.0972452985862007,-0.0972282492647774
1.233,-0.0976964599482528,-0.0973698211030945,-0.0974128714567085,-0.0973951046919286
1.23333333333333,-0.0978650536650573,-0.0975374479937784,-0.0975809750280835,-0.0975624875894668
1.23366666666667,-0.098034181778678,-0.0977056057361695,-0.0977496114001774,-0.0977304000404766
1.234,-0.0982038464054283,-0.0978742964309746,-0.0979187826831147,-0.0978988441382283
1.23433333333333,-0.0983740496719913,-0.0980435221892025,-0.0980884909973669,-0.098067821986225
1.23466666666667,-0.0985447937154819,-0.098213285132199,-0.0982587384738039,-0.0982373356982757
1.235,-0.0987160806835009,-0.0983835873917285,-0.0984295272537603,-0.0984073873985469
1.23533333333333,-0.0988879127342054,-0.098554431110015,-0.0986008594890895,-0.0985779792216201
1.23566666666667,-0.0990602920363738,-0.0987258184398212,-0.0987727373422366,-0.0987491133125645
1.236,-0.0992332207694442,-0.0988977515445007,-0.0989451629862893,-0.0989207918269842
1.23633333333333,-0.0994067011236094,-0.0990702325980576,-0.0991181386050368,-0.099093016931088
1.23666666666667,-0.0995807352998529,-0.0992432637852111,-0.0992916663930495,-0.099265790801747
1.237,-0.0997553255100265,-0.0994168473014642,-0.0994657485557271,-0.0994391156265658
1.23733333333333,-0.0999304739769089,-0.099590985353158,-0.0996403873093686,-0.0996129936039254
1.23766666666667,-0.100106182934268,-0.0997656801575434,-0.0998155848812282,-0.099787426943073
1.238,-0.100282454626933,-0.0999409339428273,-0.099991343509592,-0.0999624178641601
1.23833333333333,-0.10045929131085,-0.100116748948267,-0.100167665443832,-0.100137968598325
1.23866666666667,-0.100636695253154,-0.100293127424206,-0.10034455294448,-0.10031408138775
1.239,-0.100814668732226,-0.100470071632159,-0.100522008283284,-0.100490758485723
1.23933333333333,-0.100993214037778,-0.100647583844864,-0.100700033743283,-0.100668002156706
1.23966666666667,-0.101172333470894,-0.100825666346354,-0.100878631618864,-0.100845814676405
1.24,-0.101352029344112,-0.10100432143203,-0.101057804215839,-0.101024198331827
1.24033333333333,-0.101532303981499,-0.101183551408714,-0.101237553851509,-0.101203155421353
1.24066666666667,-0.101713159718705,-0.101363358594733,-0.101417882854724,-0.101382688254811
1.241,-0.10189459890303,-0.101543745319974,-0.101598793565961,-0.101562799153524
1.24133333333333,-0.102076623893506,-0.101724713925952,-0.101780288337394,-0.1017434904504
1.24166666666667,-0.102259237060957,-0.10190626676589,-0.101962369532953,-0.101924764489986
1.242,-0.102442440788074,-0.10208840620478,-0.102145039528406,-0.102106623628543
1.24233333333333,-0.10262623746948,-0.102271134619456,-0.102328300711416,-0.10228907023411
1.24266666666667,-0.102810629511806,-0.102454454398661,-0.102512155481624,-0.102472106686589
1.243,-0.102995619333761,-0.102638367943117,-0.102696606250709,-0.102655735377791
1.24333333333333,-0.103181209366199,-0.10282287766561,-0.102881655442477,-0.102839958711526
1.24366666666667,-0.103367402052199,-0.10300798599104,-0.103067305492907,-0.103024779103672
1.244,-0.103554199847134,-0.103193695356507,-0.103253558850251,-0.103210198982235
1.24433333333333,-0.103741605218745,-0.103380008211384,-0.103440417975087,-0.103396220787435
1.24466666666667,-0.10392962064721,-0.103566927017383,-0.103627885340401,-0.103582846971774
1.245,-0.104118248625232,-0.103754454248639,-0.103815963431666,-0.103770080000102
1.24533333333333,-0.104307491658096,-0.10394259239177,-0.104004654746905,-0.103957922349707
1.24566666666667,-0.104497352263759,-0.104131343945971,-0.104193961796778,-0.104146376510368
1.246,-0.104687832972915,-0.104320711423066,-0.104383887104643,-0.104335444984455
1.24633333333333,-0.104878936329084,-0.104510697347609,-0.104574433206653,-0.104525130286979
1.24666666666667,-0.105070664888672,-0.104701304256936,-0.104765602651813,-0.104715434945686
1.247,-0.105263021221071,-0.104892534701261,-0.104957398002072,-0.104906361501128
1.24733333333333,-0.10545600790871,-0.105084391243744,-0.105149821832386,-0.105097912506732
1.24766666666667,-0.105649627547157,-0.105276876460571,-0.105342876730816,-0.105290090528892
1.248,-0.105843882745189,-0.105469992941034,-0.105536565298583,-0.105482898147037
1.24833333333333,-0.106038776124868,-0.105663743287603,-0.105730890150175,-0.105676337953712
1.24866666666667,-0.106234310321628,-0.10585813011602,-0.105925853913396,-0.105870412554656
1.249,-0.106430487984349,-0.106053156055363,-0.106121459229477,-0.106065124568882
1.24933333333333,-0.106627311775448,-0.10624882374814,-0.106317708753139,-0.106260476628765
1.24966666666667,-0.106824784370948,-0.106445135850357,-0.106514605152677,-0.106456471380108
1.25,-0.107022908460576,-0.106642095031618,-0.106712151110044,-0.106653111482232
1.25033333333333,-0.107221686747831,-0.106839703975184,-0.106910349320938,-0.106850399608062
1.25066666666667,-0.107421121950081,-0.107037965378079,-0.10710920249488,-0.107048338444199
1.251,-0.107621216798638,-0.107236881951163,-0.107308713355299,-0.107246930691015
1.25133333333333,-0.10782197403884,-0.107436456419206,-0.10750888463962,-0.107446179062721
1.25166666666667,-0.108023396430154,-0.107636691520999,-0.107709719099341,-0.107646086287469
1.252,-0.108225486746237,-0.107837590009412,-0.107911219500137,-0.107846655107428
1.25233333333333,-0.108428247775051,-0.108039154651497,-0.108113388621924,-0.108047888278861
1.25266666666667,-0.108631682318924,-0.108241388228568,-0.108316229258954,-0.108249788572228
1.253,-0.10883579319465,-0.108444293536293,-0.108519744219917,-0.108452358772261
1.25333333333333,-0.109040583233587,-0.108647873384773,-0.108723936328005,-0.108655601678061
1.25366666666667,-0.109246055281728,-0.108852130598637,-0.108928808421025,-0.108859520103167
1.254,-0.109452212199795,-0.109057068017135,-0.109134363351468,-0.109064116875667
1.25433333333333,-0.109659056863341,-0.10926268849422,-0.109340603986612,-0.109269394838276
1.25466666666667,-0.109866592162836,-0.109468994898641,-0.109547533208607,-0.109475356848425
1.255,-0.110074821003747,-0.109675990114031,-0.109755153914576,-0.109682005778349
1.25533333333333,-0.110283746306645,-0.10988367703901,-0.109963469016687,-0.109889344515189
1.25566666666667,-0.11049337100729,-0.110092058587263,-0.110172481442272,-0.110097375961077
1.256,-0.11070369805673,-0.110301137687637,-0.110382194133895,-0.110306103033226
1.25633333333333,-0.110914730421396,-0.110510917284247,-0.11059261004947,-0.110515528664018
1.25666666666667,-0.111126471083184,-0.110721400336547,-0.110803732162339,-0.11072565580112
1.257,-0.111338923039572,-0.110932589819445,-0.111015563461369,-0.110936487407551
1.25733333333333,-0.111552089303696,-0.111144488723396,-0.111228106951059,-0.111148026461794
1.25766666666667,-0.111765972904462,-0.111357100054488,-0.111441365651623,-0.111360275957886
1.258,-0.111980576886636,-0.11157042683454,-0.111655342599099,-0.111573238905517
1.25833333333333,-0.112195904310942,-0.111784472101217,-0.111870040845442,-0.111786918330122
1.25866666666667,-0.112411958254168,-0.11199923890811,-0.112085463458622,-0.112001317272983
1.259,-0.112628741809258,-0.112214730324839,-0.112301613522726,-0.112216438791333
1.25933333333333,-0.112846258085423,-0.112430949437162,-0.112518494138059,-0.112432285958435
1.25966666666667,-0.113064510208226,-0.112647899347063,-0.112736108421244,-0.112648861863709
1.26,-0.113283501319706,-0.11286558317286,-0.112954459505322,-0.11286616961281
1.26033333333333,-0.113503234578452,-0.113084004049308,-0.113173550539858,-0.113084212327745
1.26066666666667,-0.113723713159739,-0.113303165127702,-0.113393384691043,-0.113302993146966
1.261,-0.113944940255611,-0.113523069575972,-0.113613965141795,-0.113522515225469
1.26133333333333,-0.11416691907499,-0.113743720578797,-0.113835295091873,-0.113742781734916
1.26166666666667,-0.114389652843789,-0.113965121337712,-0.114057377757968,-0.113963795863719
1.262,-0.114613144805005,-0.114187275071197,-0.114280216373826,-0.114185560817151
1.26233333333333,-0.114837398218842,-0.114410185014805,-0.114503814190344,-0.114408079817464
1.26266666666667,-0.115062416362811,-0.114633854421257,-0.114728174475679,-0.114631356103973
1.263,-0.115288202531837,-0.114858286560553,-0.114953300515358,-0.114855392933184
1.26333333333333,-0.115514760038375,-0.115083484720074,-0.115179195612394,-0.115080193578894
1.26366666666667,-0.115742092212512,-0.115309452204708,-0.115405863087382,-0.115305761332298
1.264,-0.115970202402091,-0.115536192336944,-0.115633306278628,-0.115532099502094
1.26433333333333,-0.11619909397281,-0.115763708456991,-0.115861528542245,-0.115759211414614
1.26466666666667,-0.116428770308346,-0.115992003922896,-0.116090533252274,-0.115987100413908
1.265,-0.116659234810461,-0.116221082110637,-0.1163203238008,-0.116215769861879
1.26533333333333,-0.116890490899115,-0.116450946414257,-0.116550903598053,-0.116445223138378
1.26566666666667,-0.117122542012595,-0.116681600245977,-0.116782276072543,-0.116675463641337
1.266,-0.11735539160762,-0.116913047036293,-0.117014444671162,-0.116906494786861
1.26633333333333,-0.117589043159452,-0.117145290234118,-0.117247412859297,-0.117138320009365
1.26666666666667,-0.117823500162036,-0.117378333306874,-0.117481184120971,-0.117370942761675
1.267,-0.118058766128095,-0.117612179740637,-0.117715761958931,-0.11760436651515
1.26733333333333,-0.11829484458927,-0.117846833040227,-0.117951149894792,-0.117838594759807
1.26766666666667,-0.118531739096222,-0.118082296729348,-0.118187351469146,-0.118073631004427
1.268,-0.118769453218764,-0.118318574350703,-0.118424370241686,-0.118309478776685
1.26833333333333,-0.119007990545992,-0.118555669466117,-0.118662209791327,-0.118546141623262
1.26866666666667,-0.119247354686391,-0.118793585656654,-0.118900873716328,-0.118783623109983
1.269,-0.119487549267966,-0.119032326522742,-0.119140365634424,-0.119021926821915
1.26933333333333,-0.119728577938372,-0.119271895684304,-0.119380689182937,-0.11926105636351
1.26966666666667,-0.119970444365036,-0.11951229678088,-0.119621848018917,-0.119501015358723
1.27,-0.120213152235289,-0.119753533471742,-0.119863845819259,-0.119741807451136
1.27033333333333,-0.120456705256476,-0.119995609436044,-0.120106686280831,-0.119983436304081
1.27066666666667,-0.120701107156117,-0.120238528372923,-0.120350373120615,-0.120225905600779
1.271,-0.120946361682005,-0.12048229400165,-0.120594910075811,-0.12046921904445
1.27133333333333,-0.121192472602359,-0.12072691006175,-0.120840300903996,-0.120713380358462
1.27166666666667,-0.121439443705947,-0.120972380313132,-0.121086549383243,-0.120958393286442
1.272,-0.121687278802213,-0.121218708536228,-0.121333659312248,-0.121204261592424
1.27233333333333,-0.121935981721424,-0.121465898532117,-0.121581634510475,-0.121450989060966
1.27266666666667,-0.122185556314803,-0.12171395412266,-0.12183047881828,-0.121698579497292
1.273,-0.122436006454649,-0.121962879150646,-0.122080196097056,-0.121947036727424
1.27333333333333,-0.122687336034491,-0.122212677479914,-0.122330790229366,-0.122196364598314
1.27366666666667,-0.122939548969225,-0.122463352995496,-0.122582265119074,-0.122446566977984
1.274,-0.12319264919524,-0.122714909603757,-0.122834624691503,-0.122697647755662
1.27433333333333,-0.123446640670577,-0.12296735123253,-0.12308787289354,-0.122949610841914
1.27466666666667,-0.12370152737505,-0.123220681831257,-0.123342013693828,-0.123202460168792
1.275,-0.123957313310403,-0.123474905371133,-0.12359705108285,-0.123456199689965
1.27533333333333,-0.124214002500447,-0.123730025845235,-0.123852989073116,-0.123710833380877
1.27566666666667,-0.124471598991205,-0.123986047268695,-0.12410983169929,-0.123966365238858
1.276,-0.124730106851062,-0.124242973678811,-0.124367583018334,-0.124222799283301
1.27633333333333,-0.124989530170907,-0.12450080913521,-0.124626247109654,-0.124480139555785
1.27666666666667,-0.125249873064271,-0.124759557719993,-0.124885828075259,-0.12473839012023
1.277,-0.125511139667501,-0.125019223537877,-0.125146330039891,-0.124997555063039
1.27733333333333,-0.125773334139883,-0.125279810716349,-0.125407757151188,-0.12525763849324
1.27766666666667,-0.126036460663817,-0.125541323405815,-0.125670113579836,-0.125518644542652
1.278,-0.126300523444944,-0.125803765779755,-0.125933403519705,-0.125780577366024
1.27833333333333,-0.126565526712322,-0.126067142034862,-0.126197631188024,-0.126043441141172
1.27866666666667,-0.126831474718568,-0.126331456391204,-0.126462800825514,-0.126307240069164
1.279,-0.127098371740021,-0.126596713092388,-0.126728916696563,-0.126571978374443
1.27933333333333,-0.127366222076884,-0.126862916405696,-0.126995983089365,-0.126837660304992
1.27966666666667,-0.127635030053405,-0.127130070622252,-0.127264004316087,-0.127104290132501
1.28,-0.127904800018018,-0.127398180057189,-0.127532984713033,-0.127371872152504
1.28033333333333,-0.128175536343512,-0.127667249049793,-0.127802928640792,-0.127640410684551
1.28066666666667,-0.128447243427188,-0.127937281963666,-0.128073840484407,-0.127909910072361
1.281,-0.128719925691029,-0.128208283186896,-0.128345724653534,-0.128180374683985
1.28133333333333,-0.128993587581853,-0.128480257132214,-0.128618585582611,-0.128451808911969
1.28166666666667,-0.129268233571496,-0.128753208237161,-0.128892427731021,-0.128724217173508
1.282,-0.129543868156955,-0.129027140964255,-0.129167255583253,-0.128997603910627
1.28233333333333,-0.129820495860578,-0.129302059801143,-0.129443073649078,-0.129271973590327
1.28266666666667,-0.130098121230227,-0.129577969260793,-0.129719886463714,-0.12954733070477
1.283,-0.130376748839437,-0.129854873881647,-0.129997698587991,-0.12982367977143
1.28333333333333,-0.130656383287606,-0.130132778227796,-0.130276514608539,-0.130101025333275
1.28366666666667,-0.130937029200156,-0.130411686889152,-0.130556339137941,-0.130379371958934
1.284,-0.131218691228713,-0.130691604481622,-0.130837176814922,-0.130658724242864
1.28433333333333,-0.13150137405128,-0.130972535647277,-0.131119032304521,-0.130939086805532
1.28466666666667,-0.131785082372415,-0.13125448505454,-0.131401910298257,-0.131220464293585
1.285,-0.132069820923418,-0.131537457398356,-0.131685815514329,-0.13150286138002
1.28533333333333,-0.132355594462494,-0.131821457400366,-0.131970752697773,-0.131786282764371
1.28566666666667,-0.132642407774955,-0.132106489809097,-0.132256726620662,-0.132070733172891
1.286,-0.132930265673381,-0.132392559400135,-0.132543742082276,-0.132356217358712
1.28633333333333,-0.133219172997825,-0.132679670976317,-0.132831803909295,-0.132642740102047
1.28666666666667,-0.133509134615992,-0.132967829367908,-0.133120916955977,-0.132930306210366
1.287,-0.133800155423415,-0.133257039432784,-0.133411086104345,-0.13321892051858
1.28733333333333,-0.134092240343662,-0.133547306056636,-0.133702316264388,-0.133508587889226
1.28766666666667,-0.134385394328513,-0.133838634153137,-0.133994612374233,-0.133799313212656
1.288,-0.134679622358158,-0.13413102866415,-0.134287979400348,-0.134091101407221
1.28833333333333,-0.134974929441385,-0.134424494559911,-0.134582422337733,-0.134383957419467
1.28866666666667,-0.135271320615787,-0.134719036839222,-0.134877946210114,-0.134677886224327
1.289,-0.135568800947945,-0.135014660529648,-0.135174556070134,-0.134972892825313
1.28933333333333,-0.135867375533627,-0.135311370687712,-0.135472256999557,-0.135268982254707
1.28966666666667,-0.136167049498001,-0.135609172399103,-0.13577105410947,-0.135566159573761
1.29,-0.136467827995815,-0.135908070778854,-0.136070952540471,-0.135864429872888
1.29033333333333,-0.13676971621162,-0.136208070971563,-0.136371957462878,-0.136163798271879
1.29066666666667,-0.137072719359962,-0.136509178151588,-0.136674074076948,-0.136464269920082
1.291,-0.13737684268559,-0.13681139752325,-0.136977307613049,-0.136765849996622
1.29133333333333,-0.137682091463669,-0.137114734321041,-0.137281663331898,-0.137068543710592
1.29166666666667,-0.13798847099998,-0.137419193809831,-0.137587146524753,-0.137372356301269
1.292,-0.138295986631137,-0.137724781285078,-0.137893762513635,-0.137677293038315
1.29233333333333,-0.138604643724804,-0.138031502073038,-0.138201516651523,-0.13798335922199
1.29266666666667,-0.138914447679895,-0.138339361530976,-0.138510414322588,-0.138290560183361
1.293,-0.139225403926799,-0.138648365047386,-0.138820460942391,-0.13859890128451
1.29333333333333,-0.139537517927606,-0.138958518042196,-0.139131661958116,-0.138908387918758
1.29366666666667,-0.139850795176308,-0.139269825967,-0.139444022848773,-0.139219025510873
1.294,-0.140165241199031,-0.139582294305265,-0.13975754912543,-0.139530819517289
1.29433333333333,-0.140480861554262,-0.13989592857256,-0.140072246331435,-0.139843775426331
1.29466666666667,-0.140797661833064,-0.140210734316771,-0.140388120042631,-0.140157898758423
1.295,-0.141115647659304,-0.14052671711834,-0.140705175867591,-0.140473195066326
1.29533333333333,-0.141434824689886,-0.140843882590473,-0.141023419447847,-0.14078966993535
1.29566666666667,-0.141755198614982,-0.141162236379382,-0.141342856458107,-0.141107328983592
1.296,-0.142076775158262,-0.141481784164511,-0.141663492606507,-0.141426177862155
1.29633333333333,-0.142399560077117,-0.141802531658768,-0.14198533363482,-0.141746222255382
1.29666666666667,-0.142723559162912,-0.142124484608757,-0.142308385318715,-0.142067467881085
1.297,-0.14304877824122,-0.14244764879502,-0.142632653467978,-0.142389920490784
1.29733333333333,-0.143375223172049,-0.142772030032265,-0.14295814392676,-0.142713585869939
1.29766666666667,-0.143702899850103,-0.143097634169615,-0.143284862573804,-0.143038469838187
1.298,-0.144031814205,-0.143424467090847,-0.143612815322714,-0.143364578249584
1.29833333333333,-0.14436197220155,-0.143752534714627,-0.143942008122176,-0.143691916992845
1.29866666666667,-0.144693379839972,-0.144081842994775,-0.144272446956212,-0.144020491991587
1.299,-0.145026043156163,-0.144412397920491,-0.144604137844436,-0.144350309204574
1.29933333333333,-0.145359968221938,-0.144744205516616,-0.144937086842295,-0.144681374625968
1.29966666666667,-0.145695161145294,-0.145077271843887,-0.145271300041329,-0.145013694285578
1.3,-0.146031628070653,-0.145411602999176,-0.145606783569422,-0.145347274249102
1.30033333333333,-0.146369375179135,-0.145747205115764,-0.145943543591063,-0.145682120618391
1.30066666666667,-0.146708408688805,-0.146084084363586,-0.146281586307605,-0.146018239531701
1.301,-0.147048734854936,-0.146422246949496,-0.146620917957518,-0.146355637163957
1.30133333333333,-0.147390359970286,-0.146761699117525,-0.146961544816669,-0.146694319726999
1.30166666666667,-0.147733290365345,-0.147102447149155,-0.147303473198572,-0.147034293469851
1.302,-0.148077532408621,-0.147444497363574,-0.147646709454659,-0.147375564678991
1.30233333333333,-0.148423092506902,-0.147787856117948,-0.147991259974561,-0.147718139678607
1.30266666666667,-0.148769977105525,-0.148132529807696,-0.148337131186372,-0.148062024830875
1.303,-0.149118192688661,-0.148478524866763,-0.148684329556919,-0.148407226536218
1.30333333333333,-0.149467745779584,-0.148825847767886,-0.149032861592046,-0.148753751233593
1.30366666666667,-0.149818642940958,-0.14917450502288,-0.149382733836894,-0.149101605400751
1.304,-0.150170890775109,-0.149524503182916,-0.149733952876178,-0.149450795554529
1.30433333333333,-0.150524495924327,-0.149875848838809,-0.150086525334476,-0.149801328251117
1.30466666666667,-0.150879465071127,-0.150228548621291,-0.150440457876504,-0.150153210086348
1.305,-0.151235804938563,-0.150582609201301,-0.150795757207421,-0.150506447695978
1.30533333333333,-0.151593522290505,-0.150938037290283,-0.151152430073108,-0.150861047755979
1.30566666666667,-0.151952623931935,-0.151294839640471,-0.151510483260464,-0.151217016982816
1.306,-0.152313116709249,-0.151653023045177,-0.151869923597709,-0.151574362133755
1.30633333333333,-0.152675007510549,-0.1520125943391,-0.152230757954665,-0.151933090007135
1.30666666666667,-0.153038303265949,-0.152373560398621,-0.152592993243074,-0.152293207442687
1.307,-0.153403010947875,-0.1527359281421,-0.152956636416893,-0.152654721321825
1.30733333333333,-0.153769137571375,-0.153099704530179,-0.153321694472611,-0.15301763856793
1.30766666666667,-0.154136690194427,-0.153464896566098,-0.153688174449536,-0.153381966146686
1.308,-0.154505675918246,-0.153831511296002,-0.15405608343012,-0.153747711066357
1.30833333333333,-0.154876101887611,-0.154199555809239,-0.154425428540278,-0.154114880378116
1.30866666666667,-0.155247975291162,-0.154569037238693,-0.154796216949693,-0.154483481176343
1.309,-0.155621303361737,-0.154939962761091,-0.155168455872136,-0.154853520598942
1.30933333333333,-0.155996093376681,-0.155312339597327,-0.155542152565796,-0.155225005827667
1.30966666666667,-0.156372352658187,-0.155686175012772,-0.155917314333599,-0.155597944088432
1.31,-0.156750088573607,-0.156061476317626,-0.156293948523524,-0.155972342651632
1.31033333333333,-0.157129308535791,-0.15643825086721,-0.156672062528959,-0.156348208832476
1.31066666666667,-0.157510020003418,-0.156816506062335,-0.157051663789006,-0.156725549991308
1.311,-0.157892230481331,-0.157196249349602,-0.157432759788837,-0.157104373533936
1.31133333333333,-0.158275947520878,-0.157577488221757,-0.157815358060017,-0.157484686911977
1.31166666666667,-0.158661178720253,-0.157960230218029,-0.15819946618086,-0.157866497623173
1.312,-0.159047931724843,-0.158344482924466,-0.158585091776756,-0.158249813211747
1.31233333333333,-0.159436214227565,-0.15873025397428,-0.158972242520529,-0.158634641268739
1.31266666666667,-0.159826033969235,-0.159117551048198,-0.159360926132791,-0.15902098943235
1.313,-0.160217398738902,-0.15950638187482,-0.15975115038228,-0.159408865388282
1.31333333333333,-0.160610316374215,-0.159896754230958,-0.160142923086234,-0.15979827687011
1.31366666666667,-0.161004794761784,-0.160288675941999,-0.160536252110731,-0.160189231659609
1.314,-0.161400841837538,-0.16068215488227,-0.160931145371064,-0.160581737587126
1.31433333333333,-0.16179846558709,-0.161077198975398,-0.161327610832104,-0.160975802531942
1.31466666666667,-0.162197674046107,-0.161473816194669,-0.161725656508665,-0.161371434422619
1.315,-0.16259847530069,-0.161872014563411,-0.162125290465877,-0.161768641237384
1.31533333333333,-0.163000877487733,-0.162271802155349,-0.162526520819562,-0.162167431004483
1.31566666666667,-0.163404888795315,-0.162673187095001,-0.162929355736608,-0.162567811802563
1.316,-0.163810517463079,-0.163076177558042,-0.163333803435354,-0.162969791761042
1.31633333333333,-0.164217771782609,-0.16348078177169,-0.163739872185976,-0.163373379060489
1.31666666666667,-0.164626660097827,-0.163887008015083,-0.164147570310865,-0.163778581933006
1.317,-0.165037190805388,-0.164294864619698,-0.164556906185027,-0.164185408662609
1.31733333333333,-0.165449372355056,-0.164704359969701,-0.164967888236477,-0.164593867585626
1.31766666666667,-0.165863213250126,-0.165115502502373,-0.165380524946633,-0.165003967091072
1.318,-0.166278722047814,-0.165528300708501,-0.16579482485072,-0.165415715621065
1.31833333333333,-0.166695907359657,-0.165942763132766,-0.166210796538172,-0.165829121671206
1.31866666666667,-0.167114777851937,-0.166358898374182,-0.16662844865304,-0.166244193790992
1.319,-0.16753534224608,-0.16677671508647,-0.167047789894413,-0.166660940584216
1.31933333333333,-0.167957609319077,-0.167196221978485,-0.167468829016816,-0.167079370709377
1.31966666666667,-0.168381587903902,-0.167617427814645,-0.16789157483065,-0.167499492880097
1.32,-0.168807286889946,-0.168040341415329,-0.168316036202595,-0.167921315865529
1.32033333333333,-0.16923471522342,-0.168464971657322,-0.168742222056049,-0.168344848490777
1.32066666666667,-0.169663881907815,-0.16889132747422,-0.169170141371553,-0.168770099637336
1.321,-0.170094796004315,-0.169319417856888,-0.169599803187232,-0.169197078243495
1.32133333333333,-0.170527466632243,-0.169749251853869,-0.170031216599214,-0.169625793304782
1.32166666666667,-0.170961902969502,-0.170180838571846,-0.170464390762095,-0.170056253874393
1.322,-0.171398114253025,-0.170614187176062,-0.170899334889377,-0.170488469063637
1.32233333333333,-0.171836109779222,-0.171049306890789,-0.1713360582539,-0.170922448042374
1.32266666666667,-0.172275898904428,-0.171486206999765,-0.17177457018832,-0.171358200039457
1.323,-0.172717491045377,-0.171924896846653,-0.172214880085556,-0.171795734343187
1.32333333333333,-0.17316089567964,-0.172365385835495,-0.172656997399244,-0.172235060301768
1.32366666666667,-0.173606122346116,-0.172807683431187,-0.173100931644216,-0.172676187323764
1.324,-0.174053180645487,-0.173251799159927,-0.173546692396958,-0.173119124878556
1.32433333333333,-0.174502080240697,-0.173697742609708,-0.173994289296099,-0.173563882496814
1.32466666666667,-0.174952830857428,-0.174145523430768,-0.174443732042862,-0.174010469770966
1.325,-0.175405442284586,-0.174595151336099,-0.174895030401574,-0.174458896355672
1.32533333333333,-0.175859924374791,-0.175046636101903,-0.175348194200141,-0.174909171968302
1.32566666666667,-0.176316287044857,-0.175499987568095,-0.175803233330534,-0.175361306389417
1.326,-0.176774540276301,-0.175955215638797,-0.176260157749294,-0.175815309463262
1.32633333333333,-0.177234694115832,-0.176412330282823,-0.17671897747802,-0.176271191098254
1.32666666666667,-0.177696758675867,-0.17687134153419,-0.177179702603888,-0.176728961267475
1.327,-0.178160744135031,-0.177332259492624,-0.177642343280148,-0.177188630009181
1.32733333333333,-0.178626660738677,-0.177795094324061,-0.178106909726631,-0.177650207427287
1.32766666666667,-0.179094518799395,-0.178259856261173,-0.178573412230294,-0.178113703691904
1.328,-0.179564328697549,-0.178726555603878,-0.17904186114571,-0.178579129039842
1.32833333333333,-0.180036100881794,-0.179195202719874,-0.179512266895615,-0.179046493775111
1.32866666666667,-0.180509845869611,-0.179665808045152,-0.17998463997143,-0.179515808269467
1.329,-0.180985574247846,-0.180138382084551,-0.18045899093381,-0.179987082962933
1.32933333333333,-0.181463296673254,-0.180612935412276,-0.180935330413167,-0.180460328364326
1.32966666666667,-0.181943023873038,-0.181089478672461,-0.181413669110231,-0.180935555051805
1.33,-0.182424766645412,-0.181568022579694,-0.181894017796601,-0.181412773673399
1.33033333333333,-0.182908535860147,-0.182048577919589,-0.18237638731529,-0.181891994947566
1.33066666666667,-0.183394342459142,-0.182531155549335,-0.182860788581295,-0.182373229663744
1.331,-0.183882197456984,-0.183015766398264,-0.183347232582166,-0.182856488682896
1.33133333333333,-0.184372111941522,-0.183502421468417,-0.183835730378568,-0.183341782938088
1.33166666666667,-0.184864097074458,-0.183991131835119,-0.184326293104862,-0.183829123435049
1.332,-0.185358164091901,-0.184481908647551,-0.184818931969695,-0.184318521252747
1.33233333333333,-0.185854324304984,-0.184974763129346,-0.185313658256568,-0.184809987543955
1.33266666666667,-0.186352589100437,-0.185469706579167,-0.185810483324457,-0.185303533535848
1.333,-0.186852969941199,-0.185966750371307,-0.186309418608381,-0.185799170530582
1.33333333333333,-0.187355478367013,-0.18646590595629,-0.186810475620028,-0.186296909905894
1.33366666666667,-0.187860125995046,-0.186967184861475,-0.187313665948345,-0.186796763115699
1.334,-0.188366924520493,-0.187470598691669,-0.187819001260175,-0.187298741690692
1.33433333333333,-0.188875885717202,-0.187976159129736,-0.188326493300857,-0.187802857238956
1.33466666666667,-0.189387021438307,-0.188483877937233,-0.188836153894865,-0.188309121446584
1.335,-0.189900343616857,-0.188993766955027,-0.189347994946434,-0.188817546078297
1.33533333333333,-0.190415864266441,-0.189505838103938,-0.1898620284402,-0.189328142978071
1.33566666666667,-0.190933595481859,-0.190020103385366,-0.190378266441836,-0.18984092406977
1.336,-0.191453549439749,-0.190536574881952,-0.190896721098713,-0.190355901357785
1.33633333333333,-0.191975738399253,-0.191055264758218,-0.191417404640547,-0.190873086927672
1.33666666666667,-0.192500174702674,-0.191576185261235,-0.191940329380074,-0.191392492946819
1.337,-0.193026870776156,-0.192099348721275,-0.192465507713691,-0.191914131665082
1.33733333333333,-0.193555839130342,-0.19262476755249,-0.192992952122156,-0.19243801541546
1.33766666666667,-0.194087092361074,-0.193152454253588,-0.193522675171256,-0.192964156614763
1.338,-0.194620643150054,-0.193682421408513,-0.194054689512499,-0.193492567764285
1.33833333333333,-0.195156504265571,-0.194214681687129,-0.194589007883793,-0.194023261450472
1.33866666666667,-0.195694688563167,-0.194749247845931,-0.195125643110167,-0.194556250345647
1.339,-0.196235208986376,-0.195286132728726,-0.195664608104462,-0.195091547208655
1.33933333333333,-0.196778078567404,-0.195825349267361,-0.196205915868045,-0.195629164885597
1.33966666666667,-0.197323310427878,-0.196366910482423,-0.19674957949153,-0.196169116310532
1.34,-0.197870917779556,-0.196910829483977,-0.197295612155503,-0.196711414506174
1.34033333333333,-0.198420913925066,-0.197457119472271,-0.197844027131261,-0.197256072584634
1.34066666666667,-0.19897331225864,-0.198005793738497,-0.198394837781544,-0.197803103748132
1.341,-0.199528126266876,-0.198556865665518,-0.198948057561275,-0.198352521289738
1.34133333333333,-0.200085369529474,-0.19911034872862,-0.199503700018335,-0.198904338594108
1.34166666666667,-0.200645055720012,-0.199666256496272,-0.200061778794303,-0.199458569138232
1.342,-0.201207198606699,-0.200224602630887,-0.200622307625236,-0.200015226492195
1.34233333333333,-0.201771812053172,-0.200785400889592,-0.201185300342436,-0.200574324319929
1.34266666666667,-0.202338910019259,-0.201348665125011,-0.201750770873232,-0.20113587637999
1.343,-0.202908506561784,-0.201914409286041,-0.202318733241789,-0.201699896526336
1.34333333333333,-0.203480615835359,-0.202482647418656,-0.202889201569872,-0.202266398709099
1.34366666666667,-0.204055252093178,-0.2030533936667,-0.203462190077678,-0.202835396975379
1.344,-0.20463242968786,-0.2036266622727,-0.204037713084645,-0.203406905470059
1.34433333333333,-0.20521216307224,-0.204202467578678,-0.204615785010259,-0.203980938436587
1.34466666666667,-0.205794466800213,-0.204780824026976,-0.20519642037489,-0.204557510217811
1.345,-0.20637935552757,-0.20536174616109,-0.205779633800636,-0.205136635256778
1.34533333333333,-0.206966844012837,-0.205945248626502,-0.20636544001215,-0.205718328097596
1.34566666666667,-0.207556947118133,-0.206531346171538,-0.206953853837506,-0.206302603386229
1.346,-0.208149679810036,-0.20712005364822,-0.20754489020906,-0.206889475871379
1.34633333333333,-0.208745057160429,-0.207711386013119,-0.208138564164302,-0.207478960405326
1.34666666666667,-0.209343094347411,-0.208305358328248,-0.20873489084675,-0.208071071944776
1.347,-0.209943806656161,-0.208901985761925,-0.209333885506834,-0.208665825551757
1.34733333333333,-0.210547209479837,-0.209501283589661,-0.20993556350278,-0.209263236394476
1.34766666666667,-0.211153318320476,-0.210103267195084,-0.210539940301517,-0.20986331974822
1.348,-0.211762148789917,-0.210707952070809,-0.211147031479595,-0.210466090996235
1.34833333333333,-0.212373716610715,-0.211315353819375,-0.21175685272409,-0.211071565630645
1.34866666666667,-0.212988037617061,-0.211925488154169,-0.212369419833551,-0.211679759253363
1.349,-0.213605127755743,-0.212538370900345,-0.212984748718928,-0.212290687577003
1.34933333333333,-0.214225003087073,-0.213154017995785,-0.213602855404514,-0.212904366425812
1.34966666666667,-0.214847679785851,-0.213772445492034,-0.21422375602891,-0.213520811736622
1.35,-0.215473174142335,-0.214393669555265,-0.214847466845993,-0.214140039559783
1.35033333333333,-0.216101502563211,-0.21501770646726,-0.21547400422588,-0.214762066060127
1.35066666666667,-0.216732681572589,-0.21564457262637,-0.216103384655918,-0.215386907517941
1.351,-0.217366727812975,-0.216274284548514,-0.216735624741683,-0.216014580329927
1.35133333333333,-0.218003658046301,-0.216906858868187,-0.217370741207978,-0.216645101010208
1.35166666666667,-0.218643489154923,-0.217542312339445,-0.21800875089984,-0.217278486191309
1.352,-0.219286238142659,-0.218180661836946,-0.218649670783588,-0.217914752625169
1.35233333333333,-0.219931922135801,-0.218821924356964,-0.219293517947822,-0.218553917184147
1.35266666666667,-0.220580558384183,-0.219466117018434,-0.219940309604495,-0.219195996862066
1.353,-0.221232164262225,-0.220113257064,-0.220590063089957,-0.219841008775229
1.35333333333333,-0.22188675726999,-0.220763361861064,-0.221242795866014,-0.220488970163473
1.35366666666667,-0.222544355034284,-0.221416448902875,-0.221898525521014,-0.221139898391218
1.354,-0.223204975309713,-0.222072535809594,-0.222557269770923,-0.221793810948552
1.35433333333333,-0.223868635979802,-0.22273164032938,-0.223219046460424,-0.222450725452277
1.35466666666667,-0.224535355058086,-0.223393780339512,-0.223883873564035,-0.223110659647027
1.355,-0.225205150689246,-0.224058973847481,-0.224551769187205,-0.223773631406343
1.35533333333333,-0.225878041150229,-0.224727238992123,-0.225222751567462,-0.224439658733791
1.35566666666667,-0.22655404485138,-0.225398594044751,-0.225896839075546,-0.225108759764086
1.356,-0.227233180337617,-0.226073057410307,-0.226574050216566,-0.225780952764215
1.35633333333333,-0.227915466289573,-0.226750647628504,-0.227254403631152,-0.226456256134584
1.35666666666667,-0.228600921524787,-0.227431383375016,-0.227937918096645,-0.22713468841017
1.357,-0.229289564998879,-0.228115283462641,-0.228624612528272,-0.227816268261684
1.35733333333333,-0.229981415806763,-0.228802366842499,-0.229314505980347,-0.228501014496747
1.35766666666667,-0.230676493183841,-0.229492652605241,-0.230007617647489,-0.229188946061087
1.358,-0.231374816507242,-0.23018615998226,-0.230703966865832,-0.229880082039731
1.35833333333333,-0.232076405297048,-0.230882908346922,-0.231403573114276,-0.230574441658216
1.35866666666667,-0.232781279217547,-0.231582917215803,-0.232106456015712,-0.231272044283823
1.359,-0.233489458078483,-0.232286206249952,-0.232812635338307,-0.231972909426806
1.35933333333333,-0.234200961836349,-0.232992795256142,-0.233522130996764,-0.232677056741638
1.35966666666667,-0.234915810595658,-0.23370270418817,-0.234234963053602,-0.233384506028283
1.36,-0.235634024610238,-0.234415953148128,-0.234951151720468,-0.234095277233464
1.36033333333333,-0.23635562428456,-0.235132562387721,-0.235670717359432,-0.23480939045195
1.36066666666667,-0.237080630175047,-0.235852552309578,-0.236393680484336,-0.235526865927863
1.361,-0.237809062991428,-0.236575943468592,-0.237120061762107,-0.236247724055979
1.36133333333333,-0.23854094359808,-0.237302756573254,-0.237849882014127,-0.236971985383069
1.36166666666667,-0.239276293015395,-0.238033012487027,-0.238583162217587,-0.237699670609235
1.362,-0.240015132421166,-0.238766732229702,-0.239319923506873,-0.238430800589248
1.36233333333333,-0.240757483151973,-0.239503936978798,-0.240060187174965,-0.239165396333948
1.36266666666667,-0.2415033667046,-0.240244648070953,-0.240803974674828,-0.239903479011597
1.363,-0.242252804737451,-0.240988887003347,-0.241551307620851,-0.240645069949284
1.36333333333333,-0.243005819071985,-0.241736675435135,-0.24230220779028,-0.241390190634344
1.36366666666667,-0.243762431694183,-0.242488035188872,-0.243056697124667,-0.242138862715764
1.364,-0.244522664756002,-0.243242988252,-0.243814797731333,-0.242891108005647
1.36433333333333,-0.245286540576852,-0.244001556778299,-0.244576531884859,-0.243646948480637
1.36466666666667,-0.246054081645104,-0.244763763089389,-0.245341922028578,-0.244406406283414
1.365,-0.246825310619606,-0.245529629676236,-0.246110990776086,-0.245169503724157
1.36533333333333,-0.247600250331197,-0.246299179200662,-0.246883760912773,-0.24593626328206
1.36566666666667,-0.24837892378426,-0.247072434496895,-0.247660255397365,-0.246706707606834
1.366,-0.249161354158284,-0.247849418573106,-0.248440497363489,-0.247480859520246
1.36633333333333,-0.249947564809436,-0.248630154612993,-0.249224510121237,-0.248258742017657
1.36666666666667,-0.250737579272146,-0.249414665977353,-0.250012317158771,-0.249040378269596
1.367,-0.251531421260738,-0.250202976205695,-0.250803942143929,-0.249825791623322
1.36733333333333,-0.252329114671035,-0.250995109017842,-0.251599408925842,-0.250615005604432
1.36766666666667,-0.253130683582001,-0.251791088315581,-0.25239874153659,-0.251408043918469
1.368,-0.253936152257423,-0.252590938184308,-0.25320196419285,-0.252204930452546
1.36833333333333,-0.254745545147557,-0.253394682894692,-0.254009101297581,-0.253005689276994
1.36866666666667,-0.255558886890852,-0.254202346904378,-0.254820177441717,-0.253810344647025
1.369,-0.256376202315646,-0.255013954859669,-0.25563521740588,-0.254618921004407
1.36933333333333,-0.257197516441893,-0.255829531597265,-0.256454246162095,-0.255431442979169
1.36966666666667,-0.258022854482923,-0.256649102145999,-0.25727728887557,-0.256247935391307
1.37,-0.258852241847203,-0.257472691728591,-0.258104370906439,-0.257068423252522
1.37033333333333,-0.25968570414012,-0.258300325763424,-0.258935517811544,-0.257892931767973
1.37066666666667,-0.260523267165795,-0.259132029866358,-0.259770755346265,-0.258721486338043
1.371,-0.261364956928889,-0.259967829852519,-0.260610109466321,-0.259554112560119
1.37133333333333,-0.262210799636456,-0.260807751738145,-0.261453606329611,-0.260390836230417
1.37166666666667,-0.263060821699817,-0.261651821742449,-0.262301272298097,-0.261231683345797
1.372,-0.263915049736413,-0.262500066289469,-0.263153133939667,-0.262076680105608
1.37233333333333,-0.264773510571732,-0.263352512009987,-0.264009218030045,-0.262925852913551
1.37266666666667,-0.265636231241216,-0.264209185743427,-0.264869551554712,-0.263779228379578
1.373,-0.26650323899221,-0.265070114539788,-0.265734161710845,-0.264636833321775
1.37333333333333,-0.267374561285921,-0.265935325661605,-0.26660307590929,-0.265498694768304
1.37366666666667,-0.268250225799412,-0.266804846585921,-0.267476321776536,-0.266364839959341
1.374,-0.26913026042759,-0.267678705006282,-0.268353927156723,-0.267235296349043
1.37433333333333,-0.27001469328524,-0.268556928834761,-0.269235920113677,-0.268110091607535
1.37466666666667,-0.270903552709076,-0.269439546203989,-0.270122328932943,-0.26898925362292
1.375,-0.271796867259814,-0.270326585469219,-0.27101318212388,-0.269872810503311
1.37533333333333,-0.272694665724252,-0.27121807521041,-0.271908508421717,-0.270760790578871
1.37566666666667,-0.273596977117397,-0.272114044234339,-0.272808336789713,-0.271653222403906
1.376,-0.274503830684591,-0.273014521576723,-0.273712696421261,-0.272550134758942
1.37633333333333,-0.275415255903683,-0.273919536504366,-0.274621616742064,-0.273451556652851
1.37666666666667,-0.276331282487205,-0.274829118517344,-0.275535127412315,-0.274357517325007
1.377,-0.277251940384584,-0.275743297351204,-0.276453258328913,-0.275268046247415
1.37733333333333,-0.278177259784363,-0.27666210297917,-0.277376039627682,-0.276183173126936
1.37766666666667,-0.279107271116475,-0.277585565614412,-0.278303501685645,-0.277102927907477
1.378,-0.280042005054503,-0.278513715712306,-0.279235675123286,-0.278027340772236
1.37833333333333,-0.280981492518002,-0.27944658397272,-0.280172590806875,-0.27895644214595
1.37866666666667,-0.281925764674811,-0.280384201342357,-0.281114279850779,-0.279890262697194
1.379,-0.282874852943425,-0.281326599017084,-0.28206077361984,-0.280828833340683
1.37933333333333,-0.28382878899536,-0.282273808444307,-0.283012103731735,-0.281772185239607
1.37966666666667,-0.28478760475758,-0.283225861325373,-0.283968302059402,-0.282720349807985
1.38,-0.285751332414907,-0.284182789617993,-0.284929400733472,-0.28367335871306
1.38033333333333,-0.286720004412494,-0.285144625538692,-0.285895432144715,-0.284631243877709
1.38066666666667,-0.287693653458312,-0.286111401565279,-0.28686642894655,-0.285594037482875
1.381,-0.288672312525659,-0.287083150439371,-0.287842424057545,-0.286561771970038
1.38133333333333,-0.2896560148557,-0.288059905168908,-0.288823450663969,-0.287534480043699
1.38166666666667,-0.290644793960052,-0.289041699030714,-0.28980954222236,-0.288512194673912
1.382,-0.291638683623359,-0.290028565573106,-0.290800732462125,-0.289494949098824
1.38233333333333,-0.292637717905937,-0.291020538618484,-0.291797055388168,-0.290482776827239
1.38266666666667,-0.293641931146414,-0.292017652266001,-0.292798545283552,-0.291475711641245
1.383,-0.294651357964435,-0.293019940894221,-0.293805236712182,-0.292473787598828
1.38333333333333,-0.295666033263354,-0.294027439163839,-0.294817164521527,-0.29347703903654
1.38366666666667,-0.296685992233003,-0.295040182020412,-0.295834363845353,-0.294485500572187
1.384,-0.297711270352444,-0.296058204697118,-0.296856870106529,-0.295499207107562
1.38433333333333,-0.298741903392797,-0.297081542717567,-0.297884719019806,-0.296518193831179
1.38466666666667,-0.299777927420054,-0.298110231898624,-0.298917946594678,-0.297542496221058
1.385,-0.300819378797975,-0.299144308353264,-0.299956589138241,-0.298572150047554
1.38533333333333,-0.301866294190964,-0.30018380849347,-0.301000683258104,-0.299607191376187
1.38566666666667,-0.302918710567024,-0.30122876903316,-0.302050265865332,-0.300647656570513
1.386,-0.303976665200714,-0.302279226991142,-0.303105374177399,-0.301693582295052
1.38633333333333,-0.305040195676145,-0.303335219694105,-0.304166045721207,-0.302745005518206
1.38666666666667,-0.306109339890021,-0.304396784779644,-0.305232318336118,-0.303801963515258
1.387,-0.30718413605471,-0.305463960199327,-0.30630423017702,-0.304864493871357
1.38733333333333,-0.308264622701328,-0.30653678422177,-0.307381819717441,-0.305932634484565
1.38766666666667,-0.309350838682909,-0.307615295435789,-0.308465125752686,-0.307006423568948
1.388,-0.310442823177548,-0.308699532753547,-0.309554187403019,-0.308085899657666
1.38833333333333,-0.311540615691617,-0.309789535413769,-0.310649044116861,-0.30917110160613
1.38866666666667,-0.312644256063025,-0.310885342984964,-0.311749735674061,-0.310262068595178
1.389,-0.313753784464485,-0.311986995368706,-0.312856302189171,-0.311358840134301
1.38933333333333,-0.314869241406841,-0.31309453280295,-0.313968784114759,-0.31246145606488
1.38966666666667,-0.315990667742414,-0.31420799586537,-0.315087222244794,-0.313569956563504
1.39,-0.317118104668426,-0.315327425476761,-0.316211657718031,-0.314684382145265
1.39033333333333,-0.318251593730393,-0.316452862904446,-0.317342132021449,-0.31580477366715
1.39066666666667,-0.319391176825635,-0.31758434976576,-0.318478686993735,-0.316931172331439
1.391,-0.320536896206771,-0.318721928031548,-0.319621364828802,-0.318063619689143
1.39133333333333,-0.321688794485274,-0.319865640029701,-0.320770208079345,-0.31920215764349
1.39166666666667,-0.322846914635078,-0.32101552844876,-0.321925259660445,-0.320346828453455
1.392,-0.32401129999619,-0.322171636341538,-0.323086562853203,-0.321497674737316
1.39233333333333,-0.325181994278398,-0.323334007128774,-0.32425416130843,-0.322654739476257
1.39266666666667,-0.326359041564961,-0.324502684602877,-0.325428099050363,-0.323818066018022
1.393,-0.327542486316399,-0.325677712931651,-0.326608420480461,-0.324987698080602
1.39333333333333,-0.328732373374275,-0.326859136662112,-0.327795170381171,-0.326163679755957
1.39366666666667,-0.329928747965062,-0.328047000724316,-0.328988393919828,-0.3273460555138
1.394,-0.331131655704042,-0.329241350435277,-0.330188136652533,-0.328534870205414
1.39433333333333,-0.332341142599231,-0.330442231502864,-0.331394444528117,-0.329730169067504
1.39466666666667,-0.333557255055372,-0.3316496900298,-0.332607363892107,-0.330931997726119
1.395,-0.33478003987797,-0.332863772517684,-0.333826941490797,-0.332140402200592
1.39533333333333,-0.336009544277373,-0.334084525871071,-0.335053224475309,-0.333355428907547
1.39566666666667,-0.337245815872898,-0.335311997401578,-0.336286260405751,-0.334577124664939
1.396,-0.338488902697,-0.336546234832064,-0.337526097255377,-0.33580553669615
1.39633333333333,-0.339738853199508,-0.337787286300849,-0.338772783414833,-0.33704071263412
1.39666666666667,-0.340995716251891,-0.339035200365978,-0.340026367696442,-0.33828270052556
1.397,-0.34225954115159,-0.340290026009534,-0.341286899338524,-0.339531548835156
1.39733333333333,-0.34353037762638,-0.341551812642018,-0.342554428009786,-0.340787306449885
1.39766666666667,-0.344808275838814,-0.34282061010677,-0.343829003813762,-0.342050022683342
1.398,-0.346093286390688,-0.344096468684431,-0.345110677293289,-0.343319747280126
1.39833333333333,-0.34738546032758,-0.345379439097481,-0.346399499435063,-0.344596530420296
1.39866666666667,-0.348684849143436,-0.346669572514809,-0.347695521674218,-0.345880422723845
1.399,-0.349991504785204,-0.347966920556359,-0.348998795898988,-0.347171475255266
1.39933333333333,-0.351305479657538,-0.349271535297816,-0.350309374455399,-0.348469739528135
1.39966666666667,-0.352626826627535,-0.350583469275342,-0.351627310152047,-0.349775267509782
1.4,-0.353955599029562,-0.351902775490401,-0.352952656264897,-0.351088111626003
1.40033333333333,-0.355291850670103,-0.353229507414594,-0.354285466542166,-0.352408324765805
1.40066666666667,-0.356635635832686,-0.354563718994604,-0.355625795209257,-0.353735960286258
1.401,-0.357987009282867,-0.355905464657138,-0.356973696973754,-0.355071072017358
1.40133333333333,-0.359346026273275,-0.357254799314011,-0.358329227030467,-0.356413714266979
1.40166666666667,-0.360712742548707,-0.358611778367204,-0.359692441066546,-0.35776394182586
1.402,-0.362087214351293,-0.359976457714043,-0.361063395266662,-0.35912180997268
1.40233333333333,-0.363469498425715,-0.361348893752419,-0.362442146318239,-0.360487374479158
1.40266666666667,-0.364859652024503,-0.362729143386066,-0.36382875141675,-0.361860691615254
1.403,-0.366257732913384,-0.364117264029926,-0.365223268271093,-0.363241818154401
1.40333333333333,-0.367663799376696,-0.365513313615545,-0.366625755109001,-0.364630811378818
1.40366666666667,-0.369077910222874,-0.366917350596568,-0.368036270682557,-0.366027729084879
1.404,-0.370500124789991,-0.368329433954272,-0.369454874273747,-0.367432629588554
1.40433333333333,-0.371930502951371,-0.36974962320319,-0.370881625700083,-0.368845571730899
1.40466666666667,-0.373369105121287,-0.371177978396796,-0.372316585320306,-0.370266614883641
1.405,-0.374815992260697,-0.372614560133246,-0.373759814040157,-0.371695818954807
1.40533333333333,-0.37627122588308,-0.374059429561214,-0.37521137331821,-0.373133244394436
1.40566666666667,-0.377734868060313,-0.375512648385775,-0.376671325171773,-0.374578952200332
1.406,-0.379206981428657,-0.376974278874375,-0.378139732182893,-0.376033003923948
1.40633333333333,-0.380687629194772,-0.378444383862882,-0.379616657504377,-0.377495461676262
1.40666666666667,-0.382176875141852,-0.379923026761673,-0.381102164865949,-0.378966388133803
1.407,-0.38367478363579,-0.381410271561863,-0.382596318580445,-0.380445846544685
1.40733333333333,-0.385181419631473,-0.38290618284153,-0.384099183550087,-0.381933900734768
1.40766666666667,-0.386696848679077,-0.38441082577209,-0.385610825272851,-0.383430615113847
1.408,-0.388221136930531,-0.385924266124709,-0.387131309848897,-0.384936054681968
1.40833333333333,-0.389754351145985,-0.387446570276794,-0.38866070398709,-0.386450285035773
1.40866666666667,-0.391296558700397,-0.388977805218594,-0.390199075011596,-0.387973372374956
1.409,-0.392847827590195,-0.390518038559854,-0.391746490868557,-0.389505383508795
1.40933333333333,-0.39440822644002,-0.39206733853656,-0.393303020132855,-0.391046385862741
1.40966666666667,-0.395977824509536,-0.393625774017792,-0.394868732014969,-0.392596447485125
1.41,-0.397556691700371,-0.395193414512612,-0.396443696367879,-0.394155637053919
1.41033333333333,-0.399144898563077,-0.396770330177084,-0.398027983694124,-0.39572402388359
1.41066666666667,-0.400742516304239,-0.398356591821376,-0.399621665152872,-0.397301677932052
1.411,-0.402349616793641,-0.399952270916918,-0.401224812567133,-0.398888669807687
1.41133333333333,-0.403966272571527,-0.401557439603683,-0.402837498431038,-0.400485070776458
1.41166666666667,-0.405592556855945,-0.403172170697564,-0.404459795917213,-0.402090952769126
1.412,-0.40722854355021,-0.404796537697819,-0.406091778884268,-0.403706388388533
1.41233333333333,-0.408874307250425,-0.406430614794603,-0.407733521884325,-0.405331450916992
1.41266666666667,-0.410529923253125,-0.408074476876654,-0.409385100170714,-0.406966214323776
1.413,-0.412195467563,-0.409728199538996,-0.4110465897057,-0.408610753272679
1.41333333333333,-0.413871016900729,-0.411391859090811,-0.412718067168357,-0.410265143129698
1.41366666666667,-0.415556648710897,-0.41306553256335,-0.414399609962507,-0.411929459970792
1.414,-0.41725244117003,-0.414749297718009,-0.41609129622478,-0.413603780589748
1.41433333333333,-0.418958473194714,-0.416443233054443,-0.417793204832772,-0.415288182506156
1.41466666666667,-0.420674824449831,-0.418147417818834,-0.419505415413307,-0.416982743973454
1.415,-0.422401575356894,-0.419861932012234,-0.421228008350796,-0.418687543987116
1.41533333333333,-0.424138807102487,-0.421586856399026,-0.42296106479571,-0.42040266229292
1.41566666666667,-0.42588660164682,-0.423322272515511,-0.424704666673175,-0.422128179395318
1.416,-0.427645041732377,-0.425068262678562,-0.426458896691642,-0.423864176565929
1.41633333333333,-0.429414210892693,-0.426824909994431,-0.428223838351699,-0.425610735852131
1.41666666666667,-0.43119419346123,-0.428592298367655,-0.429999575954995,-0.427367940085764
1.417,-0.432985074580387,-0.430370512510064,-0.43178619461326,-0.429135872891939
1.41733333333333,-0.434786940210579,-0.432159637949931,-0.433583780257446,-0.430914618697984
1.41766666666667,-0.436599877139504,-0.433959761041216,-0.435392419647004,-0.432704262742461
1.418,-0.43842397299146,-0.435770968972954,-0.43721220037927,-0.434504891084362
1.41833333333333,-0.44025931623682,-0.437593349778728,-0.439043210898941,-0.436316590612337
1.41866666666667,-0.442105996201634,-0.439426992346323,-0.440885540507755,-0.438139449054152
1.419,-0.443964103077331,-0.441271986427435,-0.442739279374201,-0.439973554986159
1.41933333333333,-0.445833727930556,-0.443128422647573,-0.444604518543416,-0.441818997842961
1.41966666666667,-0.447714962713143,-0.444996392516044,-0.446481349947192,-0.443675867927181
1.42,-0.449607900272217,-0.446875988436094,-0.448369866414126,-0.445544256419356
1.42033333333333,-0.45151263436041,-0.448767303715167,-0.450270161679873,-0.447424255387956
1.42066666666667,-0.453429259646226,-0.450670432575309,-0.45218233039757,-0.44931595779954
1.421,-0.455357871724555,-0.452585470163716,-0.454106468148378,-0.451219457529059
1.42133333333333,-0.457298567127278,-0.454512512563379,-0.456042671452145,-0.453134849370252
1.42166666666667,-0.459251443334062,-0.456451656803939,-0.457991037778252,-0.455062229046231
1.422,-0.461216598783266,-0.458403000872623,-0.459951665556562,-0.45700169322016
1.42233333333333,-0.463194132883003,-0.460366643725349,-0.461924654188536,-0.458953339506096
1.42266666666667,-0.465184146022338,-0.462342685297993,-0.463910104058479,-0.460917266479987
1.423,-0.46718673958265,-0.464331226517779,-0.465908116544965,-0.462893573690783
1.42333333333333,-0.469202015949111,-0.466332369314831,-0.467918794032361,-0.464882361671701
1.42366666666667,-0.471230078522372,-0.468346216633884,-0.469942239922563,-0.466883731951665
1.424,-0.473271031730338,-0.470372872446155,-0.471978558646853,-0.468897787066869
1.42433333333333,-0.475324981040148,-0.472412441761344,-0.474027855677909,-0.470924630572503
1.42466666666667,-0.4773920329703,-0.474465030639839,-0.476090237542006,-0.472964367054637
1.425,-0.479472295102919,-0.47653074620505,-0.478165811831337,-0.475017102142275
1.42533333333333,-0.481565876096218,-0.478609696655915,-0.480254687216556,-0.477082942519524
1.42566666666667,-0.48367288569711,-0.480701991279595,-0.482356973459419,-0.479161995937993
1.426,-0.485793434753985,-0.482807740464317,-0.484472781425658,-0.481254371229307
1.42633333333333,-0.487927635229657,-0.484927055712388,-0.486602223097981,-0.483360178317788
1.42666666666667,-0.49007560021451,-0.487060049653414,-0.488745411589285,-0.485479528233351
1.427,-0.492237443939771,-0.489206836057664,-0.490902461156019,-0.487612533124537
1.42733333333333,-0.494413281791016,-0.491367529849634,-0.493073487211731,-0.489759306271703
1.42766666666667,-0.496603230321818,-0.49354224712179,-0.495258606340815,-0.491919962100453
1.428,-0.498807407267601,-0.495731105148498,-0.497457936312423,-0.494094616195188
1.42833333333333,-0.501025931559665,-0.49793422240015,-0.499671596094585,-0.496283385312872
1.42866666666667,-0.503258923339418,-0.500151718557462,-0.501899705868506,-0.49848638739697
1.429,-0.50550650397278,-0.502383714526001,-0.504142387043064,-0.500703741591591
1.42933333333333,-0.507768796064808,-0.504630332450877,-0.50639976226949,-0.502935568255801
1.42966666666667,-0.51004592347449,-0.506891695731657,-0.508671955456285,-0.505181988978153
1.43,-0.512338011329768,-0.509167929037477,-0.510959091784306,-0.507443126591408
1.43033333333333,-0.514645186042742,-0.511459158322363,-0.513261297722066,-0.509719105187427
1.43066666666667,-0.516967575325105,-0.513765510840757,-0.515578701041253,-0.51201005013233
1.431,-0.519305308203763,-0.516087115163272,-0.517911430832451,-0.514316088081791
1.43133333333333,-0.521658515036689,-0.518424101192645,-0.520259617521093,-0.516637346996604
1.43166666666667,-0.524027327528992,-0.520776600179925,-0.522623392883613,-0.518973956158417
1.432,-0.526411878749192,-0.523144744740893,-0.525002890063829,-0.521326046185712
1.43233333333333,-0.528812303145728,-0.525528668872662,-0.527398243589567,-0.523693749049986
1.43266666666667,-0.531228736563706,-0.527928507970589,-0.529809589389485,-0.526077198092165
1.433,-0.533661316261857,-0.530344398845339,-0.532237064810156,-0.528476528039248
1.43333333333333,-0.536110180929728,-0.532776479740249,-0.534680808633381,-0.530891875021164
1.43366666666667,-0.538575470705143,-0.535224890348901,-0.537140961093729,-0.533323376587892
1.434,-0.541057327191867,-0.537689771832944,-0.539617663896344,-0.53577117172678
1.43433333333333,-0.543555893477527,-0.540171266840186,-0.542111060234979,-0.538235400880144
1.43466666666667,-0.546071314151808,-0.542669519522908,-0.544621294810293,-0.540716205963075
1.435,-0.548603735324857,-0.545184675556472,-0.54714851384841,-0.543213730381538
1.43533333333333,-0.551153304645975,-0.547716882158154,-0.549692865119716,-0.545728119050672
1.43566666666667,-0.553720171322568,-0.550266288106272,-0.552254497957934,-0.548259518413388
1.436,-0.556304486139349,-0.55283304375957,-0.554833563279478,-0.55080807645921
1.43633333333333,-0.558906401477814,-0.55541730107687,-0.557430213603058,-0.553373942743375
1.43666666666667,-0.561526071336,-0.558019213637023,-0.560044603069563,-0.555957268406214
1.437,-0.564163651348517,-0.560638936659129,-0.562676887462255,-0.558558206192809
1.43733333333333,-0.566819298806842,-0.563276627023037,-0.565327224227193,-0.561176910472895
1.43766666666667,-0.569493172679924,-0.565932443290151,-0.567995772493996,-0.563813537261091
1.438,-0.572185433635089,-0.568606545724544,-0.570682693096895,-0.566468244237373
1.43833333333333,-0.574896244059179,-0.571299096314322,-0.573388148596034,-0.569141190767875
1.43866666666667,-0.57762576808008,-0.57401025879336,-0.576112303299151,-0.571832537925944
1.439,-0.580374171588475,-0.576740198663314,-0.578855323283501,-0.574542448513534
1.43933333333333,-0.583141622259949,-0.579489083215929,-0.581617376418116,-0.577271087082879
1.43966666666667,-0.585928289577401,-0.582257081555729,-0.584398632386415,-0.580018619958481
1.44,-0.58873434485378,-0.585044364622968,-0.587199262709082,-0.582785215259426
1.44033333333333,-0.591559961255103,-0.587851105216943,-0.590019440767292,-0.585571042921978
1.44066666666667,-0.59440531382388,-0.590677478019658,-0.59285934182629,-0.588376274722553
1.441,-0.597270579502798,-0.593523659619796,-0.59571914305931,-0.591201084300991
1.44133333333333,-0.600155937158783,-0.59638982853706,-0.598599023571777,-0.594045647184132
1.44166666666667,-0.603061567607407,-0.599276165246872,-0.601499164425946,-0.596910140809818
1.442,-0.605987653637633,-0.602182852205407,-0.604419748665838,-0.599794744551145
1.44233333333333,-0.608934380036913,-0.605110073875016,-0.60736096134255,-0.602699639741114
1.44266666666667,-0.611901933616673,-0.608058016750008,-0.610322989539948,-0.60562500969765
1.443,-0.614890503238134,-0.611026869382809,-0.613306022400705,-0.608571039748945
1.44333333333333,-0.617900279838527,-0.614016822410503,-0.616310251152734,-0.611537917259195
1.44366666666667,-0.620931456457667,-0.617028068581766,-0.619335869136013,-0.614525831654698
1.444,-0.623984228264966,-0.620060802784204,-0.622383071829791,-0.617534974450355
1.44433333333333,-0.627058792586731,-0.623115222072052,-0.625452056880169,-0.620565539276505
1.44466666666667,-0.630155348933994,-0.626191525694349,-0.628543024128143,-0.623617721906219
1.445,-0.633274099030639,-0.629289915123469,-0.631656175637999,-0.626691720282945
1.44533333333333,-0.636415246841991,-0.632410594084081,-0.634791715726136,-0.629787734548561
1.44566666666667,-0.639578998603803,-0.635553768582583,-0.637949850990354,-0.632905967071867
1.446,-0.642765562851691,-0.63871964693693,-0.64113079033953,-0.636046622477474
1.44633333333333,-0.645975150450967,-0.64190843980689,-0.644334745023725,-0.639209907675113
1.44666666666667,-0.649207974626929,-0.645120360224808,-0.64756192866477,-0.642396031889378
1.447,-0.652464250995612,-0.648355623626782,-0.650812557287306,-0.645605206689953
1.44733333333333,-0.655744197594939,-0.651614447884308,-0.654086849350217,-0.648837646022189
1.44766666666667,-0.659048034916395,-0.654897053336424,-0.657385025778629,-0.652093566238234
1.448,-0.662375985937133,-0.658203662822301,-0.660707309996296,-0.655373186128569
1.44833333333333,-0.66572827615253,-0.66153450171435,-0.664053927958523,-0.658676726954004
1.44866666666667,-0.669105133609308,-0.664889797951803,-0.667425108185554,-0.662004412478205
1.449,-0.672506788939054,-0.668269782074836,-0.670821081796468,-0.665356469000644
1.44933333333333,-0.675933475392271,-0.67167468725914,-0.674242082543569,-0.668733125390065
1.44966666666667,-0.679385428872965,-0.675104749351091,-0.677688346847306,-0.672134613118466
1.45,-0.682862887973727,-0.678560206903404,-0.681160113831722,-0.675561166295563
1.45033333333333,-0.686366094011296,-0.682041301211316,-0.68465762536039,-0.679013021703783
1.45066666666667,-0.689895291062733,-0.68554827634937,-0.688181126072962,-0.682490418833785
1.451,-0.693450726002071,-0.689081379208705,-0.691730863422205,-0.685993599920501
1.45133333333333,-0.697032648537532,-0.692640859534939,-0.695307087711606,-0.689522809979728
1.45166666666667,-0.70064131124934,-0.696226969966625,-0.698910052133598,-0.69307829684529
1.452,-0.704276969628032,-0.69983996607429,-0.702540012808299,-0.696660311206714
1.45233333333333,-0.707939882113398,-0.703480106400076,-0.706197228822848,-0.700269106647531
1.45266666666667,-0.711630310133997,-0.707147652497975,-0.709881962271389,-0.703904939684109
1.453,-0.715348518147268,-0.71084286897471,-0.713594478295601,-0.707568069805128
1.45333333333333,-0.719094773680228,-0.71456602353119,-0.717335045125873,-0.711258759511566
1.45366666666667,-0.722869347370818,-0.71831738700468,-0.721103934123112,-0.714977274357426
1.454,-0.726672513009859,-0.72209723341154,-0.724901419821181,-0.718723882990935
1.45433333333333,-0.730504547583629,-0.725905839990669,-0.728727779969977,-0.722498857196499
1.45466666666667,-0.734365731317135,-0.729743487247624,-0.732583295579181,-0.726302471937217
1.455,-0.738256347717988,-0.733610458999411,-0.73646825096269,-0.730135005398089
1.45533333333333,-0.742176683620978,-0.73750704241993,-0.740382933783687,-0.733996739029852
1.45566666666667,-0.746127029233328,-0.741433528086219,-0.74432763510047,-0.737887957593532
1.456,-0.750107678180644,-0.745390210025325,-0.748302649412919,-0.741808949205647
1.45633333333333,-0.754118927553534,-0.74937738576195,-0.752308274709737,-0.745760005384108
1.45666666666667,-0.758161077955009,-0.753395356366847,-0.756344812516379,-0.749741421094861
1.457,-0.762234433548531,-0.757444426505935,-0.760412567943758,-0.753753494799209
1.45733333333333,-0.766339302106861,-0.761524904490226,-0.764511849737666,-0.757796528501872
1.45766666666667,-0.770475995061654,-0.765637102326502,-0.768642970329005,-0.761870827799845
1.458,-0.77464482755378,-0.769781335768816,-0.772806245884779,-0.765976701931932
1.45833333333333,-0.778846118484444,-0.773957924370763,-0.777001996359848,-0.770114463829109
1.45866666666667,-0.78308019056713,-0.778167191538615,-0.781230545549567,-0.774284430165644
1.459,-0.787347370380301,-0.782409464585285,-0.785492221143161,-0.778486921411051
1.45933333333333,-0.791647988420916,-0.786685074785112,-0.789787354777999,-0.78272226188278
1.45966666666667,-0.795982379158849,-0.790994357429571,-0.794116282094686,-0.786990779799836
1.46,-0.800350881092052,-0.795337651883806,-0.798479342793028,-0.791292807337135
1.46033333333333,-0.804753836802659,-0.799715301644092,-0.802876880688861,-0.795628680680772
1.46066666666667,-0.809191593013921,-0.80412765439623,-0.807309243771821,-0.799998740084165
1.461,-0.813664500648069,-0.808575062074824,-0.811776784263971,-0.804403329925055
1.46133333333333,-0.818172914885029,-0.813057880923533,-0.816279858679368,-0.808842798763385
1.46166666666667,-0.822717195222111,-0.81757647155629,-0.820818827884586,-0.813317499400142
1.462,-0.8272977055346,-0.822131199019501,-0.825394057160212,-0.817827788937128
1.46233333333333,-0.831914814137308,-0.826722432855205,-0.830005916263247,-0.82237402883761
1.46266666666667,-0.836568893847117,-0.831350547165302,-0.834654779490587,-0.826956584988025
1.463,-0.841260322046464,-0.836015920676786,-0.839341025743455,-0.831575827760582
1.46333333333333,-0.845989480747864,-0.840718936808012,-0.844065038592866,-0.836232132076915
1.46366666666667,-0.850756756659436,-0.845459983736069,-0.848827206346164,-0.84092587747274
1.464,-0.855562541251493,-0.850239454465238,-0.853627922114597,-0.845657448163523
1.46433333333333,-0.860407230824126,-0.855057746896493,-0.858467583881977,-0.850427233111199
1.46466666666667,-0.865291226575932,-0.859915263898238,-0.86334659457443,-0.855235626091995
1.465,-0.870214934673796,-0.864812413378108,-0.868265362131312,-0.860083025765307
1.46533333333333,-0.875178766323772,-0.869749608355947,-0.873224299577181,-0.864969835743674
1.46566666666667,-0.880183137843144,-0.874727267038039,-0.878223825095023,-0.869896464663922
1.466,-0.885228470733579,-0.879745812892455,-0.883264362100577,-0.874863326259392
1.46633333333333,-0.890315191755474,-0.884805674725698,-0.888346339317905,-0.879870839433399
1.46666666666667,-0.895443733003523,-0.889907286760595,-0.89347019085617,-0.884919428333812
1.467,-0.900614531983426,-0.895051088715445,-0.898636356287669,-0.890009522428909
1.46733333333333,-0.905828031689896,-0.900237525884463,-0.903845280727085,-0.89514155658438
1.46766666666667,-0.911084680685883,-0.90546704921957,-0.909097414912097,-0.900315971141658
1.468,-0.916384933183084,-0.910740115413536,-0.914393215285246,-0.905533211997476
1.46833333333333,-0.921729249123733,-0.916057186984445,-0.919733144077141,-0.910793730684716
1.46866666666667,-0.927118094263751,-0.921418732361612,-0.92511766939105,-0.916097984454614
1.469,-0.932551940257201,-0.926825225972888,-0.93054726528884,-0.921446436360262
1.46933333333333,-0.938031264742106,-0.932277148333423,-0.936022411878327,-0.926839555341493
1.46966666666667,-0.943556551427694,-0.937774986135907,-0.941543595402079,-0.932277816311177
1.47,-0.949128290183039,-0.943319232342293,-0.947111308327659,-0.937761700242885
1.47033333333333,-0.954746977127106,-0.948910386277068,-0.952726049439319,-0.943291694260021
1.47066666666667,-0.960413114720326,-0.954548953722056,-0.958388323931263,-0.948868291726428
1.471,-0.966127211857633,-0.960235447012854,-0.964098643502421,-0.954491992338477
1.47133333333333,-0.971889783962966,-0.965970385136793,-0.969857526452722,-0.960163302218622
1.47166666666667,-0.977701353085423,-0.971754293832641,-0.975665497781088,-0.96588273401062
1.472,-0.983562447996883,-0.977587705691905,-0.981523089284916,-0.971650806976191
1.47233333333333,-0.989473604291283,-0.983471160261855,-0.987430839661283,-0.977468047093364
1.47266666666667,-0.995435364485494,-0.989405204150309,-0.993389294609811,-0.983334987156429
1.473,-1.0014482781219,-0.995390391132159,-0.999399006937237,-0.989252166877547
1.47333333333333,-1.00751290187256,-1.00142728225766,-1.00546053666371,-0.995220132990041
1.47366666666667,-1.01362979964522,-1.00751644596267,-1.01157445113087,-1.00123943935342
1.474,-1.01979954269096,-1.01365845818057,-1.01774132511177,-1.00731064706018
1.47433333333333,-1.02602270971366,-1.01985390245629,-1.0239617409225,-1.0134343245443
1.47466666666667,-1.03229988698129,-1.02610337006208,-1.03023628853586,-1.01961104769166
1.475,-1.03863166843899,-1.03240746011543,-1.03656556569681,-1.02584139995224
1.47533333333333,-1.04501865582407,-1.03876677969882,-1.04295017803984,-1.03212597245422
1.47566666666667,-1.0514614587829,-1.04518194398164,-1.04939073920842,-1.03846536411999
1.476,-1.05796069498971,-1.05165357634418,-1.05588787097639,-1.04486018178415
1.47633333333333,-1.06451699026741,-1.05818230850367,-1.06244220337131,-1.0513110403134
1.47666666666667,-1.07113097871037,-1.06476878064256,-1.0690543748001,-1.05781856272856
1.477,-1.07780330280935,-1.07141364153892,-1.07572503217659,-1.0643833803286
1.47733333333333,-1.08453461357831,-1.07811754869921,-1.08245483105131,-1.07100613281676
1.47766666666667,-1.09132557068356,-1.08488116849317,-1.08924443574351,-1.07768746842882
1.478,-1.0981768425749,-1.09170517629118,-1.09609451947535,-1.08442804406354
1.47833333333333,-1.10508910661909,-1.09859025660387,-1.10300576450841,-1.09122852541532
1.47866666666667,-1.1120630492354,-1.10553710322428,-1.10997886228248,-1.09808958710909
1.479,-1.11909936603361,-1.11254641937237,-1.11701451355676,-1.10501191283757
1.47933333333333,-1.12619876195414,-1.11961891784205,-1.1241134285534,-1.11199619550075
1.47966666666667,-1.13336195141069,-1.1267553211508,-1.13127632710354,-1.11904313734784
1.48,-1.1405896584352,-1.13395636169192,-1.13850393879584,-1.12615345012167
1.48033333333333,-1.14788261682523,-1.14122278188932,-1.14579700312746,-1.13332785520542
1.48066666666667,-1.15524157029395,-1.14855533435514,-1.1531562696578,-1.14056708377204
1.481,-1.16266727262245,-1.15595478205003,-1.16058249816467,-1.14787187693614
1.48133333333333,-1.17016048781484,-1.16342189844626,-1.16807645880329,-1.15524298590843
1.48166666666667,-1.17772199025583,-1.17095746769371,-1.1756389322679,-1.16268117215297
1.482,-1.18535256487103,-1.17856228478878,-1.18327070995631,-1.17018720754701
1.48233333333333,-1.19305300728996,-1.18623715574616,-1.19097259413707,-1.17776187454364
1.48266666666667,-1.20082412401182,-1.19398289777378,-1.19874539811972,-1.18540596633716
1.483,-1.20866673257407,-1.20180033945075,-1.20658994642786,-1.19312028703151
1.48333333333333,-1.2165816617239,-1.20969032090842,-1.21450707497521,-1.20090565181135
1.48366666666667,-1.22456975159258,-1.21765369401471,-1.22249763124477,-1.20876288711632
1.484,-1.2326318538728,-1.22569132256164,-1.23056247447105,-1.21669283081823
1.48433333333333,-1.24076883199901,-1.23380408245621,-1.23870247582548,-1.22469633240131
1.48466666666667,-1.24898156133089,-1.24199286191466,-1.24691851860496,-1.23277425314566
1.485,-1.2572709293399,-1.2502585616602,-1.25521149842379,-1.24092746631387
1.48533333333333,-1.26563783579899,-1.25860209512418,-1.26358232340888,-1.24915685734084
1.48566666666667,-1.27408319297566,-1.26702438865096,-1.27203191439836,-1.25746332402702
1.486,-1.28260792582827,-1.27552638170635,-1.28056120514366,-1.2658477767349
1.48633333333333,-1.29121297220559,-1.28410902708977,-1.28917114251509,-1.27431113858906
1.48666666666667,-1.29989928305004,-1.29277329115029,-1.29786268671107,-1.28285434567966
1.487,-1.30866782260417,-1.3015201540064,-1.30663681147095,-1.29147834726948
1.48733333333333,-1.31751956862078,-1.31035060976987,-1.31549450429156,-1.30018410600466
1.48766666666667,-1.32645551257671,-1.31926566677349,-1.32443676664766,-1.30897259812907
1.488,-1.33547665989019,-1.328266347803,-1.33346461421605,-1.31784481370254
1.48833333333333,-1.34458403014203,-1.33735369033317,-1.34257907710382,-1.32680175682284
1.48866666666667,-1.35377865730057,-1.34652874676811,-1.3517812000805,-1.33584444585165
1.489,-1.36306158995049,-1.35579258468595,-1.36107204281429,-1.34497391364445
1.48933333333333,-1.37243389152563,-1.36514628708786,-1.37045268011249,-1.35419120778456
1.48966666666667,-1.38189664054581,-1.37459095265174,-1.37992420216614,-1.36349739082124
1.49,-1.3914509308577,-1.38412769599031,-1.38948771479898,-1.37289354051206
1.49033333333333,-1.40109787187985,-1.39375764791401,-1.39914433972082,-1.38238075006953
1.49066666666667,-1.41083858885206,-1.40348195569862,-1.40889521478532,-1.3919601284121
1.491,-1.42067422308895,-1.41330178335778,-1.41874149425245,-1.40163280041971
1.49133333333333,-1.43060593223796,-1.42321831192039,-1.42868434905543,-1.41139990719374
1.49166666666667,-1.44063489054184,-1.43323273971321,-1.43872496707256,-1.42126260632171
1.492,-1.45076228910569,-1.44334628264842,-1.44886455340377,-1.43122207214664
1.49233333333333,-1.46098933616858,-1.45356017451657,-1.45910433065205,-1.44127949604116
1.49266666666667,-1.47131725737995,-1.46387566728492,-1.46944553921003,-1.45143608668666
1.493,-1.48174729608078,-1.47429403140106,-1.47988943755145,-1.46169307035729
1.49333333333333,-1.49228071358961,-1.48481655610228,-1.49043730252793,-1.47205169120907
1.49366666666667,-1.5029187894936,-1.4954445497305,-1.501090429671,-1.48251321157423
1.494,-1.51366282194461,-1.50617934005303,-1.51185013349955,-1.49307891226074
1.49433333333333,-1.52451412796037,-1.5170222745892,-1.5227177478326,-1.50375009285725
1.49466666666667,-1.53547404373104,-1.52797472094305,-1.53369462610785,-1.51452807204355
1.495,-1.54654392493097,-1.53903806714208,-1.54478214170579,-1.52541418790645
1.49533333333333,-1.55772514703586,-1.55021372198228,-1.55598168827958,-1.53640979826152
1.49566666666667,-1.56901910564564,-1.56150311537956,-1.56729468009089,-1.54751628098051
1.496,-1.58042721681273,-1.57290769872759,-1.57872255235174,-1.55873503432462
1.49633333333333,-1.59195091737616,-1.58442894526233,-1.59026676157236,-1.57006747728391
1.49666666666667,-1.6035916653015,-1.59606835043328,-1.60192878591534,-1.58151504992264
1.497,-1.61535094002665,-1.60782743228166,-1.61371012555618,-1.59307921373107
1.49733333333333,-1.62723024281369,-1.6197077318254,-1.62561230305012,-1.6047614519833
1.49766666666667,-1.63923109710689,-1.63171081345162,-1.6376368637057,-1.61656327010189
1.498,-1.65135504889687,-1.6438382653161,-1.64978537596495,-1.6284861960288
1.49833333333333,-1.66360366709117,-1.65609169975025,-1.66205943179035,-1.64053178060319
1.49866666666667,-1.67597854389129,-1.66847275367578,-1.67446064705884,-1.65270159794597
1.499,-1.68848129517624,-1.68098308902695,-1.68699066196279,-1.66499724585138
1.49933333333333,-1.70111356089275,-1.6936243931807,-1.69965114141816,-1.67742034618549
1.49966666666667,-1.71387700545236,-1.70639837939486,-1.71244377548006,-1.68997254529213
1.5,-1.72677331813536,-1.71930678725456,-1.72537027976575,-1.70265551440602
1.50033333333333,-1.73980421350174,-1.73235138312681,-1.73843239588511,-1.71547095007336
1.50066666666667,-1.75297143180929,-1.74553396062378,-1.75163189187902,-1.72842057458019
1.501,-1.7662767394391,-1.75885634107466,-1.76497056266549,-1.74150613638834
1.50133333333333,-1.77972192932816,-1.77232037400622,-1.77845023049374,-1.75472941057938
1.50166666666667,-1.79330882140973,-1.78592793763257,-1.79207274540657,-1.7680921993065
1.502,-1.80703926306132,-1.79968093935402,-1.805839985711,-1.7815963322548
1.50233333333333,-1.82091512956023,-1.81358131626515,-1.81975385845719,-1.79524366710964
1.50266666666667,-1.83493832454728,-1.82763103567264,-1.83381629992616,-1.80903609003371
1.503,-1.84911078049834,-1.84183209562261,-1.84802927612616,-1.82297551615261
1.50333333333333,-1.86343445920403,-1.85618652543789,-1.86239478329785,-1.83706389004918
1.50366666666667,-1.87791135225786,-1.87069638626549,-1.87691484842869,-1.85130318626699
1.504,-1.89254348155272,-1.88536377163419,-1.89159152977646,-1.86569540982278
1.50433333333333,-1.90733289978572,-1.90019080802266,-1.90642691740212,-1.88024259672812
1.50466666666667,-1.9222816909721,-1.91517965543824,-1.92142313371222,-1.8949468145207
1.505,-1.93739197096771,-1.93033250800664,-1.93658233401111,-1.90981016280513
1.50533333333333,-1.95266588800048,-1.9456515945725,-1.95190670706278,-1.9248347738034
1.50566666666667,-1.96810562321114,-1.9611391793116,-1.96739847566298,-1.9400228129155
1.506,-1.98371339120304,-1.97679756235415,-1.98305989722137,-1.95537647929003
1.50633333333333,-1.99949144060141,-1.99262908042002,-1.99889326435407,-1.97089800640502
1.50666666666667,-2.01544205462225,-2.00863610746586,-2.01490090548683,-1.98658966265948
1.507,-2.03156755165079,-2.02482105534434,-2.03108518546886,-2.00245375197529
1.50733333333333,-2.04787028582973,-2.04118637447565,-2.04744850619743,-2.0184926144101
1.50766666666667,-2.06435264765765,-2.05773455453173,-2.06399330725381,-2.03470862678119
1.508,-2.08101706459737,-2.07446812513333,-2.08072206655027,-2.05110420330056
1.50833333333333,-2.09786600169459,-2.0913896565599,-2.09763730098848,-2.06768179622125
1.50866666666667,-2.114901962207,-2.10850176047307,-2.11474156712972,-2.08444389649548
1.509,-2.13212748824389,-2.12580709065335,-2.13203746187665,-2.10139303444423
1.50933333333333,-2.14954516141644,-2.14330834375082,-2.14952762316719,-2.11853178043896
1.50966666666667,-2.16715760349895,-2.16100826004967,-2.16721473068061,-2.13586274559544
1.51,-2.18496747710095,-2.17890962424717,-2.18510150655581,-2.15338858247983
1.51033333333333,-2.20297748635042,-2.1970152662468,-2.20319071612223,-2.17111198582722
1.51066666666667,-2.22119037758845,-2.21532806196653,-2.22148516864348,-2.18903569327301
1.511,-2.23960894007511,-2.23385093416188,-2.23998771807389,-2.20716248609713
1.51133333333333,-2.25823600670701,-2.25258685326414,-2.25870126382803,-2.22549518998119
1.51166666666667,-2.27707445474647,-2.27153883823436,-2.27762875156363,-2.24403667577909
1.512,-2.29612720656259,-2.29070995743287,-2.29677317397795,-2.26278986030104
1.51233333333333,-2.31539723038408,-2.31010332950484,-2.31613757161757,-2.28175770711103
1.51266666666667,-2.33488754106453,-2.32972212428233,-2.33572503370236,-2.3009432273385
1.513,-2.35460120085951,-2.34956956370262,-2.35553869896312,-2.32034948050361
1.51333333333333,-2.3745413202162,-2.36964892274341,-2.3755817564935,-2.33997957535704
1.51366666666667,-2.39471105857543,-2.3899635303751,-2.39585744661628,-2.35983667073392
1.514,-2.41511362518638,-2.41051677053047,-2.4163690617642,-2.37992397642256
1.51433333333333,-2.43575227993363,-2.43131208309165,-2.43711994737529,-2.40024475404757
1.51466666666667,-2.45663033417739,-2.45235296489524,-2.45811350280323,-2.42080231796823
1.515,-2.47775115160631,-2.47364297075525,-2.47935318224257,-2.44160003619167
1.51533333333333,-2.49911814910327,-2.49518571450443,-2.50084249566911,-2.46264133130128
1.51566666666667,-2.52073479762429,-2.51698487005421,-2.52258500979552,-2.48392968140056
1.516,-2.54260462309051,-2.53904417247351,-2.54458434904258,-2.50546862107247
1.51633333333333,-2.56473120729315,-2.56136741908626,-2.56684419652556,-2.52726174235426
1.51666666666667,-2.58711818881196,-2.58395847058867,-2.58936829505669,-2.54931269572831
1.517,-2.60976926394666,-2.60682125218561,-2.61216044816305,-2.57162519112852
1.51733333333333,-2.63268818766166,-2.62995975474683,-2.63522452112046,-2.59420299896293
1.51766666666667,-2.65587877454437,-2.65337803598325,-2.65856444200341,-2.61704995115235
1.518,-2.67934489977625,-2.67708022164308,-2.68218420275081,-2.64016994218501
1.51833333333333,-2.70309050011743,-2.70107050672837,-2.70608786024778,-2.66356693018745
1.51866666666667,-2.72711957490452,-2.72535315673211,-2.73027953742375,-2.68724493801164
1.519,-2.75143618706151,-2.74993250889588,-2.75476342436661,-2.71120805433857
1.51933333333333,-2.77604446412354,-2.77481297348813,-2.77954377945267,-2.73546043479753
1.51966666666667,-2.80094859927408,-2.79999903510376,-2.80462493049331,-2.76000630310242
1.52,-2.82615285239429,-2.82549525398402,-2.83001127589694,-2.7848499522034
1.52033333333333,-2.85166155112564,-2.85130626735823,-2.8557072858476,-2.80999574545533
1.52066666666667,-2.87747909194472,-2.8774367908062,-2.88171750349907,-2.83544811780196
1.521,-2.90360994125027,-2.90389161964187,-2.90804654618474,-2.86121157697587
1.52133333333333,-2.93005863646223,-2.93067563031806,-2.93469910664303,-2.88729070471423
1.52166666666667,-2.95682978713276,-2.95779378185266,-2.96167995425848,-2.91369015799023
1.522,-2.98392807606826,-2.98525111727557,-2.98899393631754,-2.94041467025944
1.52233333333333,-3.01135826046264,-3.01305276509667,-3.01664597927943,-2.96746905272128
1.52266666666667,-3.03912517304117,-3.04120394079481,-3.04464109006158,-2.99485819559518
1.523,-3.06723372321436,-3.06970994832715,-3.07298435733898,-3.02258706941068
1.52333333333333,-3.09568889824143,-3.09857618165906,-3.10168095285741,-3.05066072631157
1.52366666666667,-3.12449576440313,-3.12780812631423,-3.13073613275992,-3.07908430137312
1.524,-3.1536594681824,-3.15741136094424,-3.16015523892575,-3.10786301393202
1.52433333333333,-3.18318523745301,-3.18739155891756,-3.18994370032129,-3.13700216892802
1.52466666666667,-3.21307838267513,-3.21775448992749,-3.22010703436266,-3.16650715825737
1.525,-3.24334429809683,-3.24850602161829,-3.2506508482885,-3.19638346213618
1.52533333333333,-3.27398846296045,-3.27965212122875,-3.28158084054245,-3.22663665047345
1.52566666666667,-3.30501644271351,-3.31119885725305,-3.31290280216465,-3.25727238425275
1.526,-3.33643389022182,-3.34315240111702,-3.3446226181904,-3.28829641692088
1.52633333333333,-3.36824654698491,-3.37551902887014,-3.37674626905563,-3.31971459578308
1.52666666666667,-3.40046024435137,-3.40830512289116,-3.40927983200759,-3.35153286340267
1.527,-3.43308090473315,-3.44151717360664,-3.44222948251899,-3.38375725900409
1.52733333333333,-3.46611454281688,-3.47516178122097,-3.47560149570446,-3.41639391987736
1.52766666666667,-3.499567266771,-3.50924565745649,-3.50940224773764,-3.4494490827824
1.528,-3.53344527944621,-3.54377562730213,-3.54363821726686,-3.48292908535137
1.52833333333333,-3.56775487956732,-3.57875863076824,-3.57831598682697,-3.5168403674859
1.52866666666667,-3.60250246291477,-3.6142017246467,-3.6134422442463,-3.55118947274853
1.529,-3.63769452349246,-3.65011208427269,-3.64902378404472,-3.58598304974382
1.52933333333333,-3.67333765468023,-3.6864970052872,-3.68506750882162,-3.62122785348809
1.52966666666667,-3.70943855036744,-3.7233639053965,-3.72158043062997,-3.65693074676339
1.53,-3.74600400606491,-3.76072032612626,-3.75856967233372,-3.69309870145314
1.53033333333333,-3.78304091999171,-3.7985739345668,-3.79604246894497,-3.72973879985531
1.53066666666667,-3.82055629413333,-3.83693252510646,-3.83400616893754,-3.76685823596969
1.531,-3.85855723526745,-3.87580402114899,-3.87246823553264,-3.80446431675471
1.53133333333333,-3.8970509559524,-3.91519647681043,-3.911436247952,-3.84256446334872
1.53166666666667,-3.93604477547504,-3.9551180785922,-3.95091790263488,-3.88116621225186
1.532,-3.97554612075166,-3.99557714702388,-3.99092101441236,-3.9202772164616
1.53233333333333,-4.01556252717789,-4.03658213827176,-4.03145351763446,-3.95990524655732
1.53266666666667,-4.05610163942098,-4.07814164570638,-4.0725234672438,-4.00005819172673
1.533,-4.09717121214903,-4.12026440142345,-4.11413903978939,-4.04074406072769
1.53333333333333,-4.13877911068959,-4.16295927771026,-4.15630853437296,-4.08197098277713
1.53366666666667,-4.1809333116117,-4.20623528845184,-4.19904037352166,-4.12374720836059
1.534,-4.22364190322249,-4.25010159046666,-4.24234310397725,-4.1660811099516
1.53433333333333,-4.26691308597057,-4.29456748476506,-4.28622539739436,-4.20898118263316
1.53466666666667,-4.31075517274755,-4.33964241771956,-4.33069605093767,-4.25245604461025
1.535,-4.35517658907712,-4.38533598213734,-4.37576398776745,-4.29651443760246
1.53533333333333,-4.40018587318223,-4.43165791822376,-4.42143825740316,-4.34116522710518
1.53566666666667,-4.445791675919,-4.47861811442484,-4.4677280359527,-4.38641740250649
1.536,-4.4920027605645,-4.52622660813527,-4.51464262619393,-4.43228007704552
1.53633333333333,-4.53882800244674,-4.57449358625836,-4.56219145749563,-4.47876248759799
1.53666666666667,-4.58627638840196,-4.62342938560263,-4.61038408556201,-4.5258739942728
1.537,-4.63435701604485,-4.6730444930983,-4.65923019198505,-4.57362407980228
1.53733333333333,-4.68307909283465,-4.7233495458157,-4.70873958358672,-4.62202234870721
1.53766666666667,-4.73245193492172,-4.77435533076778,-4.75892219153377,-4.6710785262182
1.538,-4.78248496575319,-4.82607278447361,-4.8097880702026,-4.7208024569295
1.53833333333333,-4.83318771442042,-4.87851299226302,-4.86134739577477,-4.77120410316445
1.53866666666667,-4.88456981372507,-4.9316871872968,-4.91361046453862,-4.82229354302682
1.539,-4.93664099794107,-4.98560674927679,-4.96658769087174,-4.87408096811103
1.53933333333333,-4.98941110024783,-5.04028320281796,-5.02028960487782,-4.9265766808433
1.53966666666667,-5.04289004980813,-5.09572821545268,-5.07472684964864,-4.979791091423
1.54,-5.09708786846193,-5.15195359523428,-5.12991017811997,-5.03373471433086
1.54033333333333,-5.15201466700485,-5.20897128790501,-5.18585044948734,-5.0884181643689
1.54066666666667,-5.20768064102011,-5.26679337359151,-5.24255862514691,-5.14385215219463
1.541,-5.26409606622581,-5.32543206298627,-5.30004576412093,-5.20004747930801
1.54133333333333,-5.32127129330276,-5.38489969297306,-5.35832301792829,-5.25701503244888
1.54166666666667,-5.37921674215964,-5.44520872164872,-5.41740162485381,-5.31476577735745
1.542,-5.43794289559363,-5.50637172269151,-5.47729290356984,-5.37331075184861
1.54233333333333,-5.4974602922985,-5.56840137902246,-5.53800824605786,-5.43266105814651
1.54266666666667,-5.55777951917163,-5.63131047570221,-5.59955910977617,-5.49282785442323
1.543,-5.61891120286521,-5.69511189200132,-5.66195700901458,-5.55382234548035
1.54333333333333,-5.68086600052456,-5.75981859257755,-5.72521350537229,-5.61565577250849
1.54366666666667,-5.74365458965324,-5.82544361769044,-5.78934019729348,-5.67833940185705
1.544,-5.80728765703757,-5.89200007237529,-5.85434870858647,-5.74188451273883
1.54433333333333,-5.87177588666289,-5.95950111449782,-5.92025067585142,-5.80630238379341
1.54466666666667,-5.93712994654417,-6.02795994160065,-5.98705773473299,-5.87160427842418
1.545,-6.00336047439361,-6.09738977645037,-6.05478150491135,-5.93780142882216
1.54533333333333,-6.07047806203725,-6.16780385118494,-6.12343357373613,-6.00490501858154
1.54566666666667,-6.1384932384925,-6.2392153899578,-6.19302547840638,-6.07292616380875
1.546,-6.20741645160792,-6.31163758996482,-6.26356868658796,-6.14187589261938
1.54633333333333,-6.27725804816193,-6.38508360073452,-6.33507457535548,-6.21176512291037
1.54666666666667,-6.34802825231278,-6.45956650155599,-6.40755440834103,-6.2826046382928
1.547,-6.41973714228025,-6.53509927690676,-6.48101931095835,-6.35440506205757
1.54733333333333,-6.49239462513745,-6.61169478973944,-6.55548024357005,-6.42717682904642
1.54766666666667,-6.56601040958116,-6.68936575247489,-6.63094797245404,-6.50093015529036
1.548,-6.64059397653955,-6.76812469553901,-6.70743303841511,-6.57567500526966
1.54833333333333,-6.71615454747208,-6.84798393327585,-6.78494572288424,-6.65142105664743
1.54866666666667,-6.79270105020514,-6.92895552705584,-6.86349601133421,-6.7281776623172
1.549,-6.87024208213816,-7.01105124539064,-6.94309355383407,-6.8059538096014
1.54933333333333,-6.94878587064763,-7.09428252085482,-7.02374762255389,-6.88475807642882
1.54966666666667,-7.02834023050765,-7.1786604036079,-7.10546706602503,-6.96459858431641
1.55,-7.10891251813288,-7.2641955112943,-7.18826025994561,-7.04548294796902
1.55033333333333,-7.19050958244623,-7.35089797509625,-7.27213505431982,-7.12741822131211
1.55066666666667,-7.27313771216031,-7.43877738169918,-7.35709871670345,-7.21041083976271
1.551,-7.35680257925265,-7.52784271092159,-7.44315787132193,-7.29446655854045
1.55133333333333,-7.44150917840986,-7.61810226875398,-7.53031843381999,-7.37959038682027
1.55166666666667,-7.52726176220258,-7.70956361554031,-7.6185855413913,-7.46578651752257
1.552,-7.61406377174892,-7.80223348902925,-7.70796347803113,-7.55305825253764
1.55233333333333,-7.70191776261491,-7.89611772201533,-7.79845559464747,-7.64140792318239
1.55266666666667,-7.79082532569651,-7.99122115428568,-7.89006422376379,-7.73083680568874
1.553,-7.88078700281935,-8.08754753858092,-7.98279058853748,-7.82134503152738
1.55333333333333,-7.97180219679374,-8.18509944028125,-8.07663470582338,-7.9129314923799
1.55366666666667,-8.06386907565724,-8.283878130525,-8.17159528300637,-8.00559373957878
1.554,-8.15698447083841,-8.38388347247016,-8.26766960833242,-8.09932787784999
1.55433333333333,-8.25114376898029,-8.4851138004166,-8.36485343447302,-8.19412845320644
1.55466666666667,-8.34634079716774,-8.58756579151407,-8.46314085506822,-8.28998833486466
1.555,-8.44256770131233,-8.69123432979505,-8.56252417400592,-8.38689859107628
1.55533333333333,-8.53981481746272,-8.79611236228724,-8.66299376721191,-8.48484835879764
1.55566666666667,-8.63807053583056,-8.90219074698767,-8.76453793675441,-8.58382470715628
1.556,-8.73732115734249,-9.00945809250276,-8.86714275708795,-8.68381249470746
1.55633333333333,-8.83755074256488,-9.11790058920147,-8.97079191330784,-8.78479422052726
1.55666666666667,-8.93874095288394,-9.2275018317649,-9.0754665313219,-8.88674986923326
1.557,-9.04087088387181,-9.33824263307199,-9.18114499990661,-8.98965675008913
1.55733333333333,-9.14391689082724,-9.45010082941828,-9.28780278467325,-9.0934893304132
1.55766666666667,-9.24785240654612,-9.56305107713843,-9.39541223404712,-9.19821906358808
1.558,-9.35264775145482,-9.6770646407813,-9.50394237744527,-9.30381421204859
1.55833333333333,-9.45826993633409,-9.792109173084,-9.6133587159405,-9.41023966572054
1.55866666666667,-9.56468245796589,-9.9081484870977,-9.72362300581161,-9.51745675648188
1.559,-9.67184508815709,-10.025142320937,-9.83469303550739,-9.62542306932687
1.55933333333333,-9.77971365673495,-10.1430460957663,-9.94652239670054,-9.73409225103529
1.55966666666667,-9.88823982926531,-10.2618106677854,-10.0590602502693,-9.84341381727718
1.56,-9.99737088041925,-10.3813820751488,-10.1722510882268,-9.95333295921741
1.56033333333333,-10.1070494641147,-10.5017012809408,-10.286034492821,-10.0637903508377
1.56066666666667,-10.2172133817758,-10.6227039135381,-10.4003448942534,-10.1747219583437
1.561,-10.327795350293,-10.744320005912,-10.5151113287036,-10.2860588531909
1.56133333333333,-10.4387227715302,-10.866473735674,-10.6302571986153,-10.3977270304317
1.56166666666667,-10.5499175055139,-10.9890831679327,-10.7457000374883,-10.5096472342675
1.562,-10.6612956497365,-11.1120600033089,-10.8613512817193,-10.6217347928662
1.56233333333333,-10.7727673273444,-11.2353093337686,-10.977116052368,-10.7338994646976
1.56266666666667,-10.8842364873163,-11.3587294092453,-11.0928929500635,-10.8460452988254
1.563,-10.9956007200977,-11.4822114183619,-11.2085738666165,-10.9580705117837
1.56333333333333,-11.1067510925275,-11.6056392869136,-11.3240438172772,-11.0698673838551
1.56366666666667,-11.217572006263,-11.7288894981273,-11.439180797938,-11.1813221777539
1.564,-11.3279410842743,-11.8518309390773,-11.5538556719471,-11.2923150828877
1.56433333333333,-11.4377290903368,-11.9743247779991,-11.6679320915567,-11.4027201885443
1.56466666666667,-11.5467998867824,-12.0962243776037,-11.7812664593565,-11.5124054895039
1.565,-11.6550104360547,-12.2173752498205,-11.8937079353385,-11.6212329276997
1.56533333333333,-11.7622108518637,-12.3376150577281,-12.0050984954956,-11.7290584736761
1.56566666666667,-11.8682445058978,-12.4567736706897,-12.1152730480323,-11.8357322516553
1.566,-11.9729481961384,-12.5746732789488,-12.2240596133717,-11.9410987120815
1.56633333333333,-12.0761523827899,-12.6911285740817,-12.3312795741419,-12.044996855491
1.56666666666667,-12.1776814976842,-12.8059470017842,-12.4367480011952,-12.1472605115117
1.567,-12.2773543327023,-12.9189290934214,-12.5402740614458,-12.2477186766579
1.56733333333333,-12.3749845122719,-13.0298688826041,-12.6416615128608,-12.3461959143865
1.56766666666667,-12.4703810543167,-13.1385544127325,-12.7407092913104,-12.4425128205832
1.568,-12.563349023134,-13.2447683409379,-12.8372121931272,-12.5364865572414
1.56833333333333,-12.6536902765576,-13.3482886431487,-12.9309616561435,-12.6279314565759
1.56866666666667,-12.741204308399,-13.4488894240585,-13.021746640649,-12.7166596971521
1.569,-12.8256891855697,-13.5463418345817,-13.1093546101336,-12.8024820528046
1.56933333333333,-12.9069425774588,-13.6404150979081,-13.1935726098474,-12.8852087141525
1.56966666666667,-12.9847628731155,-13.7308776435186,-13.2741884391529,-12.9646501813848
1.57,-13.058950379578,-13.8174983464809,-13.3509919113618,-13.0406182256875
1.57033333333333,-13.129308592354,-13.9000478670255,-13.4237761923065,-13.1129269152172
1.57066666666667,-13.1956455266557,-13.978300082834,-13.4923392063301,-13.1813936999089
1.571,-13.2577750955804,-14.0520336036841,-13.5564850957667,-13.2458405476591
1.57133333333333,-13.3155185191153,-14.121033355166,-13.6160257174124,-13.3060951225909
1.57166666666667,-13.3687057456932,-14.1850922151711,-13.6707821570477,-13.3619919942185
1.572,-13.4171768661696,-14.2440126838861,-13.7205862408802,-13.4133738644653
1.57233333333333,-13.4607834985921,-14.2976085651867,-13.765282020934,-13.4600927976935
1.57266666666667,-13.4993901211217,-14.3457066347836,-13.8047272100519,-13.5020114372869
1.573,-13.5328753299987,-14.3881482683444,-13.8387945413717,-13.5390041909467
1.57333333333333,-13.5611329996085,-14.4247910012548,-13.8673730270196,-13.5709583658253
1.57366666666667,-13.5840733225362,-14.4555099908277,-13.8903690913653,-13.5977752340022
1.574,-13.6016237090179,-14.4801993517295,-13.9077075555648,-13.6193710086891
1.57433333333333,-13.6137295273943,-14.4987733362695,-13.9193324522888,-13.6356777119863
1.57466666666667,-13.620354670002,-14.5111673330325,-13.9252076524408,-13.6466439160544
1.575,-13.6214819323171,-14.5173386601493,-13.9253172892737,-13.6522353412123
1.57533333333333,-13.6171131969979,-14.5172671332272,-13.9196659694727,-13.6524352967212
1.57566666666667,-13.607269418613,-14.5109553925344,-13.9082787653742,-13.6472449528201
1.576,-13.5919904091517,-14.4984289792744,-13.8912009873434,-13.6366834358474
1.57633333333333,-13.5713344287243,-14.4797361565243,-13.8684977402674,-13.6207877419315
1.57666666666667,-13.5453775900161,-14.4549474764138,-13.8402532729368,-13.5996124686137
1.577,-13.5142130889101,-14.4241551011396,-13.8065701336022,-13.5732293677475
1.57733333333333,-13.477950277098,-14.3874718912004,-13.7675681490362,-13.5417267269307
1.57766666666667,-13.4367135953534,-14.3450302795565,-13.7233832478564,-13.5052085904386
1.578,-13.390641388361,-14.2969809550489,-13.6741661515659,-13.4637938339736
1.57833333333333,-13.3398846235295,-14.2434913822003,-13.6200809586775,-13.4176151104251
1.57866666666667,-13.284605537054,-14.1847441873129,-13.5613036483624,-13.366817686134
1.579,-13.224976230647,-14.1209354425417,-13.4980205303317,-13.311558188817
1.57933333333333,-13.1611772418725,-14.0522728803122,-13.4304266671554,-13.252003289293
1.57966666666667,-13.093396109963,-13.9789740701339,-13.3587242940243,-13.1883283394646
1.58,-13.0218259574628,-13.9012645886092,-13.2831212591831,-13.1207159886762
1.58033333333333,-12.9466641061115,-13.8193762113801,-13.2038295059988,-13.0493547996497
1.58066666666667,-12.8681107431747,-13.7335451530432,-13.1210636150333,-12.9744378837692
1.581,-12.7863676520348,-13.6440103778606,-13.0350394216565,-12.8961615736445
1.58133333333333,-12.7016370183746,-13.5510120005716,-12.9459727218175,-12.8147241487265
1.58166666666667,-12.6141203208096,-13.4547897929223,-12.8540780756633,-12.7303246273841
1.582,-12.5240173124226,-13.3555818078405,-12.7595677158748,-12.6431616363798
1.58233333333333,-12.431525097389,-13.253623129601,-12.6626505649415,-12.5534323661972
1.58266666666667,-12.3368373048038,-13.1491447549699,-12.563531363176,-12.4613316182527
1.583,-12.24014335996,-13.0423726072655,-12.4624099071282,-12.3670509477415
1.58333333333333,-12.1416278517058,-12.9335266825667,-12.359480396204,-12.2707779037664
1.58366666666667,-12.0414699931394,-12.8228203249974,-12.2549308837504,-12.1726953665278
1.584,-11.9398431717668,-12.7104596260933,-12.1489428276188,-12.0729809797257
1.58433333333333,-11.8369145843664,-12.5966429417481,-12.0416907342633,-11.9718066749567
1.58466666666667,-11.7328449511336,-12.4815605190808,-11.9333418897316,-11.8693382837803
1.585,-11.6277883032211,-12.365394224774,-11.824056170458,-11.765735232269
1.58533333333333,-11.5218918375045,-12.2483173659312,-11.7139859265248,-11.6611503122267
1.58566666666667,-11.4152958322825,-12.130494594284,-11.6032759299953,-11.5557295228452
1.586,-11.3081336176332,-12.0120818845738,-11.4920633810188,-11.4496119763403
1.58633333333333,-11.2005315942615,-11.8932265781279,-11.3804779646124,-11.3429298610387
1.58666666666667,-11.0926092948922,-11.77406748298,-11.268641951344,-11.2358084554596
1.587,-10.9844794825314,-11.6547350223312,-11.1566703355095,-11.1283661871094
1.58733333333333,-10.8762482802556,-11.5353514236835,-11.0446710048384,-11.0207147299797
1.58766666666667,-10.7680153275464,-11.4160309415448,-10.932744936214,-10.9129591350626
1.588,-10.6598739585736,-11.2968801072274,-10.8209864123778,-10.8051979885838
1.58833333333333,-10.5519113982274,-11.1779979998703,-10.7094832550637,-10.697523593053
1.58866666666667,-10.4442089720883,-11.0594765334382,-10.5983170704819,-10.5900221666597
1.589,-10.3368423269178,-10.9414007550401,-10.4875635035292,-10.4827740569656
1.58933333333333,-10.2298816586194,-10.8238491504818,-10.3772924975338,-10.3758539652649
1.58966666666667,-10.1233919449839,-10.7068939535056,-10.2675685567615,-10.269331178396
1.59,-10.0174331808597,-10.5906014556618,-10.1584510092771,-10.1632698051669
1.59033333333333,-9.91206061371137,-10.4750323142218,-10.0499942681208,-10.0577290149346
1.59066666666667,-9.80732497780941,-10.3602418559552,-9.94224808906699,-9.95276327620868
1.591,-9.7032727255677,-10.2462803749715,-9.83525782353106,-9.84842259346986
1.59133333333333,-9.59994625477848,-10.1331934231642,-9.729064665446,-9.74475274067751
1.59166666666667,-9.49738413071592,-10.0210220920893,-9.62370589116175,-9.64179549019881
1.592,-9.39562130227327,-9.90980328538075,-9.51921509162959,-9.53958883612834
1.59233333333333,-9.29468931146836,-9.79956998102512,-9.4156223963069,-9.43816721116704
1.59266666666667,-9.19461649580941,-9.69035148302421,-9.31295468838198,-9.33756169642038
1.593,-9.09542818314188,-9.58217366214047,-9.21123581104672,-9.23780022362789
1.59333333333333,-8.99714687871899,-9.47505918556643,-9.11048676466825,-9.13890776948324
1.59366666666667,-8.89979244433348,-9.3690277354815,-9.01072589480245,-9.04090654181607
1.594,-8.80338226943899,-9.26409621656192,-8.9119690710813,-8.94381615751793
1.59433333333333,-8.70793143426237,-9.1602789525945,-8.81422985707276,-8.84765381217702
1.59466666666667,-8.6134528649647,-9.05758787240917,-8.71751967126673,-8.75243444145898
1.595,-8.51995748096928,-8.95603268540728,-8.62184793939178,-8.65817087433699
1.59533333333333,-8.42745433460913,-8.85562104699823,-8.52722223830103,-8.56487397831975
1.59566666666667,-8.33595074328361,-8.75635871429202,-8.43364843169185,-8.47255279686655
1.596,-8.24545241434206,-8.65824969242066,-8.34113079795106,-8.38121467921312
1.59633333333333,-8.1559635629317,-8.56129637187506,-8.24967215042827,-8.29086540285457
1.59666666666667,-8.06748702306139,-8.46549965725224,-8.15927395045018,-8.20150928894813
1.597,-7.98002435214722,-8.37085908781794,-8.06993641339732,-8.11314931091588
1.59733333333333,-7.89357592930974,-8.27737295028314,-7.98165860816419,-8.02578719653172
1.59766666666667,-7.8081410476965,-8.18503838419178,-7.89443855032183,-7.93942352378144
1.598,-7.72371800110657,-8.093851480313,-7.8082732893017,-7.85405781078897
1.59833333333333,-7.64030416519063,-8.00380737241799,-7.72315898991136,-7.76968860009727
1.59866666666667,-7.55789607349467,-7.91490032281299,-7.63909100848408,-7.68631353758814
1.599,-7.47648948861515,-7.82712380198815,-7.55606396396019,-7.60392944632295
1.59933333333333,-7.39607946872256,-7.74047056272843,-7.47407180418355,-7.52253239557636
1.59966666666667,-7.31666042970464,-7.65493270901696,-7.39310786768905,-7.44211776532667
1.6,-7.23822620317295,-7.57050176005054,-7.31316494124514,-7.36268030646051
1.60033333333333,-7.16077009056744,-7.4871687096695,-7.23423531340544,-7.28421419693761
1.60066666666667,-7.08428491358235,-7.40492408148964,-7.15631082430872,-7.20671309415053
1.601,-7.00876306113159,-7.32375798001113,-7.07938291196001,-7.13017018370743
1.60133333333333,-6.93419653305928,-7.2436601379646,-7.00344265521134,-7.05457822485341
1.60166666666667,-6.86057698079065,-7.16461996013733,-6.92848081364792,-6.97992959273424
1.602,-6.78789574511262,-7.08662656391374,-6.85448786457897,-6.90621631769952
1.60233333333333,-6.71614389126173,-7.00966881674873,-6.78145403731874,-6.83343012183073
1.60266666666667,-6.64531224148658,-6.9337353707775,-6.70936934493242,-6.76156245286718
1.603,-6.57539140524634,-6.85881469475813,-6.63822361361435,-6.69060451569857
1.60333333333333,-6.50637180719623,-6.78489510352724,-6.56800650985415,-6.62054730157937
1.60366666666667,-6.4382437131015,-6.71196478513965,-6.49870756553736,-6.55138161521202
1.604,-6.37099725381575,-6.64001182585215,-6.43031620111957,-6.48309809983962
1.60433333333333,-6.3046224474505,-6.56902423310173,-6.36282174700417,-6.41568726047818
1.60466666666667,-6.23910921985435,-6.49898995661785,-6.29621346324434,-6.34913948541138
1.605,-6.17444742351494,-6.42989690780031,-6.23048055768463,-6.28344506606338
1.60533333333333,-6.11062685498959,-6.36173297748581,-6.16561220264947,-6.21859421535934
1.60566666666667,-6.04763727096248,-6.2944860522173,-6.10159755027781,-6.15457708467373
1.606,-5.98546840302246,-6.22814402912337,-6.03842574659881,-6.09138377946305
1.60633333333333,-5.92410997124848,-6.16269482950755,-5.97608594443607,-6.02900437367215
1.60666666666667,-5.86355169668365,-6.09812641124045,-5.91456731522195,-5.96742892299686
1.607,-5.80378331277566,-6.0344267800422,-5.85385905980015,-5.90664747708317
1.60733333333333,-5.74479457585392,-5.9715839997352,-5.79395041828631,-5.84665009073402
1.60766666666667,-5.68657527471169,-5.90958620154377,-5.73483067905547,-5.78742683419394
1.608,-5.62911523935417,-5.84842159250917,-5.6764891869171,-5.72896780257404
1.60833333333333,-5.57240434897385,-5.78807846308796,-5.61891535053753,-5.67126312447908
1.60866666666667,-5.51643253920407,-5.72854519399124,-5.56209864916271,-5.61430296988996
1.609,-5.46118980870596,-5.66981026232463,-5.50602863869324,-5.55807755735622
1.60933333333333,-5.40666622513348,-5.61186224707945,-5.45069495715818,-5.50257716054576
1.60966666666667,-5.35285193052228,-5.55468983402471,-5.39608732963138,-5.44779211419737
1.61,-5.29973714614412,-5.49828182004547,-5.34219557263229,-5.39371281951898
1.61033333333333,-5.24731217686543,-5.44262711697043,-5.28900959804859,-5.34032974907078
1.61066666666667,-5.19556741504583,-5.38771475492667,-5.23651941661689,-5.28763345117029
1.611,-5.14449334401053,-5.33353388525929,-5.18471514099335,-5.23561455385307
1.61133333333333,-5.0940805411287,-5.28007378304958,-5.13358698844716,-5.18426376842253
1.61166666666667,-5.0443196805257,-5.22732384926273,-5.08312528320314,-5.133571892617
1.612,-4.99520153545795,-5.17527361255499,-5.03332045846203,-5.08352981342327
1.61233333333333,-4.94671698037488,-5.12391273076734,-4.98416305812257,-5.0341285095622
1.61266666666667,-4.8988569926918,-5.07323099212998,-4.93564373822787,-4.98535905366954
1.613,-4.8516126542959,-5.02321831620235,-4.88775326815866,-4.93721261419627
1.61333333333333,-4.8049751528061,-4.97386475456974,-4.84048253159273,-4.889680457048
1.61366666666667,-4.75893578260525,-4.92516049131639,-4.79382252724922,-4.84275394698368
1.614,-4.71348594566264,-4.8770958432938,-4.74776436943457,-4.79642454879108
1.61433333333333,-4.66861715216405,-4.82966126020249,-4.70229928840739,-4.75068382825751
1.61466666666667,-4.62432102096352,-4.78284732450187,-4.6574186305756,-4.70552345294945
1.615,-4.58058927987194,-4.73664475116389,-4.61311385854075,-4.6609351928174
1.61533333333333,-4.53741376579605,-4.69104438728461,-4.56937655100213,-4.61691092063937
1.61566666666667,-4.49478642473861,-4.64603721156512,-4.52619840253184,-4.57344261231457
1.616,-4.4526993116736,-4.60161433367527,-4.48357122323338,-4.53052234702081
1.61633333333333,-4.41114459030506,-4.55776699351015,-4.44148693829258,-4.48814230724556
1.61666666666667,-4.3701145327205,-4.51448656034959,-4.39993758743124,-4.44629477870105
1.617,-4.32960151894784,-4.47176453193018,-4.35891532427184,-4.40497215013309
1.61733333333333,-4.28959803642471,-4.42959253343896,-4.31841241562232,-4.36416691303288
1.61766666666667,-4.25009667938746,-4.38796231643577,-4.27842124068738,-4.32387166125898
1.618,-4.21109014818784,-4.34686575771264,-4.23893429021422,-4.28407909057828
1.61833333333333,-4.172571248544,-4.30629485809687,-4.19994416557934,-4.24478199813261
1.61866666666667,-4.13453289073188,-4.26624174120359,-4.16144357782147,-4.20597328183709
1.619,-4.09696808872339,-4.2266986521445,-4.12342534662743,-4.16764593971754
1.61933333333333,-4.05986995927638,-4.18765795619782,-4.08588239927548,-4.12979306919174
1.61966666666667,-4.0232317209818,-4.14911213744406,-4.04880776954091,-4.09240786630007
1.62,-3.98704669327223,-4.11105379737283,-4.01219459656848,-4.05548362489065
1.62033333333333,-3.95130829539708,-4.07347565346494,-3.9760361237162,-4.01901373576356
1.62066666666667,-3.91601004536722,-4.036370537753,-3.94032569737344,-3.98299168577828
1.621,-3.88114555887377,-3.99973139536487,-3.90505676575741,-3.94741105692803
1.62133333333333,-3.84670854818419,-3.9635512830531,-3.87022287769166,-3.91226552538561
1.62166666666667,-3.81269282101846,-3.92782336771299,-3.83581768136825,-3.87754886052281
1.622,-3.77909227940892,-3.8925409248927,-3.80183492309799,-3.84325492390781
1.62233333333333,-3.745900918546,-3.85769733729749,-3.76826844605011,-3.80937766828253
1.62266666666667,-3.7131128256127,-3.82328609329081,-3.73511218898425,-3.77591113652334
1.623,-3.68072217860969,-3.78930078539384,-3.70236018497664,-3.74284946058695
1.62333333333333,-3.64872324517367,-3.75573510878648,-3.67000656014289,-3.71018686044473
1.62366666666667,-3.61711038139065,-3.72258285981038,-3.63804553235864,-3.6779176430065
1.624,-3.58587803060575,-3.68983793447639,-3.60647140998006,-3.64603620103651
1.62433333333333,-3.55502072223198,-3.65749432697817,-3.57527859056613,-3.61453701206362
1.62466666666667,-3.52453307055836,-3.62554612821229,-3.54446155960296,-3.58341463728636
1.625,-3.49440977355978,-3.59398752430717,-3.51401488923275,-3.55266372047555
1.62533333333333,-3.46464561170946,-3.56281279516144,-3.48393323698769,-3.52227898687535
1.62566666666667,-3.43523544679511,-3.53201631299288,-3.45421134453034,-3.49225524210412
1.626,-3.40617422073984,-3.50159254089834,-3.42484403640085,-3.46258737105615
1.62633333333333,-3.37745695442939,-3.4715360314268,-3.39582621877297,-3.43327033680608
1.62666666666667,-3.34907874654547,-3.44184142516448,-3.36715287821829,-3.40429917951593
1.627,-3.32103477240717,-3.4125034493344,-3.33881908048076,-3.37566901534678
1.62733333333333,-3.29332028282039,-3.38351691640964,-3.31081996926116,-3.3473750353752
1.62766666666667,-3.26593060293619,-3.35487672274175,-3.2831507650125,-3.31941250451544
1.628,-3.23886113111879,-3.32657784720406,-3.25580676374698,-3.29177676044839
1.62833333333333,-3.21210733782359,-3.29861534985102,-3.22878333585478,-3.26446321255754
1.62866666666667,-3.18566476448578,-3.27098437059305,-3.20207592493511,-3.23746734087265
1.629,-3.15952902241974,-3.24368012788799,-3.17568004663993,-3.21078469502186
1.62933333333333,-3.13369579173017,-3.21669791744902,-3.14959128753081,-3.1844108931926
1.62966666666667,-3.10816082023452,-3.19003311096914,-3.12380530394878,-3.15834162110159
1.63,-3.08291992239768,-3.16368115486268,-3.09831782089796,-3.13257263097452
1.63033333333333,-3.05796897827886,-3.13763756902393,-3.07312463094279,-3.10709974053591
1.63066666666667,-3.03330393249086,-3.11189794560268,-3.04822159311911,-3.08191883200886
1.631,-3.00892079317201,-3.086457947797,-3.02360463185922,-3.0570258511257
1.63133333333333,-2.98481563097115,-3.0613133086636,-2.99926973593131,-3.03241680614937
1.63166666666667,-2.96098457804523,-3.03645982994498,-2.97521295739284,-3.00808776690573
1.632,-2.93742382707015,-3.01189338091407,-2.95143041055831,-2.9840348638271
1.63233333333333,-2.91412963026475,-2.98760989723623,-2.92791827098141,-2.96025428700732
1.63266666666667,-2.8910982984279,-2.96360537984817,-2.90467277445138,-2.93674228526801
1.633,-2.86832619998888,-2.93987589385414,-2.88169021600383,-2.91349516523673
1.63333333333333,-2.84580976007104,-2.91641756743931,-2.85896694894592,-2.89050929043676
1.63366666666667,-2.82354545956867,-2.89322659079974,-2.8364993838956,-2.86778108038839
1.634,-2.80152983423705,-2.87029921508952,-2.81428398783536,-2.84530700972237
1.63433333333333,-2.77975947379591,-2.84763175138459,-2.79231728318013,-2.82308360730509
1.63466666666667,-2.75823102104592,-2.82522056966298,-2.77059584685913,-2.80110745537553
1.635,-2.73694117099821,-2.80306209780163,-2.7491163094119,-2.77937518869409
1.63533333333333,-2.71588667001724,-2.78115282058961,-2.72787535409831,-2.75788349370345
1.63566666666667,-2.69506431497637,-2.75948927875723,-2.70686971602222,-2.73662910770105
1.636,-2.67447095242649,-2.73806806802145,-2.68609618126915,-2.7156088180235
1.63633333333333,-2.6541034777775,-2.71688583814691,-2.66555158605739,-2.6948194612428
1.63666666666667,-2.63395883449224,-2.69593929202258,-2.64523281590254,-2.67425792237409
1.637,-2.6140340132934,-2.67522518475396,-2.62513680479565,-2.65392113409514
1.63733333333333,-2.59432605138267,-2.65474032277062,-2.60526053439438,-2.63380607597756
1.63766666666667,-2.57483203167235,-2.63448156294868,-2.58560103322741,-2.6139097737293
1.638,-2.55554908202918,-2.61444581174816,-2.56615537591163,-2.59422929844862
1.63833333333333,-2.5364743745304,-2.59463002436531,-2.54692068238234,-2.57476176588954
1.63866666666667,-2.51760512473165,-2.57503120389909,-2.5278941171359,-2.5555043357383
1.639,-2.49893859094688,-2.55564640053215,-2.50907288848501,-2.5364542109011
1.63933333333333,-2.48047207353999,-2.53647271072602,-2.4904542478264,-2.51760863680301
1.63966666666667,-2.4622029142279,-2.51750727642992,-2.47203548892043,-2.49896490069741
1.64,-2.44412849539523,-2.49874728430353,-2.45381394718303,-2.48052033098667
1.64033333333333,-2.42624623942024,-2.48018996495319,-2.43578699898941,-2.46227229655328
1.64066666666667,-2.40855360801189,-2.46183259218129,-2.41795206098931,-2.44421820610167
1.641,-2.39104810155796,-2.44367248224903,-2.4003065894341,-2.4263555075105
1.64133333333333,-2.37372725848406,-2.42570699315182,-2.38284807951505,-2.40868168719522
1.64166666666667,-2.35658865462322,-2.40793352390746,-2.36557406471279,-2.39119426948095
1.642,-2.33962990259616,-2.39034951385692,-2.34848211615803,-2.37389081598539
1.64233333333333,-2.32284865120211,-2.37295244197735,-2.33156984200305,-2.35676892501177
1.64266666666667,-2.30624258481954,-2.35573982620723,-2.31483488680392,-2.33982623095161
1.643,-2.28980942281732,-2.3387092227833,-2.29827493091328,-2.32306040369714
1.64333333333333,-2.27354691897587,-2.32185822558954,-2.28188768988365,-2.3064691480635
1.64366666666667,-2.25745286091776,-2.30518446551721,-2.26567091388084,-2.29005020322014
1.644,-2.24152506954854,-2.28868560983674,-2.24962238710756,-2.27380134213182
1.64433333333333,-2.22576139850659,-2.27235936158036,-2.23373992723697,-2.25772037100864
1.64466666666667,-2.21015973362263,-2.25620345893582,-2.2180213848558,-2.24180512876512
1.645,-2.19471799238841,-2.24021567465101,-2.20246464291747,-2.2260534864884
1.64533333333333,-2.17943412343452,-2.22439381544905,-2.18706761620432,-2.21046334691517
1.64566666666667,-2.1643061060171,-2.2087357214538,-2.17182825079937,-2.1950326439172
1.646,-2.14933194951325,-2.19323926562557,-2.15674452356709,-2.17975934199553
1.64633333333333,-2.13450969292545,-2.17790235320707,-2.14181444164338,-2.16464143578318
1.64666666666667,-2.11983740439405,-2.16272292117897,-2.12703604193416,-2.14967694955586
1.647,-2.10531318071854,-2.14769893772542,-2.1124073906229,-2.13486393675131
1.64733333333333,-2.09093514688683,-2.13282840170893,-2.09792658268659,-2.12020047949626
1.64766666666667,-2.07670145561273,-2.11810934215475,-2.08359174142018,-2.10568468814161
1.648,-2.06261028688137,-2.1035398177443,-2.06940101796923,-2.09131470080528
1.64833333333333,-2.04865984750258,-2.0891179163179,-2.05535259087092,-2.07708868292286
1.64866666666667,-2.03484837067179,-2.0748417543861,-2.04144466560275,-2.06300482680568
1.649,-2.02117411553871,-2.06070947664992,-2.02767547413938,-2.04906135120649
1.64933333333333,-2.00763536678337,-2.04671925552961,-2.01404327451703,-2.03525650089233
1.64966666666667,-1.99423043419943,-2.03286929070179,-2.00054635040556,-2.0215885462247
1.65,-1.98095765228491,-2.01915780864492,-1.98718301068803,-2.00805578274678
1.65033333333333,-1.96781537983976,-2.00558306219283,-1.97395158904757,-1.99465653077769
1.65066666666667,-1.95480199957053,-1.99214333009624,-1.96085044356134,-1.9813891350135
1.651,-1.94191591770187,-1.97883691659214,-1.94787795630189,-1.9682519641351
1.65133333333333,-1.92915556359476,-1.96566215098078,-1.93503253294515,-1.95524341042274
1.65166666666667,-1.91651938937128,-1.95261738721027,-1.92231260238546,-1.94236188937698
1.652,-1.90400586954593,-1.93970100346855,-1.9097166163572,-1.92960583934613
1.65233333333333,-1.89161350066344,-1.9269114017827,-1.89724304906317,-1.91697372116009
1.65266666666667,-1.87934080094257,-1.91424700762523,-1.88489039680926,-1.90446401777021
1.653,-1.86718630992635,-1.90170626952758,-1.87265717764569,-1.8920752338955
1.65333333333333,-1.85514858813829,-1.88928765870039,-1.86054193101435,-1.87980589567467
1.65366666666667,-1.84322621674442,-1.87698966866048,-1.84854321740234,-1.8676545503241
1.654,-1.8314177972213,-1.86481081486457,-1.83665961800159,-1.85561976580172
1.65433333333333,-1.8197219510298,-1.85274963434947,-1.82488973437438,-1.84370013047646
1.65466666666667,-1.8081373192944,-1.84080468537863,-1.81323218812464,-1.83189425280349
1.655,-1.79666256248809,-1.82897454709498,-1.80168562057503,-1.82020076100469
1.65533333333333,-1.78529636012274,-1.81725781917994,-1.79024869244961,-1.80861830275494
1.65566666666667,-1.77403741044473,-1.80565312151844,-1.77892008356199,-1.79714554487332
1.656,-1.76288443013598,-1.79415909386995,-1.76769849250907,-1.7857811730199
1.65633333333333,-1.75183615401995,-1.78277439554522,-1.7565826363698,-1.77452389139743
1.65666666666667,-1.74089133477285,-1.77149770508878,-1.74557125040945,-1.76337242245823
1.657,-1.73004874263977,-1.76032771996711,-1.73466308778884,-1.752325506616
1.65733333333333,-1.7193071651557,-1.74926315626228,-1.72385691927872,-1.74138190196254
1.65766666666667,-1.70866540687135,-1.73830274837092,-1.71315153297899,-1.73054038398926
1.658,-1.6981222890837,-1.72744524870856,-1.70254573404286,-1.71979974531338
1.65833333333333,-1.68767664957117,-1.71668942741925,-1.69203834440575,-1.70915879540886
1.65866666666667,-1.67732734233332,-1.7060340720901,-1.68162820251889,-1.69861636034176
1.659,-1.66707323733507,-1.69547798747104,-1.67131416308751,-1.68817128251018
1.65933333333333,-1.65691322025524,-1.6850199951994,-1.66109509681355,-1.67782242038858
1.65966666666667,-1.64684619223942,-1.67465893352924,-1.65096989014279,-1.66756864827637
1.66,-1.63687106965712,-1.6643936570656,-1.64093744501636,-1.6574088560508
1.66033333333333,-1.626986783863,-1.65422303650332,-1.63099667862657,-1.64734194892404
1.66066666666667,-1.61719228096226,-1.64414595837039,-1.62114652317681,-1.6373668472043
1.661,-1.60748652157994,-1.6341613247758,-1.61138592564573,-1.62748248606104
1.66133333333333,-1.59786848063424,-1.62426805316188,-1.60171384755534,-1.61768781529408
1.66166666666667,-1.58833714711369,-1.61446507606084,-1.59212926474318,-1.60798179910665
1.662,-1.57889152385806,-1.60475134085561,-1.58263116713836,-1.59836341588227
1.66233333333333,-1.56953062734311,-1.59512580954485,-1.57321855854142,-1.58883165796535
1.66266666666667,-1.56025348746886,-1.585587458512,-1.56389045640796,-1.57938553144543
1.663,-1.55105914735155,-1.57613527829834,-1.55464589163596,-1.57002405594518
1.66333333333333,-1.54194666311913,-1.56676827338013,-1.54548390835682,-1.56074626441188
1.66366666666667,-1.53291510371018,-1.55748546194934,-1.53640356372981,-1.55155120291233
1.664,-1.52396355067625,-1.5482858756984,-1.52740392774013,-1.54243793043135
1.66433333333333,-1.51509109798757,-1.53916855960864,-1.51848408300041,-1.53340551867357
1.66466666666667,-1.50629685184197,-1.53013257174223,-1.50964312455546,-1.52445305186849
1.665,-1.49757993047713,-1.5211769830379,-1.50088015969055,-1.51557962657892
1.66533333333333,-1.48893946398592,-1.51230087711009,-1.49219430774274,-1.50678435151251
1.66566666666667,-1.48037459413489,-1.50350335005147,-1.48358469991548,-1.49806634733648
1.666,-1.47188447418578,-1.49478351023904,-1.47505047909638,-1.48942474649547
1.66633333333333,-1.46346826872008,-1.48614047814344,-1.46659079967808,-1.48085869303233
1.66666666666667,-1.45512515346649,-1.47757338614148,-1.458204827382,-1.47236734241202
1.667,-1.44685431513128,-1.46908137833201,-1.44989173908523,-1.46394986134827
1.66733333333333,-1.43865495123158,-1.46066361035485,-1.4416507226503,-1.45560542763336
1.66766666666667,-1.43052626993129,-1.45231924921283,-1.43348097675769,-1.44733322997046
1.668,-1.4224674898799,-1.44404747309686,-1.42538171074131,-1.43913246780895
1.66833333333333,-1.41447784005394,-1.43584747121403,-1.41735214442674,-1.43100235118239
1.66866666666667,-1.40655655960099,-1.42771844361851,-1.40939150797197,-1.42294210054913
1.669,-1.39870289768645,-1.41965960104547,-1.40149904171112,-1.41495094663568
1.66933333333333,-1.39091611334276,-1.41167016474773,-1.39367399600053,-1.40702813028256
1.66966666666667,-1.38319547532113,-1.40374936633518,-1.38591563106754,-1.39917290229268
1.67,-1.37554026194572,-1.39589644761697,-1.37822321686173,-1.39138452328233
1.67033333333333,-1.36794976097036,-1.3881106604463,-1.37059603290874,-1.38366226353454
1.67066666666667,-1.36042326943741,-1.38039126656786,-1.36303336816637,-1.37600540285486
1.671,-1.35296009353923,-1.37273753746783,-1.35553452088321,-1.36841323042953
1.67133333333333,-1.34555954848171,-1.36514875422648,-1.34809879845959,-1.36088504468596
1.67166666666667,-1.33822095835017,-1.35762420737311,-1.34072551731072,-1.35342015315551
1.672,-1.33094365597746,-1.35016319674348,-1.33341400273227,-1.3460178723385
1.67233333333333,-1.32372698281418,-1.34276503133976,-1.32616358876807,-1.33867752757149
1.67266666666667,-1.3165702888011,-1.33542902919258,-1.31897361808001,-1.33139845289661
1.673,-1.30947293224362,-1.32815451722556,-1.31184344182008,-1.32417999093314
1.67333333333333,-1.30243427968834,-1.32094083112212,-1.30477241950457,-1.31702149275111
1.67366666666667,-1.29545370580158,-1.31378731519434,-1.29775991889024,-1.30992231774701
1.674,-1.28853059324996,-1.30669332225419,-1.29080531585266,-1.30288183352147
1.67433333333333,-1.2816643325829,-1.29965821348679,-1.28390799426644,-1.29589941575897
1.67466666666667,-1.27485432211701,-1.29268135832577,-1.27706734588743,-1.28897444810946
1.675,-1.2680999678224,-1.28576213433079,-1.27028277023687,-1.28210632207192
1.67533333333333,-1.26140068321088,-1.278899927067,-1.26355367448753,-1.27529443687987
1.67566666666667,-1.2547558892258,-1.27209412998648,-1.25687947335149,-1.26853819938857
1.676,-1.24816501413395,-1.26534414431174,-1.25025958896997,-1.26183702396422
1.67633333333333,-1.24162749341896,-1.25864937892104,-1.24369345080481,-1.25519033237482
1.67666666666667,-1.23514276967657,-1.25200925023559,-1.23718049553177,-1.24859755368281
1.677,-1.22871029251157,-1.24542318210876,-1.23072016693557,-1.24205812413956
1.67733333333333,-1.22232951843631,-1.23889060571686,-1.2243119158066,-1.23557148708132
1.67766666666667,-1.215999910771,-1.23241095945191,-1.21795519983933,-1.2291370928271
1.678,-1.20972093954549,-1.22598368881611,-1.21164948353232,-1.22275439857793
1.67833333333333,-1.20349208140271,-1.21960824631799,-1.20539423808994,-1.21642286831801
1.67866666666667,-1.19731281950357,-1.21328409137028,-1.19918894132554,-1.21014197271716
1.679,-1.19118264343346,-1.20701069018945,-1.19303307756628,-1.20391118903502
1.67933333333333,-1.18510104911026,-1.20078751569693,-1.18692613755945,-1.19773000102675
1.67966666666667,-1.17906753869371,-1.19461404742181,-1.18086761838033,-1.19159789885012
1.68,-1.17308162049637,-1.18848977140525,-1.17485702334145,-1.1855143789742
1.68033333333333,-1.16714280889588,-1.18241418010637,-1.16889386190338,-1.17947894408947
1.68066666666667,-1.16125062424869,-1.17638677230963,-1.16297764958692,-1.17349110301929
1.681,-1.15540459280512,-1.17040705303381,-1.15710790788666,-1.16755037063286
1.68133333333333,-1.14960424662581,-1.16447453344237,-1.15128416418601,-1.16165626775955
1.68166666666667,-1.14384912349942,-1.15858873075527,-1.14550595167341,-1.15580832110445
1.682,-1.13813876686173,-1.15274916816221,-1.1397728092601,-1.15000606316545
1.68233333333333,-1.13247272571595,-1.14695537473731,-1.13408428149902,-1.14424903215152
1.68266666666667,-1.12685055455429,-1.14120688535507,-1.128439918505,-1.13853677190222
1.683,-1.12127181328079,-1.13550324060771,-1.12283927587636,-1.13286883180861
1.68333333333333,-1.11573606713539,-1.12984398672392,-1.1172819146176,-1.12724476673532
1.68366666666667,-1.1102428866191,-1.12422867548872,-1.11176740106334,-1.12166413694382
1.684,-1.10479184742044,-1.11865686416477,-1.10629530680353,-1.11612650801691
1.68433333333333,-1.09938253034299,-1.11312811541485,-1.10086520860976,-1.11063145078449
1.68466666666667,-1.09401452123406,-1.10764199722558,-1.09547668836274,-1.10517854125032
1.685,-1.08868741091453,-1.10219808283234,-1.09012933298095,-1.09976736052002
1.68533333333333,-1.08340079510971,-1.09679595064542,-1.08482273435041,-1.09439749473018
1.68566666666667,-1.07815427438131,-1.09143518417728,-1.07955648925545,-1.08906853497855
1.686,-1.07294745406051,-1.08611537197102,-1.07433019931075,-1.08378007725536
1.68633333333333,-1.06777994418203,-1.08083610752992,-1.06914347089424,-1.07853172237563
1.68666666666667,-1.06265135941913,-1.0755969892481,-1.06399591508113,-1.07332307591259
1.687,-1.05756131901984,-1.07039762034233,-1.05888714757902,-1.06815374813209
1.68733333333333,-1.05250944674397,-1.0652376087848,-1.05381678866395,-1.06302335392806
1.68766666666667,-1.04749537080119,-1.06011656723706,-1.04878446311743,-1.05793151275892
1.688,-1.04251872378998,-1.0550341129849,-1.04378980016448,-1.05287784858501
1.68833333333333,-1.03757914263772,-1.04998986787431,-1.03883243341264,-1.04786198980696
1.68866666666667,-1.0326762685414,-1.04498345824835,-1.03391200079186,-1.04288356920498
1.689,-1.02780974690954,-1.04001451488518,-1.02902814449539,-1.03794222387915
1.68933333333333,-1.02297922730476,-1.03508267293681,-1.02418051092152,-1.03303759519054
1.68966666666667,-1.01818436338738,-1.03018757186902,-1.01936875061626,-1.0281693287033
1.69,-1.01342481285983,-1.02532885540207,-1.01459251821684,-1.02333707412758
1.69033333333333,-1.00870023741189,-1.02050617145238,-1.00985147239616,-1.01854048526338
1.69066666666667,-1.00401030266682,-1.01571917207513,-1.00514527580802,-1.01377921994516
1.691,-0.999354678128216,-1.01096751340768,-1.00047359503319,-1.0090529399874
1.69133333333333,-0.994733037127782,-1.00625085561395,-0.99583610052635,-1.00436131113089
1.69166666666667,-0.990145056773826,-1.00156886282955,-0.991232466563781,-0.999704002989922
1.692,-0.985590417900542,-0.996921203107873,-0.986662371191915,-0.995080689000203
1.69233333333333,-0.981068805018066,-0.992307548366884,-0.982125496176576,-0.990491046367589
1.69266666666667,-0.976579906263314,-0.987727574336839,-0.977621526953095,-0.985934756017597
1.693,-0.972123413351504,-0.983180960508718,-0.973150152577093,-0.98141150254567
1.69333333333333,-0.967699021528454,-0.978667390083491,-0.968711065676045,-0.976920974168188
1.69366666666667,-0.963306429523584,-0.974186549922147,-0.964303962401585,-0.972462862674204
1.694,-0.958945339503605,-0.969738130496459,-0.959928542382496,-0.968036863377928
1.69433333333333,-0.954615457026936,-0.96532182584056,-0.955584508678447,-0.963642675071914
1.69466666666667,-0.95031649099876,-0.960937333503146,-0.951271567734372,-0.959279999980914
1.695,-0.946048153626801,-0.95658435450053,-0.946989429335608,-0.954948543716482
1.69533333333333,-0.941810160377708,-0.95226259327028,-0.942737806563612,-0.95064801523218
1.69566666666667,-0.937602229934145,-0.947971757625661,-0.938516415752424,-0.946378126779545
1.696,-0.933424084152448,-0.943711558710692,-0.93432497644572,-0.942138593864599
1.69633333333333,-0.929275448020996,-0.939481710955933,-0.930163211354549,-0.937929135205103
1.69666666666667,-0.925156049619102,-0.935281932034867,-0.926030846315648,-0.933749472688371
1.697,-0.921065620076614,-0.931111942821006,-0.921927610250433,-0.929599331329759
1.69733333333333,-0.917003893534031,-0.92697146734561,-0.917853235124571,-0.92547843923174
1.69766666666667,-0.91297060710325,-0.922860232756008,-0.913807455908117,-0.921386527543591
1.698,-0.908965500828878,-0.918777969274617,-0.909790010536313,-0.91732333042167
1.69833333333333,-0.9049883176501,-0.914724410158462,-0.905800639870896,-0.913288584990265
1.69866666666667,-0.901038803363167,-0.910699291659429,-0.901839087662032,-0.909282031303075
1.699,-0.897116706584329,-0.906702352984969,-0.897905100510757,-0.905303412305143
1.69933333333333,-0.893221778713416,-0.90273333625951,-0.893998427832022,-0.901352473795485
1.69966666666667,-0.889353773897882,-0.898791986486351,-0.890118821818222,-0.897428964390148
1.7,-0.885512448997407,-0.89487805151016,-0.886266037403339,-0.893532635485874
1.70033333333333,-0.881697563549009,-0.890991281980027,-0.882439832227515,-0.889663241224263
1.70066666666667,-0.877908879732634,-0.887131431313031,-0.878639966602204,-0.885820538456485
1.701,-0.874146162337312,-0.883298255658383,-0.874866203475848,-0.882004286708462
1.70133333333333,-0.87040917872773,-0.879491513862067,-0.871118308399971,-0.878214248146599
1.70166666666667,-0.866697698811337,-0.875710967431999,-0.867396049495855,-0.874450187543999
1.702,-0.863011495005907,-0.871956380503717,-0.863699197421631,-0.870711872247129
1.70233333333333,-0.859350342207582,-0.868227519806553,-0.860027525339911,-0.866999072143032
1.70266666666667,-0.855714017759346,-0.864524154630314,-0.856380808885823,-0.863311559626957
1.703,-0.852102301419987,-0.860846056792406,-0.852758826135547,-0.85964910957048
1.70333333333333,-0.848514975333501,-0.857193000605526,-0.849161357575301,-0.856011499290088
1.70366666666667,-0.844951823998896,-0.853564762845715,-0.845588186070769,-0.852398508516193
1.704,-0.841412634240509,-0.849961122720954,-0.842039096836961,-0.848809919362614
1.70433333333333,-0.837897195178628,-0.846381861840171,-0.838513877408512,-0.845245516296462
1.70466666666667,-0.834405298200668,-0.842826764182722,-0.835012317610417,-0.84170508610851
1.705,-0.830936736932638,-0.839295616068284,-0.83153420952915,-0.838188417883916
1.70533333333333,-0.827491307211118,-0.835788206127223,-0.828079347484266,-0.834695302973425
1.70566666666667,-0.824068807055545,-0.832304325271346,-0.824647528000296,-0.831225534964949
1.706,-0.820669036640945,-0.828843766665088,-0.821238549779168,-0.827778909655542
1.70633333333333,-0.817291798271054,-0.825406325697118,-0.81785221367294,-0.82435522502381
1.70666666666667,-0.813936896351767,-0.821991799952365,-0.814488322656911,-0.820954281202663
1.707,-0.810604137365051,-0.818599989184406,-0.811146681803196,-0.817575880452507
1.70733333333333,-0.807293329843115,-0.815230695288259,-0.807827098254565,-0.814219827134752
1.70766666666667,-0.804004284343058,-0.811883722273612,-0.804529381198767,-0.810885927685744
1.708,-0.800736813421772,-0.808558876238349,-0.801253341843093,-0.80757399059105
1.70833333333333,-0.797490731611262,-0.80525596534253,-0.797998793389413,-0.804283826360092
1.70866666666667,-0.794265855394316,-0.801974799782684,-0.794765551009482,-0.801015247501137
1.709,-0.791062003180439,-0.798715191766495,-0.791553431820636,-0.797768068496648
1.70933333333333,-0.787878995282234,-0.795476955487857,-0.788362254861818,-0.794542105779009
1.70966666666667,-0.78471665389202,-0.792259907102226,-0.78519184106992,-0.791337177706498
1.71,-0.781574803058819,-0.789063864702385,-0.78204201325649,-0.788153104539708
1.71033333333333,-0.778453268665658,-0.785888648294511,-0.77891259608474,-0.784989708418197
1.71066666666667,-0.77535187840719,-0.782734079774589,-0.775803416046884,-0.781846813337547
1.711,-0.77227046176759,-0.779599982905146,-0.772714301441778,-0.778724245126672
1.71133333333333,-0.769208849998845,-0.776486183292341,-0.769645082352893,-0.775621831425484
1.71166666666667,-0.766166876099206,-0.773392508363332,-0.76659559062658,-0.772539401662852
1.712,-0.763144374792079,-0.770318787343986,-0.76356565985062,-0.769476787034859
1.71233333333333,-0.760141182505127,-0.767264851236911,-0.760555125333112,-0.766433820483386
1.71266666666667,-0.757157137349651,-0.764230532799749,-0.757563824081609,-0.763410336674953
1.713,-0.754192079100331,-0.761215666523821,-0.754591594782579,-0.760406171979883
1.71333333333333,-0.751245849175129,-0.758220088613036,-0.751638277781102,-0.757421164451722
1.71366666666667,-0.7483182906156,-0.755243636963099,-0.7487037150609,-0.754455153806991
1.714,-0.745409248067344,-0.752286151141015,-0.745787750224602,-0.75150798140514
1.71433333333333,-0.742518567760834,-0.749347472364865,-0.742890228474302,-0.748579490228864
1.71466666666667,-0.739646097492417,-0.746427443483861,-0.740010996592344,-0.745669524864599
1.715,-0.736791686605639,-0.743525908958683,-0.737149902922437,-0.74277793148335
1.71533333333333,-0.733955185972791,-0.740642714842093,-0.73430679735097,-0.73990455782177
1.71566666666667,-0.7311364479767,-0.73777770875978,-0.731481531288591,-0.737049253163442
1.716,-0.728335326492803,-0.734930739891512,-0.728673957652063,-0.7342118683205
1.71633333333333,-0.725551676871419,-0.732101658952511,-0.725883930846323,-0.731392255615417
1.71666666666667,-0.722785355920286,-0.729290318175122,-0.723111306746848,-0.728590268863116
1.717,-0.72003622188733,-0.726496571290657,-0.720355942682183,-0.725805763353232
1.71733333333333,-0.717304134443669,-0.723720273511583,-0.717617697416756,-0.723038595832723
1.71766666666667,-0.714588954666828,-0.720961281513872,-0.714896431133921,-0.720288624488606
1.718,-0.711890545024204,-0.718219453419645,-0.712192005419195,-0.717555708931007
1.71833333333333,-0.709208769356732,-0.715494648780009,-0.70950428324378,-0.714839710176388
1.71866666666667,-0.706543492862789,-0.71278672855815,-0.706833128948241,-0.712140490631039
1.719,-0.703894582082284,-0.710095555112657,-0.704178408226431,-0.70945791407474
1.71933333333333,-0.701261904880999,-0.707420992181047,-0.701539988109671,-0.706791845644692
1.71966666666667,-0.69864533043511,-0.704762904863556,-0.698917736951054,-0.704142151819659
1.72,-0.696044729215911,-0.702121159607076,-0.696311524410039,-0.70150870040424
1.72033333333333,-0.69345997297477,-0.699495624189391,-0.693721221437209,-0.698891360513482
1.72066666666667,-0.690890934728248,-0.696886167703559,-0.691146700259233,-0.696290002557585
1.721,-0.688337488743443,-0.694292660542531,-0.688587834364048,-0.693704498226885
1.72133333333333,-0.68579951052353,-0.691714974383987,-0.686044498486222,-0.691134720476966
1.72166666666667,-0.683276876793448,-0.689152982175337,-0.683516568592517,-0.688580543514047
1.722,-0.680769465485835,-0.686606558118948,-0.681003921867614,-0.686041842780484
1.72233333333333,-0.678277155727109,-0.684075577657587,-0.678506436700098,-0.68351849494054
1.72266666666667,-0.675799827823748,-0.681559917460001,-0.676023992668538,-0.681010377866274
1.723,-0.673337363248731,-0.679059455406722,-0.673556470527818,-0.678517370623638
1.72333333333333,-0.670889644628193,-0.676574070576083,-0.671103752195622,-0.676039353458804
1.72366666666667,-0.668456555728212,-0.674103643230374,-0.668665720739072,-0.673576207784583
1.724,-0.6660379814418,-0.671648054802186,-0.666242260361607,-0.671127816167088
1.72433333333333,-0.663633807776043,-0.669207187880982,-0.663833256389957,-0.668694062312558
1.72466666666667,-0.661243921839436,-0.666780926199789,-0.661438595261345,-0.666274831054321
1.725,-0.658868211829331,-0.664369154622081,-0.659058164510814,-0.663870008339976
1.72533333333333,-0.656506567019616,-0.661971759128853,-0.656691852758757,-0.661479481218712
1.72566666666667,-0.654158877748505,-0.659588626805846,-0.654339549698588,-0.659103137828794
1.726,-0.651825035406481,-0.657219645830939,-0.652001146084558,-0.656740867385198
1.72633333333333,-0.649504932424449,-0.654864705461708,-0.649676533719764,-0.654392560167459
1.72666666666667,-0.647198462261974,-0.652523696023153,-0.647365605444286,-0.6520581075076
1.727,-0.644905519395724,-0.650196508895585,-0.645068255123487,-0.649737401778282
1.72733333333333,-0.642625999308024,-0.647883036502651,-0.642784377636469,-0.647430336381073
1.72766666666667,-0.640359798475585,-0.645583172299534,-0.640513868864668,-0.645136805734866
1.728,-0.638106814358358,-0.643296810761298,-0.638256625680588,-0.642856705264472
1.72833333333333,-0.635866945388537,-0.641023847371399,-0.636012545936716,-0.640589931389325
1.72866666666667,-0.633640090959724,-0.638764178610313,-0.633781528454529,-0.638336381512366
1.729,-0.63142615141617,-0.636517701944328,-0.631563473013677,-0.636095954009031
1.72933333333333,-0.629225028042245,-0.6342843158145,-0.629358280341295,-0.633868548216423
1.72966666666667,-0.627036623051949,-0.632063919625703,-0.627165852101452,-0.63165406442258
1.73,-0.624860839578625,-0.629856413735866,-0.624986090884714,-0.629452403855906
1.73033333333333,-0.622697581664766,-0.627661699445324,-0.622818900197888,-0.627263468674736
1.73066666666667,-0.62054675425197,-0.625479678986313,-0.62066418445384,-0.625087161957026
1.731,-0.61840826317099,-0.623310255512582,-0.618521848961482,-0.622923387690151
1.73133333333333,-0.616282015131981,-0.621153333089174,-0.616391799915865,-0.62077205076089
1.73166666666667,-0.614167917714768,-0.619008816682296,-0.614273944388418,-0.618633056945478
1.732,-0.612065879359318,-0.616876612149337,-0.61216819031727,-0.61650631289982
1.73233333333333,-0.60997580935631,-0.614756626229028,-0.610074446497744,-0.61439172614981
1.73266666666667,-0.607897617837808,-0.612648766531691,-0.60799262257294,-0.612289205081778
1.733,-0.60583121576805,-0.610552941529629,-0.605922629024439,-0.610198658933059
1.73333333333333,-0.603776514934386,-0.608469060547671,-0.603864377163136,-0.608119997782692
1.73366666666667,-0.601733427938294,-0.60639703375376,-0.601817779120169,-0.606053132542185
1.734,-0.599701868186512,-0.604336772149723,-0.599782747837972,-0.603997974946467
1.73433333333333,-0.597681749882309,-0.60228818756215,-0.597759197061459,-0.601954437544913
1.73466666666667,-0.595672988016827,-0.60025119263335,-0.595747041329279,-0.599922433692472
1.735,-0.593675498360544,-0.598225700812467,-0.593746195965195,-0.597901877540916
1.73533333333333,-0.591689197454871,-0.596211626346667,-0.591756577069599,-0.595892684030225
1.73566666666667,-0.589714002603801,-0.594208884272462,-0.589778101511085,-0.593894768880033
1.736,-0.587749831865703,-0.592217390407132,-0.587810686918158,-0.591908048581211
1.73633333333333,-0.585796604045206,-0.590237061340256,-0.585854251671044,-0.58993244038754
1.73666666666667,-0.583854238685168,-0.58826781442535,-0.583908714893579,-0.587967862307494
1.737,-0.581922656058761,-0.586309567771587,-0.581973996445218,-0.58601423309612
1.73733333333333,-0.580001777161651,-0.584362240235675,-0.58005001691315,-0.58407147224703
1.73766666666667,-0.578091523704279,-0.582425751413763,-0.578136697604486,-0.582139499984463
1.738,-0.5761918181042,-0.580500021633503,-0.576233960538551,-0.580218237255474
1.73833333333333,-0.574302583478577,-0.578584971946183,-0.574341728439286,-0.578307605722212
1.73866666666667,-0.572423743636717,-0.57668052411897,-0.572459924727713,-0.576407527754277
1.739,-0.570555223072709,-0.574786600627232,-0.570588473514532,-0.574517926421179
1.73933333333333,-0.568696946958182,-0.572903124646978,-0.568727299592778,-0.572638725484909
1.73966666666667,-0.566848841135102,-0.571030020047361,-0.566876328430565,-0.570769849392569
1.74,-0.565010832108687,-0.569167211383305,-0.565035486163941,-0.568911223269107
1.74033333333333,-0.563182847040404,-0.567314623888208,-0.563204699589816,-0.567062772910142
1.74066666666667,-0.56136481374107,-0.565472183466705,-0.56138389615899,-0.565224424774867
1.741,-0.559556660663965,-0.563639816687577,-0.55957300396921,-0.563396105979054
1.74133333333333,-0.557758316898133,-0.561817450776708,-0.557771951758418,-0.561577744288127
1.74166666666667,-0.555969712161673,-0.560005013610123,-0.555980668897966,-0.559769268110319
1.742,-0.554190776795158,-0.558202433707138,-0.554199085385975,-0.557970606489928
1.74233333333333,-0.552421441755129,-0.556409640223566,-0.552427131840794,-0.556181689100639
1.74266666666667,-0.550661638607639,-0.554626562945028,-0.550664739494465,-0.554402446238935
1.743,-0.548911299521926,-0.552853132280327,-0.548911840186322,-0.55263280881757
1.74333333333333,-0.547170357264103,-0.551089279254901,-0.547168366356659,-0.550872708359151
1.74366666666667,-0.545438745190972,-0.549334935504388,-0.545434251040481,-0.549122076989778
1.744,-0.543716397243863,-0.54759003326822,-0.543709427861272,-0.547380847432738
1.74433333333333,-0.542003247942616,-0.545854505383318,-0.541993831024922,-0.545648953002329
1.74466666666667,-0.540299232379552,-0.544128285277876,-0.540287395313682,-0.543926327597702
1.745,-0.538604286213584,-0.542411306965187,-0.538590056080162,-0.54221290569681
1.74533333333333,-0.536918345664358,-0.540703505037575,-0.536901749241482,-0.540508622350425
1.74566666666667,-0.535241347506477,-0.539004814660381,-0.535222411273399,-0.538813413176209
1.746,-0.533573229063795,-0.537315171566015,-0.533551979204577,-0.537127214352874
1.74633333333333,-0.531913928203772,-0.53563451204811,-0.531890390610889,-0.535449962614398
1.74666666666667,-0.530263383331913,-0.533962772955703,-0.530237583609786,-0.533781595244326
1.747,-0.528621533386227,-0.532299891687514,-0.528593496854743,-0.532122050070107
1.74733333333333,-0.526988317831819,-0.530645806186285,-0.526958069529779,-0.530471265457543
1.74766666666667,-0.525363676655484,-0.529000454933189,-0.52533124134401,-0.528829180305258
1.748,-0.523747550360392,-0.52736377694229,-0.523712952526296,-0.527195734039256
1.74833333333333,-0.522139879960856,-0.525735711755101,-0.522103143819946,-0.525570866607556
1.74866666666667,-0.5205406069771,-0.524116199435167,-0.520501756477467,-0.523954518474852
1.749,-0.518949673430163,-0.522505180562727,-0.518908732255398,-0.522346630617253
1.74933333333333,-0.51736702183679,-0.520902596229462,-0.517324013409183,-0.520747144517113
1.74966666666667,-0.515792595204454,-0.519308388033271,-0.515747542688123,-0.519156002157882
1.75,-0.514226337026362,-0.517722498073114,-0.514179263330375,-0.517573146019015
1.75033333333333,-0.512668191276594,-0.516144868943943,-0.51261911905801,-0.515998519070988
1.75066666666667,-0.511118102405224,-0.514575443731653,-0.511067054072122,-0.51443206477031
1.751,-0.509576015333565,-0.513014166008118,-0.509523013048023,-0.512873727054643
1.75133333333333,-0.50804187544942,-0.511460979826278,-0.507986941130457,-0.511323450337947
1.75166666666667,-0.506515628602404,-0.509915829715282,-0.506458783928882,-0.509781179505704
1.752,-0.504997221099339,-0.508378660675693,-0.504938487512821,-0.508246859910169
1.75233333333333,-0.503486599699671,-0.506849418174723,-0.503425998407255,-0.506720437365701
1.75266666666667,-0.501983711610946,-0.505328048141579,-0.501921263588049,-0.505201858144152
1.753,-0.500488504484371,-0.503814496962785,-0.500424230477479,-0.503691068970267
1.75333333333333,-0.499000926410374,-0.502308711477645,-0.498934846939755,-0.502188017017194
1.75366666666667,-0.49752092591425,-0.500810638973671,-0.497453061276644,-0.500692649901999
1.754,-0.496048451951855,-0.499320227182139,-0.495978822223111,-0.499204915681253
1.75433333333333,-0.494583453905324,-0.497837424273639,-0.494512078943015,-0.497724762846678
1.75466666666667,-0.493125881578878,-0.496362178853724,-0.493052781024867,-0.496252140320823
1.755,-0.491675685194634,-0.494894439958558,-0.491600878477631,-0.4947869974528
1.75533333333333,-0.490232815388499,-0.493434157050665,-0.490156321726562,-0.493329284014057
1.75566666666667,-0.488797223206088,-0.491981280014696,-0.488719061609098,-0.491878950194226
1.756,-0.487368860098706,-0.490535759153239,-0.487289049370811,-0.490435946596993
1.75633333333333,-0.485947677919353,-0.489097545182701,-0.485866236661387,-0.489000224236013
1.75666666666667,-0.48453362891879,-0.487666589229215,-0.484450575530657,-0.487571734530895
1.757,-0.483126665741656,-0.486242842824611,-0.483042018424669,-0.486150429303209
1.75733333333333,-0.481726741422612,-0.484826257902426,-0.481640518181816,-0.484736260772547
1.75766666666667,-0.480333809382524,-0.483416786793941,-0.480246028028993,-0.483329181552635
1.758,-0.478947823424723,-0.482014382224299,-0.478858501577818,-0.48192914464748
1.75833333333333,-0.477568737731262,-0.480618997308639,-0.477477892820859,-0.480536103447555
1.75866666666667,-0.476196506859261,-0.47923058554828,-0.476104156127957,-0.479150011726039
1.759,-0.474831085737229,-0.477849100826942,-0.474737246242522,-0.477770823635098
1.75933333333333,-0.473472429661515,-0.476474497407045,-0.473377118277939,-0.476398493702204
1.75966666666667,-0.472120494292719,-0.475106729925991,-0.472023727713963,-0.475032976826481
1.76,-0.470775235652175,-0.473745753392527,-0.470677030393192,-0.473674228275129
1.76033333333333,-0.469436610118489,-0.472391523183153,-0.469336982517546,-0.472322203679844
1.76066666666667,-0.46810457442408,-0.471043995038544,-0.468003540644801,-0.470976859033309
1.761,-0.466779085651792,-0.469703125060026,-0.46667666168517,-0.469638150685707
1.76133333333333,-0.465460101231525,-0.468368869706096,-0.465356302897913,-0.468306035341288
1.76166666666667,-0.464147578936902,-0.467041185788975,-0.464042421887971,-0.46698047005496
1.762,-0.462841476881986,-0.465720030471186,-0.462734976602668,-0.465661412228918
1.76233333333333,-0.461541753518026,-0.464405361262211,-0.461433925328412,-0.464348819609325
1.76266666666667,-0.460248367630225,-0.463097136015127,-0.460139226687475,-0.46304265028301
1.763,-0.458961278334577,-0.461795312923322,-0.458850839634767,-0.461742862674219
1.76333333333333,-0.457680445074706,-0.46049985051725,-0.457568723454679,-0.460449415541396
1.76366666666667,-0.456405827618753,-0.459210707661183,-0.456292837757931,-0.459162267973983
1.764,-0.455137386056294,-0.457927843550033,-0.455023142478478,-0.457881379389288
1.76433333333333,-0.453875080795315,-0.456651217706198,-0.453759597870443,-0.456606709529364
1.76466666666667,-0.45261887255916,-0.455380789976449,-0.452502164505083,-0.455338218457931
1.765,-0.451368722383591,-0.454116520528825,-0.451250803267778,-0.454075866557304
1.76533333333333,-0.450124591613816,-0.45285836984962,-0.450005475355065,-0.452819614525429
1.76566666666667,-0.448886441901581,-0.451606298740322,-0.448766142271713,-0.451569423372844
1.766,-0.447654235202281,-0.450360268314651,-0.4475327658278,-0.450325254419762
1.76633333333333,-0.446427933772119,-0.449120239995619,-0.446305308135849,-0.449087069293162
1.76666666666667,-0.445207500165276,-0.447886175512583,-0.445083731607987,-0.447854829923874
1.767,-0.443992897231116,-0.446658036898372,-0.443867998953127,-0.446628498543745
1.76733333333333,-0.442784088111432,-0.445435786486431,-0.442658073174199,-0.445408037682817
1.76766666666667,-0.441581036237716,-0.444219386907989,-0.441453917565384,-0.444193410166518
1.768,-0.440383705328445,-0.443008801089271,-0.440255495709402,-0.442984579112917
1.76833333333333,-0.439192059386426,-0.441803992248737,-0.439062771474815,-0.441781507929982
1.76866666666667,-0.438006062696132,-0.440604923894329,-0.437875709013372,-0.440584160312869
1.769,-0.436825679821103,-0.439411559820774,-0.43669427275736,-0.439392500241266
1.76933333333333,-0.435650875601346,-0.438223864106922,-0.435518427417015,-0.438206491976736
1.76966666666667,-0.434481615150782,-0.437041801113079,-0.434348137977923,-0.437026100060101
1.77,-0.433317863854709,-0.435865335478398,-0.4331833696985,-0.435851289308837
1.77033333333333,-0.432159587367301,-0.434694432118286,-0.432024088107428,-0.434682024814548
1.77066666666667,-0.431006751609119,-0.433529056221844,-0.430870259001195,-0.433518271940398
1.771,-0.429859322764671,-0.432369173249321,-0.429721848441599,-0.432359996318617
1.77133333333333,-0.42871726727997,-0.431214748929616,-0.428578822753323,-0.431207163848025
1.77166666666667,-0.427580551860154,-0.430065749257791,-0.427441148521505,-0.430059740691564
1.772,-0.426449143467077,-0.428922140492618,-0.426308792589343,-0.428917693273879
1.77233333333333,-0.425323009316995,-0.427783889154147,-0.425181722055751,-0.427780988278919
1.77266666666667,-0.424202116878221,-0.426650962021306,-0.42405990427298,-0.426649592647541
1.773,-0.42308643386882,-0.425523326129519,-0.422943306844335,-0.42552347357518
1.77333333333333,-0.421975928254342,-0.424400948768357,-0.421831897621864,-0.424402598509514
1.77366666666667,-0.420870568245563,-0.423283797479207,-0.420725644704088,-0.423286935148153
1.774,-0.419770322296257,-0.422171840052962,-0.419624516433778,-0.422176451436367
1.77433333333333,-0.418675159100996,-0.421065044527767,-0.418528481395703,-0.421071115564833
1.77466666666667,-0.417585047592948,-0.419963379186734,-0.417437508414449,-0.419970895967404
1.775,-0.416499956941742,-0.418866812555719,-0.41635156655225,-0.418875761318895
1.77533333333333,-0.415419856551306,-0.417775313401133,-0.41527062510682,-0.417785680532903
1.77566666666667,-0.414344716057781,-0.416688850727731,-0.414194653609231,-0.416700622759646
1.776,-0.413274505327391,-0.415607393776469,-0.413123621821818,-0.415620557383826
1.77633333333333,-0.412209194454398,-0.414530912022351,-0.412057499736065,-0.414545454022504
1.77666666666667,-0.411148753759043,-0.413459375172326,-0.410996257570566,-0.413475282523006
1.777,-0.410093153785524,-0.412392753163177,-0.409939865768976,-0.41241001296087
1.77733333333333,-0.409042365299976,-0.41133101615947,-0.408888294997983,-0.411349615637765
1.77766666666667,-0.407996359288492,-0.410274134551478,-0.407841516145315,-0.410294061079474
1.778,-0.406955106955152,-0.409222078953172,-0.40679950031776,-0.409243320033891
1.77833333333333,-0.405918579720091,-0.408174820200194,-0.405762218839208,-0.408197363469024
1.77866666666667,-0.404886749217541,-0.407132329347887,-0.404729643248702,-0.407156162571029
1.779,-0.403859587293964,-0.406094577669316,-0.403701745298532,-0.406119688742263
1.77933333333333,-0.402837066006139,-0.405061536653317,-0.402678496952329,-0.40508791359936
1.77966666666667,-0.401819157619298,-0.40403317800258,-0.401659870383189,-0.404060808971317
1.78,-0.400805834605283,-0.403009473631741,-0.400645837971804,-0.403038346897606
1.78033333333333,-0.399797069640718,-0.401990395665495,-0.399636372304636,-0.402020499626312
1.78066666666667,-0.398792835605193,-0.400975916436712,-0.39863144617209,-0.40100723961228
1.781,-0.397793105579475,-0.399966008484606,-0.397631032566689,-0.399998539515277
1.78133333333333,-0.396797852843731,-0.398960644552899,-0.396635104681321,-0.398994372198193
1.78166666666667,-0.395807050875769,-0.397959797588014,-0.39564363590745,-0.397994710725235
1.782,-0.394820673349313,-0.396963440737275,-0.394656599833375,-0.396999528360167
1.78233333333333,-0.393838694132279,-0.395971547347132,-0.393673970242505,-0.39600879856453
1.78266666666667,-0.392861087285049,-0.394984090961412,-0.392695721111623,-0.395022494995931
1.783,-0.391887827058815,-0.394001045319576,-0.391721826609213,-0.394040591506294
1.78333333333333,-0.390918887893908,-0.393022384355006,-0.390752261093779,-0.393063062140176
1.78366666666667,-0.389954244418115,-0.39204808219328,-0.389786999112163,-0.392089881133067
1.784,-0.388993871445085,-0.391078113150516,-0.388826015397916,-0.391121022909729
1.78433333333333,-0.38803774397268,-0.390112451731672,-0.387869284869665,-0.390156462082538
1.78466666666667,-0.387085837181392,-0.389151072628928,-0.386916782629511,-0.389196173449849
1.785,-0.386138126432736,-0.388193950720017,-0.385968483961407,-0.388240131994378
1.78533333333333,-0.385194587267703,-0.387241061066632,-0.385024364329608,-0.387288312881588
1.78566666666667,-0.384255195405192,-0.386292378912803,-0.384084399377084,-0.386340691458118
1.786,-0.383319926740464,-0.385347879683328,-0.383148564923977,-0.385397243250206
1.78633333333333,-0.38238875734364,-0.384407538982198,-0.382216836966083,-0.384457943962119
1.78666666666667,-0.381461663458172,-0.38347133259103,-0.381289191673309,-0.383522769474633
1.787,-0.380538621499355,-0.38253923646754,-0.380365605388193,-0.382591695843497
1.78733333333333,-0.379619608052856,-0.381611226744023,-0.379446054624399,-0.381664699297921
1.78766666666667,-0.37870459987324,-0.380687279725835,-0.378530516065254,-0.380741756239091
1.788,-0.377793573882525,-0.379767371889892,-0.377618966562292,-0.37982284323868
1.78833333333333,-0.376886507168749,-0.378851479883218,-0.376711383133793,-0.378907937037392
1.78866666666667,-0.375983376984541,-0.37793958052146,-0.375807742963379,-0.377997014543499
1.789,-0.37508416074573,-0.377031650787438,-0.374908023398588,-0.377090052831418
1.78933333333333,-0.374188836029931,-0.376127667829725,-0.374012201949457,-0.376187029140283
1.78966666666667,-0.373297380575181,-0.375227608961212,-0.373120256287157,-0.37528792087253
1.79,-0.372409772278573,-0.37433145165771,-0.372232164242607,-0.374392705592516
1.79033333333333,-0.371525989194892,-0.373439173556552,-0.371347903805122,-0.373501361025137
1.79066666666667,-0.370646009535292,-0.372550752455218,-0.370467453121059,-0.372613865054449
1.791,-0.369769811665955,-0.371666166309964,-0.369590790492483,-0.371730195722321
1.79133333333333,-0.368897374106793,-0.370785393234487,-0.368717894375852,-0.370850331227112
1.79166666666667,-0.368028675530129,-0.369908411498557,-0.367848743380705,-0.369974249922314
1.792,-0.367163694759432,-0.369035199526724,-0.366983316268371,-0.369101930315257
1.79233333333333,-0.366302410768032,-0.368165735896983,-0.366121591950681,-0.368233351065814
1.79266666666667,-0.365444802677843,-0.367299999339479,-0.365263549488716,-0.367368490985093
1.793,-0.364590849758142,-0.366437968735228,-0.364409168091509,-0.366507329034171
1.79333333333333,-0.363740531424316,-0.365579623114835,-0.363558427114855,-0.36564984432284
1.79366666666667,-0.362893827236626,-0.364724941657242,-0.362711306060035,-0.364796016108344
1.794,-0.362050716899008,-0.363873903688456,-0.36186778457261,-0.363945823794134
1.79433333333333,-0.361211180257874,-0.363026488680351,-0.361027842441222,-0.363099246928667
1.79466666666667,-0.360375197300905,-0.362182676249397,-0.360191459596375,-0.362256265204165
1.795,-0.359542748155883,-0.361342446155483,-0.359358616109271,-0.361416858455428
1.79533333333333,-0.358713813089527,-0.360505778300695,-0.358529292190618,-0.360581006658631
1.79566666666667,-0.357888372506325,-0.359672652728136,-0.357703468189481,-0.359748689930152
1.796,-0.357066406947395,-0.358843049620741,-0.356881124592123,-0.3589198885254
1.79633333333333,-0.356247897089347,-0.358016949300115,-0.35606224202086,-0.358094582837664
1.79666666666667,-0.355432823743174,-0.357194332225375,-0.355246801232942,-0.357272753396955
1.797,-0.354621167853125,-0.356375178992006,-0.35443478311943,-0.356454380868884
1.79733333333333,-0.353812910495598,-0.355559470330727,-0.353626168704085,-0.355639446053523
1.79766666666667,-0.353008032878062,-0.354747187106369,-0.352820939142267,-0.354827929884308
1.798,-0.352206516337974,-0.353938310316764,-0.352019075719861,-0.354019813426925
1.79833333333333,-0.351408342341704,-0.353132821091639,-0.351220559852195,-0.353215077878219
1.79866666666667,-0.350613492483473,-0.352330700691534,-0.350425373082955,-0.352413704565115
1.799,-0.349821948484307,-0.351531930506711,-0.349633497083162,-0.351615674943549
1.79933333333333,-0.349033692190998,-0.35073649205609,-0.348844913650108,-0.3508209705974
1.79966666666667,-0.348248705575068,-0.349944366986195,-0.348059604706309,-0.350029573237433
1.8,-0.347466970731746,-0.349155537070094,-0.347277552298497,-0.349241464700284
1.80033333333333,-0.346688469878972,-0.348369984206364,-0.346498738596602,-0.348456626947401
1.80066666666667,-0.345913185356378,-0.347587690418058,-0.345723145892729,-0.347675042064036
1.801,-0.3451410996243,-0.346808637851696,-0.344950756600181,-0.346896692258223
1.80133333333333,-0.344372195262805,-0.346032808776239,-0.344181553252458,-0.346121559859788
1.80166666666667,-0.343606454970715,-0.3452601855821,-0.343415518502276,-0.345349627319358
1.802,-0.342843861564621,-0.344490750780144,-0.342652635120612,-0.344580877207353
1.80233333333333,-0.342084397977963,-0.343724487000715,-0.341892885995723,-0.343815292213041
1.80266666666667,-0.341328047260056,-0.342961376992662,-0.341136254132224,-0.343052855143561
1.803,-0.340574792575164,-0.342201403622368,-0.340382722650105,-0.34229354892296
1.80333333333333,-0.339824617201577,-0.341444549872799,-0.339632274783837,-0.341537356591251
1.80366666666667,-0.339077504530665,-0.340690798842563,-0.338884893881428,-0.34078426130349
1.804,-0.338333438066011,-0.339940133744969,-0.338140563403501,-0.34003424632882
1.80433333333333,-0.337592401422461,-0.339192537907106,-0.337399266922401,-0.339287295049566
1.80466666666667,-0.336854378325261,-0.338447994768903,-0.336660988121287,-0.338543390960326
1.805,-0.33611935260916,-0.337706487882253,-0.335925710793244,-0.337802517667055
1.80533333333333,-0.335387308217537,-0.336968000910081,-0.335193418840399,-0.337064658886175
1.80566666666667,-0.334658229201512,-0.336232517625462,-0.334464096273047,-0.336329798443701
1.806,-0.333932099719112,-0.335500021910737,-0.333737727208786,-0.335597920274339
1.80633333333333,-0.333208904034405,-0.334770497756635,-0.333014295871655,-0.334869008420629
1.80666666666667,-0.332488626516645,-0.334043929261396,-0.332293786591299,-0.334143047032087
1.807,-0.331771251639452,-0.333320300629927,-0.33157618380209,-0.33342002036434
1.80733333333333,-0.331056763979969,-0.332599596172939,-0.330861472042342,-0.332699912778286
1.80766666666667,-0.330345148218042,-0.331881800306091,-0.330149635953443,-0.331982708739252
1.808,-0.329636389135399,-0.331166897549179,-0.329440660279063,-0.331268392816159
1.80833333333333,-0.328930471614864,-0.330454872525284,-0.328734529864315,-0.330556949680719
1.80866666666667,-0.328227380639528,-0.329745709959955,-0.328031229654985,-0.329848364106587
1.809,-0.327527101291973,-0.329039394680406,-0.327330744696699,-0.329142620968584
1.80933333333333,-0.326829618753491,-0.328335911614704,-0.326633060134168,-0.328439705241869
1.80966666666667,-0.326134918303286,-0.327635245790953,-0.325938161210371,-0.327739602001171
1.81,-0.325442985317719,-0.326937382336528,-0.325246033265813,-0.327042296419982
1.81033333333333,-0.324753805269549,-0.326242306477273,-0.324556661737729,-0.326347773769792
1.81066666666667,-0.324067363727149,-0.325550003536739,-0.323870032159345,-0.325656019419302
1.811,-0.323383646353783,-0.324860458935386,-0.323186130159105,-0.324967018833681
1.81133333333333,-0.322702638906847,-0.324173658189859,-0.322504941459936,-0.324280757573783
1.81166666666667,-0.322024327237142,-0.323489586912188,-0.321826451878509,-0.323597221295422
1.812,-0.321348697288135,-0.322808230809076,-0.321150647324491,-0.3229163957486
1.81233333333333,-0.320675735095235,-0.322129575681136,-0.320477513799833,-0.322238266776795
1.81266666666667,-0.320005426785087,-0.321453607422157,-0.319807037398043,-0.321562820316213
1.813,-0.319337758574857,-0.320780312018383,-0.319139204303468,-0.320890042395072
1.81333333333333,-0.318672716771511,-0.320109675547784,-0.318474000790597,-0.320219919132881
1.81366666666667,-0.318010287771147,-0.319441684179337,-0.317811413223346,-0.319552436739728
1.814,-0.317350458058277,-0.318776324172326,-0.317151428054378,-0.318887581515581
1.81433333333333,-0.31669321420516,-0.318113581875626,-0.316494031824402,-0.318225339849593
1.81466666666667,-0.316038542871112,-0.317453443727021,-0.315839211161497,-0.317565698219382
1.815,-0.315386430801836,-0.316795896252503,-0.315186952780432,-0.316908643190385
1.81533333333333,-0.314736864828758,-0.316140926065584,-0.314537243482001,-0.316254161415152
1.81566666666667,-0.314089831868356,-0.315488519866636,-0.313890070152351,-0.315602239632682
1.816,-0.313445318921523,-0.314838664442199,-0.313245419762335,-0.31495286466775
1.81633333333333,-0.312803313072897,-0.314191346664326,-0.312603279366844,-0.314306023430251
1.81666666666667,-0.312163801490233,-0.313546553489917,-0.311963636104174,-0.313661702914539
1.817,-0.311526771423757,-0.312904271960069,-0.311326477195384,-0.313019890198787
1.81733333333333,-0.310892210205537,-0.31226448919943,-0.310691789943648,-0.312380572444324
1.81766666666667,-0.310260105248852,-0.311627192415546,-0.31005956173364,-0.311743736895018
1.818,-0.309630444047583,-0.310992368898239,-0.309429780030901,-0.311109370876634
1.81833333333333,-0.309003214175577,-0.310360006018957,-0.308802432381234,-0.3104774617962
1.81866666666667,-0.308378403286061,-0.309730091230172,-0.308177506410066,-0.309847997141396
1.819,-0.307755999111021,-0.309102612064733,-0.307554989821869,-0.309220964479936
1.81933333333333,-0.307135989460606,-0.308477556135279,-0.306934870399533,-0.308596351458954
1.81966666666667,-0.306518362222534,-0.307854911133607,-0.306317136003793,-0.307974145804403
1.82,-0.305903105361506,-0.307234664830081,-0.305701774572622,-0.307354335320454
1.82033333333333,-0.305290206918624,-0.306616805073032,-0.30508877412064,-0.306736907888891
1.82066666666667,-0.304679655010802,-0.306001319788162,-0.304478122738546,-0.306121851468541
1.821,-0.304071437830211,-0.305388196977955,-0.303869808592542,-0.305509154094678
1.82133333333333,-0.303465543643686,-0.304777424721102,-0.303263819923749,-0.304898803878445
1.82166666666667,-0.302861960792189,-0.304168991171915,-0.302660145047649,-0.304290789006279
1.822,-0.302260677690228,-0.303562884559758,-0.30205877235353,-0.30368509773935
1.82233333333333,-0.301661682825312,-0.302959093188478,-0.301459690303921,-0.303081718412992
1.82266666666667,-0.301064964757421,-0.302357605435852,-0.300862887434041,-0.302480639436135
1.823,-0.300470512118422,-0.301758409753007,-0.300268352351258,-0.301881849290769
1.82333333333333,-0.299878313611558,-0.301161494663897,-0.299676073734542,-0.301285336531379
1.82366666666667,-0.299288358010921,-0.30056684876473,-0.299086040333926,-0.300691089784415
1.824,-0.298700634160893,-0.299974460723438,-0.298498240969985,-0.300099097747738
1.82433333333333,-0.298115130975641,-0.29938431927914,-0.297912664533304,-0.299509349190088
1.82466666666667,-0.297531837438589,-0.298796413241594,-0.297329299983941,-0.298921832950569
1.825,-0.296950742601915,-0.298210731490686,-0.296748136350927,-0.2983365379381
1.82533333333333,-0.296371835586015,-0.297627262975895,-0.296169162731745,-0.297753453130911
1.82566666666667,-0.295795105579016,-0.29704599671578,-0.295592368291813,-0.297172567576018
1.826,-0.295220541836263,-0.296466921797447,-0.295017742263988,-0.296593870388716
1.82633333333333,-0.294648133679825,-0.295890027376068,-0.294445273948072,-0.296017350752065
1.82666666666667,-0.294077870498003,-0.295315302674347,-0.293874952710292,-0.295442997916395
1.827,-0.293509741744826,-0.294742736982036,-0.293306767982831,-0.294870801198793
1.82733333333333,-0.292943736939579,-0.294172319655424,-0.292740709263322,-0.294300749982629
1.82766666666667,-0.292379845666323,-0.293604040116851,-0.292176766114386,-0.293732833717045
1.828,-0.291818057573404,-0.293037887854219,-0.291614928163126,-0.293167041916479
1.82833333333333,-0.29125836237299,-0.292473852420509,-0.291055185100667,-0.292603364160182
1.82866666666667,-0.290700749840593,-0.291911923433287,-0.290497526681689,-0.292041790091741
1.829,-0.29014520981462,-0.291352090574242,-0.289941942723944,-0.2914823094186
1.82933333333333,-0.289591732195889,-0.290794343588709,-0.289388423107804,-0.290924911911596
1.82966666666667,-0.289040306947187,-0.290238672285204,-0.288836957775796,-0.290369587404486
1.83,-0.288490924092813,-0.289685066534938,-0.288287536732153,-0.289816325793495
1.83033333333333,-0.287943573718123,-0.289133516271391,-0.287740150042351,-0.28926511703685
1.83066666666667,-0.287398245969091,-0.288584011489826,-0.287194787832674,-0.288715951154326
1.831,-0.286854931051866,-0.288036542246857,-0.286651440289759,-0.288168818226804
1.83133333333333,-0.286313619232327,-0.287491098659979,-0.286110097660158,-0.287623708395813
1.83166666666667,-0.285774300835648,-0.286947670907147,-0.285570750249912,-0.287080611863093
1.832,-0.285236966245884,-0.28640624922631,-0.285033388424099,-0.286539518890163
1.83233333333333,-0.284701605905517,-0.285866823914989,-0.284498002606421,-0.286000419797873
1.83266666666667,-0.284168210315057,-0.285329385329845,-0.283964583278767,-0.285463304965982
1.833,-0.283636770032598,-0.284793923886238,-0.283433120980807,-0.284928164832722
1.83333333333333,-0.283107275673423,-0.284260430057803,-0.282903606309551,-0.284394989894384
1.83366666666667,-0.282579717909582,-0.283728894376033,-0.282376029918952,-0.283863770704891
1.834,-0.282054087469476,-0.283199307429854,-0.28185038251948,-0.283334497875375
1.83433333333333,-0.281530375137449,-0.282671659865213,-0.28132665487773,-0.282807162073775
1.83466666666667,-0.281008571753413,-0.282145942384659,-0.280804837816009,-0.282281754024427
1.835,-0.280488668212405,-0.281622145746943,-0.280284922211925,-0.281758264507644
1.83533333333333,-0.279970655464226,-0.2811002607666,-0.279766898998017,-0.281236684359323
1.83566666666667,-0.279454524513026,-0.280580278313565,-0.27925075916132,-0.280717004470542
1.836,-0.278940266416936,-0.280062189312758,-0.27873649374301,-0.280199215787169
1.83633333333333,-0.278427872287654,-0.279545984743689,-0.278224093838,-0.279683309309458
1.83666666666667,-0.277917333290085,-0.279031655640078,-0.277713550594552,-0.279169276091667
1.837,-0.277408640641956,-0.278519193089458,-0.277204855213906,-0.278657107241672
1.83733333333333,-0.276901785613418,-0.278008588232791,-0.276697998949894,-0.278146793920574
1.83766666666667,-0.276396759526707,-0.277499832264079,-0.276192973108562,-0.277638327342331
1.838,-0.275893553755749,-0.276992916429999,-0.275689769047807,-0.277131698773369
1.83833333333333,-0.275392159725802,-0.276487832029509,-0.275188378177001,-0.276626899532218
1.83866666666667,-0.274892568913079,-0.275984570413495,-0.274688791956626,-0.276123920989138
1.839,-0.274394772844406,-0.275483122984376,-0.274191001897916,-0.275622754565743
1.83933333333333,-0.273898763096851,-0.274983481195771,-0.273694999562484,-0.275123391734652
1.83966666666667,-0.273404531297366,-0.274485636552097,-0.273200776561982,-0.274625824019106
1.84,-0.272912069122443,-0.273989580608237,-0.272708324557738,-0.274130042992633
1.84033333333333,-0.272421368297757,-0.273495304969172,-0.272217635260398,-0.273636040278673
1.84066666666667,-0.271932420597823,-0.27300280128962,-0.27172870042959,-0.273143807550231
1.841,-0.271445217845652,-0.272512061273695,-0.271241511873572,-0.272653336529533
1.84133333333333,-0.270959751912402,-0.272023076674553,-0.270756061448889,-0.272164618987671
1.84166666666667,-0.270476014717053,-0.271535839294042,-0.270272341060039,-0.271677646744256
1.842,-0.26999399822606,-0.271050340982367,-0.269790342659125,-0.271192411667089
1.84233333333333,-0.269513694453026,-0.270566573637739,-0.269310058245531,-0.270708905671809
1.84266666666667,-0.269035095458364,-0.270084529206049,-0.268831479865584,-0.270227120721566
1.843,-0.268558193348982,-0.269604199680523,-0.26835459961223,-0.269747048826684
1.84333333333333,-0.268082980277941,-0.269125577101392,-0.267879409624702,-0.269268682044325
1.84366666666667,-0.267609448444155,-0.26864865355557,-0.267405902088206,-0.268792012478175
1.844,-0.267137590092044,-0.268173421176317,-0.266934069233581,-0.268317032278105
1.84433333333333,-0.266667397511248,-0.267699872142917,-0.266463903337007,-0.267843733639853
1.84466666666667,-0.266198863036281,-0.267227998680361,-0.265995396719664,-0.267372108804713
1.845,-0.265731979046239,-0.26675779305902,-0.265528541747438,-0.266902150059194
1.84533333333333,-0.265266737964485,-0.266289247594345,-0.265063330830596,-0.266433849734734
1.84566666666667,-0.264803132258346,-0.265822354646527,-0.264599756423493,-0.265967200207368
1.846,-0.264341154438801,-0.265357106620212,-0.264137811024243,-0.265502193897427
1.84633333333333,-0.263880797060175,-0.264893495964179,-0.263677487174445,-0.265038823269227
1.84666666666667,-0.263422052719865,-0.264431515171025,-0.263218777458858,-0.264577080830768
1.847,-0.262964914058007,-0.263971156776884,-0.262761674505112,-0.26411695913342
1.84733333333333,-0.262509373757207,-0.263512413361107,-0.262306170983417,-0.263658450771641
1.84766666666667,-0.262055424542234,-0.26305527754597,-0.261852259606265,-0.263201548382672
1.848,-0.261603059179745,-0.262599741996376,-0.261399933128125,-0.262746244646231
1.84833333333333,-0.261152270477982,-0.262145799419565,-0.26094918434518,-0.262292532284239
1.84866666666667,-0.260703051286491,-0.261693442564809,-0.260500006095027,-0.261840404060511
1.849,-0.260255394495844,-0.261242664223138,-0.260052391256382,-0.261389852780487
1.84933333333333,-0.259809293037351,-0.260793457227054,-0.25960633274882,-0.260940871290927
1.84966666666667,-0.259364739882783,-0.260345814450225,-0.259161823532478,-0.260493452479648
1.85,-0.258921728044103,-0.259899728807229,-0.258718856607786,-0.260047589275221
1.85033333333333,-0.258480250573177,-0.259455193253248,-0.258277425015186,-0.259603274646707
1.85066666666667,-0.258040300561515,-0.259012200783809,-0.257837521834865,-0.259160501603374
1.851,-0.257601871139995,-0.258570744434506,-0.257399140186476,-0.258719263194428
1.85133333333333,-0.257164955478594,-0.258130817280716,-0.256962273228882,-0.258279552508731
1.85166666666667,-0.256729546786127,-0.257692412437335,-0.25652691415987,-0.257841362674545
1.852,-0.256295638309981,-0.257255523058508,-0.256093056215904,-0.25740468685924
1.85233333333333,-0.255863223335848,-0.256820142337358,-0.255660692671852,-0.256969518269062
1.85266666666667,-0.255432295187472,-0.256386263505732,-0.255229816840738,-0.25653585014884
1.853,-0.255002847226392,-0.255953879833916,-0.254800422073461,-0.256103675781736
1.85333333333333,-0.254574872851682,-0.2555229846304,-0.254372501758565,-0.255672988488979
1.85366666666667,-0.254148365499702,-0.2550935712416,-0.253946049321963,-0.255243781629623
1.854,-0.253723318643844,-0.254665633051612,-0.253521058226695,-0.25481604860027
1.85433333333333,-0.253299725794276,-0.254239163481947,-0.253097521972682,-0.254389782834834
1.85466666666667,-0.252877580497712,-0.253814155991288,-0.252675434096463,-0.253964977804278
1.855,-0.252456876337146,-0.253390604075239,-0.252254788170961,-0.253541627016369
1.85533333333333,-0.252037606931622,-0.252968501266067,-0.251835577805235,-0.253119724015431
1.85566666666667,-0.25161976593599,-0.252547841132457,-0.251417796644238,-0.252699262382096
1.856,-0.251203347040657,-0.252128617279279,-0.25100143836857,-0.252280235733063
1.85633333333333,-0.250788343971365,-0.25171082334733,-0.25058649669425,-0.251862637720854
1.85666666666667,-0.250374750488937,-0.251294453013106,-0.250172965372467,-0.251446462033574
1.857,-0.249962560389055,-0.250879499988542,-0.249760838189353,-0.251031702394677
1.85733333333333,-0.249551767502024,-0.250465958020808,-0.249350108965752,-0.250618352562719
1.85766666666667,-0.249142365692543,-0.250053820892037,-0.248940771556979,-0.25020640633114
1.858,-0.248734348859469,-0.249643082419112,-0.248532819852593,-0.24979585752801
1.85833333333333,-0.248327710935596,-0.249233736453432,-0.248126247776174,-0.249386700015827
1.85866666666667,-0.247922445887434,-0.248825776880686,-0.247721049285099,-0.248978927691249
1.859,-0.247518547714972,-0.248419197620607,-0.247317218370301,-0.248572534484909
1.85933333333333,-0.247116010451467,-0.248013992626764,-0.246914749056066,-0.248167514361152
1.85966666666667,-0.246714828163224,-0.247610155886321,-0.246513635399804,-0.247763861317841
1.86,-0.246314994949363,-0.247207681419835,-0.246113871491823,-0.247361569386111
1.86033333333333,-0.245916504941625,-0.246806563281017,-0.245715451455124,-0.246960632630169
1.86066666666667,-0.245519352304139,-0.246406795556512,-0.245318369445172,-0.246561045147056
1.861,-0.245123531233212,-0.246008372365702,-0.244922619649695,-0.246162801066449
1.86133333333333,-0.244729035957126,-0.245611287860454,-0.244528196288461,-0.245765894550429
1.86166666666667,-0.244335860735912,-0.245215536224942,-0.244135093613073,-0.245370319793278
1.862,-0.243943999861159,-0.244821111675411,-0.243743305906752,-0.244976071021261
1.86233333333333,-0.24355344765579,-0.244428008459974,-0.243352827484141,-0.244583142492418
1.86266666666667,-0.243164198473871,-0.2440362208584,-0.242963652691093,-0.24419152849636
1.863,-0.242776246700397,-0.243645743181905,-0.242575775904453,-0.243801223354052
1.86333333333333,-0.242389586751095,-0.243256569772948,-0.242189191531885,-0.243412221417609
1.86366666666667,-0.242004213072218,-0.242868695005028,-0.241803894011639,-0.243024517070101
1.864,-0.241620120140356,-0.242482113282475,-0.241419877812372,-0.242638104725343
1.86433333333333,-0.241237302462216,-0.242096819040247,-0.241037137432937,-0.242252978827695
1.86466666666667,-0.240855754574462,-0.241712806743738,-0.240655667402203,-0.241869133851863
1.865,-0.240475471043481,-0.241330070888575,-0.240275462278834,-0.241486564302697
1.86533333333333,-0.240096446465218,-0.240948606000415,-0.239896516651118,-0.241105264715004
1.86566666666667,-0.239718675464967,-0.240568406634765,-0.23951882513676,-0.240725229653345
1.866,-0.239342152697193,-0.240189467376762,-0.2391423823827,-0.240346453711846
1.86633333333333,-0.238966872845331,-0.239811782841009,-0.238767183064915,-0.239968931513999
1.86666666666667,-0.23859283062161,-0.239435347671362,-0.238393221888247,-0.239592657712484
1.867,-0.238220020766855,-0.239060156540752,-0.238020493586187,-0.239217626988963
1.86733333333333,-0.23784843805032,-0.238686204150984,-0.237648992920723,-0.23884383405391
1.86766666666667,-0.23747807726948,-0.238313485232573,-0.237278714682131,-0.238471273646408
1.868,-0.237108933249872,-0.237941994544534,-0.236909653688809,-0.23809994053398
1.86833333333333,-0.236741000844897,-0.237571726874208,-0.236541804787075,-0.237729829512392
1.86866666666667,-0.236374274935654,-0.237202677037079,-0.236175162851022,-0.237360935405482
1.869,-0.236008750430751,-0.236834839876594,-0.235809722782295,-0.236993253064968
1.86933333333333,-0.23564442226614,-0.236468210263977,-0.235445479509954,-0.236626777370275
1.86966666666667,-0.235281285404929,-0.236102783098062,-0.235082427990276,-0.236261503228362
1.87,-0.234919334837222,-0.235738553305095,-0.234720563206577,-0.235897425573532
1.87033333333333,-0.234558565579923,-0.235375515838585,-0.234359880169059,-0.23553453936727
1.87066666666667,-0.234198972676603,-0.235013665679105,-0.23400037391462,-0.235172839598061
1.871,-0.233840551197288,-0.234652997834129,-0.233642039506692,-0.234812321281216
1.87133333333333,-0.23348329623832,-0.234293507337862,-0.233284872035066,-0.234452979458707
1.87166666666667,-0.233127202922171,-0.233935189251066,-0.232928866615733,-0.234094809198997
1.872,-0.232772266397291,-0.233578038660884,-0.232574018390704,-0.233737805596856
1.87233333333333,-0.232418481837929,-0.233222050680689,-0.232220322527851,-0.233381963773215
1.87266666666667,-0.232065844443983,-0.232867220449895,-0.231867774220752,-0.233027278874987
1.873,-0.231714349440825,-0.232513543133809,-0.23151636868851,-0.232673746074897
1.87333333333333,-0.231363992079148,-0.232161013923452,-0.231166101175603,-0.232321360571337
1.87366666666667,-0.2310147676348,-0.231809628035416,-0.23081696695172,-0.231970117588178
1.874,-0.230666671408631,-0.231459380711674,-0.230468961311599,-0.231620012374631
1.87433333333333,-0.230319698726326,-0.23111026721944,-0.230122079574872,-0.231271040205074
1.87466666666667,-0.229973844938258,-0.230762282851002,-0.229776317085908,-0.23092319637889
1.875,-0.229629105419326,-0.230415422923561,-0.229431669213652,-0.230576476220321
1.87533333333333,-0.229285475568806,-0.230069682779084,-0.229088131351481,-0.230230875078307
1.87566666666667,-0.228942950810184,-0.229725057784131,-0.228745698917029,-0.229886388326318
1.876,-0.228601526591024,-0.229381543329713,-0.228404367352059,-0.229543011362217
1.87633333333333,-0.228261198382802,-0.229039134831134,-0.228064132122296,-0.229200739608097
1.87666666666667,-0.227921961680764,-0.228697827727836,-0.227724988717282,-0.22885956851013
1.877,-0.227583812003771,-0.228357617483253,-0.227386932650221,-0.228519493538416
1.87733333333333,-0.227246744894152,-0.22801849958465,-0.227049959457844,-0.228180510186832
1.87766666666667,-0.226910755917559,-0.227680469542986,-0.226714064700243,-0.227842613972887
1.878,-0.226575840662824,-0.227343522892751,-0.226379243960733,-0.227505800437565
1.87833333333333,-0.226241994741811,-0.227007655191832,-0.226045492845725,-0.227170065145192
1.87866666666667,-0.225909213789272,-0.226672862021368,-0.225712806984543,-0.226835403683274
1.879,-0.225577493462706,-0.22633913898558,-0.225381182029322,-0.226501811662371
1.87933333333333,-0.225246829442216,-0.226006481711661,-0.225050613654838,-0.226169284715927
1.87966666666667,-0.224917217430367,-0.225674885849613,-0.224721097558377,-0.225837818500158
1.88,-0.224588653152059,-0.225344347072103,-0.224392629459594,-0.225507408693891
1.88033333333333,-0.224261132354362,-0.225014861074331,-0.22406520510038,-0.225178050998425
1.88066666666667,-0.223934650806409,-0.224686423573887,-0.223738820244716,-0.224849741137397
1.881,-0.22360920429924,-0.22435903031061,-0.223413470678534,-0.224522474856634
1.88133333333333,-0.223284788645672,-0.22403267704645,-0.223089152209594,-0.224196247924037
1.88166666666667,-0.222961399680161,-0.223707359565335,-0.222765860667337,-0.223871056129416
1.882,-0.22263903325868,-0.223383073673025,-0.222443591902752,-0.223546895284369
1.88233333333333,-0.222317685258567,-0.223059815196998,-0.22212234178825,-0.223223761222159
1.88266666666667,-0.221997351578417,-0.222737579986287,-0.221802106217535,-0.222901649797549
1.883,-0.22167802813793,-0.222416363911365,-0.221482881105454,-0.222580556886703
1.88333333333333,-0.221359710877793,-0.222096162864015,-0.221164662387879,-0.222260478387035
1.88366666666667,-0.221042395759546,-0.22177697275719,-0.220847446021591,-0.221941410217073
1.884,-0.220726078765461,-0.221458789524883,-0.220531227984123,-0.221623348316357
1.88433333333333,-0.220410755898406,-0.221141609122003,-0.220216004273658,-0.221306288645274
1.88466666666667,-0.220096423181722,-0.220825427524242,-0.21990177090889,-0.220990227184964
1.885,-0.219783076659108,-0.220510240727953,-0.219588523928895,-0.220675159937157
1.88533333333333,-0.219470712394475,-0.220196044750016,-0.219276259393022,-0.220361082924085
1.88566666666667,-0.219159326471842,-0.21988283562772,-0.218964973380752,-0.220047992188327
1.886,-0.218848914995209,-0.219570609418628,-0.21865466199159,-0.219735883792699
1.88633333333333,-0.218539474088427,-0.219259362200465,-0.218345321344928,-0.219424753820131
1.88666666666667,-0.218230999895087,-0.218949090070989,-0.218036947579935,-0.219114598373534
1.887,-0.217923488578397,-0.218639789147861,-0.217729536855434,-0.218805413575687
1.88733333333333,-0.217616936321057,-0.218331455568545,-0.217423085349775,-0.218497195569118
1.88766666666667,-0.217311339325155,-0.21802408549016,-0.217117589260736,-0.218189940515972
1.888,-0.217006693812025,-0.217717675089387,-0.21681304480538,-0.217883644597908
1.88833333333333,-0.216702996022166,-0.217412220562333,-0.21650944821996,-0.21757830401597
1.88866666666667,-0.216400242215091,-0.217107718124414,-0.216206795759782,-0.217273914990465
1.889,-0.216098428669225,-0.216804164010247,-0.215905083699112,-0.216970473760861
1.88933333333333,-0.215797551681809,-0.216501554473527,-0.215604308331045,-0.216667976585665
1.88966666666667,-0.215497607568755,-0.216199885786915,-0.215304465967395,-0.2163664197423
1.89,-0.215198592664558,-0.215899154241917,-0.215005552938594,-0.216065799526993
1.89033333333333,-0.214900503322171,-0.215599356148781,-0.214707565593553,-0.215766112254681
1.89066666666667,-0.214603335912896,-0.21530048783637,-0.214410500299587,-0.215467354258867
1.891,-0.214307086826281,-0.21500254565207,-0.214114353442268,-0.215169521891537
1.89133333333333,-0.214011752470003,-0.21470552596165,-0.213819121425345,-0.214872611523026
1.89166666666667,-0.213717329269765,-0.214409425149182,-0.213524800670612,-0.214576619541922
1.892,-0.213423813669182,-0.214114239616907,-0.213231387617821,-0.214281542354954
1.89233333333333,-0.213131202129673,-0.213819965785142,-0.212938878724555,-0.21398737638688
1.89266666666667,-0.212839491130366,-0.213526600092161,-0.212647270466132,-0.213694118080376
1.893,-0.21254867716798,-0.213234138994092,-0.212356559335501,-0.213401763895946
1.89333333333333,-0.212258756756729,-0.212942578964813,-0.212066741843129,-0.213110310311783
1.89366666666667,-0.211969726428208,-0.212651916495838,-0.211777814516904,-0.212819753823708
1.894,-0.211681582731295,-0.212362148096221,-0.211489773902017,-0.212530090945013
1.89433333333333,-0.211394322232057,-0.212073270292445,-0.211202616560885,-0.212241318206408
1.89466666666667,-0.211107941513626,-0.211785279628316,-0.210916339073023,-0.211953432155876
1.895,-0.210822437176122,-0.211498172664874,-0.210630938034956,-0.211666429358598
1.89533333333333,-0.210537805836537,-0.211211945980265,-0.210346410060113,-0.211380306396837
1.89566666666667,-0.21025404412864,-0.210926596169673,-0.210062751778732,-0.211095059869834
1.896,-0.209971148702873,-0.210642119845178,-0.209779959837752,-0.210810686393727
1.89633333333333,-0.209689116226268,-0.210358513635704,-0.20949803090072,-0.210527182601423
1.89666666666667,-0.209407943382321,-0.210075774186873,-0.209216961647696,-0.210244545142517
1.897,-0.209127626870926,-0.209793898160937,-0.208936748775152,-0.209962770683196
1.89733333333333,-0.208848163408249,-0.209512882236661,-0.208657388995865,-0.209681855906127
1.89766666666667,-0.208569549726663,-0.209232723109245,-0.208378879038841,-0.209401797510368
1.898,-0.208291782574628,-0.208953417490206,-0.208101215649201,-0.209122592211271
1.89833333333333,-0.208014858716603,-0.208674962107295,-0.207824395588103,-0.208844236740388
1.89866666666667,-0.207738774932962,-0.208397353704402,-0.207548415632633,-0.208566727845373
1.899,-0.207463528019883,-0.208120589041448,-0.20727327257572,-0.208290062289879
1.89933333333333,-0.207189114789269,-0.207844664894307,-0.206998963226033,-0.208014236853484
1.89966666666667,-0.20691553206866,-0.207569578054706,-0.206725484407909,-0.207739248331576
1.9,-0.206642776701122,-0.207295325330126,-0.206452832961241,-0.20746509353528
1.90033333333333,-0.206370845545172,-0.207021903543714,-0.206181005741389,-0.20719176929135
1.90066666666667,-0.206099735474683,-0.206749309534198,-0.205909999619113,-0.206919272442085
1.901,-0.205829443378804,-0.206477540155786,-0.205639811480447,-0.206647599845236
1.90133333333333,-0.20555996616185,-0.206206592278081,-0.205370438226641,-0.206376748373924
1.90166666666667,-0.205291300743232,-0.205936462785986,-0.20510187677405,-0.206106714916529
1.902,-0.205023444057363,-0.205667148579625,-0.204834124054063,-0.205837496376629
1.90233333333333,-0.204756393053568,-0.205398646574241,-0.204567177013009,-0.205569089672893
1.90266666666667,-0.204490144696007,-0.205130953700116,-0.20430103261206,-0.205301491738994
1.903,-0.204224695963575,-0.204864066902484,-0.204035687827169,-0.205034699523533
1.90333333333333,-0.203960043849829,-0.204597983141443,-0.203771139648959,-0.204768709989943
1.90366666666667,-0.203696185362898,-0.204332699391867,-0.20350738508265,-0.2045035201164
1.904,-0.203433117525399,-0.204068212643319,-0.203244421147979,-0.204239126895747
1.90433333333333,-0.203170837374352,-0.203804519899972,-0.202982244879109,-0.20397552733541
1.90466666666667,-0.202909341961102,-0.203541618180518,-0.202720853324544,-0.203712718457297
1.905,-0.202648628351232,-0.203279504518089,-0.202460243547049,-0.203450697297742
1.90533333333333,-0.20238869362447,-0.203018175960167,-0.202200412623577,-0.203189460907386
1.90566666666667,-0.20212953487464,-0.20275762956851,-0.201941357645167,-0.202929006351134
1.906,-0.201871149209548,-0.202497862419066,-0.201683075716884,-0.202669330708035
1.90633333333333,-0.201613533750918,-0.202238871601885,-0.201425563957721,-0.202410431071234
1.90666666666667,-0.201356685634302,-0.201980654221051,-0.201168819500536,-0.20215230454787
1.907,-0.201100602009018,-0.201723207394583,-0.200912839491962,-0.201894948259
1.90733333333333,-0.200845280038055,-0.20146652825438,-0.200657621092321,-0.20163835933952
1.90766666666667,-0.200590716897995,-0.201210613946113,-0.200403161475564,-0.201382534938088
1.908,-0.200336909778947,-0.200955461629174,-0.200149457829179,-0.201127472217044
1.90833333333333,-0.200083855884469,-0.200701068476565,-0.199896507354118,-0.200873168352333
1.90866666666667,-0.199831552431467,-0.200447431674859,-0.199644307264725,-0.200619620533423
1.909,-0.199579996650157,-0.200194548424085,-0.199392854788647,-0.200366825963225
1.90933333333333,-0.199329185783961,-0.199942415937687,-0.19914214716677,-0.20011478185803
1.90966666666667,-0.19907911708944,-0.199691031442408,-0.198892181653145,-0.199863485447424
1.91,-0.198829787836222,-0.19944039217825,-0.1986429555149,-0.199612933974206
1.91033333333333,-0.198581195306927,-0.199190495398377,-0.198394466032175,-0.199363124694325
1.91066666666667,-0.19833333679709,-0.198941338369049,-0.19814671049805,-0.199114054876796
1.911,-0.198086209615093,-0.198692918369543,-0.197899686218467,-0.198865721803636
1.91133333333333,-0.197839811082084,-0.198445232692083,-0.197653390512161,-0.198618122769774
1.91166666666667,-0.197594138531914,-0.198198278641765,-0.197407820710574,-0.198371255082994
1.912,-0.197349189311065,-0.197952053536484,-0.19716297415781,-0.198125116063859
1.91233333333333,-0.197104960778569,-0.197706554706862,-0.19691884821054,-0.19787970304563
1.91266666666667,-0.196861450305942,-0.197461779496174,-0.196675440237933,-0.197635013374198
1.913,-0.196618655277122,-0.19721772526028,-0.196432747621607,-0.197391044408021
1.91333333333333,-0.196376573088392,-0.196974389367549,-0.196190767755528,-0.197147793518042
1.91366666666667,-0.196135201148305,-0.196731769198795,-0.195949498045964,-0.19690525808763
1.914,-0.195894536877625,-0.196489862147199,-0.195708935911405,-0.196663435512492
1.91433333333333,-0.195654577709248,-0.196248665618251,-0.195469078782496,-0.196422323200627
1.91466666666667,-0.195415321088147,-0.196008177029668,-0.195229924101975,-0.196181918572237
1.915,-0.195176764471301,-0.195768393811327,-0.194991469324593,-0.195942219059667
1.91533333333333,-0.194938905327616,-0.195529313405214,-0.194753711917064,-0.195703222107342
1.91566666666667,-0.194701741137869,-0.195290933265327,-0.194516649357969,-0.19546492517169
1.916,-0.194465269394642,-0.195053250857634,-0.194280279137729,-0.195227325721078
1.91633333333333,-0.194229487602256,-0.194816263659997,-0.19404459875851,-0.194990421235747
1.91666666666667,-0.193994393276689,-0.194579969162096,-0.193809605734163,-0.194754209207746
1.917,-0.193759983945548,-0.194344364865385,-0.193575297590167,-0.19451868714086
1.91733333333333,-0.193526257147966,-0.194109448283001,-0.193341671863552,-0.194283852550555
1.91766666666667,-0.193293210434556,-0.193875216939721,-0.193108726102851,-0.194049702963899
1.918,-0.193060841367343,-0.193641668371877,-0.192876457868019,-0.193816235919517
1.91833333333333,-0.192829147519707,-0.193408800127312,-0.192644864730382,-0.193583448967502
1.91866666666667,-0.19259812647632,-0.193176609765297,-0.192413944272562,-0.193351339669375
1.919,-0.192367775833065,-0.192945094856487,-0.192183694088434,-0.19311990559801
1.91933333333333,-0.192138093196997,-0.192714252982832,-0.191954111783042,-0.192889144337564
1.91966666666667,-0.191909076186274,-0.192484081737548,-0.191725194972548,-0.19265905348343
1.92,-0.191680722430088,-0.192254578725021,-0.191496941284169,-0.192429630642167
1.92033333333333,-0.191453029568613,-0.192025741560766,-0.191269348356118,-0.192200873431438
1.92066666666667,-0.19122599525294,-0.191797567871365,-0.191042413837541,-0.191972779479948
1.921,-0.190999617145023,-0.191570055294391,-0.19081613538845,-0.191745346427382
1.92133333333333,-0.190773892917608,-0.191343201478364,-0.190590510679687,-0.191518571924354
1.92166666666667,-0.190548820254186,-0.19111700408268,-0.190365537392831,-0.191292453632335
1.922,-0.190324396848921,-0.190891460777559,-0.190141213220161,-0.1910669892236
1.92233333333333,-0.190100620406601,-0.190666569243977,-0.189917535864596,-0.190842176381162
1.92266666666667,-0.18987748864259,-0.190442327173612,-0.189694503039626,-0.190618012798722
1.923,-0.189654999282736,-0.190218732268788,-0.189472112469265,-0.190394496180608
1.92333333333333,-0.189433150063352,-0.189995782242408,-0.189250361887988,-0.190171624241711
1.92366666666667,-0.189211938731132,-0.189773474817903,-0.189029249040674,-0.189949394707426
1.924,-0.188991363043111,-0.189551807729174,-0.188808771682551,-0.189727805313609
1.92433333333333,-0.188771420766599,-0.189330778720528,-0.188588927579138,-0.189506853806508
1.92466666666667,-0.188552109679125,-0.189110385546632,-0.188369714506185,-0.189286537942702
1.925,-0.188333427568388,-0.188890625972446,-0.188151130249629,-0.189066855489054
1.92533333333333,-0.188115372232196,-0.188671497773173,-0.187933172605524,-0.188847804222656
1.92566666666667,-0.187897941478414,-0.1884529987342,-0.187715839379995,-0.188629381930764
1.926,-0.187681133124908,-0.188235126651053,-0.187499128389191,-0.188411586410751
1.92633333333333,-0.187464944999488,-0.188017879329317,-0.187283037459199,-0.188194415470047
1.92666666666667,-0.187249374939862,-0.187801254584607,-0.187067564426033,-0.187977866926089
1.927,-0.187034420793573,-0.187585250242503,-0.186852707135546,-0.18776193860626
1.92733333333333,-0.186820080417953,-0.187369864138491,-0.186638463443397,-0.187546628347836
1.92766666666667,-0.186606351680061,-0.187155094117926,-0.186424831214986,-0.187331933997945
1.928,-0.186393232456652,-0.186940938035955,-0.186211808325406,-0.1871178534135
1.92833333333333,-0.186180720634092,-0.186727393757486,-0.185999392659396,-0.186904384461144
1.92866666666667,-0.18596881410833,-0.186514459157117,-0.185787582111275,-0.186691525017215
1.929,-0.185757510784844,-0.1863021321191,-0.185576374584908,-0.186479272967666
1.92933333333333,-0.185546808578581,-0.186090410537275,-0.185365767993636,-0.186267626208048
1.92966666666667,-0.185336705413916,-0.18587929231503,-0.185155760260246,-0.186056582643427
1.93,-0.185127199224585,-0.185668775365235,-0.184946349316896,-0.185846140188348
1.93033333333333,-0.184918287953658,-0.185458857610212,-0.184737533105088,-0.185636296766785
1.93066666666667,-0.184709969553468,-0.185249536981663,-0.184529309575599,-0.185427050312077
1.931,-0.184502241985582,-0.185040811420633,-0.184321676688445,-0.185218398766903
1.93133333333333,-0.184295103220719,-0.184832678877452,-0.184114632412824,-0.185010340083203
1.93166666666667,-0.184088551238746,-0.184625137311693,-0.183908174727068,-0.18480287222215
1.932,-0.183882584028588,-0.184418184692114,-0.1837023016186,-0.184595993154089
1.93233333333333,-0.183677199588202,-0.184211818996617,-0.18349701108387,-0.184389700858485
1.93266666666667,-0.183472395924526,-0.184006038212194,-0.183292301128328,-0.184183993323889
1.933,-0.183268171053422,-0.183800840334876,-0.183088169766362,-0.183978868547883
1.93333333333333,-0.183064522999642,-0.18359622336969,-0.182884615021245,-0.183774324537024
1.93366666666667,-0.182861449796771,-0.183392185330616,-0.182681634925111,-0.183570359306798
1.934,-0.182658949487181,-0.183188724240522,-0.182479227518887,-0.183366970881588
1.93433333333333,-0.182457020121987,-0.182985838131136,-0.182277390852246,-0.183164157294609
1.93466666666667,-0.182255659761005,-0.182783525042982,-0.182076122983575,-0.182961916587863
1.935,-0.182054866472688,-0.182581783025351,-0.18187542197992,-0.182760246812102
1.93533333333333,-0.18185463833411,-0.182380610136235,-0.181675285916938,-0.182559146026777
1.93566666666667,-0.181654973430889,-0.182180004442298,-0.181475712878858,-0.182358612299987
1.936,-0.181455869857166,-0.181979964018821,-0.181276700958424,-0.18215864370844
1.93633333333333,-0.18125732571554,-0.181780486949654,-0.181078248256867,-0.181959238337399
1.93666666666667,-0.181059339117044,-0.181581571327181,-0.18088035288385,-0.181760394280653
1.937,-0.180861908181086,-0.181383215252267,-0.180683012957424,-0.18156210964045
1.93733333333333,-0.180665031035404,-0.181185416834208,-0.180486226603977,-0.181364382527472
1.93766666666667,-0.180468705816035,-0.180988174190704,-0.180289991958211,-0.181167211060781
1.938,-0.180272930667262,-0.180791485447797,-0.180094307163074,-0.180970593367771
1.93833333333333,-0.18007770374157,-0.180595348739837,-0.179899170369732,-0.180774527584132
1.93866666666667,-0.179883023199601,-0.180399762209437,-0.179704579737519,-0.180579011853808
1.939,-0.179688887210127,-0.180204724007421,-0.179510533433901,-0.180384044328943
1.93933333333333,-0.179495293949984,-0.180010232292797,-0.179317029634429,-0.180189623169847
1.93966666666667,-0.179302241604048,-0.179816285232697,-0.179124066522687,-0.179995746544951
1.94,-0.179109728365188,-0.179622881002346,-0.178931642290271,-0.179802412630763
1.94033333333333,-0.178917752434218,-0.179430017785018,-0.17873975513673,-0.179609619611825
1.94066666666667,-0.178726312019863,-0.179237693771988,-0.178548403269529,-0.179417365680676
1.941,-0.178535405338714,-0.179045907162498,-0.178357584904016,-0.179225649037808
1.94133333333333,-0.17834503061519,-0.178854656163708,-0.178167298263365,-0.179034467891611
1.94166666666667,-0.178155186081496,-0.178663938990655,-0.177977541578546,-0.178843820458366
1.942,-0.177965869977577,-0.178473753866224,-0.177788313088289,-0.178653704962159
1.94233333333333,-0.177777080551091,-0.178284099021089,-0.177599611039027,-0.17846411963488
1.94266666666667,-0.177588816057351,-0.178094972693691,-0.177411433684873,-0.178275062716158
1.943,-0.177401074759302,-0.177906373130177,-0.177223779287573,-0.178086532453328
1.94333333333333,-0.177213854927473,-0.17771829858438,-0.17703664611646,-0.177898527101397
1.94366666666667,-0.177027154839937,-0.177530747317762,-0.176850032448428,-0.17771104492299
1.944,-0.176840972782275,-0.177343717599394,-0.176663936567887,-0.177524084188331
1.94433333333333,-0.17665530704754,-0.177157207705894,-0.176478356766714,-0.177337643175181
1.94466666666667,-0.176470155936206,-0.176971215921406,-0.176293291344233,-0.177151720168816
1.945,-0.176285517756152,-0.176785740537549,-0.176108738607163,-0.176966313461979
1.94533333333333,-0.176101390822596,-0.176600779853389,-0.175924696869587,-0.176781421354848
1.94566666666667,-0.17591777345808,-0.17641633217539,-0.1757411644529,-0.176597042154986
1.946,-0.175734663992422,-0.176232395817385,-0.175558139685806,-0.176413174177326
1.94633333333333,-0.175552060762677,-0.176048969100531,-0.175375620904228,-0.176229815744096
1.94666666666667,-0.175369962113111,-0.175866050353278,-0.175193606451322,-0.176046965184833
1.947,-0.175188366395152,-0.175683637911319,-0.175012094677405,-0.175864620836282
1.94733333333333,-0.175007271967352,-0.175501730117572,-0.174831083939935,-0.175682781042422
1.94766666666667,-0.174826677195367,-0.175320325322128,-0.174650572603477,-0.175501444154382
1.948,-0.174646580451899,-0.175139421882214,-0.174470559039645,-0.175320608530429
1.94833333333333,-0.174466980116676,-0.174959018162164,-0.174291041627089,-0.175140272535927
1.94866666666667,-0.174287874576415,-0.174779112533388,-0.174112018751453,-0.174960434543287
1.949,-0.174109262224769,-0.174599703374313,-0.173933488805335,-0.174781092931958
1.94933333333333,-0.173931141462322,-0.174420789070371,-0.173755450188248,-0.174602246088362
1.94966666666667,-0.173753510696522,-0.174242368013949,-0.1735779013066,-0.174423892405875
1.95,-0.173576368341665,-0.174064438604359,-0.173400840573642,-0.174246030284791
1.95033333333333,-0.173399712818857,-0.173886999247806,-0.173224266409445,-0.174068658132285
1.95066666666667,-0.173223542555981,-0.173710048357343,-0.173048177240854,-0.173891774362369
1.951,-0.173047855987649,-0.173533584352838,-0.172872571501464,-0.173715377395874
1.95133333333333,-0.172872651555193,-0.173357605660959,-0.172697447631585,-0.1735394656604
1.95166666666667,-0.172697927706602,-0.173182110715106,-0.172522804078199,-0.173364037590289
1.952,-0.172523682896511,-0.173007097955403,-0.172348639294937,-0.173189091626595
1.95233333333333,-0.172349915586161,-0.172832565828653,-0.172174951742037,-0.173014626217036
1.95266666666667,-0.172176624243352,-0.172658512788316,-0.17200173988631,-0.172840639815976
1.953,-0.172003807342438,-0.172484937294445,-0.171829002201127,-0.172667130884382
1.95333333333333,-0.171831463364261,-0.172311837813691,-0.171656737166348,-0.172494097889793
1.95366666666667,-0.171659590796147,-0.172139212819242,-0.171484943268324,-0.172321539306281
1.954,-0.171488188131856,-0.17196706079081,-0.171313618999848,-0.172149453614438
1.95433333333333,-0.171317253871552,-0.171795380214576,-0.171142762860125,-0.171977839301314
1.95466666666667,-0.171146786521782,-0.171624169583181,-0.17097237335474,-0.171806694860401
1.955,-0.170976784595423,-0.17145342739567,-0.170802448995631,-0.171636018791613
1.95533333333333,-0.170807246611675,-0.171283152157483,-0.170632988301041,-0.171465809601221
1.95566666666667,-0.170638171096007,-0.171113342380401,-0.17046398979551,-0.171296065801854
1.956,-0.170469556580139,-0.17094399658253,-0.170295452009825,-0.171126785912442
1.95633333333333,-0.170301401602012,-0.170775113288269,-0.170127373481,-0.170957968458203
1.95666666666667,-0.170133704705749,-0.170606691028263,-0.169959752752225,-0.170789611970596
1.957,-0.169966464441617,-0.170438728339385,-0.169792588372868,-0.170621714987308
1.95733333333333,-0.169799679366024,-0.170271223764706,-0.169625878898416,-0.170454276052199
1.95766666666667,-0.169633348041454,-0.170104175853455,-0.169459622890457,-0.170287293715294
1.958,-0.169467469036471,-0.169937583160995,-0.169293818916644,-0.17012076653274
1.95833333333333,-0.169302040925655,-0.169771444248791,-0.169128465550671,-0.169954693066773
1.95866666666667,-0.169137062289598,-0.169605757684376,-0.168963561372236,-0.169789071885702
1.959,-0.168972531714857,-0.169440522041327,-0.168799104967015,-0.169623901563858
1.95933333333333,-0.16880844779394,-0.169275735899225,-0.168635094926641,-0.169459180681587
1.95966666666667,-0.168644809125267,-0.169111397843645,-0.168471529848651,-0.169294907825197
1.96,-0.168481614313131,-0.168947506466094,-0.168308408336478,-0.169131081586945
1.96033333333333,-0.168318861967691,-0.168784060364022,-0.168145728999412,-0.168967700565007
1.96066666666667,-0.168156550704929,-0.168621058140745,-0.167983490452585,-0.168804763363431
1.961,-0.167994679146625,-0.168458498405468,-0.167821691316916,-0.168642268592138
1.96133333333333,-0.167833245920325,-0.168296379773212,-0.1676603302191,-0.168480214866858
1.96166666666667,-0.167672249659308,-0.168134700864811,-0.167499405791586,-0.168318600809136
1.962,-0.167511689002584,-0.167973460306866,-0.167338916672528,-0.168157425046266
1.96233333333333,-0.167351562594826,-0.167812656731734,-0.16717886150577,-0.167996686211301
1.96266666666667,-0.167191869086371,-0.167652288777492,-0.167019238940825,-0.167836382942997
1.963,-0.167032607133183,-0.167492355087902,-0.166860047632832,-0.167676513885799
1.96333333333333,-0.16687377539683,-0.167332854312389,-0.16670128624253,-0.167517077689801
1.96366666666667,-0.166715372544441,-0.167173785106015,-0.16654295343624,-0.167358073010731
1.964,-0.166557397248696,-0.167015146129453,-0.166385047885831,-0.167199498509916
1.96433333333333,-0.166399848187799,-0.166856936048947,-0.166227568268698,-0.167041352854256
1.96466666666667,-0.166242724045437,-0.166699153536298,-0.166070513267722,-0.1668836347162
1.965,-0.166086023510764,-0.166541797268834,-0.165913881571262,-0.166726342773709
1.96533333333333,-0.165929745278364,-0.166384865929376,-0.165757671873112,-0.166569475710238
1.96566666666667,-0.165773888048242,-0.166228358206221,-0.165601882872486,-0.166413032214714
1.966,-0.165618450525784,-0.1660722727931,-0.16544651327398,-0.166257010981486
1.96633333333333,-0.165463431421727,-0.165916608389175,-0.165291561787558,-0.166101410710331
1.96666666666667,-0.165308829452147,-0.165761363698988,-0.165137027128513,-0.165946230106397
1.967,-0.165154643338428,-0.165606537432456,-0.164982908017455,-0.165791467880201
1.96733333333333,-0.16500087180722,-0.165452128304824,-0.164829203180274,-0.165637122747587
1.96766666666667,-0.164847513590444,-0.165298135036652,-0.164675911348117,-0.165483193429705
1.968,-0.164694567425237,-0.165144556353793,-0.164523031257372,-0.165329678652989
1.96833333333333,-0.164542032053947,-0.164991390987351,-0.164370561649619,-0.165176577149124
1.96866666666667,-0.1643899062241,-0.164838637673677,-0.164218501271637,-0.165023887655028
1.969,-0.164238188688365,-0.164686295154315,-0.164066848875346,-0.164871608912819
1.96933333333333,-0.164086878204554,-0.164534362176014,-0.163915603217812,-0.164719739669797
1.96966666666667,-0.163935973535569,-0.164382837490663,-0.163764763061203,-0.164568278678414
1.97,-0.163785473449399,-0.1642317198553,-0.163614327172761,-0.164417224696251
1.97033333333333,-0.163635376719081,-0.164081008032063,-0.163464294324793,-0.164266576485992
1.97066666666667,-0.163485682122691,-0.163930700788182,-0.163314663294644,-0.1641163328154
1.971,-0.163336388443294,-0.163780796895934,-0.163165432864659,-0.163966492457295
1.97133333333333,-0.163187494468952,-0.163631295132655,-0.163016601822173,-0.163817054189525
1.97166666666667,-0.163038998992681,-0.163482194280669,-0.16286816895948,-0.163668016794945
1.972,-0.162890900812422,-0.163333493127299,-0.162720133073813,-0.16351937906139
1.97233333333333,-0.162743198731033,-0.163185190464829,-0.162572492967314,-0.163371139781654
1.97266666666667,-0.162595891556261,-0.163037285090479,-0.162425247447017,-0.163223297753465
1.973,-0.162448978100704,-0.162889775806394,-0.162278395324824,-0.163075851779461
1.97333333333333,-0.162302457181809,-0.162742661419601,-0.162131935417479,-0.162928800667168
1.97366666666667,-0.162156327621839,-0.162595940742,-0.161985866546542,-0.162782143228976
1.974,-0.162010588247845,-0.162449612590333,-0.161840187538375,-0.162635878282103
1.97433333333333,-0.161865237891656,-0.162303675786169,-0.161694897224104,-0.162490004648605
1.97466666666667,-0.161720275389837,-0.162158129155873,-0.161549994439624,-0.162344521155314
1.975,-0.16157569958369,-0.162012971530584,-0.161405478025538,-0.16219942663384
1.97533333333333,-0.16143150931921,-0.161868201746194,-0.161261346827163,-0.162054719920538
1.97566666666667,-0.161287703447074,-0.161723818643334,-0.161117599694502,-0.161910399856495
1.976,-0.161144280822626,-0.161579821067326,-0.160974235482216,-0.161766465287489
1.97633333333333,-0.161001240305826,-0.161436207868196,-0.160831253049596,-0.161622915063989
1.97666666666667,-0.16085858076127,-0.161292977900617,-0.160688651260567,-0.161479748041117
1.977,-0.160716301058127,-0.161150130023916,-0.160546428983637,-0.161336963078633
1.97733333333333,-0.160574400070147,-0.161007663102027,-0.16040458509189,-0.16119455904091
1.97766666666667,-0.160432876675616,-0.160865576003486,-0.160263118462951,-0.161052534796908
1.978,-0.160291729757366,-0.160723867601408,-0.160122027978993,-0.160910889220166
1.97833333333333,-0.160150958202714,-0.160582536773455,-0.159981312526679,-0.160769621188762
1.97866666666667,-0.160010560903475,-0.16044158240182,-0.159840970997175,-0.160628729585311
1.979,-0.159870536755915,-0.160301003373212,-0.159701002286097,-0.160488213296923
1.97933333333333,-0.159730884660753,-0.160160798578823,-0.159561405293519,-0.160348071215202
1.97966666666667,-0.159591603523117,-0.160020966914317,-0.159422178923926,-0.160208302236207
1.98,-0.159452692252549,-0.159881507279802,-0.159283322086215,-0.160068905260443
1.98033333333333,-0.159314149762951,-0.159742418579809,-0.159144833693656,-0.159929879192835
1.98066666666667,-0.159175974972602,-0.159603699723282,-0.159006712663893,-0.159791222942708
1.981,-0.159038166804106,-0.159465349623539,-0.158868957918897,-0.159652935423764
1.98133333333333,-0.158900724184395,-0.159327367198268,-0.158731568384964,-0.15951501555407
1.98166666666667,-0.158763646044687,-0.159189751369494,-0.158594542992693,-0.159377462256021
1.982,-0.158626931320484,-0.159052501063569,-0.15845788067696,-0.159240274456343
1.98233333333333,-0.158490578951547,-0.158915615211144,-0.158321580376899,-0.159103451086045
1.98266666666667,-0.158354587881866,-0.158779092747159,-0.158185641035888,-0.158966991080426
1.983,-0.15821895705966,-0.158642932610799,-0.158050061601523,-0.158830893379038
1.98333333333333,-0.158083685437332,-0.158507133745509,-0.157914841025597,-0.158695156925666
1.98366666666667,-0.157948771971476,-0.158371695098946,-0.157779978264087,-0.158559780668314
1.984,-0.157814215622831,-0.158236615622969,-0.157645472277131,-0.158424763559193
1.98433333333333,-0.157680015356293,-0.158101894273625,-0.157511322029004,-0.158290104554676
1.98466666666667,-0.157546170140855,-0.157967530011123,-0.15737752648811,-0.158155802615316
1.985,-0.157412678949633,-0.157833521799804,-0.157244084626951,-0.158021856705779
1.98533333333333,-0.157279540759811,-0.157699868608148,-0.157110995422114,-0.157888265794877
1.98566666666667,-0.157146754552638,-0.157566569408736,-0.156978257854256,-0.157755028855504
1.986,-0.157014319313412,-0.157433623178226,-0.156845870908067,-0.157622144864648
1.98633333333333,-0.156882234031446,-0.157301028897356,-0.156713833572278,-0.157489612803348
1.98666666666667,-0.156750497700074,-0.157168785550904,-0.156582144839625,-0.157357431656701
1.987,-0.1566191093166,-0.157036892127678,-0.156450803706829,-0.15722560041382
1.98733333333333,-0.156488067882314,-0.156905347620503,-0.156319809174585,-0.157094118067823
1.98766666666667,-0.156357372402446,-0.156774151026184,-0.156189160247544,-0.156962983615822
1.988,-0.156227021886164,-0.156643301345505,-0.156058855934289,-0.156832196058894
1.98833333333333,-0.156097015346547,-0.15651279758321,-0.155928895247319,-0.156701754402072
1.98866666666667,-0.155967351800574,-0.15638263874797,-0.155799277203037,-0.156571657654319
1.989,-0.155838030269107,-0.156252823852389,-0.155670000821718,-0.15644190482851
1.98933333333333,-0.155709049776852,-0.156123351912954,-0.155541065127507,-0.15631249494142
1.98966666666667,-0.155580409352378,-0.155994221950049,-0.155412469148391,-0.156183427013702
1.99,-0.155452108028062,-0.155865432987913,-0.155284211916183,-0.156054700069869
1.99033333333333,-0.155324144840105,-0.155736984054639,-0.15515629246651,-0.155926313138284
1.99066666666667,-0.155196518828487,-0.155608874182139,-0.155028709838785,-0.15579826525112
1.991,-0.155069229036963,-0.155481102406147,-0.154901463076204,-0.155670555444376
1.99133333333333,-0.154942274513047,-0.155353667766186,-0.15477455122571,-0.155543182757823
1.99166666666667,-0.154815654307986,-0.155226569305561,-0.154647973337995,-0.155416146235025
1.992,-0.154689367476755,-0.155099806071329,-0.154521728467471,-0.155289444923286
1.99233333333333,-0.154563413078029,-0.154973377114289,-0.154395815672256,-0.155163077873655
1.99266666666667,-0.154437790174174,-0.154847281488972,-0.154270234014161,-0.155037044140898
1.993,-0.15431249783122,-0.154721518253612,-0.154144982558658,-0.15491134278349
1.99333333333333,-0.154187535118853,-0.15459608647013,-0.154020060374887,-0.154785972863596
1.99366666666667,-0.154062901110404,-0.154470985204134,-0.153895466535625,-0.154660933447041
1.994,-0.153938594882815,-0.154346213524874,-0.153771200117262,-0.154536223603314
1.99433333333333,-0.153814615516635,-0.154221770505254,-0.153647260199803,-0.154411842405541
1.99466666666667,-0.153690962096005,-0.154097655221792,-0.153523645866844,-0.154287788930459
1.995,-0.153567633708634,-0.153973866754616,-0.153400356205544,-0.154164062258416
1.99533333333333,-0.153444629445782,-0.153850404187451,-0.153277390306626,-0.15404066147335
1.99566666666667,-0.153321948402258,-0.15372726660759,-0.153154747264359,-0.153917585662771
1.996,-0.153199589676387,-0.153604453105889,-0.153032426176522,-0.153794833917732
1.99633333333333,-0.153077552370004,-0.153481962776747,-0.152910426144414,-0.153672405332844
1.99666666666667,-0.152955835588434,-0.15335979471808,-0.152788746272827,-0.153550299006228
1.997,-0.152834438440479,-0.153237948031325,-0.152667385670029,-0.153428514039514
1.99733333333333,-0.152713360038397,-0.153116421821416,-0.15254634344774,-0.153307049537827
1.99766666666667,-0.152592599497899,-0.152995215196752,-0.152425618721142,-0.153185904609767
1.998,-0.152472155938115,-0.152874327269208,-0.152305210608827,-0.153065078367387
1.99833333333333,-0.152352028481596,-0.152753757154098,-0.152185118232826,-0.152944569926197
1.99866666666667,-0.152232216254286,-0.152633503970178,-0.152065340718552,-0.152824378405126
1.999,-0.152112718385516,-0.15251356683961,-0.151945877194808,-0.152704502926519
1.99933333333333,-0.151993534007979,-0.15239394488796,-0.151826726793763,-0.152584942616119
1.99966666666667,-0.151874662257727,-0.152274637244185,-0.151707888650945,-0.152465696603051
2,-0.151756102274143,-0.152155643040603,-0.151589361905213,-0.152346764019808
