"Freq [GHz]","dB(S(1,1)) []"
1.4,-0.674169415330193
1.40015,-0.675277007371165
1.4003,-0.676387276178876
1.40045,-0.677500230244534
1.4006,-0.678615878092466
1.40075,-0.679734228280301
1.4009,-0.680855289399096
1.40105,-0.681979070073534
1.4012,-0.683105578962029
1.40135,-0.684234824756935
1.4015,-0.685366816184681
1.40165,-0.686501562005924
1.4018,-0.687639071015736
1.40195,-0.688779352043744
1.4021,-0.689922413954307
1.40225,-0.691068265646669
1.4024,-0.692216916055142
1.40255,-0.693368374149246
1.4027,-0.694522648933902
1.40285,-0.695679749449582
1.403,-0.696839684772491
1.40315,-0.698002464014726
1.4033,-0.699168096324452
1.40345,-0.70033659088608
1.4036,-0.70150795692042
1.40375,-0.702682203684881
1.4039,-0.703859340473626
1.40405,-0.705039376617756
1.4042,-0.706222321485483
1.40435,-0.707408184482311
1.4045,-0.708596975051215
1.40465,-0.709788702672813
1.4048,-0.710983376865562
1.40495,-0.712181007185921
1.4051,-0.713381603228549
1.40525,-0.714585174626479
1.4054,-0.715791731051306
1.40555,-0.717001282213383
1.4057,-0.718213837861986
1.40585,-0.719429407785515
1.406,-0.72064800181169
1.40615,-0.721869629807729
1.4063,-0.723094301680541
1.40645,-0.724322027376927
1.4066,-0.725552816883756
1.40675,-0.726786680228188
1.4069,-0.72802362747783
1.40705,-0.729263668740968
1.4072,-0.730506814166757
1.40735,-0.7317530739454
1.4075,-0.733002458308364
1.40765,-0.734254977528591
1.4078,-0.735510641920678
1.40795,-0.736769461841095
1.4081,-0.738031447688386
1.40825,-0.739296609903371
1.4084,-0.740564958969367
1.40855,-0.741836505412374
1.4087,-0.743111259801305
1.40885,-0.744389232748178
1.409,-0.745670434908352
1.40915,-0.746954876980712
1.4093,-0.748242569707907
1.40945,-0.749533523876546
1.4096,-0.750827750317441
1.40975,-0.752125259905785
1.4099,-0.753426063561418
1.41005,-0.754730172249007
1.4102,-0.756037596978296
1.41035,-0.757348348804308
1.4105,-0.758662438827593
1.41065,-0.759979878194428
1.4108,-0.761300678097061
1.41095,-0.762624849773942
1.4111,-0.763952404509931
1.41125,-0.765283353636557
1.4114,-0.766617708532226
1.41155,-0.767955480622478
1.4117,-0.769296681380195
1.41185,-0.770641322325864
1.412,-0.771989415027802
1.41215,-0.773340971102387
1.4123,-0.774696002214319
1.41245,-0.776054520076849
1.4126,-0.777416536452022
1.41275,-0.778782063150927
1.4129,-0.780151112033938
1.41305,-0.781523695010964
1.4132,-0.782899824041712
1.41335,-0.78427951113591
1.4135,-0.785662768353583
1.41365,-0.787049607805291
1.4138,-0.788440041652405
1.41395,-0.789834082107337
1.4141,-0.791231741433812
1.41425,-0.792633031947145
1.4144,-0.794037966014464
1.41455,-0.795446556055005
1.4147,-0.796858814540364
1.41485,-0.798274753994764
1.415,-0.799694386995327
1.41515,-0.801117726172332
1.4153,-0.8025447842095
1.41545,-0.80397557384426
1.4156,-0.805410107868022
1.41575,-0.806848399126455
1.4159,-0.808290460519764
1.41605,-0.809736305002969
1.4162,-0.811185945586186
1.41635,-0.812639395334904
1.4165,-0.814096667370288
1.41665,-0.815557774869438
1.4168,-0.817022731065698
1.41695,-0.818491549248937
1.4171,-0.819964242765833
1.41725,-0.821440825020187
1.4174,-0.822921309473197
1.41755,-0.824405709643762
1.4177,-0.82589403910878
1.41785,-0.827386311503456
1.418,-0.82888254052158
1.41815,-0.830382739915872
1.4183,-0.831886923498238
1.41845,-0.833395105140118
1.4186,-0.834907298772771
1.41875,-0.836423518387609
1.4189,-0.837943778036477
1.41905,-0.839468091832
1.4192,-0.840996473947889
1.41935,-0.842528938619246
1.4195,-0.844065500142915
1.41965,-0.845606172877767
1.4198,-0.847150971245072
1.41995,-0.848699909728769
1.4201,-0.850253002875845
1.42025,-0.851810265296638
1.4204,-0.853371711665186
1.42055,-0.854937356719546
1.4207,-0.856507215262139
1.42085,-0.858081302160099
1.421,-0.859659632345587
1.42115,-0.861242220816179
1.4213,-0.862829082635159
1.42145,-0.864420232931904
1.4216,-0.866015686902225
1.42175,-0.867615459808713
1.4219,-0.869219566981088
1.42205,-0.870828023816591
1.4222,-0.872440845780283
1.42235,-0.874058048405458
1.4225,-0.875679647293991
1.42265,-0.877305658116683
1.4228,-0.878936096613663
1.42295,-0.880570978594728
1.4231,-0.882210319939736
1.42325,-0.883854136598968
1.4234,-0.885502444593512
1.42355,-0.887155260015637
1.4237,-0.888812599029195
1.42385,-0.890474477869963
1.424,-0.892140912846075
1.42415,-0.893811920338377
1.4243,-0.895487516800852
1.42445,-0.897167718760981
1.4246,-0.898852542820156
1.42475,-0.900542005654078
1.4249,-0.902236124013168
1.42505,-0.903934914722952
1.4252,-0.905638394684475
1.42535,-0.907346580874717
1.4255,-0.909059490347002
1.42565,-0.910777140231406
1.4258,-0.912499547735188
1.42595,-0.914226730143198
1.4261,-0.915958704818298
1.42625,-0.917695489201805
1.4264,-0.919437100813897
1.42655,-0.921183557254057
1.4267,-0.922934876201504
1.42685,-0.924691075415633
1.427,-0.926452172736438
1.42715,-0.928218186084985
1.4273,-0.92998913346383
1.42745,-0.931765032957471
1.4276,-0.933545902732808
1.42775,-0.935331761039589
1.4279,-0.937122626210879
1.42805,-0.938918516663499
1.4282,-0.940719450898506
1.42835,-0.942525447501652
1.4285,-0.944336525143852
1.42865,-0.946152702581653
1.4288,-0.94797399865772
1.42895,-0.949800432301303
1.4291,-0.951632022528726
1.42925,-0.953468788443851
1.4294,-0.955310749238601
1.42955,-0.957157924193421
1.4297,-0.95901033267778
1.42985,-0.960867994150672
1.43,-0.96273092816111
1.43015,-0.964599154348641
1.4303,-0.966472692443831
1.43045,-0.968351562268805
1.4306,-0.970235783737734
1.43075,-0.97212537685737
1.4309,-0.974020361727548
1.43105,-0.975920758541733
1.4312,-0.977826587587529
1.43135,-0.979737869247217
1.4315,-0.981654623998289
1.43165,-0.983576872413987
1.4318,-0.985504635163834
1.43195,-0.987437933014205
1.4321,-0.989376786828843
1.43225,-0.991321217569436
1.4324,-0.993271246296158
1.43255,-0.995226894168241
1.4327,-0.997188182444526
1.43285,-0.999155132484047
1.433,-1.00112776574659
1.43315,-1.00310610379325
1.4333,-1.00509016828707
1.43345,-1.00707998099354
1.4336,-1.00907556378126
1.43375,-1.01107693862249
1.4339,-1.01308412759374
1.43405,-1.01509715287641
1.4342,-1.01711603675732
1.43435,-1.01914080162941
1.4345,-1.02117146999228
1.43465,-1.02320806445281
1.4348,-1.02525060772583
1.43495,-1.02729912263468
1.4351,-1.0293536321119
1.43525,-1.03141415919981
1.4354,-1.03348072705116
1.43555,-1.0355533589298
1.4357,-1.03763207821127
1.43585,-1.03971690838351
1.436,-1.04180787304748
1.43615,-1.04390499591782
1.4363,-1.04600830082351
1.43645,-1.04811781170856
1.4366,-1.05023355263265
1.43675,-1.05235554777183
1.4369,-1.05448382141922
1.43705,-1.05661839798562
1.4372,-1.0587593020003
1.43735,-1.06090655811161
1.4375,-1.06306019108776
1.43765,-1.06522022581744
1.4378,-1.06738668731061
1.43795,-1.06955960069915
1.4381,-1.07173899123763
1.43825,-1.07392488430401
1.4384,-1.07611730540036
1.43855,-1.07831628015363
1.4387,-1.08052183431636
1.43885,-1.08273399376744
1.439,-1.08495278451286
1.43915,-1.08717823268645
1.4393,-1.08941036455067
1.43945,-1.09164920649735
1.4396,-1.09389478504849
1.43975,-1.096147126857
1.4399,-1.09840625870752
1.44005,-1.10067220751719
1.4402,-1.10294500033644
1.44035,-1.10522466434981
1.4405,-1.10751122687674
1.44065,-1.10980471537238
1.4408,-1.1121051574284
1.44095,-1.11441258077385
1.4411,-1.11672701327594
1.44125,-1.11904848294092
1.4414,-1.12137701791487
1.44155,-1.12371264648459
1.4417,-1.12605539707844
1.44185,-1.12840529826718
1.442,-1.13076237876487
1.44215,-1.13312666742971
1.4423,-1.13549819326494
1.44245,-1.13787698541968
1.4426,-1.14026307318988
1.44275,-1.14265648601919
1.4429,-1.14505725349985
1.44305,-1.14746540537361
1.4432,-1.14988097153264
1.44335,-1.15230398202048
1.4435,-1.15473446703294
1.44365,-1.15717245691902
1.4438,-1.1596179821819
1.44395,-1.16207107347986
1.4441,-1.16453176162724
1.44425,-1.16700007759541
1.4444,-1.16947605251373
1.44455,-1.17195971767053
1.4447,-1.17445110451412
1.44485,-1.17695024465371
1.445,-1.17945716986051
1.44515,-1.18197191206867
1.4453,-1.18449450337629
1.44545,-1.18702497604649
1.4456,-1.18956336250838
1.44575,-1.19210969535814
1.4459,-1.19466400736004
1.44605,-1.1972263314475
1.4462,-1.19979670072418
1.44635,-1.20237514846496
1.4465,-1.20496170811713
1.44665,-1.20755641330137
1.4468,-1.21015929781291
1.44695,-1.21277039562261
1.4471,-1.21538974087803
1.44725,-1.21801736790461
1.4474,-1.22065331120675
1.44755,-1.22329760546897
1.4477,-1.22595028555701
1.44785,-1.228611386519
1.448,-1.23128094358666
1.44815,-1.2339589921764
1.4483,-1.23664556789053
1.44845,-1.23934070651843
1.4486,-1.24204444403778
1.44875,-1.24475681661568
1.4489,-1.24747786060998
1.44905,-1.25020761257038
1.4492,-1.25294610923974
1.44935,-1.2556933875553
1.4495,-1.25844948464989
1.44965,-1.26121443785325
1.4498,-1.26398828469324
1.44995,-1.26677106289716
1.4501,-1.26956281039301
1.45025,-1.27236356531081
1.4504,-1.27517336598385
1.45055,-1.2779922509501
1.4507,-1.28082025895344
1.45085,-1.28365742894506
1.451,-1.28650380008479
1.45115,-1.28935941174243
1.4513,-1.29222430349916
1.45145,-1.29509851514889
1.4516,-1.29798208669966
1.45175,-1.30087505837502
1.4519,-1.30377747061547
1.45205,-1.30668936407986
1.4522,-1.30961077964682
1.45235,-1.31254175841623
1.4525,-1.31548234171062
1.45265,-1.3184325710767
1.4528,-1.32139248828679
1.45295,-1.32436213534031
1.4531,-1.32734155446533
1.45325,-1.33033078812001
1.4534,-1.33332987899416
1.45355,-1.33633887001078
1.4537,-1.33935780432761
1.45385,-1.34238672533865
1.454,-1.34542567667579
1.45415,-1.34847470221033
1.4543,-1.35153384605464
1.45445,-1.35460315256371
1.4546,-1.35768266633681
1.45475,-1.36077243221913
1.4549,-1.36387249530336
1.45505,-1.36698290093146
1.4552,-1.37010369469623
1.45535,-1.37323492244306
1.4555,-1.37637663027159
1.45565,-1.37952886453745
1.4558,-1.38269167185398
1.45595,-1.38586509909396
1.4561,-1.3890491933914
1.45625,-1.39224400214323
1.4564,-1.39544957301119
1.45655,-1.39866595392353
1.4567,-1.40189319307688
1.45685,-1.40513133893804
1.457,-1.40838044024586
1.45715,-1.41164054601306
1.4573,-1.41491170552811
1.45745,-1.41819396835711
1.4576,-1.42148738434571
1.45775,-1.42479200362102
1.4579,-1.4281078765935
1.45805,-1.43143505395898
1.4582,-1.43477358670054
1.45835,-1.43812352609058
1.4585,-1.44148492369271
1.45865,-1.44485783136387
1.4588,-1.44824230125625
1.45895,-1.45163838581942
1.4591,-1.45504613780234
1.45925,-1.45846561025546
1.4594,-1.4618968565328
1.45955,-1.46533993029407
1.4597,-1.46879488550679
1.45985,-1.47226177644845
1.46,-1.47574065770864
1.46015,-1.47923158419129
1.4603,-1.4827346111168
1.46045,-1.48624979402432
1.4606,-1.48977718877394
1.46075,-1.49331685154895
1.4609,-1.49686883885814
1.46105,-1.50043320753808
1.4612,-1.5040100147554
1.46135,-1.50759931800917
1.4615,-1.51120117513319
1.46165,-1.51481564429842
1.4618,-1.51844278401534
1.46195,-1.52208265313634
1.4621,-1.52573531085817
1.46225,-1.52940081672438
1.4624,-1.53307923062781
1.46255,-1.53677061281306
1.4627,-1.54047502387898
1.46285,-1.54419252478124
1.463,-1.54792317683487
1.46315,-1.55166704171683
1.4633,-1.55542418146861
1.46345,-1.55919465849884
1.4636,-1.56297853558593
1.46375,-1.56677587588077
1.4639,-1.57058674290934
1.46405,-1.57441120057549
1.4642,-1.57824931316365
1.46435,-1.58210114534154
1.4645,-1.58596676216301
1.46465,-1.58984622907083
1.4648,-1.59373961189945
1.46495,-1.59764697687795
1.4651,-1.60156839063283
1.46525,-1.60550392019096
1.4654,-1.60945363298248
1.46555,-1.61341759684373
1.4657,-1.61739588002027
1.46585,-1.62138855116985
1.466,-1.62539567936543
1.46615,-1.62941733409824
1.4663,-1.63345358528087
1.46645,-1.63750450325036
1.4666,-1.64157015877129
1.46675,-1.64565062303903
1.4669,-1.64974596768286
1.46705,-1.65385626476919
1.4672,-1.6579815868048
1.46735,-1.66212200674014
1.4675,-1.66627759797259
1.46765,-1.67044843434979
1.4678,-1.67463459017303
1.46795,-1.67883614020061
1.4681,-1.68305315965122
1.46825,-1.68728572420747
1.4684,-1.69153391001927
1.46855,-1.6957977937074
1.4687,-1.70007745236704
1.46885,-1.70437296357129
1.469,-1.70868440537483
1.46915,-1.7130118563175
1.4693,-1.717355395428
1.46945,-1.72171510222756
1.4696,-1.72609105673369
1.46975,-1.73048333946389
1.4699,-1.73489203143955
1.47005,-1.73931721418963
1.4702,-1.74375896975467
1.47035,-1.74821738069059
1.4705,-1.75269253007263
1.47065,-1.75718450149938
1.4708,-1.76169337909671
1.47095,-1.76621924752183
1.4711,-1.77076219196741
1.47125,-1.77532229816561
1.4714,-1.77989965239228
1.47155,-1.78449434147115
1.4717,-1.78910645277803
1.47185,-1.79373607424507
1.472,-1.79838329436506
1.47215,-1.80304820219581
1.4723,-1.80773088736447
1.47245,-1.81243144007196
1.4726,-1.81714995109748
1.47275,-1.82188651180291
1.4729,-1.82664121413745
1.47305,-1.83141415064214
1.4732,-1.83620541445451
1.47335,-1.84101509931321
1.4735,-1.84584329956276
1.47365,-1.85069011015828
1.4738,-1.85555562667027
1.47395,-1.86043994528948
1.4741,-1.86534316283176
1.47425,-1.87026537674301
1.4744,-1.87520668510413
1.47455,-1.88016718663607
1.4747,-1.88514698070487
1.47485,-1.89014616732678
1.475,-1.89516484717344
1.47515,-1.90020312157701
1.4753,-1.90526109253553
1.47545,-1.91033886271815
1.4756,-1.91543653547053
1.47575,-1.92055421482021
1.4759,-1.92569200548205
1.47605,-1.93085001286381
1.4762,-1.9360283430716
1.47635,-1.94122710291559
1.4765,-1.9464463999156
1.47665,-1.95168634230684
1.4768,-1.95694703904567
1.47695,-1.96222859981544
1.4771,-1.96753113503234
1.47725,-1.97285475585137
1.4774,-1.97819957417226
1.47755,-1.9835657026456
1.4777,-1.98895325467886
1.47785,-1.99436234444262
1.478,-1.99979308687675
1.47815,-2.00524559769667
1.4783,-2.01071999339974
1.47845,-2.01621639127159
1.4786,-2.02173490939264
1.47875,-2.0272756666446
1.4789,-2.03283878271702
1.47905,-2.03842437811397
1.4792,-2.04403257416073
1.47935,-2.04966349301059
1.4795,-2.05531725765165
1.47965,-2.06099399191374
1.4798,-2.06669382047539
1.47995,-2.07241686887086
1.4801,-2.07816326349728
1.48025,-2.08393313162177
1.4804,-2.0897266013887
1.48055,-2.09554380182703
1.4807,-2.10138486285764
1.48085,-2.10724991530087
1.481,-2.11313909088393
1.48115,-2.11905252224862
1.4813,-2.12499034295891
1.48145,-2.13095268750876
1.4816,-2.13693969132987
1.48175,-2.14295149079969
1.4819,-2.14898822324927
1.48205,-2.15505002697142
1.4822,-2.16113704122878
1.48235,-2.16724940626207
1.4825,-2.17338726329839
1.48265,-2.17955075455956
1.4828,-2.18574002327065
1.48295,-2.1919552136684
1.4831,-2.19819647101001
1.48325,-2.20446394158171
1.4834,-2.21075777270766
1.48355,-2.21707811275878
1.4837,-2.22342511116173
1.48385,-2.22979891840799
1.484,-2.23619968606302
1.48415,-2.24262756677549
1.4843,-2.24908271428662
1.48445,-2.25556528343958
1.4846,-2.26207543018909
1.48475,-2.26861331161098
1.4849,-2.2751790859119
1.48505,-2.28177291243918
1.4852,-2.2883949516907
1.48535,-2.29504536532491
1.4855,-2.30172431617096
1.48565,-2.3084319682389
1.4858,-2.31516848673
1.48595,-2.32193403804716
1.4861,-2.32872878980543
1.48625,-2.33555291084268
1.4864,-2.34240657123031
1.48655,-2.34928994228409
1.4867,-2.35620319657516
1.48685,-2.36314650794103
1.487,-2.37012005149684
1.48715,-2.3771240036466
1.4873,-2.38415854209465
1.48745,-2.39122384585714
1.4876,-2.39832009527367
1.48775,-2.40544747201912
1.4879,-2.41260615911549
1.48805,-2.41979634094389
1.4882,-2.42701820325672
1.48835,-2.43427193318986
1.4885,-2.44155771927511
1.48865,-2.44887575145268
1.4888,-2.4562262210838
1.48895,-2.46360932096353
1.4891,-2.47102524533361
1.48925,-2.47847418989555
1.4894,-2.48595635182374
1.48955,-2.4934719297788
1.4897,-2.501021123921
1.48985,-2.50860413592382
1.49,-2.51622116898771
1.49015,-2.52387242785394
1.4903,-2.53155811881862
1.49045,-2.53927844974683
1.4906,-2.54703363008694
1.49075,-2.55482387088507
1.4909,-2.56264938479967
1.49105,-2.5705103861163
1.4912,-2.57840709076253
1.49135,-2.58633971632304
1.4915,-2.59430848205476
1.49165,-2.60231360890237
1.4918,-2.61035531951377
1.49195,-2.61843383825581
1.4921,-2.6265493912302
1.49225,-2.6347022062895
1.4924,-2.64289251305337
1.49255,-2.65112054292497
1.4927,-2.65938652910751
1.49285,-2.66769070662096
1.493,-2.67603331231898
1.49315,-2.68441458490604
1.4933,-2.69283476495466
1.49345,-2.7012940949229
1.4936,-2.709792819172
1.49375,-2.71833118398414
1.4939,-2.72690943758062
1.49405,-2.73552783013993
1.4942,-2.74418661381625
1.49435,-2.752886042758
1.4945,-2.76162637312674
1.49465,-2.77040786311603
1.4948,-2.77923077297083
1.49495,-2.78809536500679
1.4951,-2.79700190362991
1.49525,-2.80595065535645
1.4954,-2.81494188883286
1.49555,-2.8239758748562
1.4957,-2.83305288639453
1.49585,-2.84217319860767
1.496,-2.85133708886813
1.49615,-2.86054483678227
1.4963,-2.86979672421171
1.49645,-2.87909303529496
1.4966,-2.88843405646927
1.49675,-2.89782007649277
1.4969,-2.90725138646674
1.49705,-2.91672827985827
1.4972,-2.92625105252309
1.49735,-2.93582000272861
1.4975,-2.9454354311773
1.49765,-2.95509764103023
1.4978,-2.96480693793097
1.49795,-2.97456363002972
1.4981,-2.98436802800761
1.49825,-2.99422044510141
1.4984,-3.00412119712845
1.49855,-3.01407060251174
1.4987,-3.02406898230554
1.49885,-3.03411666022102
1.499,-3.04421396265237
1.49915,-3.05436121870308
1.4993,-3.06455876021251
1.49945,-3.07480692178293
1.4996,-3.0851060408066
1.49975,-3.09545645749333
1.4999,-3.10585851489834
1.50005,-3.11631255895024
1.5002,-3.12681893847966
1.50035,-3.13737800524787
1.5005,-3.14799011397587
1.50065,-3.15865562237387
1.5008,-3.16937489117089
1.50095,-3.18014828414494
1.5011,-3.19097616815334
1.50125,-3.2018589131635
1.5014,-3.21279689228399
1.50155,-3.22379048179591
1.5017,-3.23484006118479
1.50185,-3.24594601317262
1.502,-3.25710872375044
1.50215,-3.26832858221113
1.5023,-3.27960598118269
1.50245,-3.29094131666185
1.5026,-3.30233498804808
1.50275,-3.3137873981779
1.5029,-3.32529895335974
1.50305,-3.33687006340903
1.5032,-3.34850114168374
1.50335,-3.36019260512043
1.5035,-3.37194487427052
1.50365,-3.38375837333716
1.5038,-3.39563353021235
1.50395,-3.4075707765146
1.5041,-3.41957054762699
1.50425,-3.43163328273562
1.5044,-3.44375942486858
1.50455,-3.45594942093529
1.5047,-3.46820372176628
1.50485,-3.48052278215354
1.505,-3.49290706089119
1.50515,-3.50535702081673
1.5053,-3.51787312885268
1.50545,-3.53045585604869
1.5056,-3.54310567762425
1.50575,-3.55582307301178
1.5059,-3.56860852590027
1.50605,-3.58146252427933
1.5062,-3.59438556048389
1.50635,-3.60737813123932
1.5065,-3.62044073770711
1.50665,-3.633573885531
1.5068,-3.64677808488382
1.50695,-3.66005385051463
1.5071,-3.67340170179657
1.50725,-3.68682216277528
1.5074,-3.70031576221775
1.50755,-3.71388303366189
1.5077,-3.72752451546653
1.50785,-3.74124075086204
1.508,-3.7550322880017
1.50815,-3.76889968001339
1.5083,-3.78284348505212
1.50845,-3.79686426635304
1.5086,-3.81096259228505
1.50875,-3.82513903640521
1.5089,-3.83939417751361
1.50905,-3.85372859970886
1.5092,-3.86814289244445
1.50935,-3.88263765058547
1.5095,-3.89721347446629
1.50965,-3.91187096994869
1.5098,-3.92661074848075
1.50995,-3.94143342715652
1.5101,-3.95633962877616
1.51025,-3.9713299819071
1.5104,-3.98640512094564
1.51055,-4.00156568617943
1.5107,-4.01681232385065
1.51085,-4.03214568621989
1.511,-4.04756643163082
1.51115,-4.0630752245757
1.5113,-4.07867273576149
1.51145,-4.09435964217691
1.5116,-4.11013662716016
1.51175,-4.12600438046754
1.5119,-4.14196359834284
1.51205,-4.15801498358754
1.5122,-4.17415924563189
1.51235,-4.19039710060676
1.5125,-4.20672927141638
1.51265,-4.22315648781199
1.5128,-4.23967948646629
1.51295,-4.25629901104883
1.5131,-4.27301581230226
1.51325,-4.28983064811944
1.5134,-4.30674428362167
1.51355,-4.3237574912376
1.5137,-4.34087105078323
1.51385,-4.35808574954283
1.514,-4.37540238235079
1.51415,-4.39282175167455
1.5143,-4.4103446676984
1.51445,-4.42797194840834
1.5146,-4.44570441967802
1.51475,-4.46354291535549
1.5149,-4.48148827735131
1.51505,-4.49954135572746
1.5152,-4.51770300878738
1.51535,-4.5359741031672
1.5155,-4.55435551392789
1.51565,-4.57284812464865
1.5158,-4.59145282752135
1.51595,-4.6101705234462
1.5161,-4.62900212212844
1.51625,-4.6479485421763
1.5164,-4.66701071120001
1.51655,-4.68618956591223
1.5167,-4.70548605222945
1.51685,-4.72490112537475
1.517,-4.74443574998179
1.51715,-4.76409090019994
1.5173,-4.78386755980087
1.51745,-4.80376672228628
1.5176,-4.82378939099698
1.51775,-4.84393657922332
1.5179,-4.8642093103168
1.51805,-4.88460861780333
1.5182,-4.90513554549758
1.51835,-4.92579114761879
1.5185,-4.94657648890811
1.51865,-4.96749264474709
1.5188,-4.98854070127799
1.51895,-5.00972175552514
1.5191,-5.03103691551809
1.51925,-5.05248730041605
1.5194,-5.07407404063395
1.51955,-5.0957982779699
1.5197,-5.11766116573444
1.51985,-5.13966386888109
1.52,-5.16180756413862
1.52015,-5.18409344014489
1.5203,-5.20652269758231
1.52045,-5.22909654931496
1.5206,-5.25181622052742
1.52075,-5.2746829488651
1.5209,-5.29769798457653
1.52105,-5.32086259065709
1.5212,-5.34417804299475
1.52135,-5.36764563051741
1.5215,-5.39126665534204
1.52165,-5.41504243292569
1.5218,-5.43897429221821
1.52195,-5.46306357581697
1.5221,-5.48731164012327
1.52225,-5.51171985550085
1.5224,-5.53628960643611
1.52255,-5.56102229170024
1.5227,-5.58591932451363
1.52285,-5.61098213271186
1.523,-5.6362121589139
1.52315,-5.66161086069221
1.5233,-5.6871797107451
1.52345,-5.71292019707075
1.5236,-5.73883382314378
1.52375,-5.76492210809356
1.5239,-5.79118658688482
1.52405,-5.81762881050039
1.5242,-5.84425034612596
1.52435,-5.87105277733725
1.5245,-5.89803770428929
1.52465,-5.92520674390785
1.5248,-5.95256153008324
1.52495,-5.98010371386622
1.5251,-6.00783496366642
1.52525,-6.03575696545294
1.5254,-6.0638714229572
1.52555,-6.09218005787832
1.5257,-6.12068461009057
1.52585,-6.14938683785367
1.526,-6.17828851802498
1.52615,-6.20739144627442
1.5263,-6.23669743730175
1.52645,-6.26620832505609
1.5266,-6.2959259629583
1.52675,-6.32585222412548
1.5269,-6.35598900159805
1.52705,-6.38633820856944
1.5272,-6.41690177861792
1.52735,-6.4476816659415
1.5275,-6.47867984559481
1.52765,-6.50989831372883
1.5278,-6.54133908783287
1.52795,-6.57300420697945
1.5281,-6.60489573207113
1.52825,-6.63701574609052
1.5284,-6.66936635435224
1.52855,-6.70194968475769
1.5287,-6.73476788805222
1.52885,-6.76782313808463
1.529,-6.80111763206952
1.52915,-6.83465359085155
1.5293,-6.86843325917259
1.52945,-6.90245890594091
1.5296,-6.93673282450277
1.52975,-6.97125733291665
1.5299,-7.00603477422928
1.53005,-7.04106751675417
1.5302,-7.07635795435232
1.53035,-7.1119085067148
1.5305,-7.14772161964771
1.53065,-7.18379976535889
1.5308,-7.22014544274661
1.53095,-7.25676117769006
1.5311,-7.29364952334134
1.53125,-7.33081306041967
1.5314,-7.3682543975064
1.53155,-7.40597617134169
1.5317,-7.44398104712264
1.53185,-7.48227171880221
1.532,-7.52085090938905
1.53215,-7.55972137124855
1.5323,-7.59888588640402
1.53245,-7.63834726683838
1.5326,-7.67810835479623
1.53275,-7.71817202308549
1.5329,-7.75854117537921
1.53305,-7.7992187465165
1.5332,-7.84020770280258
1.53335,-7.88151104230793
1.5335,-7.92313179516557
1.53365,-7.96507302386693
1.5338,-8.00733782355522
1.53395,-8.04992932231609
1.5341,-8.09285068146546
1.53425,-8.1361050958335
1.5344,-8.17969579404487
1.53455,-8.22362603879411
1.5347,-8.26789912711597
1.53485,-8.31251839064993
1.535,-8.35748719589808
1.53515,-8.4028089444762
1.5353,-8.44848707335654
1.53545,-8.49452505510206
1.5356,-8.540926398091
1.53575,-8.58769464673086
1.5359,-8.63483338166078
1.53605,-8.68234621994172
1.5362,-8.73023681523247
1.53635,-8.77850885795075
1.5365,-8.82716607541857
1.53665,-8.87621223198917
1.5368,-8.92565112915581
1.53695,-8.97548660563914
1.5371,-9.02572253745278
1.53725,-9.07636283794445
1.5374,-9.12741145781108
1.53755,-9.17887238508621
1.5377,-9.23074964509683
1.53785,-9.28304730038764
1.538,-9.33576945061052
1.53815,-9.38892023237591
1.5383,-9.4425038190643
1.53845,-9.49652442059355
1.5386,-9.55098628313995
1.53875,-9.60589368880895
1.5389,-9.66125095525194
1.53905,-9.71706243522579
1.5392,-9.77333251609007
1.53935,-9.83006561923823
1.5395,-9.8872661994578
1.53965,-9.94493874421402
1.5398,-10.0030877728531
1.53995,-10.0617178357173
1.5401,-10.1208335131669
1.54025,-10.1804394145029
1.5404,-10.2405401767823
1.54055,-10.3011404635196
1.5407,-10.3622449632657
1.54085,-10.423858388057
1.541,-10.4859854717238
1.54115,-10.548630968051
1.5413,-10.6117996487774
1.54145,-10.675496301427
1.5416,-10.7397257269561
1.54175,-10.8044927372076
1.5419,-10.8698021521565
1.54205,-10.9356587969345
1.5422,-11.0020674986173
1.54235,-11.0690330827589
1.5425,-11.1365603696564
1.54265,-11.2046541703266
1.5428,-11.2733192821739
1.54295,-11.3425604843314
1.5431,-11.4123825326509
1.54325,-11.4827901543188
1.5434,-11.5537880420733
1.54355,-11.6253808479961
1.5437,-11.6975731768505
1.54385,-11.7703695789346
1.544,-11.8437745424187
1.54415,-11.9177924851322
1.5443,-11.9924277457636
1.54445,-12.0676845744344
1.5446,-12.1435671226075
1.54475,-12.2200794322837
1.5449,-12.2972254244427
1.54505,-12.3750088866773
1.5452,-12.453433459969
1.54535,-12.5325026245509
1.5455,-12.6122196847967
1.54565,-12.6925877530758
1.5458,-12.7736097325073
1.54595,-12.8552882985434
1.5461,-12.9376258793101
1.54625,-13.0206246346241
1.5464,-13.1042864336084
1.54655,-13.1886128308167
1.5467,-13.2736050407767
1.54685,-13.3592639108596
1.547,-13.4455898923714
1.54715,-13.5325830097648
1.5473,-13.6202428278608
1.54745,-13.7085684169668
1.5476,-13.7975583157718
1.54775,-13.8872104918962
1.5479,-13.9775222999689
1.54805,-14.0684904371011
1.5482,-14.160110895621
1.54835,-14.2523789129335
1.5485,-14.3452889183642
1.54865,-14.4388344768468
1.5488,-14.5330082293115
1.54895,-14.6278018296357
1.5491,-14.7232058780152
1.54925,-14.8192098506241
1.5494,-14.9158020254333
1.54955,-15.0129694040661
1.5497,-15.110697629584
1.54985,-15.2089709001051
1.55,-15.3077718781787
1.55015,-15.4070815958602
1.5503,-15.5068793554566
1.55045,-15.6071426259479
1.5506,-15.7078469351201
1.55075,-15.8089657575009
1.5509,-15.9104703982288
1.55105,-16.0123298730569
1.5512,-16.114510784755
1.55135,-16.2169771962519
1.5515,-16.319690500955
1.55165,-16.4226092907755
1.5518,-16.5256892225075
1.55195,-16.6288828833315
1.5521,-16.7321396563427
1.55225,-16.8354055871718
1.5524,-16.93862325291
1.55255,-17.041731634743
1.5527,-17.1446659958773
1.55285,-17.2473577665418
1.553,-17.3497344380649
1.55315,-17.4517194682269
1.5533,-17.5532322003198
1.55345,-17.6541877985536
1.5536,-17.754497202657
1.55375,-17.8540671047291
1.5539,-17.9527999515602
1.55405,-18.0505939758005
1.5542,-18.1473432594624
1.55435,-18.2429378332986
1.5545,-18.3372638156121
1.55465,-18.4302035939681
1.5548,-18.5216360531374
1.55495,-18.6114368523358
1.5551,-18.699478754474
1.55525,-18.7856320096479
1.5554,-18.8697647944924
1.55555,-18.9517437082941
1.5557,-19.0314343258792
1.55585,-19.1087018063066
1.556,-19.1834115552752
1.55615,-19.2554299379357
1.5563,-19.3246250375074
1.55645,-19.3908674537382
1.5566,-19.4540311338975
1.55675,-19.5139942276442
1.5569,-19.5706399558584
1.55705,-19.6238574823953
1.5572,-19.6735427767568
1.55735,-19.7195994549646
1.5575,-19.761939585462
1.55765,-19.8004844467475
1.5578,-19.8351652236623
1.55795,-19.8659236298317
1.5581,-19.8927124447216
1.55825,-19.9154959550704
1.5584,-19.9342502920974
1.55855,-19.9489636578093
1.5587,-19.9596364358633
1.55885,-19.9662811847519
1.559,-19.968922513444
1.55915,-19.9675968419907
1.5593,-19.9623520518886
1.55945,-19.9532470331136
1.5596,-19.940351136629
1.55975,-19.9237435427692
1.5599,-19.9035125571726
1.56005,-19.8797548468432
1.5602,-19.8525746294666
1.56035,-19.8220828292784
1.5605,-19.7883962126185
1.56065,-19.7516365158254
1.5608,-19.7119295773679
1.56095,-19.6694044851396
1.5611,-19.6241927486883
1.56125,-19.576427504882
1.5614,-19.5262427641764
1.56155,-19.4737727032782
1.5617,-19.4191510086604
1.56185,-19.3625102740916
1.562,-19.3039814541338
1.56215,-19.243693374467
1.5623,-19.1817722989058
1.56245,-19.1183415521344
1.5626,-19.0535211964513
1.56275,-18.9874277602355
1.5629,-18.9201740153767
1.56305,-18.8518688005617
1.5632,-18.7826168870774
1.56335,-18.7125188836337
1.5635,-18.6416711766612
1.56365,-18.5701659025352
1.5638,-18.4980909482544
1.56395,-18.4255299772158
1.5641,-18.3525624768747
1.56425,-18.2792638252693
1.5644,-18.2057053735752
1.56455,-18.1319545420781
1.5647,-18.0580749271622
1.56485,-17.9841264171294
1.565,-17.9101653148851
1.56515,-17.8362444657233
1.5653,-17.7624133886492
1.56545,-17.688718409864
1.5656,-17.6152027972066
1.56575,-17.5419068945158
1.5659,-17.4688682550208
1.56605,-17.3961217730039
1.5662,-17.3236998131089
1.56635,-17.2516323367676
1.5665,-17.1799470253285
1.56665,-17.1086693995487
1.5668,-17.0378229351957
1.56695,-16.9674291745675
1.5671,-16.8975078338011
1.56725,-16.8280769058911
1.5674,-16.7591527593815
1.56755,-16.6907502327312
1.5677,-16.6228827243882
1.56785,-16.5555622786278
1.568,-16.488799667237
1.56815,-16.4226044671416
1.5683,-16.3569851340849
1.56845,-16.2919490724845
1.5686,-16.2275027015907
1.56875,-16.1636515180871
1.5689,-16.1004001552691
1.56905,-16.0377524389427
1.5692,-15.9757114401858
1.56935,-15.9142795251111
1.5695,-15.8534584017735
1.56965,-15.7932491643555
1.5698,-15.7336523347672
1.56995,-15.6746679017922
1.5701,-15.6162953579027
1.57025,-15.5585337338709
1.5704,-15.5013816312918
1.57055,-15.4448372531307
1.5707,-15.3888984324075
1.57085,-15.3335626591176
1.571,-15.2788271054932
1.57115,-15.2246886496959
1.5713,-15.1711438980344
1.57145,-15.1181892057906
1.5716,-15.0658206967366
1.57175,-15.014034281421
1.5719,-14.9628256742945
1.57205,-14.9121904097487
1.5722,-14.8621238571291
1.57235,-14.8126212347867
1.5725,-14.7636776232272
1.57265,-14.7152879774102
1.5728,-14.6674471382537
1.57295,-14.6201498433901
1.5731,-14.5733907372216
1.57325,-14.5271643803184
1.5734,-14.4814652581987
1.57355,-14.4362877895325
1.5737,-14.3916263338013
1.57385,-14.347475198451
1.574,-14.3038286455685
1.57415,-14.2606808981117
1.5743,-14.2180261457229
1.57445,-14.1758585501498
1.5746,-14.1341722503005
1.57475,-14.0929613669562
1.5749,-14.0522200071614
1.57505,-14.0119422683155
1.5752,-13.9721222419821
1.57535,-13.9327540174352
1.5755,-13.8938316849608
1.57565,-13.8553493389265
1.5758,-13.8173010806388
1.57595,-13.7796810209966
1.5761,-13.7424832829591
1.57625,-13.7057020038375
1.5764,-13.6693313374225
1.57655,-13.6333654559598
1.5767,-13.5977985519822
1.57685,-13.5626248400086
1.577,-13.527838558119
1.57715,-13.4934339694133
1.5773,-13.4594053633626
1.57745,-13.4257470570595
1.5776,-13.3924533963745
1.57775,-13.3595187570265
1.5779,-13.3269375455699
1.57805,-13.2947042003084
1.5782,-13.2628131921378
1.57835,-13.231259025323
1.5785,-13.2000362382156
1.57865,-13.1691394039146
1.5788,-13.1385631308759
1.57895,-13.1083020634726
1.5791,-13.078350882511
1.57925,-13.0487043057062
1.5794,-13.0193570881179
1.57955,-12.9903040225527
1.5797,-12.9615399399326
1.57985,-12.9330597096345
1.58,-12.9048582398013
1.58015,-12.8769304776285
1.5803,-12.8492714096269
1.58045,-12.8218760618644
1.5806,-12.7947395001878
1.58075,-12.7678568304278
1.5809,-12.741223198586
1.58105,-12.7148337910085
1.5812,-12.6886838345456
1.58135,-12.6627685966989
1.5815,-12.6370833857577
1.58165,-12.6116235509246
1.5818,-12.5863844824337
1.58195,-12.5613616116579
1.5821,-12.536550411212
1.58225,-12.5119463950468
1.5824,-12.4875451185382
1.58255,-12.4633421785713
1.5827,-12.4393332136194
1.58285,-12.4155139038191
1.583,-12.3918799710417
1.58315,-12.3684271789608
1.5833,-12.3451513331184
1.58345,-12.3220482809867
1.5836,-12.299113912029
1.58375,-12.2763441577584
1.5839,-12.2537349917938
1.58405,-12.231282429916
1.5842,-12.2089825301205
1.58435,-12.1868313926709
1.5845,-12.1648251601496
1.58465,-12.1429600175082
1.5848,-12.1212321921169
1.58495,-12.099637953812
1.5851,-12.078173614944
1.58525,-12.0568355304228
1.5854,-12.0356200977633
1.58555,-12.0145237571291
1.5857,-11.9935429913752
1.58585,-11.9726743260895
1.586,-11.951914329633
1.58615,-11.9312596131785
1.5863,-11.9107068307472
1.58645,-11.8902526792444
1.5866,-11.8698938984929
1.58675,-11.8496272712643
1.5869,-11.8294496233081
1.58705,-11.8093578233788
1.5872,-11.78934878326
1.58735,-11.7694194577865
1.5875,-11.7495668448625
1.58765,-11.7297879854774
1.5878,-11.7100799637184
1.58795,-11.6904399067794
1.5881,-11.670864984966
1.58825,-11.651352411697
1.5884,-11.631899443502
1.58855,-11.6125033800142
1.5887,-11.593161563959
1.58885,-11.5738713811381
1.589,-11.5546302604085
1.58915,-11.5354356736567
1.5893,-11.5162851357671
1.58945,-11.4971762045857
1.5896,-11.478106480878
1.58975,-11.4590736082804
1.5899,-11.4400752732467
1.59005,-11.4211092049874
1.5902,-11.4021731754036
1.59035,-11.3832649990139
1.5905,-11.3643825328744
1.59065,-11.345523676493
1.5908,-11.3266863717352
1.59095,-11.3078686027242
1.5911,-11.2890683957332
1.59125,-11.2702838190701
1.5914,-11.2515129829557
1.59155,-11.2327540393931
1.5917,-11.2140051820305
1.59185,-11.195264646016
1.592,-11.176530707844
1.59215,-11.1578016851946
1.5923,-11.1390759367647
1.59245,-11.1203518620905
1.5926,-11.1016279013631
1.59275,-11.0829025352349
1.5929,-11.0641742846187
1.59305,-11.0454417104785
1.5932,-11.0267034136113
1.59335,-11.0079580344224
1.5935,-10.9892042526908
1.59365,-10.970440787328
1.5938,-10.9516663961276
1.59395,-10.9328798755074
1.5941,-10.9140800602435
1.59425,-10.8952658231962
1.5944,-10.8764360750284
1.59455,-10.8575897639157
1.5947,-10.8387258752492
1.59485,-10.8198434313306
1.595,-10.8009414910592
1.59515,-10.7820191496127
1.5953,-10.7630755381193
1.59545,-10.7441098233235
1.5956,-10.7251212072447
1.59575,-10.7061089268285
1.5959,-10.6870722535919
1.59605,-10.668010493261
1.5962,-10.648922985403
1.59635,-10.6298091030518
1.5965,-10.6106682523269
1.59665,-10.5914998720472
1.5968,-10.5723034333382
1.59695,-10.5530784392342
1.5971,-10.5338244242751
1.59725,-10.5145409540976
1.5974,-10.4952276250221
1.59755,-10.4758840636339
1.5977,-10.4565099263607
1.59785,-10.4371048990455
1.598,-10.4176686965151
1.59815,-10.398201062145
1.5983,-10.3787017674205
1.59845,-10.3591706114944
1.5986,-10.3396074207416
1.59875,-10.3200120483102
1.5989,-10.3003843736703
1.59905,-10.2807243021605
1.5992,-10.2610317645311
1.59935,-10.2413067164866
1.5995,-10.2215491382251
1.59965,-10.2017590339769
1.5998,-10.1819364315414
1.59995,-10.1620813818231
1.6001,-10.1421939583663
1.60025,-10.1222742568893
1.6004,-10.1023223948187
1.60055,-10.0823385108224
1.6007,-10.0623227643436
1.60085,-10.0422753351346
1.601,-10.0221964227907
1.60115,-10.0020862462856
1.6013,-9.98194504350702
1.60145,-9.9617730707935
1.6016,-9.94157060247278
1.60175,-9.92133793040128
1.6019,-9.90107536350582
1.60205,-9.88078322732658
1.6022,-9.86046186356274
1.60235,-9.84011162962009
1.6025,-9.819732898161
1.60265,-9.7993260566575
1.6028,-9.77889150694658
1.60295,-9.75842966478904
1.6031,-9.73794095943115
1.60325,-9.71742583316949
1.6034,-9.69688474091994
1.60355,-9.67631814978941
1.6037,-9.65572653865209
1.60385,-9.63511039772916
1.604,-9.6144702281726
1.60415,-9.59380654165351
1.6043,-9.57311985995421
1.60445,-9.55241071456533
1.6046,-9.53167964628679
1.60475,-9.5109272048342
1.6049,-9.49015394844931
1.60505,-9.46936044351561
1.6052,-9.44854726417903
1.60535,-9.42771499197325
1.6055,-9.40686421545067
1.60565,-9.38599552981809
1.6058,-9.36510953657774
1.60595,-9.34420684317403
1.6061,-9.32328806264508
1.60625,-9.30235381328033
1.6064,-9.28140471828313
1.60655,-9.26044140543908
1.6067,-9.23946450679021
1.60685,-9.2184746583142
1.607,-9.19747249960999
1.60715,-9.17645867358847
1.6073,-9.15543382616912
1.60745,-9.13439860598254
1.6076,-9.11335366407844
1.60775,-9.09229965363958
1.6079,-9.07123722970157
1.60805,-9.05016704887792
1.6082,-9.02908976909174
1.60835,-9.00800604931218
1.6085,-8.98691654929765
1.60865,-8.96582192934397
1.6088,-8.94472285003855
1.60895,-8.92361997202057
1.6091,-8.90251395574622
1.60925,-8.88140546126023
1.6094,-8.86029514797273
1.60955,-8.83918367444145
1.6097,-8.81807169816026
1.60985,-8.79695987535225
1.61,-8.77584886076924
1.61015,-8.75473930749615
1.6103,-8.73363186676076
1.61045,-8.71252718774938
1.6106,-8.69142591742704
1.61075,-8.67032870036378
1.6109,-8.64923617856541
1.61105,-8.62814899130981
1.6112,-8.60706777498841
1.61135,-8.58599316295222
1.6115,-8.56492578536355
1.61165,-8.54386626905206
1.6118,-8.52281523737573
1.61195,-8.50177331008712
1.6121,-8.48074110320361
1.61225,-8.45971922888296
1.6124,-8.43870829530312
1.61255,-8.41770890654643
1.6127,-8.39672166248886
1.61285,-8.37574715869275
1.613,-8.35478598630501
1.61315,-8.33383873195818
1.6133,-8.31290597767711
1.61345,-8.29198830078864
1.6136,-8.27108627383571
1.61375,-8.25020046449571
1.6139,-8.2293314355021
1.61405,-8.2084797445705
1.6142,-8.18764594432807
1.61435,-8.16683058224658
1.6145,-8.14603420057948
1.61465,-8.12525733630188
1.6148,-8.10450052105463
1.61495,-8.08376428109131
1.6151,-8.06304913722855
1.61525,-8.04235560480007
1.6154,-8.02168419361311
1.61555,-8.00103540790866
1.6157,-7.98040974632446
1.61585,-7.95980770186061
1.616,-7.93922976184874
1.61615,-7.91867640792332
1.6163,-7.89814811599624
1.61645,-7.87764535623386
1.6166,-7.85716859303639
1.61675,-7.83671828502043
1.6169,-7.81629488500333
1.61705,-7.79589883999056
1.6172,-7.77553059116503
1.61735,-7.75519057387862
1.6175,-7.73487921764651
1.61765,-7.7145969461428
1.6178,-7.69434417719917
1.61795,-7.67412132280481
1.6181,-7.65392878910871
1.61825,-7.63376697642382
1.6184,-7.61363627923292
1.61855,-7.59353708619662
1.6187,-7.57346978016268
1.61885,-7.55343473817734
1.619,-7.53343233149815
1.61915,-7.51346292560842
1.6193,-7.49352688023322
1.61945,-7.47362454935684
1.6196,-7.45375628124152
1.61975,-7.43392241844799
1.6199,-7.41412329785667
1.62005,-7.39435925069092
1.6202,-7.37463060254096
1.62035,-7.354937673389
1.6205,-7.335280777636
1.62065,-7.31566022412885
1.6208,-7.29607631618924
1.62095,-7.27652935164293
1.6211,-7.25701962285054
1.62125,-7.23754741673909
1.6214,-7.21811301483394
1.62155,-7.1987166932925
1.6217,-7.17935872293786
1.62185,-7.16003936929389
1.622,-7.14075889262059
1.62215,-7.12151754795026
1.6223,-7.10231558512461
1.62245,-7.08315324883202
1.6226,-7.06403077864584
1.62275,-7.04494840906315
1.6229,-7.02590636954359
1.62305,-7.00690488454959
1.6232,-6.98794417358611
1.62335,-6.96902445124159
1.6235,-6.95014592722891
1.62365,-6.93130880642668
1.6238,-6.91251328892127
1.62395,-6.89375957004871
1.6241,-6.87504784043736
1.62425,-6.85637828605049
1.6244,-6.8377510882292
1.62455,-6.81916642373585
1.6247,-6.80062446479723
1.62485,-6.7821253791484
1.625,-6.76366933007641
1.62515,-6.74525647646407
1.6253,-6.72688697283437
1.62545,-6.70856096939422
1.6256,-6.69027861207913
1.62575,-6.67204004259727
1.6259,-6.65384539847386
1.62605,-6.63569481309588
1.6262,-6.61758841575606
1.62635,-6.59952633169775
1.6265,-6.58150868215917
1.62665,-6.56353558441772
1.6268,-6.54560715183454
1.62695,-6.52772349389867
1.6271,-6.50988471627143
1.62725,-6.49209092083046
1.6274,-6.47434220571375
1.62755,-6.45663866536382
1.6277,-6.43898039057124
1.62785,-6.42136746851863
1.628,-6.40379998282404
1.62815,-6.38627801358437
1.6283,-6.36880163741883
1.62845,-6.35137092751164
1.6286,-6.33398595365532
1.62875,-6.31664678229325
1.6289,-6.29935347656203
1.62905,-6.28210609633409
1.6292,-6.26490469825952
1.62935,-6.24774933580815
1.6295,-6.230640059311
1.62965,-6.21357691600191
1.6298,-6.19655995005859
1.62995,-6.17958920264348
1.6301,-6.16266471194463
1.63025,-6.14578651321588
1.6304,-6.12895463881722
1.63055,-6.1121691182546
1.6307,-6.09542997821943
1.63085,-6.07873724262815
1.631,-6.06209093266102
1.63115,-6.04549106680114
1.6313,-6.02893766087279
1.63145,-6.01243072807957
1.6316,-5.99597027904249
1.63175,-5.9795563218373
1.6319,-5.96318886203207
1.63205,-5.94686790272398
1.6322,-5.93059344457603
1.63235,-5.91436548585353
1.6325,-5.89818402245997
1.63265,-5.882049047973
1.6328,-5.86596055367977
1.63295,-5.84991852861192
1.6331,-5.83392295958068
1.63325,-5.81797383121106
1.6334,-5.80207112597624
1.63355,-5.78621482423138
1.6337,-5.77040490424702
1.63385,-5.75464134224249
1.634,-5.73892411241866
1.63415,-5.72325318699058
1.6343,-5.70762853621976
1.63445,-5.69205012844596
1.6346,-5.67651793011903
1.63475,-5.6610319058299
1.6349,-5.64559201834186
1.63505,-5.63019822862102
1.6352,-5.61485049586658
1.63535,-5.59954877754111
1.6355,-5.58429302939989
1.63565,-5.56908320552058
1.6358,-5.55391925833219
1.63595,-5.53880113864362
1.6361,-5.52372879567245
1.63625,-5.50870217707268
1.6364,-5.49372122896283
1.63655,-5.47878589595332
1.6367,-5.46389612117351
1.63685,-5.44905184629884
1.637,-5.4342530115771
1.63715,-5.41949955585496
1.6373,-5.40479141660381
1.63745,-5.3901285299453
1.6376,-5.3755108306769
1.63775,-5.36093825229676
1.6379,-5.34641072702865
1.63805,-5.33192818584625
1.6382,-5.31749055849741
1.63835,-5.30309777352805
1.6385,-5.28874975830562
1.63865,-5.27444643904257
1.6388,-5.26018774081917
1.63895,-5.24597358760639
1.6391,-5.23180390228832
1.63925,-5.21767860668422
1.6394,-5.20359762157059
1.63955,-5.18956086670256
1.6397,-5.17556826083547
1.63985,-5.16161972174581
1.64,-5.14771516625189
1.64015,-5.1338545102347
1.6403,-5.12003766865782
1.64045,-5.10626455558763
1.6406,-5.09253508421312
1.64075,-5.07884916686504
1.6409,-5.06520671503556
1.64105,-5.05160763939687
1.6412,-5.03805184982016
1.64135,-5.02453925539398
1.6415,-5.01106976444243
1.64165,-4.99764328454328
1.6418,-4.9842597225455
1.64195,-4.97091898458699
1.6421,-4.95762097611171
1.64225,-4.94436560188665
1.6424,-4.93115276601883
1.64255,-4.91798237197157
1.6427,-4.9048543225811
1.64285,-4.89176852007251
1.643,-4.8787248660756
1.64315,-4.86572326164072
1.6433,-4.85276360725398
1.64345,-4.83984580285264
1.6436,-4.82696974784008
1.64375,-4.81413534110046
1.6439,-4.80134248101357
1.64405,-4.78859106546888
1.6442,-4.77588099188
1.64435,-4.76321215719849
1.6445,-4.75058445792756
1.64465,-4.73799779013585
1.6448,-4.7254520494705
1.64495,-4.7129471311706
1.6451,-4.70048293008005
1.64525,-4.6880593406602
1.6454,-4.67567625700275
1.64555,-4.66333357284181
1.6457,-4.65103118156645
1.64585,-4.63876897623247
1.646,-4.62654684957444
1.64615,-4.61436469401734
1.6463,-4.60222240168793
1.64645,-4.59011986442634
1.6466,-4.57805697379689
1.64675,-4.56603362109943
1.6469,-4.55404969737995
1.64705,-4.54210509344115
1.6472,-4.53019969985324
1.64735,-4.51833340696389
1.6475,-4.5065061049087
1.64765,-4.49471768362108
1.6478,-4.48296803284196
1.64795,-4.47125704212982
1.6481,-4.45958460086988
1.64825,-4.44795059828371
1.6484,-4.43635492343841
1.64855,-4.42479746525566
1.6487,-4.41327811252075
1.64885,-4.40179675389126
1.649,-4.39035327790588
1.64915,-4.37894757299283
1.6493,-4.3675795274782
1.64945,-4.35624902959434
1.6496,-4.34495596748781
1.64975,-4.33370022922751
1.6499,-4.3224817028124
1.65005,-4.31130027617927
1.6502,-4.30015583721036
1.65035,-4.2890482737407
1.6505,-4.27797747356561
1.65065,-4.26694332444784
1.6508,-4.25594571412456
1.65095,-4.24498453031452
1.6511,-4.23405966072472
1.65125,-4.22317099305728
1.6514,-4.21231841501602
1.65155,-4.20150181431285
1.6517,-4.19072107867441
1.65185,-4.17997609584803
1.652,-4.16926675360822
1.65215,-4.15859293976253
1.6523,-4.1479545421575
1.65245,-4.13735144868469
1.6526,-4.12678354728617
1.65275,-4.11625072596041
1.6529,-4.10575287276769
1.65305,-4.09528987583552
1.6532,-4.08486162336407
1.65335,-4.07446800363135
1.6535,-4.06410890499842
1.65365,-4.05378421591443
1.6538,-4.04349382492147
1.65395,-4.03323762065968
1.6541,-4.02301549187177
1.65425,-4.01282732740793
1.6544,-4.00267301623022
1.65455,-3.99255244741734
1.6547,-3.98246551016886
1.65485,-3.97241209380956
1.655,-3.96239208779389
1.65515,-3.9524053817099
1.6553,-3.94245186528353
1.65545,-3.93253142838257
1.6556,-3.92264396102052
1.65575,-3.91278935336059
1.6559,-3.90296749571935
1.65605,-3.89317827857056
1.6562,-3.88342159254874
1.65635,-3.8736973284527
1.6565,-3.86400537724914
1.65665,-3.85434563007592
1.6568,-3.84471797824556
1.65695,-3.83512231324843
1.6571,-3.82555852675592
1.65725,-3.81602651062371
1.6574,-3.8065261568947
1.65755,-3.79705735780218
1.6577,-3.78762000577264
1.65785,-3.77821399342868
1.658,-3.76883921359191
1.65815,-3.75949555928559
1.6583,-3.75018292373742
1.65845,-3.74090120038218
1.6586,-3.73165028286419
1.65875,-3.72243006503997
1.6589,-3.71324044098061
1.65905,-3.70408130497424
1.6592,-3.69495255152836
1.65935,-3.68585407537207
1.6595,-3.67678577145843
1.65965,-3.6677475349665
1.6598,-3.65873926130366
1.65995,-3.64976084610756
1.6601,-3.64081218524815
1.66025,-3.63189317482974
1.6604,-3.62300371119285
1.66055,-3.61414369091617
1.6607,-3.60531301081842
1.66085,-3.59651156795996
1.661,-3.58773925964476
1.66115,-3.57899598342193
1.6613,-3.57028163708748
1.66145,-3.56159611868589
1.6616,-3.55293932651162
1.66175,-3.54431115911075
1.6619,-3.53571151528232
1.66205,-3.52714029407988
1.6622,-3.51859739481286
1.66235,-3.51008271704785
1.6625,-3.50159616061003
1.66265,-3.49313762558435
1.6628,-3.48470701231686
1.66295,-3.47630422141579
1.6631,-3.46792915375285
1.66325,-3.45958171046427
1.6634,-3.45126179295188
1.66355,-3.44296930288423
1.6637,-3.43470414219754
1.66385,-3.42646621309672
1.664,-3.41825541805636
1.66415,-3.41007165982154
1.6643,-3.40191484140884
1.66445,-3.39378486610704
1.6646,-3.38568163747814
1.66475,-3.37760505935798
1.6649,-3.36955503585702
1.66505,-3.36153147136119
1.6652,-3.35353427053241
1.66535,-3.34556333830941
1.6655,-3.33761857990831
1.66565,-3.32969990082317
1.6658,-3.3218072068267
1.66595,-3.31394040397069
1.6661,-3.30609939858663
1.66625,-3.29828409728619
1.6664,-3.29049440696162
1.66655,-3.28273023478635
1.6667,-3.27499148821522
1.66685,-3.2672780749851
1.667,-3.25958990311509
1.66715,-3.25192688090691
1.6673,-3.24428891694533
1.66745,-3.2366759200983
1.6676,-3.2290877995174
1.66775,-3.22152446463801
1.6679,-3.21398582517952
1.66805,-3.20647179114567
1.6682,-3.19898227282457
1.66835,-3.19151718078902
1.6685,-3.18407642589663
1.66865,-3.17665991928985
1.6688,-3.16926757239624
1.66895,-3.16189929692843
1.6691,-3.15455500488429
1.66925,-3.14723460854694
1.6694,-3.13993802048474
1.66955,-3.13266515355143
1.6697,-3.12541592088599
1.66985,-3.11819023591273
1.67,-3.11098801234124
1.67015,-3.10380916416624
1.6703,-3.09665360566767
1.67045,-3.08952125141044
1.6706,-3.0824120162445
1.67075,-3.07532581530454
1.6709,-3.06826256401002
1.67105,-3.06122217806497
1.6712,-3.05420457345773
1.67135,-3.04720966646097
1.6715,-3.04023737363128
1.67165,-3.03328761180915
1.6718,-3.02636029811867
1.67195,-3.01945534996723
1.6721,-3.01257268504546
1.67225,-3.00571222132676
1.6724,-2.99887387706718
1.67255,-2.99205757080508
1.6727,-2.98526322136082
1.67285,-2.9784907478365
1.673,-2.97174006961558
1.67315,-2.96501110636261
1.6733,-2.95830377802283
1.67345,-2.95161800482186
1.6736,-2.94495370726532
1.67375,-2.93831080613842
1.6739,-2.93168922250566
1.67405,-2.92508887771036
1.6742,-2.91850969337423
1.67435,-2.91195159139709
1.6745,-2.90541449395626
1.67465,-2.89889832350627
1.6748,-2.89240300277837
1.67495,-2.88592845478003
1.6751,-2.87947460279456
1.67525,-2.87304137038054
1.6754,-2.86662868137146
1.67555,-2.86023645987515
1.6757,-2.85386463027327
1.67585,-2.84751311722089
1.676,-2.84118184564586
1.67615,-2.83487074074844
1.6763,-2.82857972800065
1.67645,-2.82230873314576
1.6766,-2.81605768219781
1.67675,-2.80982650144096
1.6769,-2.80361511742905
1.67705,-2.79742345698498
1.6772,-2.79125144720008
1.67735,-2.78509901543368
1.6775,-2.7789660893124
1.67765,-2.77285259672963
1.6778,-2.76675846584494
1.67795,-2.7606836250834
1.6781,-2.75462800313513
1.67825,-2.74859152895451
1.6784,-2.74257413175972
1.67855,-2.73657574103205
1.6787,-2.73059628651523
1.67885,-2.72463569821492
1.679,-2.71869390639796
1.67915,-2.71277084159181
1.6793,-2.70686643458383
1.67945,-2.70098061642075
1.6796,-2.69511331840788
1.67975,-2.68926447210854
1.6799,-2.6834340093434
1.68005,-2.67762186218975
1.6802,-2.67182796298091
1.68035,-2.66605224430552
1.6805,-2.66029463900686
1.68065,-2.65455508018218
1.6808,-2.648833501182
1.68095,-2.64312983560949
1.6811,-2.63744401731967
1.68125,-2.63177598041882
1.6814,-2.62612565926374
1.68155,-2.62049298846102
1.6817,-2.61487790286643
1.68185,-2.60928033758414
1.682,-2.60370022796599
1.68215,-2.59813750961094
1.6823,-2.5925921183641
1.68245,-2.58706399031628
1.6826,-2.58155306180312
1.68275,-2.57605926940437
1.6829,-2.5705825499433
1.68305,-2.56512284048578
1.6832,-2.55968007833972
1.68335,-2.55425420105433
1.6835,-2.54884514641925
1.68365,-2.54345285246403
1.6838,-2.53807725745719
1.68395,-2.53271829990565
1.6841,-2.52737591855395
1.68425,-2.52205005238344
1.6844,-2.51674064061166
1.68455,-2.51144762269151
1.6847,-2.50617093831055
1.68485,-2.50091052739031
1.685,-2.49566633008541
1.68515,-2.49043828678299
1.6853,-2.48522633810181
1.68545,-2.48003042489162
1.6856,-2.47485048823239
1.68575,-2.4696864694335
1.6859,-2.46453831003309
1.68605,-2.45940595179723
1.6862,-2.45428933671923
1.68635,-2.44918840701889
1.6865,-2.44410310514169
1.68665,-2.43903337375813
1.6868,-2.43397915576291
1.68695,-2.42894039427423
1.6871,-2.42391703263302
1.68725,-2.41890901440218
1.6874,-2.41391628336584
1.68755,-2.40893878352862
1.6877,-2.4039764591149
1.68785,-2.39902925456798
1.688,-2.39409711454946
1.68815,-2.38917998393842
1.6883,-2.38427780783062
1.68845,-2.37939053153788
1.6886,-2.37451810058722
1.68875,-2.36966046072016
1.6889,-2.36481755789199
1.68905,-2.35998933827094
1.6892,-2.35517574823756
1.68935,-2.35037673438385
1.6895,-2.34559224351261
1.68965,-2.34082222263662
1.6898,-2.33606661897794
1.68995,-2.33132537996718
1.6901,-2.32659845324267
1.69025,-2.32188578664984
1.6904,-2.31718732824038
1.69055,-2.31250302627155
1.6907,-2.30783282920542
1.69085,-2.30317668570812
1.691,-2.29853454464914
1.69115,-2.29390635510056
1.6913,-2.28929206633631
1.69145,-2.28469162783145
1.6916,-2.28010498926143
1.69175,-2.27553210050134
1.6919,-2.27097291162523
1.69205,-2.26642737290531
1.6922,-2.26189543481125
1.69235,-2.25737704800945
1.6925,-2.25287216336232
1.69265,-2.24838073192756
1.6928,-2.24390270495736
1.69295,-2.2394380338978
1.6931,-2.234986670388
1.69325,-2.23054856625949
1.6934,-2.22612367353546
1.69355,-2.22171194443
1.6937,-2.21731333134745
1.69385,-2.21292778688164
1.694,-2.20855526381515
1.69415,-2.2041957151187
1.6943,-2.19984909395028
1.69445,-2.19551535365459
1.6946,-2.19119444776224
1.69475,-2.18688632998904
1.6949,-2.18259095423538
1.69505,-2.17830827458539
1.6952,-2.17403824530636
1.69535,-2.16978082084797
1.6955,-2.1655359558416
1.69565,-2.16130360509964
1.6958,-2.15708372361477
1.69595,-2.15287626655933
1.6961,-2.14868118928451
1.69625,-2.14449844731978
1.6964,-2.1403279963721
1.69655,-2.13616979232531
1.6967,-2.13202379123938
1.69685,-2.12788994934975
1.697,-2.12376822306668
1.69715,-2.11965856897445
1.6973,-2.11556094383086
1.69745,-2.11147530456639
1.6976,-2.10740160828358
1.69775,-2.10333981225639
1.6979,-2.09928987392947
1.69805,-2.09525175091753
1.6982,-2.09122540100464
1.69835,-2.08721078214356
1.6985,-2.08320785245512
1.69865,-2.07921657022748
1.6988,-2.07523689391554
1.69895,-2.07126878214024
1.6991,-2.06731219368788
1.69925,-2.06336708750954
1.6994,-2.05943342272032
1.69955,-2.05551115859877
1.6997,-2.05160025458622
1.69985,-2.04770067028609
1.7,-2.04381236546329
