"Freq [GHz]","dB(S(1,1)) []"
1.4,-0.648906579003682
1.40015,-0.649948224927864
1.4003,-0.650992332137291
1.40045,-0.652038908264089
1.4006,-0.653087960969501
1.40075,-0.654139497943991
1.4009,-0.655193526907387
1.40105,-0.656250055609028
1.4012,-0.657309091827877
1.40135,-0.658370643372682
1.4015,-0.659434718082091
1.40165,-0.660501323824811
1.4018,-0.661570468499725
1.40195,-0.66264216003605
1.4021,-0.663716406393472
1.40225,-0.664793215562276
1.4024,-0.665872595563507
1.40255,-0.666954554449096
1.4027,-0.668039100302011
1.40285,-0.669126241236406
1.403,-0.670215985397751
1.40315,-0.671308340962991
1.4033,-0.672403316140689
1.40345,-0.673500919171169
1.4036,-0.674601158326678
1.40375,-0.675704041911508
1.4039,-0.676809578262173
1.40405,-0.677917775747548
1.4042,-0.679028642769026
1.40435,-0.680142187760655
1.4045,-0.681258419189308
1.40465,-0.682377345554833
1.4048,-0.683498975390191
1.40495,-0.684623317261653
1.4051,-0.685750379768907
1.40525,-0.686880171545238
1.4054,-0.688012701257702
1.40555,-0.689147977607261
1.4057,-0.690286009328944
1.40585,-0.691426805192024
1.406,-0.692570374000169
1.40615,-0.693716724591606
1.4063,-0.694865865839283
1.40645,-0.696017806651044
1.4066,-0.697172555969769
1.40675,-0.698330122773578
1.4069,-0.699490516075966
1.40705,-0.700653744925978
1.4072,-0.701819818408392
1.40735,-0.702988745643885
1.4075,-0.704160535789182
1.40765,-0.705335198037253
1.4078,-0.706512741617486
1.40795,-0.707693175795842
1.4081,-0.708876509875047
1.40825,-0.710062753194755
1.4084,-0.711251915131739
1.40855,-0.712444005100059
1.4087,-0.713639032551237
1.40885,-0.714837006974451
1.409,-0.716037937896711
1.40915,-0.717241834883025
1.4093,-0.718448707536603
1.40945,-0.719658565499036
1.4096,-0.720871418450468
1.40975,-0.722087276109802
1.4099,-0.723306148234873
1.41005,-0.724528044622639
1.4102,-0.725752975109374
1.41035,-0.726980949570855
1.4105,-0.728211977922555
1.41065,-0.72944607011983
1.4108,-0.730683236158125
1.41095,-0.731923486073158
1.4111,-0.733166829941119
1.41125,-0.734413277878868
1.4114,-0.735662840044131
1.41155,-0.736915526635697
1.4117,-0.738171347893634
1.41185,-0.739430314099465
1.412,-0.74069243557639
1.41215,-0.741957722689481
1.4123,-0.743226185845898
1.41245,-0.744497835495076
1.4126,-0.745772682128952
1.41275,-0.74705073628216
1.4129,-0.748332008532251
1.41305,-0.749616509499896
1.4132,-0.750904249849099
1.41335,-0.752195240287419
1.4135,-0.75348949156617
1.41365,-0.754787014480655
1.4138,-0.756087819870369
1.41395,-0.757391918619218
1.4141,-0.758699321655753
1.41425,-0.760010039953373
1.4144,-0.761324084530556
1.41455,-0.762641466451085
1.4147,-0.763962196824272
1.41485,-0.765286286805173
1.415,-0.766613747594837
1.41515,-0.767944590440513
1.4153,-0.769278826635893
1.41545,-0.770616467521341
1.4156,-0.771957524484128
1.41575,-0.77330200895866
1.4159,-0.774649932426723
1.41605,-0.776001306417701
1.4162,-0.777356142508846
1.41635,-0.77871445232549
1.4165,-0.780076247541299
1.41665,-0.78144153987852
1.4168,-0.782810341108204
1.41695,-0.784182663050474
1.4171,-0.785558517574772
1.41725,-0.786937916600082
1.4174,-0.788320872095222
1.41755,-0.789707396079043
1.4177,-0.791097500620737
1.41785,-0.792491197840052
1.418,-0.793888499907557
1.41815,-0.795289419044918
1.4183,-0.796693967525134
1.41845,-0.798102157672798
1.4186,-0.799514001864391
1.41875,-0.800929512528502
1.4189,-0.802348702146131
1.41905,-0.803771583250914
1.4192,-0.805198168429448
1.41935,-0.806628470321508
1.4195,-0.808062501620351
1.41965,-0.809500275072977
1.4198,-0.81094180348041
1.41995,-0.812387099697959
1.4201,-0.813836176635527
1.42025,-0.815289047257859
1.4204,-0.816745724584847
1.42055,-0.8182062216918
1.4207,-0.819670551709735
1.42085,-0.821138727825662
1.421,-0.82261076328288
1.42115,-0.824086671381249
1.4213,-0.825566465477509
1.42145,-0.827050158985547
1.4216,-0.828537765376714
1.42175,-0.830029298180111
1.4219,-0.831524770982898
1.42205,-0.83302419743058
1.4222,-0.834527591227325
1.42235,-0.836034966136259
1.4225,-0.83754633597979
1.42265,-0.839061714639885
1.4228,-0.840581116058417
1.42295,-0.842104554237452
1.4231,-0.843632043239578
1.42325,-0.845163597188205
1.4234,-0.84669923026791
1.42355,-0.848238956724729
1.4237,-0.849782790866506
1.42385,-0.851330747063177
1.424,-0.852882839747158
1.42415,-0.854439083413612
1.4243,-0.855999492620821
1.42445,-0.857564081990492
1.4246,-0.859132866208116
1.42475,-0.860705860023279
1.4249,-0.862283078250024
1.42505,-0.863864535767176
1.4252,-0.8654502475187
1.42535,-0.867040228514017
1.4255,-0.868634493828395
1.42565,-0.870233058603257
1.4258,-0.871835938046562
1.42595,-0.873443147433147
1.4261,-0.875054702105075
1.42625,-0.876670617472007
1.4264,-0.87829090901156
1.42655,-0.87991559226967
1.4267,-0.88154468286095
1.42685,-0.883178196469067
1.427,-0.8848161488471
1.42715,-0.88645855581793
1.4273,-0.888105433274599
1.42745,-0.889756797180693
1.4276,-0.891412663570721
1.42775,-0.893073048550495
1.4279,-0.894737968297518
1.42805,-0.896407439061372
1.4282,-0.898081477164098
1.42835,-0.899760099000593
1.4285,-0.901443321039005
1.42865,-0.903131159821132
1.4288,-0.904823631962817
1.42895,-0.906520754154346
1.4291,-0.908222543160865
1.42925,-0.909929015822776
1.4294,-0.911640189056145
1.42955,-0.913356079853122
1.4297,-0.915076705282354
1.42985,-0.916802082489402
1.43,-0.918532228697158
1.43015,-0.920267161206264
1.4303,-0.922006897395556
1.43045,-0.923751454722469
1.4306,-0.925500850723491
1.43075,-0.927255103014572
1.4309,-0.929014229291584
1.43105,-0.930778247330744
1.4312,-0.932547174989068
1.43135,-0.934321030204809
1.4315,-0.936099830997908
1.43165,-0.937883595470445
1.4318,-0.939672341807096
1.43195,-0.941466088275583
1.4321,-0.943264853227139
1.43225,-0.945068655096973
1.4324,-0.946877512404734
1.43255,-0.948691443754974
1.4327,-0.950510467837632
1.43285,-0.952334603428504
1.433,-0.954163869389721
1.43315,-0.955998284670225
1.4333,-0.957837868306267
1.43345,-0.959682639421879
1.4336,-0.96153261722939
1.43375,-0.963387821029892
1.4339,-0.965248270213747
1.43405,-0.96711398426111
1.4342,-0.968984982742402
1.43435,-0.970861285318835
1.4345,-0.972742911742915
1.43465,-0.97462988185897
1.4348,-0.976522215603652
1.43495,-0.978419933006468
1.4351,-0.980323054190306
1.43525,-0.982231599371959
1.4354,-0.984145588862657
1.43555,-0.986065043068605
1.4357,-0.987989982491531
1.43585,-0.9899204277292
1.436,-0.991856399475994
1.43615,-0.993797918523454
1.4363,-0.995745005760812
1.43645,-0.997697682175577
1.4366,-0.999655968854081
1.43675,-1.00161988698205
1.4369,-1.00358945784516
1.43705,-1.00556470282964
1.4372,-1.00754564342283
1.43735,-1.00953230121372
1.4375,-1.01152469789364
1.43765,-1.01352285525673
1.4378,-1.01552679520063
1.43795,-1.017536539727
1.4381,-1.01955211094218
1.43825,-1.02157353105776
1.4384,-1.0236008223912
1.43855,-1.02563400736644
1.4387,-1.02767310851452
1.43885,-1.02971814847422
1.439,-1.03176914999265
1.43915,-1.03382613592589
1.4393,-1.03588912923966
1.43945,-1.0379581530099
1.4396,-1.04003323042349
1.43975,-1.0421143847788
1.4399,-1.04420163948643
1.44005,-1.04629501806984
1.4402,-1.04839454416597
1.44035,-1.05050024152596
1.4405,-1.05261213401581
1.44065,-1.05473024561704
1.4408,-1.05685460042736
1.44095,-1.0589852226614
1.4411,-1.06112213665135
1.44125,-1.06326536684768
1.4414,-1.06541493781984
1.44155,-1.06757087425696
1.4417,-1.06973320096854
1.44185,-1.0719019428852
1.442,-1.07407712505938
1.44215,-1.07625877266607
1.4423,-1.07844691100351
1.44245,-1.08064156549399
1.4426,-1.08284276168451
1.44275,-1.08505052524758
1.4429,-1.08726488198197
1.44305,-1.08948585781341
1.4432,-1.09171347879543
1.44335,-1.09394777111007
1.4435,-1.09618876106866
1.44365,-1.09843647511262
1.4438,-1.10069093981423
1.44395,-1.10295218187741
1.4441,-1.1052202281385
1.44425,-1.10749510556711
1.4444,-1.10977684126689
1.44455,-1.11206546247634
1.4447,-1.11436099656963
1.44485,-1.11666347105744
1.445,-1.11897291358776
1.44515,-1.12128935194673
1.4453,-1.12361281405954
1.44545,-1.12594332799116
1.4456,-1.12828092194731
1.44575,-1.13062562427525
1.4459,-1.13297746346466
1.44605,-1.13533646814852
1.4462,-1.137702667104
1.44635,-1.14007608925329
1.4465,-1.14245676366457
1.44665,-1.14484471955284
1.4468,-1.14723998628085
1.44695,-1.14964259336003
1.4471,-1.15205257045136
1.44725,-1.15446994736634
1.4474,-1.15689475406788
1.44755,-1.15932702067129
1.4477,-1.16176677744516
1.44785,-1.16421405481236
1.448,-1.16666888335098
1.44815,-1.16913129379528
1.4483,-1.17160131703671
1.44845,-1.17407898412482
1.4486,-1.17656432626832
1.44875,-1.17905737483602
1.4489,-1.18155816135784
1.44905,-1.18406671752585
1.4492,-1.18658307519525
1.44935,-1.18910726638543
1.4495,-1.19163932328093
1.44965,-1.19417927823258
1.4498,-1.19672716375848
1.44995,-1.19928301254507
1.4501,-1.20184685744819
1.45025,-1.20441873149414
1.4504,-1.20699866788079
1.45055,-1.20958669997865
1.4507,-1.21218286133196
1.45085,-1.21478718565979
1.451,-1.21739970685716
1.45115,-1.22002045899616
1.4513,-1.22264947632706
1.45145,-1.2252867932795
1.4516,-1.22793244446356
1.45175,-1.23058646467096
1.4519,-1.23324888887622
1.45205,-1.23591975223783
1.4522,-1.23859909009941
1.45235,-1.24128693799094
1.4525,-1.24398333162989
1.45265,-1.24668830692252
1.4528,-1.24940189996503
1.45295,-1.25212414704478
1.4531,-1.25485508464159
1.45325,-1.25759474942892
1.4534,-1.26034317827514
1.45355,-1.26310040824484
1.4537,-1.26586647660004
1.45385,-1.26864142080149
1.454,-1.27142527851001
1.45415,-1.27421808758772
1.4543,-1.27701988609942
1.45445,-1.27983071231389
1.4546,-1.28265060470517
1.45475,-1.28547960195402
1.4549,-1.28831774294916
1.45505,-1.29116506678871
1.4552,-1.29402161278152
1.45535,-1.29688742044861
1.4555,-1.29976252952451
1.45565,-1.30264697995867
1.4558,-1.30554081191696
1.45595,-1.30844406578299
1.4561,-1.31135678215964
1.45625,-1.31427900187046
1.4564,-1.31721076596115
1.45655,-1.32015211570106
1.4567,-1.32310309258463
1.45685,-1.32606373833292
1.457,-1.32903409489514
1.45715,-1.33201420445013
1.4573,-1.33500410940792
1.45745,-1.33800385241126
1.4576,-1.34101347633721
1.45775,-1.34403302429869
1.4579,-1.34706253964608
1.45805,-1.35010206596877
1.4582,-1.35315164709684
1.45835,-1.35621132710264
1.4585,-1.35928115030243
1.45865,-1.36236116125805
1.4588,-1.36545140477853
1.45895,-1.36855192592184
1.4591,-1.37166276999652
1.45925,-1.3747839825634
1.4594,-1.37791560943732
1.45955,-1.38105769668887
1.4597,-1.38421029064611
1.45985,-1.38737343789634
1.46,-1.39054718528788
1.46015,-1.39373157993185
1.4603,-1.39692666920394
1.46045,-1.40013250074631
1.4606,-1.40334912246931
1.46075,-1.40657658255341
1.4609,-1.40981492945103
1.46105,-1.41306421188843
1.4612,-1.41632447886755
1.46135,-1.41959577966798
1.4615,-1.42287816384885
1.46165,-1.42617168125079
1.4618,-1.42947638199783
1.46195,-1.43279231649944
1.4621,-1.43611953545247
1.46225,-1.43945808984316
1.4624,-1.44280803094918
1.46255,-1.44616941034163
1.4627,-1.44954227988711
1.46285,-1.45292669174981
1.463,-1.45632269839356
1.46315,-1.45973035258395
1.4633,-1.46314970739046
1.46345,-1.46658081618857
1.4636,-1.47002373266196
1.46375,-1.47347851080466
1.4639,-1.47694520492321
1.46405,-1.48042386963896
1.4642,-1.48391455989018
1.46435,-1.48741733093441
1.4645,-1.49093223835069
1.46465,-1.49445933804184
1.4648,-1.49799868623677
1.46495,-1.50155033949278
1.4651,-1.50511435469797
1.46525,-1.50869078907354
1.4654,-1.51227970017621
1.46555,-1.51588114590059
1.4657,-1.51949518448166
1.46585,-1.52312187449715
1.466,-1.52676127487005
1.46615,-1.53041344487108
1.4663,-1.53407844412122
1.46645,-1.53775633259421
1.4666,-1.54144717061909
1.46675,-1.54515101888285
1.4669,-1.54886793843291
1.46705,-1.55259799067985
1.4672,-1.55634123739996
1.46735,-1.56009774073796
1.4675,-1.56386756320966
1.46765,-1.56765076770467
1.4678,-1.57144741748914
1.46795,-1.57525757620851
1.4681,-1.57908130789028
1.46825,-1.58291867694683
1.4684,-1.58676974817823
1.46855,-1.59063458677512
1.4687,-1.59451325832155
1.46885,-1.59840582879791
1.469,-1.60231236458382
1.46915,-1.60623293246115
1.4693,-1.61016759961692
1.46945,-1.61411643364636
1.4696,-1.61807950255592
1.46975,-1.62205687476631
1.4699,-1.62604861911563
1.47005,-1.63005480486242
1.4702,-1.63407550168886
1.47035,-1.63811077970389
1.4705,-1.64216070944641
1.47065,-1.64622536188854
1.4708,-1.65030480843882
1.47095,-1.65439912094551
1.4711,-1.65850837169992
1.47125,-1.6626326334397
1.4714,-1.66677197935225
1.47155,-1.67092648307809
1.4717,-1.67509621871432
1.47185,-1.67928126081804
1.472,-1.68348168440983
1.47215,-1.68769756497733
1.4723,-1.69192897847875
1.47245,-1.69617600134644
1.4726,-1.70043871049055
1.47275,-1.70471718330262
1.4729,-1.7090114976593
1.47305,-1.71332173192609
1.4732,-1.71764796496099
1.47335,-1.72199027611839
1.4735,-1.72634874525283
1.47365,-1.73072345272284
1.4738,-1.73511447939484
1.47395,-1.7395219066471
1.4741,-1.7439458163736
1.47425,-1.74838629098812
1.4744,-1.7528434134282
1.47455,-1.75731726715923
1.4747,-1.76180793617856
1.47485,-1.76631550501962
1.475,-1.77084005875611
1.47515,-1.77538168300619
1.4753,-1.77994046393678
1.47545,-1.78451648826779
1.4756,-1.78910984327652
1.47575,-1.79372061680197
1.4759,-1.79834889724929
1.47605,-1.80299477359421
1.4762,-1.80765833538757
1.47635,-1.8123396727598
1.4765,-1.81703887642554
1.47665,-1.82175603768825
1.4768,-1.82649124844485
1.47695,-1.83124460119047
1.4771,-1.83601618902314
1.47725,-1.84080610564867
1.4774,-1.84561444538536
1.47755,-1.85044130316901
1.4777,-1.8552867745578
1.47785,-1.86015095573723
1.478,-1.8650339435252
1.47815,-1.86993583537705
1.4783,-1.87485672939067
1.47845,-1.87979672431166
1.4786,-1.88475591953859
1.47875,-1.88973441512821
1.4789,-1.89473231180079
1.47905,-1.89974971094546
1.4792,-1.90478671462564
1.47935,-1.90984342558452
1.4795,-1.91491994725052
1.47965,-1.92001638374292
1.4798,-1.92513283987745
1.47995,-1.93026942117197
1.4801,-1.93542623385219
1.48025,-1.94060338485747
1.4804,-1.94580098184665
1.48055,-1.95101913320394
1.4807,-1.95625794804487
1.48085,-1.96151753622231
1.481,-1.96679800833254
1.48115,-1.97209947572135
1.4813,-1.97742205049021
1.48145,-1.98276584550257
1.4816,-1.98813097439012
1.48175,-1.99351755155916
1.4819,-1.99892569219703
1.48205,-2.00435551227857
1.4822,-2.00980712857271
1.48235,-2.01528065864906
1.4825,-2.02077622088461
1.48265,-2.02629393447041
1.4828,-2.03183391941847
1.48295,-2.03739629656855
1.4831,-2.04298118759514
1.48325,-2.04858871501449
1.4834,-2.05421900219163
1.48355,-2.05987217334756
1.4837,-2.06554835356646
1.48385,-2.07124766880296
1.484,-2.07697024588952
1.48415,-2.08271621254385
1.4843,-2.0884856973764
1.48445,-2.09427882989797
1.4846,-2.10009574052734
1.48475,-2.105936560599
1.4849,-2.11180142237098
1.48505,-2.11769045903268
1.4852,-2.12360380471289
1.48535,-2.12954159448778
1.4855,-2.13550396438904
1.48565,-2.1414910514121
1.4858,-2.14750299352437
1.48595,-2.15353992967365
1.4861,-2.1596019997965
1.48625,-2.16568934482689
1.4864,-2.17180210670469
1.48655,-2.17794042838449
1.4867,-2.18410445384429
1.48685,-2.19029432809443
1.487,-2.19651019718657
1.48715,-2.2027522082227
1.4873,-2.20902050936435
1.48745,-2.21531524984178
1.4876,-2.22163657996331
1.48775,-2.22798465112482
1.4879,-2.23435961581918
1.48805,-2.24076162764594
1.4882,-2.24719084132104
1.48835,-2.25364741268655
1.4885,-2.26013149872071
1.48865,-2.26664325754785
1.4888,-2.27318284844853
1.48895,-2.27975043186982
1.4891,-2.28634616943553
1.48925,-2.2929702239567
1.4894,-2.29962275944215
1.48955,-2.30630394110908
1.4897,-2.31301393539387
1.48985,-2.3197529099629
1.49,-2.32652103372356
1.49015,-2.33331847683533
1.4903,-2.34014541072099
1.49045,-2.34700200807791
1.4906,-2.35388844288952
1.49075,-2.36080489043684
1.4909,-2.36775152731016
1.49105,-2.37472853142085
1.4912,-2.38173608201323
1.49135,-2.38877435967666
1.4915,-2.39584354635766
1.49165,-2.40294382537223
1.4918,-2.41007538141826
1.49195,-2.41723840058805
1.4921,-2.42443307038103
1.49225,-2.43165957971652
1.4924,-2.43891811894672
1.49255,-2.44620887986976
1.4927,-2.45353205574291
1.49285,-2.46088784129595
1.493,-2.46827643274463
1.49315,-2.47569802780436
1.4933,-2.48315282570392
1.49345,-2.49064102719943
1.4936,-2.4981628345884
1.49375,-2.50571845172391
1.4939,-2.51330808402905
1.49405,-2.52093193851137
1.4942,-2.52859022377758
1.49435,-2.53628315004836
1.4945,-2.54401092917337
1.49465,-2.55177377464631
1.4948,-2.55957190162033
1.49495,-2.56740552692341
1.4951,-2.57527486907402
1.49525,-2.58318014829691
1.4954,-2.59112158653902
1.49555,-2.59909940748569
1.4957,-2.60711383657691
1.49585,-2.61516510102378
1.496,-2.62325342982523
1.49615,-2.63137905378475
1.4963,-2.63954220552745
1.49645,-2.64774311951729
1.4966,-2.65598203207434
1.49675,-2.66425918139248
1.4969,-2.67257480755698
1.49705,-2.68092915256261
1.4972,-2.68932246033164
1.49735,-2.69775497673223
1.4975,-2.70622694959694
1.49765,-2.71473862874139
1.4978,-2.7232902659833
1.49795,-2.7318821151615
1.4981,-2.74051443215534
1.49825,-2.74918747490419
1.4984,-2.75790150342721
1.49855,-2.76665677984328
1.4987,-2.77545356839125
1.49885,-2.78429213545027
1.499,-2.79317274956044
1.49915,-2.80209568144368
1.4993,-2.81106120402472
1.49945,-2.8200695924525
1.4996,-2.82912112412162
1.49975,-2.83821607869415
1.4999,-2.84735473812163
1.50005,-2.85653738666724
1.5002,-2.86576431092841
1.50035,-2.87503579985943
1.5005,-2.88435214479449
1.50065,-2.8937136394709
1.5008,-2.90312058005251
1.50095,-2.91257326515357
1.5011,-2.92207199586258
1.50125,-2.93161707576666
1.5014,-2.94120881097605
1.50155,-2.95084751014884
1.5017,-2.96053348451612
1.50185,-2.97026704790727
1.502,-2.9800485167756
1.50215,-2.98987821022422
1.5023,-2.99975645003227
1.50245,-3.00968356068134
1.5026,-3.01965986938228
1.50275,-3.02968570610221
1.5029,-3.03976140359194
1.50305,-3.04988729741356
1.5032,-3.06006372596839
1.50335,-3.07029103052537
1.5035,-3.0805695552495
1.50365,-3.09089964723079
1.5038,-3.10128165651354
1.50395,-3.11171593612574
1.5041,-3.12220284210907
1.50425,-3.13274273354901
1.5044,-3.14333597260541
1.50455,-3.15398292454336
1.5047,-3.16468395776432
1.50485,-3.1754394438378
1.505,-3.18624975753317
1.50515,-3.19711527685194
1.5053,-3.20803638306042
1.50545,-3.21901346072257
1.5056,-3.2300468977335
1.50575,-3.24113708535307
1.5059,-3.25228441824002
1.50605,-3.26348929448644
1.5062,-3.27475211565255
1.50635,-3.28607328680201
1.5065,-3.29745321653754
1.50665,-3.30889231703685
1.5068,-3.3203910040892
1.50695,-3.33194969713209
1.5071,-3.34356881928855
1.50725,-3.35524879740481
1.5074,-3.36699006208833
1.50755,-3.37879304774632
1.5077,-3.3906581926246
1.50785,-3.402585938847
1.508,-3.41457673245514
1.50815,-3.42663102344863
1.5083,-3.43874926582578
1.50845,-3.45093191762473
1.5086,-3.46317944096496
1.50875,-3.47549230208942
1.5089,-3.48787097140706
1.50905,-3.50031592353571
1.5092,-3.51282763734567
1.50935,-3.52540659600352
1.5095,-3.53805328701671
1.50965,-3.55076820227838
1.5098,-3.5635518381128
1.50995,-3.57640469532137
1.5101,-3.58932727922896
1.51025,-3.60232009973095
1.5104,-3.61538367134068
1.51055,-3.62851851323744
1.5107,-3.64172514931505
1.51085,-3.65500410823089
1.511,-3.6683559234555
1.51115,-3.68178113332283
1.5113,-3.69528028108089
1.51145,-3.70885391494307
1.5116,-3.72250258813997
1.51175,-3.73622685897182
1.5119,-3.75002729086152
1.51205,-3.76390445240817
1.5122,-3.7778589174413
1.51235,-3.79189126507563
1.5125,-3.80600207976642
1.51265,-3.82019195136548
1.5128,-3.8344614751778
1.51295,-3.84881125201872
1.5131,-3.86324188827186
1.51325,-3.87775399594748
1.5134,-3.89234819274176
1.51355,-3.90702510209649
1.5137,-3.9217853532595
1.51385,-3.93662958134579
1.514,-3.95155842739924
1.51415,-3.96657253845507
1.5143,-3.98167256760298
1.51445,-3.99685917405085
1.5146,-4.01213302318935
1.51475,-4.02749478665703
1.5149,-4.04294514240624
1.51505,-4.05848477476982
1.5152,-4.07411437452828
1.51535,-4.08983463897798
1.5155,-4.10564627199987
1.51565,-4.12154998412896
1.5158,-4.13754649262468
1.51595,-4.15363652154188
1.5161,-4.16982080180257
1.51625,-4.18610007126854
1.5164,-4.20247507481456
1.51655,-4.21894656440265
1.5167,-4.23551529915683
1.51685,-4.25218204543886
1.517,-4.26894757692475
1.51715,-4.28581267468193
1.5173,-4.30277812724746
1.51745,-4.31984473070692
1.5176,-4.33701328877411
1.51775,-4.35428461287171
1.5179,-4.37165952221253
1.51805,-4.38913884388196
1.5182,-4.40672341292096
1.51835,-4.42441407241001
1.5185,-4.44221167355406
1.51865,-4.46011707576802
1.5188,-4.47813114676352
1.51895,-4.49625476263627
1.5191,-4.51448880795442
1.51925,-4.53283417584776
1.5194,-4.55129176809789
1.51955,-4.56986249522917
1.5197,-4.58854727660073
1.51985,-4.60734704049935
1.52,-4.62626272423309
1.52015,-4.64529527422612
1.5203,-4.66444564611422
1.52045,-4.68371480484142
1.5206,-4.70310372475747
1.52075,-4.72261338971621
1.5209,-4.74224479317499
1.52105,-4.76199893829494
1.5212,-4.78187683804226
1.52135,-4.80187951529045
1.5215,-4.82200800292348
1.52165,-4.8422633439399
1.5218,-4.86264659155792
1.52195,-4.8831588093215
1.5221,-4.90380107120737
1.52225,-4.92457446173298
1.5224,-4.94548007606548
1.52255,-4.96651902013156
1.5227,-4.98769241072841
1.52285,-5.00900137563555
1.523,-5.03044705372759
1.52315,-5.05203059508799
1.5233,-5.07375316112389
1.52345,-5.09561592468158
1.5236,-5.11762007016335
1.52375,-5.13976679364493
1.5239,-5.16205730299409
1.52405,-5.18449281799007
1.5242,-5.20707457044389
1.52435,-5.2298038043198
1.5245,-5.25268177585747
1.52465,-5.27570975369509
1.5248,-5.29888901899346
1.52495,-5.32222086556083
1.5251,-5.34570659997882
1.52525,-5.36934754172903
1.5254,-5.39314502332054
1.52555,-5.41710039041833
1.5257,-5.44121500197228
1.52585,-5.4654902303474
1.526,-5.4899274614544
1.52615,-5.51452809488126
1.5263,-5.53929354402555
1.52645,-5.56422523622723
1.5266,-5.58932461290256
1.52675,-5.61459312967829
1.5269,-5.6400322565267
1.52705,-5.66564347790119
1.5272,-5.69142829287234
1.52735,-5.7173882152648
1.5275,-5.74352477379437
1.52765,-5.76983951220576
1.5278,-5.79633398941065
1.52795,-5.82300977962628
1.5281,-5.84986847251406
1.52825,-5.87691167331902
1.5284,-5.9041410030089
1.52855,-5.93155809841384
1.5287,-5.959164612366
1.52885,-5.98696221383924
1.529,-6.01495258808899
1.52915,-6.04313743679175
1.5293,-6.07151847818476
1.52945,-6.10009744720522
1.5296,-6.12887609562915
1.52975,-6.15785619221031
1.5299,-6.18703952281811
1.53005,-6.21642789057525
1.5302,-6.24602311599465
1.53035,-6.27582703711546
1.5305,-6.30584150963845
1.53065,-6.33606840706015
1.5308,-6.36650962080595
1.53095,-6.39716706036208
1.5311,-6.42804265340576
1.53125,-6.45913834593451
1.5314,-6.49045610239306
1.53155,-6.52199790579885
1.5317,-6.55376575786538
1.53185,-6.58576167912334
1.532,-6.61798770903923
1.53215,-6.65044590613184
1.5323,-6.68313834808539
1.53245,-6.71606713185996
1.5326,-6.74923437379868
1.53275,-6.78264220973125
1.5329,-6.81629279507406
1.53305,-6.85018830492596
1.5332,-6.88433093415988
1.53335,-6.91872289750999
1.5335,-6.95336642965365
1.53365,-6.98826378528849
1.5338,-7.02341723920381
1.53395,-7.05882908634581
1.5341,-7.09450164187687
1.53425,-7.13043724122777
1.5344,-7.16663824014307
1.53455,-7.20310701471871
1.5347,-7.2398459614316
1.53485,-7.27685749716071
1.535,-7.3141440591989
1.53515,-7.35170810525543
1.5353,-7.38955211344807
1.53545,-7.42767858228443
1.5356,-7.46609003063194
1.53575,-7.50478899767568
1.5359,-7.54377804286318
1.53605,-7.58305974583625
1.5362,-7.62263670634787
1.53635,-7.66251154416412
1.5365,-7.70268689895041
1.53665,-7.74316543014005
1.5368,-7.78394981678585
1.53695,-7.82504275739204
1.5371,-7.86644696972673
1.53725,-7.90816519061301
1.5374,-7.95020017569782
1.53755,-7.99255469919756
1.5377,-8.03523155361878
1.53785,-8.07823354945242
1.538,-8.121563514841
1.53815,-8.165224295216
1.5383,-8.20921875290528
1.53845,-8.25354976670733
1.5386,-8.29822023143184
1.53875,-8.34323305740402
1.5389,-8.38859116993069
1.53905,-8.43429750872672
1.5392,-8.48035502729878
1.53935,-8.52676669228467
1.5395,-8.57353548274568
1.53965,-8.62066438940899
1.5398,-8.66815641385873
1.53995,-8.71601456767093
1.5401,-8.76424187149112
1.54025,-8.81284135405044
1.5404,-8.86181605111755
1.54055,-8.911169004382
1.5407,-8.96090326026694
1.54085,-9.01102186866536
1.541,-9.06152788159761
1.54115,-9.11242435178455
1.5413,-9.16371433113269
1.54145,-9.21540086912642
1.5416,-9.26748701112186
1.54175,-9.31997579653793
1.5419,-9.37287025693815
1.54205,-9.42617341399807
1.5422,-9.47988827735218
1.54235,-9.53401784231348
1.5425,-9.58856508745895
1.54265,-9.64353297207441
1.5428,-9.69892443345027
1.54295,-9.75474238402152
1.5431,-9.81098970834253
1.54325,-9.86766925988849
1.5434,-9.92478385767433
1.54355,-9.98233628268135
1.5437,-10.0403292740816
1.54385,-10.0987655252495
1.544,-10.1576476795485
1.54415,-10.2169783258829
1.5443,-10.276759994001
1.54445,-10.336995149537
1.5446,-10.3976861887792
1.54475,-10.4588354331482
1.5449,-10.5204451233726
1.54505,-10.582517413345
1.5452,-10.6450543636421
1.54535,-10.7080579346936
1.5455,-10.7715299795791
1.54565,-10.8354722364372
1.5458,-10.8998863204659
1.54595,-10.9647737154939
1.5461,-11.0301357651028
1.54625,-11.0959736632763
1.5464,-11.1622884445558
1.54655,-11.2290809736766
1.5467,-11.2963519346606
1.54685,-11.3641018193405
1.547,-11.432330915288
1.54715,-11.5010392931188
1.5473,-11.5702267931463
1.54745,-11.6398930113543
1.5476,-11.7100372846599
1.54775,-11.7806586754327
1.5479,-11.8517559552433
1.54805,-11.9233275878042
1.5482,-11.9953717110733
1.54835,-12.0678861184862
1.5485,-12.1408682392823
1.54865,-12.2143151178923
1.5488,-12.2882233923525
1.54895,-12.3625892717129
1.5491,-12.437408512404
1.54925,-12.5126763935322
1.5494,-12.5883876910697
1.54955,-12.6645366509102
1.5497,-12.7411169607599
1.54985,-12.8181217208396
1.55,-12.8955434133705
1.55015,-12.9733738708271
1.5503,-13.051604242935
1.55045,-13.1302249624065
1.5506,-13.209225709401
1.55075,-13.2885953747136
1.5509,-13.368322021694
1.55105,-13.4483928469106
1.5512,-13.5287941395833
1.55135,-13.6095112398149
1.5515,-13.6905284956693
1.55165,-13.7718292191493
1.5518,-13.8533956411497
1.55195,-13.9352088654729
1.5521,-14.0172488220077
1.55225,-14.0994942192045
1.5524,-14.181922495985
1.55255,-14.2645097732627
1.5527,-14.3472308052668
1.55285,-14.4300589308899
1.553,-14.5129660253176
1.55315,-14.5959224522173
1.5533,-14.6788970168106
1.55345,-14.7618569201778
1.5536,-14.8447677151865
1.55375,-14.927593264478
1.5539,-15.0102957009772
1.55405,-15.0928353914425
1.5542,-15.17517090361
1.55435,-15.2572589775271
1.5545,-15.3390545017198
1.55465,-15.4205104948695
1.5548,-15.5015780937241
1.55495,-15.5822065479943
1.5551,-15.6623432230285
1.55525,-15.7419336110804
1.5554,-15.8209213520026
1.55555,-15.899248264221
1.5557,-15.9768543868391
1.55585,-16.0536780337212
1.556,-16.1296558603796
1.55615,-16.2047229444586
1.5563,-16.2788128805622
1.55645,-16.3518578900986
1.5566,-16.4237889467384
1.55675,-16.4945359179739
1.5569,-16.5640277231407
1.55705,-16.6321925081229
1.5572,-16.6989578367894
1.55735,-16.7642508990253
1.5575,-16.8279987350149
1.55765,-16.8901284752021
1.5578,-16.9505675951224
1.55795,-17.0092441840348
1.5581,-17.0660872260321
1.55825,-17.1210268920288
1.5584,-17.1739948407694
1.55855,-17.2249245267362
1.5587,-17.2737515125891
1.55885,-17.3204137835471
1.559,-17.3648520609196
1.55915,-17.407010111828
1.5593,-17.4468350520357
1.55945,-17.4842776387218
1.5596,-17.519292550004
1.55975,-17.5518386480438
1.5599,-17.581879222649
1.56005,-17.6093822124303
1.5602,-17.6343204007721
1.56035,-17.656671584133
1.5605,-17.6764187105032
1.56065,-17.6935499862032
1.5608,-17.7080589496083
1.56095,-17.7199445108101
1.5611,-17.7292109566837
1.56125,-17.7358679212898
1.5614,-17.7399303220106
1.56155,-17.741418262275
1.5617,-17.7403569021659
1.56185,-17.7367762986113
1.562,-17.7307112172329
1.56215,-17.7222009182485
1.5623,-17.7112889191001
1.56245,-17.6980227366965
1.5626,-17.6824536123206
1.56275,-17.6646362223491
1.5629,-17.6446283779784
1.56305,-17.6224907171339
1.5632,-17.5982863916759
1.56335,-17.5720807529
1.5635,-17.5439410381788
1.56365,-17.5139360613958
1.5638,-17.4821359096085
1.56395,-17.4486116481343
1.5641,-17.4134350359963
1.56425,-17.3766782534041
1.5644,-17.3384136426745
1.56455,-17.2987134637346
1.5647,-17.2576496650926
1.56485,-17.2152936709144
1.565,-17.1717161846182
1.56515,-17.1269870091801
1.5653,-17.0811748841547
1.56545,-17.0343473392418
1.5656,-16.9865705640724
1.56575,-16.9379092937646
1.5659,-16.8884267096819
1.56605,-16.8381843547396
1.5662,-16.787242062536
1.56635,-16.7356578995229
1.5665,-16.6834881194023
1.56665,-16.6307871289032
1.5668,-16.5776074640891
1.56695,-16.5239997763424
1.5671,-16.4700128271868
1.56725,-16.4156934911223
1.5674,-16.3610867656792
1.56755,-16.3062357879207
1.5677,-16.2511818566688
1.56785,-16.1959644597549
1.568,-16.1406213056483
1.56815,-16.0851883588496
1.5683,-16.0296998784812
1.56845,-15.9741884595536
1.5686,-15.9186850764187
1.56875,-15.8632191279741
1.5689,-15.8078184842108
1.56905,-15.7525095337434
1.5692,-15.6973172319937
1.56935,-15.6422651497335
1.5695,-15.5873755217259
1.56965,-15.5326692952341
1.5698,-15.4781661781926
1.56995,-15.423884686868
1.5701,-15.3698421928507
1.57025,-15.3160549692522
1.5704,-15.2625382359919
1.57055,-15.2093062040845
1.5707,-15.1563721188497
1.57085,-15.1037483019832
1.571,-15.0514461924427
1.57115,-14.999476386109
1.5713,-14.9478486742027
1.57145,-14.8965720804345
1.5716,-14.8456548968849
1.57175,-14.7951047186133
1.5719,-14.744928476999
1.57205,-14.6951324718294
1.5722,-14.6457224021479
1.57235,-14.5967033958835
1.5725,-14.5480800382856
1.57265,-14.499856399187
1.5728,-14.4520360591276
1.57295,-14.4046221343657
1.5731,-14.3576173008088
1.57325,-14.3110238168983
1.5734,-14.2648435454785
1.57355,-14.2190779746868
1.5737,-14.1737282378954
1.57385,-14.1287951327412
1.574,-14.0842791392775
1.57415,-14.0401804372791
1.5743,-13.9964989227357
1.57445,-13.9532342235655
1.5746,-13.9103857145798
1.57475,-13.8679525317325
1.5749,-13.8259335856809
1.57505,-13.7843275746915
1.5752,-13.743132996916
1.57535,-13.7023481620673
1.5755,-13.6619712025224
1.57565,-13.6220000838764
1.5758,-13.5824326149754
1.57595,-13.5432664574497
1.5761,-13.5044991347725
1.57625,-13.4661280408661
1.5764,-13.428150448275
1.57655,-13.3905635159307
1.5767,-13.3533642965237
1.57685,-13.3165497435035
1.577,-13.2801167177254
1.57715,-13.2440619937594
1.5773,-13.2083822658804
1.57745,-13.1730741537524
1.5776,-13.1381342078247
1.57775,-13.1035589144525
1.5779,-13.0693447007568
1.57805,-13.0354879392361
1.5782,-13.001984952143
1.57835,-12.9688320156365
1.5785,-12.9360253637229
1.57865,-12.9035611919943
1.5788,-12.8714356611775
1.57895,-12.8396449004999
1.5791,-12.8081850108841
1.57925,-12.7770520679799
1.5794,-12.7462421250403
1.57955,-12.715751215652
1.5797,-12.6855753563258
1.57985,-12.655710548956
1.58,-12.6261527831541
1.58015,-12.596898038464
1.5803,-12.5679422864661
1.58045,-12.539281492773
1.5806,-12.5109116189265
1.58075,-12.4828286241979
1.5809,-12.455028467298
1.58105,-12.4275071080018
1.5812,-12.400260508692
1.58135,-12.3732846358257
1.5815,-12.3465754613284
1.58165,-12.3201289639189
1.5818,-12.2939411303698
1.58195,-12.2680079567052
1.5821,-12.2423254493417
1.58225,-12.2168896261722
1.5824,-12.1916965175992
1.58255,-12.1667421675177
1.5827,-12.1420226342513
1.58285,-12.117533991445
1.583,-12.0932723289149
1.58315,-12.0692337534591
1.5833,-12.0454143896311
1.58345,-12.0218103804774
1.5836,-11.9984178882421
1.58375,-11.9752330950393
1.5839,-11.9522522034957
1.58405,-11.9294714373655
1.5842,-11.9068870421168
1.58435,-11.8844952854949
1.5845,-11.8622924580592
1.58465,-11.8402748736995
1.5848,-11.8184388701289
1.58495,-11.7967808093577
1.5851,-11.7752970781473
1.58525,-11.7539840884459
1.5854,-11.7328382778068
1.58555,-11.7118561097905
1.5857,-11.6910340743507
1.58585,-11.670368688206
1.586,-11.6498564951971
1.58615,-11.6294940666304
1.5863,-11.6092780016099
1.58645,-11.5892049273551
1.5866,-11.5692714995093
1.58675,-11.5494744024354
1.5869,-11.5298103495015
1.58705,-11.5102760833567
1.5872,-11.4908683761966
1.58735,-11.4715840300201
1.5875,-11.4524198768768
1.58765,-11.4333727791053
1.5878,-11.4144396295646
1.58795,-11.3956173518558
1.5881,-11.3769029005369
1.58825,-11.3582932613302
1.5884,-11.3397854513214
1.58855,-11.3213765191523
1.5887,-11.3030635452066
1.58885,-11.2848436417878
1.589,-11.2667139532917
1.58915,-11.2486716563714
1.5893,-11.2307139600961
1.58945,-11.2128381061032
1.5896,-11.1950413687449
1.58975,-11.1773210552272
1.5899,-11.1596745057439
1.59005,-11.1420990936039
1.5902,-11.1245922253519
1.59035,-11.1071513408839
1.5905,-11.0897739135557
1.59065,-11.0724574502862
1.5908,-11.0551994916535
1.59095,-11.0379976119855
1.5911,-11.0208494194448
1.59125,-11.003752556106
1.5914,-10.9867046980286
1.59155,-10.9697035553223
1.5917,-10.9527468722064
1.59185,-10.9358324270633
1.592,-10.9189580324854
1.59215,-10.9021215353155
1.5923,-10.8853208166807
1.59245,-10.8685537920202
1.5926,-10.8518184111067
1.59275,-10.8351126580603
1.5929,-10.8184345513567
1.59305,-10.801782143829
1.5932,-10.7851535226611
1.59335,-10.7685468093769
1.5935,-10.7519601598203
1.59365,-10.7353917641298
1.5938,-10.718839846706
1.59395,-10.7023026661716
1.5941,-10.6857785153257
1.59425,-10.6692657210891
1.5944,-10.6527626444452
1.59455,-10.6362676803715
1.5947,-10.6197792577655
1.59485,-10.6032958393629
1.595,-10.5868159216493
1.59515,-10.5703380347639
1.5953,-10.5538607423971
1.59545,-10.5373826416802
1.5956,-10.5209023630686
1.59575,-10.5044185702176
1.5959,-10.4879299598513
1.59605,-10.4714352616241
1.5962,-10.4549332379756
1.59635,-10.4384226839786
1.5965,-10.4219024271792
1.59665,-10.4053713274314
1.5968,-10.3888282767237
1.59695,-10.372272198999
1.5971,-10.3557020499684
1.59725,-10.3391168169177
1.5974,-10.3225155185072
1.59755,-10.3058972045653
1.5977,-10.2892609558751
1.59785,-10.2726058839553
1.598,-10.255931130834
1.59815,-10.2392358688165
1.5983,-10.2225193002472
1.59845,-10.2057806572653
1.5986,-10.1890192015541
1.59875,-10.1722342240851
1.5989,-10.1554250448564
1.59905,-10.1385910126244
1.5992,-10.1217315046315
1.59935,-10.1048459263278
1.5995,-10.0879337110867
1.59965,-10.0709943199172
1.5998,-10.0540272411693
1.59995,-10.0370319902364
1.6001,-10.0200081092516
1.60025,-10.00295516678
1.6004,-9.98587275750702
1.60055,-9.96876050192168
1.6007,-9.95161804599664
1.60085,-9.93444506086376
1.601,-9.91724124248597
1.60115,-9.90000631132606
1.6013,-9.88274001201121
1.60145,-9.86544211299525
1.6016,-9.84811240621696
1.60175,-9.83075070675589
1.6019,-9.81335685248561
1.60205,-9.79593070372386
1.6022,-9.77847214288087
1.60235,-9.7609810741051
1.6025,-9.7434574229269
1.60265,-9.72590113590073
1.6028,-9.7083121802451
1.60295,-9.69069054348145
1.6031,-9.6730362330715
1.60325,-9.65534927605318
1.6034,-9.63762971867619
1.60355,-9.61987762603597
1.6037,-9.60209308170761
1.60385,-9.58427618737898
1.604,-9.56642706248338
1.60415,-9.5485458438326
1.6043,-9.53063268524926
1.60445,-9.51268775719995
1.6046,-9.4947112464282
1.60475,-9.47670335558838
1.6049,-9.45866430287993
1.60505,-9.4405943216824
1.6052,-9.42249366019176
1.60535,-9.40436258105733
1.6055,-9.38620136102048
1.60565,-9.36801029055428
1.6058,-9.34978967350487
1.60595,-9.33153982673463
1.6061,-9.31326107976681
1.60625,-9.29495377443258
1.6064,-9.27661826451969
1.60655,-9.25825491542347
1.6067,-9.23986410380047
1.60685,-9.22144621722386
1.607,-9.20300165384213
1.60715,-9.18453082203992
1.6073,-9.16603414010174
1.60745,-9.14751203587877
1.6076,-9.12896494645835
1.60775,-9.11039331783673
1.6079,-9.09179760459502
1.60805,-9.073178269578
1.6082,-9.05453578357701
1.60835,-9.03587062501537
1.6085,-9.01718327963814
1.60865,-8.99847424020488
1.6088,-8.97974400618619
1.60895,-8.96099308346432
1.6091,-8.94222198403686
1.60925,-8.92343122572506
1.6094,-8.90462133188556
1.60955,-8.88579283112593
1.6097,-8.86694625702489
1.60985,-8.84808214785573
1.61,-8.82920104631457
1.61015,-8.81030349925228
1.6103,-8.79139005741053
1.61045,-8.77246127516258
1.6106,-8.75351771025747
1.61075,-8.73455992356938
1.6109,-8.71558847885041
1.61105,-8.69660394248818
1.6112,-8.67760688326771
1.61135,-8.65859787213722
1.6115,-8.63957748197888
1.61165,-8.62054628738341
1.6118,-8.60150486442906
1.61195,-8.58245379046538
1.6121,-8.56339364390069
1.61225,-8.54432500399448
1.6124,-8.5252484506538
1.61255,-8.50616456423396
1.6127,-8.48707392534391
1.61285,-8.46797711465533
1.613,-8.4488747127168
1.61315,-8.42976729977129
1.6133,-8.41065545557883
1.61345,-8.39153975924284
1.6136,-8.37242078904067
1.61375,-8.35329912225873
1.6139,-8.33417533503124
1.61405,-8.31505000218366
1.6142,-8.29592369707973
1.61435,-8.27679699147274
1.6145,-8.2576704553611
1.61465,-8.2385446568473
1.6148,-8.21942016200158
1.61495,-8.20029753472884
1.6151,-8.18117733663973
1.61525,-8.16206012692577
1.6154,-8.14294646223775
1.61555,-8.12383689656837
1.6157,-8.10473198113847
1.61585,-8.08563226428657
1.616,-8.06653829136262
1.61615,-8.04745060462474
1.6163,-8.02836974313998
1.61645,-8.00929624268833
1.6166,-7.99023063566985
1.61675,-7.97117345101591
1.6169,-7.95212521410295
1.61705,-7.93308644667024
1.6172,-7.9140576667404
1.61735,-7.89503938854305
1.6175,-7.87603212244214
1.61765,-7.85703637486554
1.6178,-7.83805264823855
1.61795,-7.81908144091962
1.6181,-7.80012324713931
1.61825,-7.78117855694229
1.6184,-7.76224785613172
1.61855,-7.74333162621689
1.6187,-7.72443034436314
1.61885,-7.70554448334462
1.619,-7.68667451149979
1.61915,-7.66782089268914
1.6193,-7.64898408625582
1.61945,-7.63016454698841
1.6196,-7.61136272508605
1.61975,-7.59257906612638
1.6199,-7.57381401103507
1.62005,-7.55506799605831
1.6202,-7.53634145273708
1.62035,-7.51763480788342
1.6205,-7.49894848355943
1.62065,-7.48028289705757
1.6208,-7.46163846088356
1.62095,-7.44301558274078
1.6211,-7.42441466551693
1.62125,-7.40583610727243
1.6214,-7.38728030123029
1.62155,-7.36874763576843
1.6217,-7.35023849441305
1.62185,-7.33175325583414
1.622,-7.31329229384236
1.62215,-7.29485597738748
1.6223,-7.27644467055864
1.62245,-7.25805873258576
1.6226,-7.23969851784266
1.62275,-7.22136437585158
1.6229,-7.20305665128864
1.62305,-7.1847756839915
1.6232,-7.16652180896731
1.62335,-7.14829535640267
1.6235,-7.13009665167452
1.62365,-7.111926015362
1.6238,-7.09378376325991
1.62395,-7.07567020639276
1.6241,-7.05758565103039
1.62425,-7.03953039870422
1.6244,-7.02150474622452
1.62455,-7.00350898569909
1.6247,-6.9855434045521
1.62485,-6.96760828554462
1.625,-6.94970390679545
1.62515,-6.93183054180283
1.6253,-6.91398845946746
1.62545,-6.89617792411543
1.6256,-6.87839919552274
1.62575,-6.86065252893993
1.6259,-6.84293817511752
1.62605,-6.82525638033248
1.6262,-6.80760738641457
1.62635,-6.78999143077407
1.6265,-6.77240874642962
1.62665,-6.75485956203649
1.6268,-6.73734410191581
1.62695,-6.71986258608393
1.6271,-6.70241523028239
1.62725,-6.68500224600833
1.6274,-6.66762384054511
1.62755,-6.6502802169938
1.6277,-6.63297157430446
1.62785,-6.61569810730828
1.628,-6.59846000674969
1.62815,-6.58125745931892
1.6283,-6.56409064768504
1.62845,-6.54695975052874
1.6286,-6.52986494257606
1.62875,-6.51280639463183
1.6289,-6.4957842736134
1.62905,-6.47879874258493
1.6292,-6.46184996079128
1.62935,-6.4449380836927
1.6295,-6.42806326299903
1.62965,-6.41122564670463
1.6298,-6.39442537912304
1.62995,-6.37766260092173
1.6301,-6.36093744915735
1.63025,-6.34425005731045
1.6304,-6.32760055532084
1.63055,-6.31098906962264
1.6307,-6.29441572317937
1.63085,-6.2778806355194
1.631,-6.26138392277085
1.63115,-6.24492569769717
1.6313,-6.2285060697321
1.63145,-6.21212514501488
1.6316,-6.19578302642557
1.63175,-6.17947981361994
1.6319,-6.16321560306479
1.63205,-6.14699048807276
1.6322,-6.13080455883728
1.63235,-6.11465790246756
1.6325,-6.09855060302313
1.63265,-6.08248274154881
1.6328,-6.06645439610904
1.63295,-6.05046564182233
1.6331,-6.03451655089585
1.63325,-6.0186071926593
1.6334,-6.00273763359921
1.63355,-5.98690793739294
1.6337,-5.97111816494219
1.63385,-5.95536837440692
1.634,-5.93965862123871
1.63415,-5.92398895821408
1.6343,-5.9083594354678
1.63445,-5.89277010052556
1.6346,-5.87722099833716
1.63475,-5.86171217130879
1.6349,-5.84624365933574
1.63505,-5.83081549983449
1.6352,-5.81542772777477
1.63535,-5.80008037571157
1.6355,-5.78477347381651
1.63565,-5.7695070499096
1.6358,-5.75428112949033
1.63595,-5.73909573576859
1.6361,-5.72395088969578
1.63625,-5.70884660999503
1.6364,-5.69378291319192
1.63655,-5.67875981364453
1.6367,-5.66377732357315
1.63685,-5.64883545309041
1.637,-5.63393421023028
1.63715,-5.61907360097774
1.6373,-5.60425362929758
1.63745,-5.58947429716313
1.6376,-5.57473560458501
1.63775,-5.56003754963924
1.6379,-5.54538012849547
1.63805,-5.53076333544468
1.6382,-5.5161871629269
1.63835,-5.50165160155856
1.6385,-5.48715664015944
1.63865,-5.47270226577982
1.6388,-5.45828846372684
1.63895,-5.4439152175911
1.6391,-5.42958250927275
1.63925,-5.4152903190073
1.6394,-5.40103862539147
1.63955,-5.3868274054084
1.6397,-5.37265663445304
1.63985,-5.358526286357
1.64,-5.3444363334131
1.64015,-5.33038674640013
1.6403,-5.31637749460678
1.64045,-5.30240854585575
1.6406,-5.28847986652752
1.64075,-5.27459142158363
1.6409,-5.26074317459021
1.64105,-5.24693508774074
1.6412,-5.233167121879
1.64135,-5.21943923652152
1.6415,-5.20575138987985
1.64165,-5.1921035388827
1.6418,-5.17849563919767
1.64195,-5.16492764525296
1.6421,-5.15139951025865
1.64225,-5.13791118622774
1.6424,-5.12446262399728
1.64255,-5.11105377324875
1.6427,-5.09768458252873
1.64285,-5.08435499926899
1.643,-5.07106496980643
1.64315,-5.05781443940301
1.6433,-5.044603352265
1.64345,-5.03143165156258
1.6436,-5.01829927944878
1.64375,-5.00520617707826
1.6439,-4.99215228462619
1.64405,-4.97913754130641
1.6442,-4.96616188538988
1.64435,-4.95322525422256
1.6445,-4.94032758424312
1.64465,-4.92746881100074
1.6448,-4.91464886917221
1.64495,-4.90186769257927
1.6451,-4.88912521420553
1.64525,-4.87642136621309
1.6454,-4.86375607995927
1.64555,-4.85112928601275
1.6457,-4.83854091416985
1.64585,-4.82599089347039
1.646,-4.81347915221348
1.64615,-4.80100561797302
1.6463,-4.78857021761301
1.64645,-4.77617287730284
1.6466,-4.76381352253206
1.64675,-4.75149207812533
1.6469,-4.73920846825696
1.64705,-4.72696261646515
1.6472,-4.7147544456665
1.64735,-4.70258387816971
1.6475,-4.69045083568971
1.64765,-4.67835523936121
1.6478,-4.66629700975208
1.64795,-4.65427606687692
1.6481,-4.64229233020994
1.64825,-4.63034571869812
1.6484,-4.61843615077391
1.64855,-4.60656354436782
1.6487,-4.59472781692099
1.64885,-4.58292888539737
1.649,-4.57116666629591
1.64915,-4.55944107566254
1.6493,-4.54775202910183
1.64945,-4.53609944178881
1.6496,-4.5244832284803
1.64975,-4.51290330352636
1.6499,-4.50135958088138
1.65005,-4.48985197411505
1.6502,-4.47838039642336
1.65035,-4.46694476063911
1.6505,-4.45554497924272
1.65065,-4.44418096437244
1.6508,-4.43285262783465
1.65095,-4.42155988111412
1.6511,-4.41030263538375
1.65125,-4.39908080151466
1.6514,-4.38789429008575
1.65155,-4.37674301139319
1.6517,-4.36562687546007
1.65185,-4.35454579204541
1.652,-4.34349967065356
1.65215,-4.33248842054306
1.6523,-4.32151195073556
1.65245,-4.31057017002469
1.6526,-4.29966298698445
1.65275,-4.28879030997801
1.6529,-4.2779520471659
1.65305,-4.26714810651425
1.6532,-4.25637839580308
1.65335,-4.2456428226341
1.6535,-4.23494129443884
1.65365,-4.22427371848625
1.6538,-4.21364000189034
1.65395,-4.20304005161791
1.6541,-4.19247377449578
1.65425,-4.18194107721822
1.6544,-4.17144186635404
1.65455,-4.16097604835387
1.6547,-4.15054352955699
1.65485,-4.14014421619819
1.655,-4.12977801441466
1.65515,-4.11944483025256
1.6553,-4.10914456967362
1.65545,-4.09887713856162
1.6556,-4.08864244272866
1.65575,-4.07844038792153
1.6559,-4.06827087982776
1.65605,-4.05813382408176
1.6562,-4.04802912627075
1.65635,-4.03795669194063
1.6565,-4.02791642660176
1.65665,-4.01790823573463
1.6568,-4.00793202479543
1.65695,-3.99798769922164
1.6571,-3.98807516443729
1.65725,-3.97819432585845
1.6574,-3.96834508889826
1.65755,-3.95852735897231
1.6577,-3.94874104150352
1.65785,-3.93898604192715
1.658,-3.9292622656958
1.65815,-3.91956961828406
1.6583,-3.90990800519337
1.65845,-3.90027733195665
1.6586,-3.89067750414278
1.65875,-3.88110842736121
1.6589,-3.87157000726628
1.65905,-3.86206214956167
1.6592,-3.85258476000458
1.65935,-3.84313774440991
1.6595,-3.83372100865446
1.65965,-3.82433445868089
1.6598,-3.81497800050176
1.65995,-3.80565154020347
1.6601,-3.79635498394992
1.66025,-3.78708823798648
1.6604,-3.77785120864356
1.66055,-3.76864380234033
1.6607,-3.75946592558825
1.66085,-3.7503174849945
1.661,-3.74119838726559
1.66115,-3.73210853921051
1.6613,-3.72304784774429
1.66145,-3.71401621989108
1.6616,-3.70501356278735
1.66175,-3.69603978368513
1.6619,-3.68709478995496
1.66205,-3.67817848908898
1.6622,-3.66929078870389
1.66235,-3.66043159654377
1.6625,-3.65160082048301
1.66265,-3.64279836852905
1.6628,-3.63402414882517
1.66295,-3.62527806965304
1.6631,-3.61656003943554
1.66325,-3.60786996673921
1.6634,-3.59920776027672
1.66355,-3.59057332890953
1.6637,-3.58196658165009
1.66385,-3.57338742766443
1.664,-3.56483577627433
1.66415,-3.55631153695962
1.6643,-3.54781461936051
1.66445,-3.53934493327962
1.6646,-3.53090238868424
1.66475,-3.5224868957084
1.6649,-3.51409836465481
1.66505,-3.50573670599705
1.6652,-3.49740183038131
1.66535,-3.4890936486285
1.6655,-3.48081207173605
1.66565,-3.47255701087963
1.6658,-3.46432837741518
1.66595,-3.45612608288042
1.6661,-3.44795003899669
1.66625,-3.43980015767064
1.6664,-3.43167635099574
1.66655,-3.42357853125401
1.6667,-3.41550661091745
1.66685,-3.4074605026497
1.667,-3.39944011930741
1.66715,-3.39144537394166
1.6673,-3.38347617979954
1.66745,-3.37553245032531
1.6676,-3.3676140991619
1.66775,-3.35972104015217
1.6679,-3.35185318734014
1.66805,-3.34401045497228
1.6682,-3.33619275749868
1.66835,-3.32840000957426
1.6685,-3.32063212605993
1.66865,-3.3128890220236
1.6688,-3.30517061274139
1.66895,-3.29747681369859
1.6691,-3.28980754059071
1.66925,-3.28216270932453
1.6694,-3.27454223601894
1.66955,-3.26694603700598
1.6697,-3.25937402883168
1.66985,-3.25182612825699
1.67,-3.24430225225865
1.67015,-3.23680231802988
1.6703,-3.22932624298137
1.67045,-3.22187394474188
1.6706,-3.21444534115911
1.67075,-3.20704035030033
1.6709,-3.19965889045317
1.67105,-3.19230088012622
1.6712,-3.18496623804968
1.67135,-3.17765488317605
1.6715,-3.17036673468064
1.67165,-3.16310171196222
1.6718,-3.15585973464357
1.67195,-3.14864072257193
1.6721,-3.14144459581965
1.67225,-3.13427127468454
1.6724,-3.12712067969045
1.67255,-3.11999273158765
1.6727,-3.11288735135327
1.67285,-3.10580446019173
1.673,-3.09874397953512
1.67315,-3.09170583104352
1.6733,-3.08468993660544
1.67345,-3.07769621833806
1.6736,-3.07072459858758
1.67375,-3.06377499992951
1.6739,-3.05684734516896
1.67405,-3.04994155734087
1.6742,-3.04305755971022
1.67435,-3.03619527577236
1.6745,-3.02935462925307
1.67465,-3.02253554410886
1.6748,-3.01573794452712
1.67495,-3.0089617549262
1.6751,-3.00220689995567
1.67525,-2.99547330449632
1.6754,-2.98876089366038
1.67555,-2.98206959279155
1.6757,-2.97539932746506
1.67585,-2.96875002348781
1.676,-2.96212160689833
1.67615,-2.95551400396691
1.6763,-2.94892714119554
1.67645,-2.94236094531795
1.6766,-2.93581534329963
1.67675,-2.92929026233774
1.6769,-2.92278562986119
1.67705,-2.9163013735305
1.6772,-2.90983742123774
1.67735,-2.90339370110658
1.6775,-2.89697014149205
1.67765,-2.89056667098057
1.6778,-2.88418321838978
1.67795,-2.87781971276844
1.6781,-2.87147608339633
1.67825,-2.86515225978406
1.6784,-2.85884817167299
1.67855,-2.852563749035
1.6787,-2.84629892207235
1.67885,-2.84005362121756
1.679,-2.83382777713305
1.67915,-2.82762132071119
1.6793,-2.82143418307384
1.67945,-2.8152662955723
1.6796,-2.80911758978704
1.67975,-2.80298799752739
1.6799,-2.79687745083143
1.68005,-2.79078588196557
1.6802,-2.78471322342444
1.68035,-2.77865940793053
1.6805,-2.77262436843392
1.68065,-2.76660803811203
1.6808,-2.76061035036924
1.68095,-2.7546312388367
1.6811,-2.74867063737192
1.68125,-2.74272848005849
1.6814,-2.73680470120578
1.68155,-2.73089923534852
1.6817,-2.72501201724655
1.68185,-2.71914298188445
1.682,-2.71329206447111
1.68215,-2.70745920043951
1.6823,-2.70164432544617
1.68245,-2.69584737537095
1.6826,-2.69006828631658
1.68275,-2.68430699460822
1.6829,-2.67856343679322
1.68305,-2.67283754964055
1.6832,-2.66712927014052
1.68335,-2.66143853550434
1.6835,-2.65576528316362
1.68365,-2.65010945077009
1.6838,-2.64447097619503
1.68395,-2.63884979752895
1.6841,-2.63324585308113
1.68425,-2.62765908137906
1.6844,-2.62208942116821
1.68455,-2.61653681141135
1.6847,-2.61100119128826
1.68485,-2.60548250019522
1.685,-2.59998067774447
1.68515,-2.59449566376387
1.6853,-2.58902739829631
1.68545,-2.58357582159931
1.6856,-2.57814087414451
1.68575,-2.57272249661716
1.6859,-2.56732062991569
1.68605,-2.56193521515112
1.6862,-2.5565661936467
1.68635,-2.55121350693729
1.6865,-2.54587709676887
1.68665,-2.54055690509813
1.6868,-2.53525287409184
1.68695,-2.52996494612639
1.6871,-2.5246930637873
1.68725,-2.51943716986862
1.6874,-2.51419720737252
1.68755,-2.50897311950864
1.6877,-2.50376484969367
1.68785,-2.49857234155073
1.688,-2.49339553890892
1.68815,-2.48823438580271
1.6883,-2.48308882647143
1.68845,-2.47795880535878
1.6886,-2.47284426711217
1.68875,-2.46774515658229
1.6889,-2.46266141882252
1.68905,-2.45759299908832
1.6892,-2.4525398428368
1.68935,-2.44750189572605
1.6895,-2.44247910361466
1.68965,-2.43747141256116
1.6898,-2.43247876882335
1.68995,-2.42750111885794
1.6901,-2.42253840931977
1.69025,-2.41759058706144
1.6904,-2.41265759913258
1.69055,-2.40773939277939
1.6907,-2.40283591544404
1.69085,-2.3979471147641
1.691,-2.39307293857194
1.69115,-2.38821333489422
1.6913,-2.38336825195125
1.69145,-2.37853763815649
1.6916,-2.37372144211586
1.69175,-2.3689196126273
1.6919,-2.36413209868011
1.69205,-2.35935884945436
1.6922,-2.35459981432037
1.69235,-2.34985494283808
1.6925,-2.34512418475649
1.69265,-2.3404074900131
1.6928,-2.33570480873325
1.69295,-2.33101609122965
1.6931,-2.32634128800169
1.69325,-2.32168034973491
1.6934,-2.31703322730046
1.69355,-2.31239987175437
1.6937,-2.30778023433715
1.69385,-2.30317426647305
1.694,-2.29858191976956
1.69415,-2.2940031460168
1.6943,-2.28943789718691
1.69445,-2.28488612543353
1.6946,-2.28034778309112
1.69475,-2.27582282267446
1.6949,-2.27131119687801
1.69505,-2.26681285857532
1.6952,-2.26232776081849
1.69535,-2.25785585683754
1.6955,-2.25339710003984
1.69565,-2.2489514440095
1.6958,-2.24451884250683
1.69595,-2.24009924946772
1.6961,-2.23569261900304
1.69625,-2.23129890539808
1.6964,-2.22691806311196
1.69655,-2.22255004677705
1.6967,-2.21819481119836
1.69685,-2.21385231135297
1.697,-2.20952250238947
1.69715,-2.20520533962729
1.6973,-2.20090077855624
1.69745,-2.19660877483585
1.6976,-2.19232928429476
1.69775,-2.18806226293024
1.6979,-2.18380766690747
1.69805,-2.17956545255909
1.6982,-2.17533557638456
1.69835,-2.17111799504955
1.6985,-2.16691266538543
1.69865,-2.16271954438862
1.6988,-2.15853858922006
1.69895,-2.15436975720462
1.6991,-2.15021300583052
1.69925,-2.14606829274876
1.6994,-2.14193557577251
1.69955,-2.13781481287659
1.6997,-2.13370596219689
1.69985,-2.12960898202973
1.7,-2.12552383083137
