"Freq [GHz]","dB(S(1,1)) []"
1.4,-0.672308765836892
1.40015,-0.673448574320392
1.4003,-0.674591234553908
1.40045,-0.675736755898799
1.4006,-0.676885147754178
1.40075,-0.67803641955705
1.4009,-0.67919058078252
1.40105,-0.680347640943987
1.4012,-0.681507609593299
1.40135,-0.682670496320969
1.4015,-0.683836310756339
1.40165,-0.685005062567784
1.4018,-0.6861767614629
1.40195,-0.687351417188678
1.4021,-0.688529039531718
1.40225,-0.689709638318406
1.4024,-0.69089322341512
1.40255,-0.692079804728414
1.4027,-0.693269392205218
1.40285,-0.69446199583303
1.403,-0.69565762564013
1.40315,-0.69685629169576
1.4033,-0.698058004110337
1.40345,-0.699262773035649
1.4036,-0.700470608665058
1.40375,-0.701681521233705
1.4039,-0.702895521018721
1.40405,-0.704112618339419
1.4042,-0.705332823557516
1.40435,-0.706556147077336
1.4045,-0.707782599346012
1.40465,-0.709012190853707
1.4048,-0.710244932133826
1.40495,-0.711480833763228
1.4051,-0.712719906362434
1.40525,-0.713962160595851
1.4054,-0.715207607171986
1.40555,-0.716456256843666
1.4057,-0.717708120408256
1.40585,-0.718963208707873
1.406,-0.720221532629631
1.40615,-0.721483103105837
1.4063,-0.722747931114225
1.40645,-0.724016027678199
1.4066,-0.725287403867036
1.40675,-0.726562070796121
1.4069,-0.72784003962719
1.40705,-0.729121321568548
1.4072,-0.730405927875308
1.40735,-0.731693869849619
1.4075,-0.732985158840908
1.40765,-0.734279806246115
1.4078,-0.735577823509927
1.40795,-0.736879222125032
1.4081,-0.738184013632332
1.40825,-0.739492209621212
1.4084,-0.740803821729775
1.40855,-0.742118861645086
1.4087,-0.743437341103417
1.40885,-0.744759271890498
1.409,-0.746084665841764
1.40915,-0.74741353484261
1.4093,-0.748745890828643
1.40945,-0.750081745785934
1.4096,-0.751421111751273
1.40975,-0.752764000812422
1.4099,-0.754110425108388
1.41005,-0.755460396829667
1.4102,-0.756813928218513
1.41035,-0.758171031569211
1.4105,-0.75953171922831
1.41065,-0.76089600359493
1.4108,-0.762263897121001
1.41095,-0.763635412311543
1.4111,-0.765010561724943
1.41125,-0.766389357973207
1.4114,-0.767771813722261
1.41155,-0.769157941692203
1.4117,-0.770547754657603
1.41185,-0.77194126544776
1.412,-0.773338486947003
1.41215,-0.774739432094957
1.4123,-0.776144113886841
1.41245,-0.777552545373738
1.4126,-0.778964739662904
1.41275,-0.780380709918044
1.4129,-0.781800469359592
1.41305,-0.783224031265033
1.4132,-0.784651408969178
1.41335,-0.786082615864452
1.4135,-0.787517665401226
1.41365,-0.788956571088075
1.4138,-0.790399346492112
1.41395,-0.791846005239276
1.4141,-0.793296561014647
1.41425,-0.794751027562741
1.4144,-0.796209418687832
1.41455,-0.797671748254249
1.4147,-0.799138030186709
1.41485,-0.800608278470614
1.415,-0.802082507152378
1.41515,-0.80356073033974
1.4153,-0.805042962202079
1.41545,-0.806529216970762
1.4156,-0.80801950893943
1.41575,-0.809513852464372
1.4159,-0.811012261964804
1.41605,-0.812514751923231
1.4162,-0.814021336885775
1.41635,-0.81553203146251
1.4165,-0.817046850327779
1.41665,-0.818565808220568
1.4168,-0.820088919944816
1.41695,-0.821616200369777
1.4171,-0.823147664430351
1.41725,-0.824683327127449
1.4174,-0.826223203528322
1.41755,-0.827767308766925
1.4177,-0.829315658044272
1.41785,-0.830868266628783
1.418,-0.832425149856649
1.41815,-0.833986323132198
1.4183,-0.835551801928235
1.41845,-0.837121601786436
1.4186,-0.838695738317691
1.41875,-0.840274227202489
1.4189,-0.841857084191288
1.41905,-0.843444325104874
1.4192,-0.845035965834759
1.41935,-0.846632022343543
1.4195,-0.848232510665302
1.41965,-0.849837446905974
1.4198,-0.851446847243739
1.41995,-0.853060727929407
1.4201,-0.854679105286817
1.42025,-0.856301995713221
1.4204,-0.857929415679683
1.42055,-0.859561381731485
1.4207,-0.861197910488503
1.42085,-0.862839018645638
1.421,-0.864484722973216
1.42115,-0.866135040317381
1.4213,-0.86778998760052
1.42145,-0.869449581821666
1.4216,-0.871113840056929
1.42175,-0.872782779459898
1.4219,-0.87445641726208
1.42205,-0.876134770773302
1.4222,-0.877817857382153
1.42235,-0.879505694556415
1.4225,-0.881198299843485
1.42265,-0.882895690870817
1.4228,-0.884597885346359
1.42295,-0.886304901058988
1.4231,-0.888016755878955
1.42325,-0.889733467758344
1.4234,-0.891455054731499
1.42355,-0.893181534915493
1.4237,-0.894912926510577
1.42385,-0.896649247800633
1.424,-0.898390517153635
1.42415,-0.90013675302213
1.4243,-0.901887973943683
1.42445,-0.903644198541348
1.4246,-0.905405445524153
1.42475,-0.907171733687573
1.4249,-0.908943081913995
1.42505,-0.910719509173224
1.4252,-0.912501034522937
1.42535,-0.914287677109194
1.4255,-0.916079456166928
1.42565,-0.917876391020428
1.4258,-0.919678501083841
1.42595,-0.921485805861681
1.4261,-0.923298324949319
1.42625,-0.9251160780335
1.4264,-0.926939084892847
1.42655,-0.928767365398396
1.4267,-0.93060093951407
1.42685,-0.932439827297244
1.427,-0.934284048899248
1.42715,-0.936133624565891
1.4273,-0.937988574638008
1.42745,-0.939848919551978
1.4276,-0.941714679840273
1.42775,-0.943585876131984
1.4279,-0.945462529153399
1.42805,-0.947344659728507
1.4282,-0.949232288779582
1.42835,-0.951125437327749
1.4285,-0.953024126493483
1.42865,-0.954928377497257
1.4288,-0.956838211660037
1.42895,-0.958753650403893
1.4291,-0.960674715252561
1.42925,-0.962601427832025
1.4294,-0.964533809871088
1.42955,-0.966471883201975
1.4297,-0.968415669760911
1.42985,-0.970365191588725
1.43,-0.972320470831426
1.43015,-0.974281529740832
1.4303,-0.976248390675171
1.43045,-0.97822107609966
1.4306,-0.980199608587168
1.43075,-0.982184010818793
1.4309,-0.984174305584501
1.43105,-0.986170515783764
1.4312,-0.988172664426161
1.43135,-0.99018077463204
1.4315,-0.992194869633145
1.43165,-0.994214972773264
1.4318,-0.996241107508863
1.43195,-0.998273297409761
1.4321,-1.00031156615977
1.43225,-1.00235593755737
1.4324,-1.00440643551634
1.43255,-1.00646308406648
1.4327,-1.00852590735424
1.43285,-1.01059492964344
1.433,-1.01267017531589
1.43315,-1.01475166887218
1.4333,-1.01683943493224
1.43345,-1.01893349823617
1.4336,-1.02103388364486
1.43375,-1.02314061614072
1.4339,-1.02525372082838
1.43405,-1.02737322293545
1.4342,-1.02949914781318
1.43435,-1.03163152093723
1.4345,-1.0337703679084
1.43465,-1.03591571445333
1.4348,-1.0380675864253
1.43495,-1.04022600980492
1.4351,-1.04239101070091
1.43525,-1.04456261535088
1.4354,-1.04674085012203
1.43555,-1.04892574151199
1.4357,-1.05111731614953
1.43585,-1.05331560079538
1.436,-1.05552062234301
1.43615,-1.0577324078194
1.4363,-1.05995098438583
1.43645,-1.06217637933871
1.4366,-1.06440862011039
1.43675,-1.06664773426991
1.4369,-1.0688937495239
1.43705,-1.07114669371733
1.4372,-1.0734065948344
1.43735,-1.07567348099933
1.4375,-1.07794738047721
1.43765,-1.08022832167486
1.4378,-1.08251633314168
1.43795,-1.08481144357048
1.4381,-1.0871136817984
1.43825,-1.08942307680772
1.4384,-1.09173965772677
1.43855,-1.09406345383079
1.4387,-1.09639449454286
1.43885,-1.09873280943475
1.439,-1.10107842822785
1.43915,-1.10343138079406
1.4393,-1.1057916971567
1.43945,-1.10815940749148
1.4396,-1.11053454212734
1.43975,-1.11291713154746
1.4399,-1.11530720639017
1.44005,-1.1177047974499
1.4402,-1.12010993567813
1.44035,-1.12252265218435
1.4405,-1.12494297823703
1.44065,-1.12737094526461
1.4408,-1.12980658485645
1.44095,-1.13224992876385
1.4411,-1.13470100890101
1.44125,-1.13715985734607
1.4414,-1.1396265063421
1.44155,-1.14210098829811
1.4417,-1.14458333579009
1.44185,-1.14707358156203
1.442,-1.14957175852698
1.44215,-1.15207789976805
1.4423,-1.15459203853953
1.44245,-1.1571142082679
1.4426,-1.1596444425529
1.44275,-1.16218277516865
1.4429,-1.1647292400647
1.44305,-1.16728387136712
1.4432,-1.16984670337963
1.44335,-1.17241777058468
1.4435,-1.17499710764457
1.44365,-1.17758474940259
1.4438,-1.18018073088416
1.44395,-1.18278508729794
1.4441,-1.185397854037
1.44425,-1.18801906667997
1.4444,-1.19064876099222
1.44455,-1.19328697292705
1.4447,-1.19593373862681
1.44485,-1.19858909442415
1.445,-1.20125307684323
1.44515,-1.20392572260087
1.4453,-1.20660706860782
1.44545,-1.20929715196999
1.4456,-1.21199600998965
1.44575,-1.21470368016669
1.4459,-1.21742020019993
1.44605,-1.22014560798827
1.4462,-1.2228799416321
1.44635,-1.22562323943446
1.4465,-1.22837553990243
1.44665,-1.23113688174837
1.4468,-1.23390730389127
1.44695,-1.23668684545806
1.4471,-1.23947554578491
1.44725,-1.24227344441864
1.4474,-1.24508058111803
1.44755,-1.24789699585516
1.4477,-1.25072272881685
1.44785,-1.25355782040597
1.448,-1.2564023112429
1.44815,-1.25925624216686
1.4483,-1.2621196542374
1.44845,-1.26499258873579
1.4486,-1.26787508716643
1.44875,-1.27076719125836
1.4489,-1.27366894296665
1.44905,-1.2765803844739
1.4492,-1.27950155819176
1.44935,-1.28243250676235
1.4495,-1.28537327305977
1.44965,-1.2883239001917
1.4498,-1.29128443150081
1.44995,-1.29425491056636
1.4501,-1.29723538120577
1.45025,-1.30022588747611
1.4504,-1.30322647367572
1.45055,-1.30623718434581
1.4507,-1.30925806427201
1.45085,-1.31228915848601
1.451,-1.31533051226716
1.45115,-1.31838217114414
1.4513,-1.32144418089655
1.45145,-1.32451658755665
1.4516,-1.32759943741093
1.45175,-1.33069277700188
1.4519,-1.33379665312964
1.45205,-1.33691111285374
1.4522,-1.34003620349481
1.45235,-1.3431719726363
1.4525,-1.34631846812626
1.45265,-1.34947573807909
1.4528,-1.35264383087732
1.45295,-1.35582279517342
1.4531,-1.35901267989155
1.45325,-1.36221353422947
1.4534,-1.36542540766027
1.45355,-1.3686483499343
1.4537,-1.371882411081
1.45385,-1.37512764141079
1.454,-1.37838409151694
1.45415,-1.3816518122775
1.4543,-1.3849308548572
1.45445,-1.38822127070942
1.4546,-1.3915231115781
1.45475,-1.39483642949977
1.4549,-1.39816127680544
1.45505,-1.4014977061227
1.4552,-1.40484577037767
1.45535,-1.40820552279704
1.4555,-1.41157701691016
1.45565,-1.41496030655102
1.4558,-1.41835544586041
1.45595,-1.42176248928799
1.4561,-1.42518149159439
1.45625,-1.42861250785333
1.4564,-1.43205559345381
1.45655,-1.43551080410224
1.4567,-1.43897819582462
1.45685,-1.44245782496876
1.457,-1.44594974820649
1.45715,-1.44945402253586
1.4573,-1.45297070528343
1.45745,-1.45649985410656
1.4576,-1.46004152699562
1.45775,-1.46359578227638
1.4579,-1.46716267861229
1.45805,-1.47074227500682
1.4582,-1.47433463080586
1.45835,-1.47793980570006
1.4585,-1.48155785972726
1.45865,-1.4851888532749
1.4588,-1.48883284708247
1.45895,-1.49248990224393
1.4591,-1.49616008021026
1.45925,-1.4998434427919
1.4594,-1.50354005216132
1.45955,-1.5072499708555
1.4597,-1.51097326177856
1.45985,-1.51470998820429
1.46,-1.51846021377878
1.46015,-1.52222400252305
1.4603,-1.52600141883569
1.46045,-1.52979252749552
1.4606,-1.53359739366429
1.46075,-1.53741608288939
1.4609,-1.5412486611066
1.46105,-1.54509519464284
1.4612,-1.54895575021891
1.46135,-1.55283039495237
1.4615,-1.55671919636033
1.46165,-1.56062222236227
1.4618,-1.56453954128297
1.46195,-1.56847122185536
1.4621,-1.57241733322348
1.46225,-1.57637794494542
1.4624,-1.58035312699625
1.46255,-1.58434294977109
1.4627,-1.58834748408805
1.46285,-1.59236680119132
1.463,-1.59640097275428
1.46315,-1.6004500708825
1.4633,-1.60451416811697
1.46345,-1.60859333743713
1.4636,-1.6126876522642
1.46375,-1.61679718646423
1.4639,-1.62092201435143
1.46405,-1.62506221069139
1.4642,-1.62921785070437
1.46435,-1.63338901006861
1.4645,-1.63757576492366
1.46465,-1.64177819187381
1.4648,-1.64599636799139
1.46495,-1.65023037082027
1.4651,-1.65448027837928
1.46525,-1.65874616916574
1.4654,-1.6630281221589
1.46555,-1.66732621682355
1.4657,-1.67164053311359
1.46585,-1.67597115147557
1.466,-1.68031815285242
1.46615,-1.68468161868706
1.4663,-1.68906163092611
1.46645,-1.69345827202362
1.4666,-1.69787162494483
1.46675,-1.70230177316999
1.4669,-1.70674880069817
1.46705,-1.71121279205109
1.4672,-1.7156938322771
1.46735,-1.720192006955
1.4675,-1.72470740219809
1.46765,-1.72924010465812
1.4678,-1.73379020152936
1.46795,-1.73835778055261
1.4681,-1.74294293001936
1.46825,-1.74754573877587
1.4684,-1.75216629622741
1.46855,-1.75680469234243
1.4687,-1.7614610176568
1.46885,-1.7661353632781
1.469,-1.77082782088998
1.46915,-1.77553848275645
1.4693,-1.78026744172636
1.46945,-1.78501479123775
1.4696,-1.78978062532241
1.46975,-1.79456503861031
1.4699,-1.79936812633424
1.47005,-1.80418998433433
1.4702,-1.80903070906275
1.47035,-1.81389039758833
1.4705,-1.81876914760133
1.47065,-1.82366705741815
1.4708,-1.82858422598616
1.47095,-1.83352075288858
1.4711,-1.83847673834928
1.47125,-1.84345228323778
1.4714,-1.84844748907423
1.47155,-1.85346245803437
1.4717,-1.85849729295467
1.47185,-1.8635520973374
1.472,-1.86862697535575
1.47215,-1.87372203185911
1.4723,-1.87883737237829
1.47245,-1.88397310313077
1.4726,-1.88912933102613
1.47275,-1.89430616367136
1.4729,-1.89950370937635
1.47305,-1.90472207715935
1.4732,-1.90996137675257
1.47335,-1.91522171860769
1.4735,-1.92050321390154
1.47365,-1.9258059745418
1.4738,-1.93113011317273
1.47395,-1.93647574318097
1.4741,-1.9418429787014
1.47425,-1.94723193462301
1.4744,-1.95264272659488
1.47455,-1.9580754710322
1.4747,-1.96353028512233
1.47485,-1.96900728683087
1.475,-1.97450659490793
1.47515,-1.98002832889429
1.4753,-1.98557260912772
1.47545,-1.99113955674933
1.4756,-1.99672929370996
1.47575,-2.00234194277669
1.4759,-2.00797762753929
1.47605,-2.0136364724169
1.4762,-2.01931860266459
1.47635,-2.02502414438014
1.4765,-2.03075322451077
1.47665,-2.03650597086
1.4768,-2.04228251209451
1.47695,-2.04808297775114
1.4771,-2.05390749824392
1.47725,-2.05975620487112
1.4774,-2.06562922982246
1.47755,-2.0715267061863
1.4777,-2.07744876795696
1.47785,-2.08339555004205
1.478,-2.08936718826994
1.47815,-2.09536381939725
1.4783,-2.10138558111637
1.47845,-2.10743261206319
1.4786,-2.11350505182475
1.47875,-2.11960304094707
1.4789,-2.12572672094298
1.47905,-2.13187623430007
1.4792,-2.1380517244887
1.47935,-2.14425333597009
1.4795,-2.15048121420446
1.47965,-2.15673550565934
1.4798,-2.16301635781779
1.47995,-2.1693239191869
1.4801,-2.17565833930619
1.48025,-2.18201976875622
1.4804,-2.18840835916721
1.48055,-2.19482426322777
1.4807,-2.20126763469371
1.48085,-2.20773862839695
1.481,-2.21423740025446
1.48115,-2.22076410727738
1.4813,-2.22731890758009
1.48145,-2.23390196038956
1.4816,-2.24051342605459
1.48175,-2.24715346605527
1.4819,-2.25382224301248
1.48205,-2.26051992069752
1.4822,-2.26724666404175
1.48235,-2.27400263914644
1.4825,-2.28078801329264
1.48265,-2.28760295495114
1.4828,-2.29444763379258
1.48295,-2.30132222069759
1.4831,-2.30822688776711
1.48325,-2.31516180833274
1.4834,-2.32212715696725
1.48355,-2.32912310949512
1.4837,-2.33614984300324
1.48385,-2.34320753585174
1.484,-2.35029636768484
1.48415,-2.35741651944185
1.4843,-2.36456817336837
1.48445,-2.37175151302737
1.4846,-2.37896672331065
1.48475,-2.38621399045024
1.4849,-2.39349350202993
1.48505,-2.40080544699702
1.4852,-2.408150015674
1.48535,-2.41552739977057
1.4855,-2.4229377923956
1.48565,-2.4303813880693
1.4858,-2.43785838273548
1.48595,-2.44536897377394
1.4861,-2.45291336001297
1.48625,-2.46049174174201
1.4864,-2.46810432072442
1.48655,-2.47575130021036
1.4867,-2.48343288494982
1.48685,-2.49114928120574
1.487,-2.49890069676737
1.48715,-2.50668734096362
1.4873,-2.51450942467667
1.48745,-2.52236716035563
1.4876,-2.53026076203036
1.48775,-2.53819044532551
1.4879,-2.54615642747454
1.48805,-2.55415892733407
1.4882,-2.56219816539824
1.48835,-2.5702743638132
1.4885,-2.57838774639195
1.48865,-2.58653853862905
1.4888,-2.59472696771569
1.48895,-2.60295326255487
1.4891,-2.61121765377659
1.48925,-2.61952037375345
1.4894,-2.62786165661621
1.48955,-2.63624173826957
1.4897,-2.64466085640816
1.48985,-2.65311925053257
1.49,-2.66161716196573
1.49015,-2.67015483386931
1.4903,-2.6787325112603
1.49045,-2.68735044102785
1.4906,-2.69600887195025
1.49075,-2.70470805471198
1.4909,-2.71344824192113
1.49105,-2.72222968812683
1.4912,-2.73105264983697
1.49135,-2.73991738553604
1.4915,-2.74882415570318
1.49165,-2.75777322283043
1.4918,-2.76676485144119
1.49195,-2.77579930810879
1.4921,-2.78487686147535
1.49225,-2.79399778227075
1.4924,-2.80316234333194
1.49255,-2.81237081962225
1.4927,-2.82162348825112
1.49285,-2.83092062849386
1.493,-2.84026252181169
1.49315,-2.84964945187206
1.4933,-2.85908170456909
1.49345,-2.86855956804421
1.4936,-2.87808333270716
1.49375,-2.88765329125703
1.4939,-2.89726973870367
1.49405,-2.90693297238925
1.4942,-2.91664329201011
1.49435,-2.92640099963877
1.4945,-2.93620639974622
1.49465,-2.94605979922443
1.4948,-2.95596150740919
1.49495,-2.96591183610302
1.4951,-2.97591109959849
1.49525,-2.98595961470173
1.4954,-2.99605770075613
1.49555,-3.00620567966646
1.4957,-3.01640387592308
1.49585,-3.02665261662646
1.496,-3.0369522315121
1.49615,-3.04730305297547
1.4963,-3.05770541609748
1.49645,-3.06815965867005
1.4966,-3.07866612122201
1.49675,-3.08922514704534
1.4969,-3.09983708222159
1.49705,-3.11050227564871
1.4972,-3.12122107906804
1.49735,-3.13199384709176
1.4975,-3.14282093723048
1.49765,-3.15370270992119
1.4978,-3.16463952855562
1.49795,-3.17563175950876
1.4981,-3.18667977216779
1.49825,-3.19778393896127
1.4984,-3.20894463538873
1.49855,-3.22016224005051
1.4987,-3.23143713467802
1.49885,-3.2427697041642
1.499,-3.25416033659447
1.49915,-3.26560942327798
1.4993,-3.2771173587791
1.49945,-3.28868454094942
1.4996,-3.30031137096006
1.49975,-3.31199825333425
1.4999,-3.32374559598046
1.50005,-3.33555381022563
1.5002,-3.34742331084914
1.50035,-3.35935451611681
1.5005,-3.3713478478155
1.50065,-3.38340373128807
1.5008,-3.3955225954686
1.50095,-3.40770487291827
1.5011,-3.41995099986136
1.50125,-3.43226141622189
1.5014,-3.44463656566056
1.50155,-3.45707689561207
1.5017,-3.46958285732306
1.50185,-3.48215490589027
1.502,-3.49479350029926
1.50215,-3.50749910346355
1.5023,-3.52027218226419
1.50245,-3.5331132075898
1.5026,-3.54602265437712
1.50275,-3.55900100165195
1.5029,-3.57204873257061
1.50305,-3.58516633446186
1.5032,-3.5983542988693
1.50335,-3.61161312159438
1.5035,-3.62494330273972
1.50365,-3.63834534675307
1.5038,-3.65181976247177
1.50395,-3.66536706316765
1.5041,-3.67898776659257
1.50425,-3.69268239502445
1.5044,-3.70645147531381
1.50455,-3.72029553893093
1.5047,-3.7342151220134
1.50485,-3.74821076541455
1.505,-3.76228301475212
1.50515,-3.77643242045772
1.5053,-3.79065953782682
1.50545,-3.80496492706924
1.5056,-3.81934915336045
1.50575,-3.83381278689332
1.5059,-3.84835640293053
1.50605,-3.86298058185765
1.5062,-3.87768590923676
1.50635,-3.89247297586091
1.5065,-3.90734237780901
1.50665,-3.92229471650153
1.5068,-3.93733059875686
1.50695,-3.95245063684834
1.5071,-3.96765544856183
1.50725,-3.9829456572544
1.5074,-3.99832189191324
1.50755,-4.01378478721565
1.5077,-4.0293349835896
1.50785,-4.04497312727502
1.508,-4.06069987038603
1.50815,-4.07651587097371
1.5083,-4.09242179308977
1.50845,-4.10841830685104
1.5086,-4.1245060885046
1.50875,-4.14068582049394
1.5089,-4.15695819152586
1.50905,-4.17332389663805
1.5092,-4.1897836372678
1.50935,-4.20633812132132
1.5095,-4.22298806324416
1.50965,-4.23973418409231
1.5098,-4.2565772116043
1.50995,-4.2735178802743
1.5101,-4.29055693142593
1.51025,-4.30769511328725
1.5104,-4.32493318106653
1.51055,-4.34227189702912
1.5107,-4.3597120305752
1.51085,-4.3772543583186
1.511,-4.39489966416655
1.51115,-4.41264873940067
1.5113,-4.43050238275875
1.51145,-4.44846140051773
1.5116,-4.4665266065778
1.51175,-4.48469882254742
1.5119,-4.50297887782974
1.51205,-4.52136760970989
1.5122,-4.53986586344349
1.51235,-4.55847449234647
1.5125,-4.57719435788586
1.51265,-4.59602632977197
1.5128,-4.61497128605166
1.51295,-4.634030113203
1.5131,-4.65320370623107
1.51325,-4.67249296876499
1.5134,-4.69189881315659
1.51355,-4.71142216057995
1.5137,-4.73106394113269
1.51385,-4.75082509393834
1.514,-4.77070656725024
1.51415,-4.79070931855699
1.5143,-4.81083431468902
1.51445,-4.8310825319269
1.5146,-4.85145495611111
1.51475,-4.87195258275307
1.5149,-4.89257641714816
1.51505,-4.9133274744899
1.5152,-4.93420677998591
1.51535,-4.95521536897556
1.5155,-4.9763542870491
1.51565,-4.99762459016853
1.5158,-5.0190273447903
1.51595,-5.04056362798962
1.5161,-5.06223452758656
1.51625,-5.084041142274
1.5164,-5.10598458174732
1.51655,-5.12806596683608
1.5167,-5.15028642963757
1.51685,-5.17264711365218
1.517,-5.19514917392092
1.51715,-5.21779377716474
1.5173,-5.2405821019261
1.51745,-5.26351533871251
1.5176,-5.28659469014217
1.51775,-5.30982137109183
1.5179,-5.33319660884672
1.51805,-5.356721643253
1.5182,-5.38039772687216
1.51835,-5.4042261251379
1.5185,-5.42820811651545
1.51865,-5.45234499266309
1.5188,-5.47663805859639
1.51895,-5.50108863285476
1.5191,-5.52569804767063
1.51925,-5.55046764914117
1.5194,-5.57539879740285
1.51955,-5.60049286680838
1.5197,-5.6257512461068
1.51985,-5.65117533862607
1.52,-5.6767665624587
1.52015,-5.70252635065025
1.5203,-5.72845615139076
1.52045,-5.75455742820938
1.5206,-5.78083166017202
1.52075,-5.80728034208212
1.5209,-5.83390498468475
1.52105,-5.8607071148739
1.5212,-5.88768827590331
1.52135,-5.9148500276006
1.5215,-5.94219394658497
1.52165,-5.96972162648851
1.5218,-5.997434678181
1.52195,-6.02533472999875
1.5221,-6.05342342797705
1.52225,-6.0817024360865
1.5224,-6.11017343647356
1.52255,-6.13883812970469
1.5227,-6.16769823501529
1.52285,-6.19675549056239
1.523,-6.22601165368189
1.52315,-6.25546850115013
1.5233,-6.2851278294502
1.52345,-6.3149914550425
1.5236,-6.34506121464057
1.52375,-6.37533896549122
1.5239,-6.40582658566004
1.52405,-6.43652597432172
1.5242,-6.46743905205551
1.52435,-6.49856776114629
1.5245,-6.52991406589076
1.52465,-6.5614799529092
1.5248,-6.59326743146306
1.52495,-6.62527853377811
1.5251,-6.65751531537379
1.52525,-6.68997985539843
1.5254,-6.72267425697077
1.52555,-6.75560064752778
1.5257,-6.78876117917893
1.52585,-6.82215802906748
1.526,-6.85579339973805
1.52615,-6.88966951951156
1.5263,-6.92378864286725
1.52645,-6.95815305083172
1.5266,-6.99276505137607
1.52675,-7.02762697982011
1.5269,-7.06274119924477
1.52705,-7.09811010091256
1.5272,-7.13373610469592
1.52735,-7.16962165951465
1.5275,-7.2057692437815
1.52765,-7.24218136585681
1.5278,-7.27886056451216
1.52795,-7.31580940940362
1.5281,-7.353030501554
1.52825,-7.39052647384562
1.5284,-7.42829999152245
1.52855,-7.46635375270294
1.5287,-7.50469048890331
1.52885,-7.54331296557142
1.529,-7.58222398263223
1.52915,-7.62142637504406
1.5293,-7.66092301336693
1.52945,-7.70071680434264
1.5296,-7.74081069148701
1.52975,-7.78120765569512
1.5299,-7.82191071585899
1.53005,-7.86292292949866
1.5302,-7.9042473934069
1.53035,-7.94588724430759
1.5305,-7.98784565952874
1.53065,-8.03012585768982
1.5308,-8.07273109940426
1.53095,-8.11566468799738
1.5311,-8.15892997023976
1.53125,-8.20253033709756
1.5314,-8.24646922449871
1.53155,-8.29075011411647
1.5317,-8.33537653417065
1.53185,-8.38035206024645
1.532,-8.42568031613178
1.53215,-8.47136497467381
1.5323,-8.51740975865444
1.53245,-8.56381844168583
1.5326,-8.61059484912639
1.53275,-8.65774285901732
1.5329,-8.70526640304122
1.53305,-8.75316946750205
1.5332,-8.80145609432791
1.53335,-8.85013038209692
1.5335,-8.89919648708666
1.53365,-8.9486586243481
1.5338,-8.99852106880435
1.53395,-9.04878815637469
1.5341,-9.09946428512513
1.53425,-9.15055391644522
1.5344,-9.20206157625293
1.53455,-9.25399185622714
1.5347,-9.30634941506898
1.53485,-9.35913897979282
1.535,-9.41236534704695
1.53515,-9.46603338446563
1.5353,-9.52014803205232
1.53545,-9.57471430359516
1.5356,-9.62973728811563
1.53575,-9.68522215135053
1.5359,-9.74117413726857
1.53605,-9.79759856962216
1.5362,-9.85450085353488
1.53635,-9.91188647712531
1.5365,-9.9697610131686
1.53665,-10.0281301207952
1.5368,-10.0869995472292
1.53695,-10.1463751295649
1.5371,-10.2062627965843
1.53725,-10.2666685706143
1.5374,-10.3275985694253
1.53755,-10.3890590081718
1.5377,-10.451056201375
1.53785,-10.5135965649477
1.538,-10.5766866182632
1.53815,-10.640332986266
1.5383,-10.7045424016283
1.53845,-10.7693217069487
1.5386,-10.8346778569958
1.53875,-10.9006179209954
1.5389,-10.9671490849613
1.53905,-11.0342786540709
1.5392,-11.1020140550825
1.53935,-11.1703628387965
1.5395,-11.2393326825574
1.53965,-11.3089313927973
1.5398,-11.3791669076199
1.53995,-11.4500472994207
1.5401,-11.5215807775459
1.54025,-11.5937756909842
1.5404,-11.6666405310918
1.54055,-11.7401839343452
1.5407,-11.8144146851217
1.54085,-11.8893417185005
1.541,-11.9649741230831
1.54115,-12.0413211438254
1.5413,-12.1183921848783
1.54145,-12.1961968124295
1.5416,-12.274744757539
1.54175,-12.3540459189615
1.5419,-12.4341103659453
1.54205,-12.5149483409988
1.5422,-12.5965702626137
1.54235,-12.6789867279305
1.5425,-12.7622085153341
1.54265,-12.8462465869629
1.5428,-12.9311120911142
1.54295,-13.0168163645265
1.5431,-13.1033709345173
1.54325,-13.1907875209512
1.5434,-13.2790780380134
1.54355,-13.3682545957576
1.5437,-13.4583295013954
1.54385,-13.5493152602923
1.544,-13.6412245766272
1.54415,-13.7340703536723
1.5443,-13.8278656936443
1.54445,-13.9226238970692
1.5446,-14.0183584616032
1.54475,-14.1150830802388
1.5449,-14.2128116388236
1.54505,-14.3115582128087
1.5452,-14.4113370631337
1.54535,-14.5121626311501
1.5455,-14.614049532467
1.54565,-14.7170125495988
1.5458,-14.8210666232756
1.54595,-14.9262268422653
1.5461,-15.0325084315403
1.54625,-15.139926738602
1.5464,-15.2484972177594
1.54655,-15.3582354121348
1.5467,-15.4691569331443
1.54685,-15.58127743718
1.547,-15.694612599183
1.54715,-15.8091780827729
1.5473,-15.9249895065572
1.54745,-16.0420624062097
1.5476,-16.1604121918625
1.54775,-16.2800541003053
1.5479,-16.4010031414412
1.54805,-16.5232740383836
1.5482,-16.6468811605202
1.54835,-16.7718384488007
1.5485,-16.8981593324289
1.54865,-17.0258566360593
1.5488,-17.1549424765067
1.54895,-17.2854281478834
1.5491,-17.41732399397
1.54925,-17.5506392665176
1.5494,-17.6853819680503
1.54955,-17.821558677613
1.5497,-17.9591743577686
1.54985,-18.0982321410007
1.55,-18.238733093529
1.55015,-18.3806759543825
1.5503,-18.5240568474138
1.55045,-18.668868963783
1.5506,-18.8151022122645
1.55075,-18.9627428346005
1.5509,-19.111772982967
1.55105,-19.2621702565235
1.5512,-19.4139071939262
1.55135,-19.5669507186539
1.5515,-19.7212615340351
1.55165,-19.876793464959
1.5518,-20.0334927434994
1.55195,-20.191297236014
1.5521,-20.3501356098179
1.55225,-20.5099264382754
1.5524,-20.6705772441297
1.55255,-20.8319834822125
1.5527,-20.994027464332
1.55285,-21.1565772312371
1.553,-21.3194853791612
1.55315,-21.4825878515848
1.5533,-21.6457027106485
1.55345,-21.8086289070819
1.5536,-21.9711450726564
1.55375,-22.1330083650341
1.5539,-22.2939534013536
1.55405,-22.4536913239629
1.5542,-22.6119090490978
1.55435,-22.7682687567741
1.5545,-22.9224076873063
1.55465,-23.073938316095
1.5548,-23.222448983018
1.55495,-23.3675050550162
1.5551,-23.5086506994044
1.55525,-23.6454113399915
1.5554,-23.7772968572915
1.55555,-23.9038055770774
1.5557,-24.0244290676282
1.55585,-24.1386577351197
1.556,-24.2459871691324
1.55615,-24.3459251474128
1.5563,-24.4379991629295
1.55645,-24.5217642898345
1.5566,-24.596811161935
1.55675,-24.6627738018401
1.5569,-24.7193370153606
1.55705,-24.7662430577782
1.5572,-24.8032972889886
1.55735,-24.8303725644532
1.5575,-24.8474121575863
1.55765,-24.854431073855
1.5578,-24.8515156928203
1.55795,-24.8388217555361
1.5581,-24.8165707944876
1.55825,-24.7850451750466
1.5584,-24.7445819757441
1.55855,-24.6955659755737
1.5587,-24.6384220381124
1.55885,-24.5736071845668
1.559,-24.5016026328116
1.55915,-24.4229060503548
1.5593,-24.3380242299587
1.55945,-24.2474663516946
1.5596,-24.1517379485039
1.55975,-24.0513356473194
1.5599,-23.9467427170505
1.56005,-23.8384254199548
1.5602,-23.7268301349999
1.56035,-23.6123812008857
1.5605,-23.4954794121236
1.56065,-23.3765010931708
1.5608,-23.2557976721565
1.56095,-23.1336956762269
1.5611,-23.0104970739261
1.56125,-22.8864798954793
1.5614,-22.7618990685449
1.56155,-22.6369874143271
1.5617,-22.5119567564405
1.56185,-22.3869991021794
1.562,-22.2622878626848
1.56215,-22.1379790847305
1.5623,-22.0142126723846
1.56245,-21.891113581671
1.5626,-21.7687929754845
1.56275,-21.6473493295356
1.5629,-21.5268694829995
1.56305,-21.4074296299172
1.5632,-21.2890962493114
1.56335,-21.1719269734751
1.5635,-21.0559713950699
1.56365,-20.9412718145309
1.5638,-20.8278639299349
1.56395,-20.7157774719291
1.5641,-20.6050367866105
1.56425,-20.4956613694277
1.5644,-20.3876663532395
1.56455,-20.281062953676
1.5647,-20.1758588748903
1.56485,-20.0720586786877
1.565,-19.9696641199081
1.56515,-19.8686744507803
1.5653,-19.7690866968191
1.56545,-19.6708959066773
1.5656,-19.5740953781932
1.56575,-19.4786768627243
1.5659,-19.3846307496931
1.56605,-19.2919462331236
1.5662,-19.2006114618101
1.56635,-19.1106136746105
1.5665,-19.0219393222471
1.56665,-18.9345741768652
1.5668,-18.8485034304986
1.56695,-18.7637117834868
1.5671,-18.6801835237942
1.56725,-18.5979025980969
1.5674,-18.5168526754241
1.56755,-18.437017204065
1.5677,-18.3583794623941
1.56785,-18.2809226041966
1.568,-18.2046296990312
1.56815,-18.1294837681096
1.5683,-18.0554678161317
1.56845,-17.9825648594727
1.5686,-17.9107579510776
1.56875,-17.8400302023926
1.5689,-17.7703648026215
1.56905,-17.7017450355759
1.5692,-17.6341542943612
1.56935,-17.5675760941098
1.5695,-17.5019940829664
1.56965,-17.4373920514961
1.5698,-17.37375394068
1.56995,-17.3110638486448
1.5701,-17.2493060362531
1.57025,-17.1884649316803
1.5704,-17.1285251340799
1.57055,-17.069471416437
1.5707,-17.0112887276987
1.57085,-16.9539621942595
1.571,-16.897477120874
1.57115,-16.8418189910621
1.5713,-16.7869734670662
1.57145,-16.7329263894112
1.5716,-16.6796637761172
1.57175,-16.6271718216089
1.5719,-16.5754368953572
1.57205,-16.5244455402928
1.5722,-16.4741844710203
1.57235,-16.4246405718622
1.5725,-16.3758008947611
1.57265,-16.3276526570591
1.5728,-16.2801832391796
1.57295,-16.2333801822278
1.5731,-16.1872311855278
1.57325,-16.1417241041118
1.5734,-16.0968469461746
1.57355,-16.0525878705059
1.5737,-16.0089351839124
1.57385,-15.9658773386368
1.574,-15.9234029297868
1.57415,-15.8815006927775
1.5743,-15.8401595007981
1.57445,-15.7993683623061
1.5746,-15.7591164185556
1.57475,-15.7193929411667
1.5749,-15.6801873297355
1.57505,-15.6414891094941
1.5752,-15.6032879290192
1.57535,-15.5655735579949
1.5755,-15.5283358850314
1.57565,-15.4915649155412
1.5758,-15.455250769676
1.57595,-15.4193836803238
1.5761,-15.3839539911689
1.57625,-15.3489521548161
1.5764,-15.3143687309779
1.57655,-15.2801943847277
1.5767,-15.2464198848174
1.57685,-15.213036102061
1.577,-15.1800340077836
1.57715,-15.1474046723352
1.5773,-15.1151392636717
1.57745,-15.0832290459979
1.5776,-15.0516653784778
1.57775,-15.020439714008
1.5779,-14.9895435980535
1.57805,-14.9589686675482
1.5782,-14.928706649856
1.57835,-14.8987493617937
1.5785,-14.8690887087139
1.57865,-14.8397166836479
1.5788,-14.8106253665061
1.57895,-14.7818069233367
1.5791,-14.7532536056392
1.57925,-14.7249577497348
1.5794,-14.6969117761886
1.57955,-14.6691081892864
1.5797,-14.6415395765609
1.57985,-14.6141986083697
1.58,-14.5870780375205
1.58015,-14.5601706989442
1.5803,-14.5334695094137
1.58045,-14.5069674673074
1.5806,-14.4806576524149
1.58075,-14.4545332257847
1.5809,-14.4285874296112
1.58105,-14.4028135871607
1.5812,-14.3772051027332
1.58135,-14.3517554616597
1.5815,-14.3264582303332
1.58165,-14.3013070562707
1.5818,-14.2762956682064
1.58195,-14.2514178762117
1.5821,-14.2266675718438
1.58225,-14.2020387283176
1.5824,-14.1775254007017
1.58255,-14.1531217261357
1.5827,-14.1288219240671
1.58285,-14.1046202965061
1.583,-14.0805112282968
1.58315,-14.0564891874023
1.5833,-14.032548725203
1.58345,-14.0086844768051
1.5836,-13.9848911613582
1.58375,-13.961163582381
1.5839,-13.9374966280908
1.58405,-13.913885271738
1.5842,-13.8903245719422
1.58435,-13.8668096730279
1.5845,-13.8433358053594
1.58465,-13.8198982856717
1.5848,-13.7964925173971
1.58495,-13.7731139909841
1.5851,-13.749758284209
1.58525,-13.7264210624769
1.5854,-13.7030980791112
1.58555,-13.6797851756301
1.5857,-13.6564782820079
1.58585,-13.6331734169212
1.586,-13.609866687976
1.58615,-13.5865542919166
1.5863,-13.563232514814
1.58645,-13.5398977322321
1.5866,-13.5165464093711
1.58675,-13.4931751011863
1.5869,-13.4697804524817
1.58705,-13.4463591979765
1.5872,-13.4229081623442
1.58735,-13.3994242602229
1.5875,-13.3759044961957
1.58765,-13.3523459647405
1.5878,-13.3287458501482
1.58795,-13.3051014264091
1.5881,-13.2814100570659
1.58825,-13.2576691950328
1.5884,-13.2338763823814
1.58855,-13.2100292500912
1.5887,-13.1861255177642
1.58885,-13.1621629933057
1.589,-13.1381395725678
1.58915,-13.1140532389574
1.5893,-13.0899020630077
1.58945,-13.0656842019136
1.5896,-13.0413978990304
1.58975,-13.0170414833362
1.5899,-12.9926133688582
1.59005,-12.9681120540626
1.5902,-12.9435361212085
1.59035,-12.9188842356671
1.5905,-12.8941551452041
1.59065,-12.8693476792291
1.5908,-12.844460748009
1.59095,-12.8194933418485
1.5911,-12.7944445302377
1.59125,-12.7693134609659
1.5914,-12.7440993592051
1.59155,-12.7188015265611
1.5917,-12.6934193400952
1.59185,-12.6679522513159
1.592,-12.642399785142
1.59215,-12.6167615388394
1.5923,-12.5910371809291
1.59245,-12.5652264500713
1.5926,-12.5393291539244
1.59275,-12.5133451679804
1.5929,-12.4872744343781
1.59305,-12.4611169606949
1.5932,-12.4348728187188
1.59335,-12.4085421432012
1.5935,-12.3821251305921
1.59365,-12.3556220377593
1.5938,-12.3290331806912
1.59395,-12.302358933187
1.5941,-12.2755997255329
1.59425,-12.2487560431677
1.5944,-12.2218284253375
1.59455,-12.1948174637419
1.5947,-12.1677238011717
1.59485,-12.1405481301412
1.595,-12.1132911915138
1.59515,-12.0859537731249
1.5953,-12.0585367084013
1.59545,-12.0310408749786
1.5956,-12.0034671933189
1.59575,-11.9758166253286
1.5959,-11.9480901729791
1.59605,-11.9202888769282
1.5962,-11.8924138151488
1.59635,-11.8644661015598
1.5965,-11.836446884665
1.59665,-11.8083573461989
1.5968,-11.78019869978
1.59695,-11.7519721895743
1.5971,-11.7236790889685
1.59725,-11.6953206992539
1.5974,-11.6668983483231
1.59755,-11.6384133893787
1.5977,-11.6098671996553
1.59785,-11.5812611791576
1.598,-11.5525967494108
1.59815,-11.5238753522294
1.5983,-11.4950984485007
1.59845,-11.4662675169864
1.5986,-11.4373840531412
1.59875,-11.4084495679497
1.5989,-11.3794655867827
1.59905,-11.3504336482715
1.5992,-11.3213553032034
1.59935,-11.2922321134361
1.5995,-11.2630656508327
1.59965,-11.2338574962186
1.5998,-11.2046092383577
1.59995,-11.1753224729523
1.6001,-11.1459988016624
1.60025,-11.1166398311485
1.6004,-11.0872471721359
1.60055,-11.057822438501
1.6007,-11.0283672463807
1.60085,-10.9988832133035
1.601,-10.9693719573429
1.60115,-10.9398350962953
1.6013,-10.9102742468774
1.60145,-10.8806910239492
1.6016,-10.8510870397577
1.60175,-10.821463903203
1.6019,-10.7918232191286
1.60205,-10.7621665876318
1.6022,-10.7324956033976
1.60235,-10.7028118550547
1.6025,-10.6731169245521
1.60265,-10.643412386559
1.6028,-10.6136998078853
1.60295,-10.5839807469234
1.6031,-10.5542567531112
1.60325,-10.5245293664159
1.6034,-10.4948001168386
1.60355,-10.4650705239387
1.6037,-10.4353420963783
1.60385,-10.4056163314871
1.604,-10.3758947148454
1.60415,-10.3461787198878
1.6043,-10.3164698075239
1.60445,-10.286769425779
1.6046,-10.2570790094518
1.60475,-10.2273999797904
1.6049,-10.1977337441861
1.60505,-10.1680816958828
1.6052,-10.1384452137052
1.60535,-10.1088256618014
1.6055,-10.0792243894028
1.60565,-10.0496427305993
1.6058,-10.0200820041288
1.60595,-9.99054351318348
1.6061,-9.96102854522889
1.60625,-9.93153837183815
1.6064,-9.90207424853953
1.60655,-9.87263741467741
1.6067,-9.84322909328696
1.60685,-9.81385049098038
1.607,-9.78450279784664
1.60715,-9.75518718736244
1.6073,-9.72590481631489
1.60745,-9.69665682473581
1.6076,-9.66744433584658
1.60775,-9.63826845601366
1.6079,-9.60913027471455
1.60805,-9.58003086451306
1.6082,-9.55097128104499
1.60835,-9.52195256301204
1.6085,-9.49297573218562
1.60865,-9.46404179341847
1.6088,-9.43515173466472
1.60895,-9.40630652700842
1.6091,-9.37750712469871
1.60925,-9.3487544651935
1.6094,-9.32004946920937
1.60955,-9.29139304077832
1.6097,-9.26278606731165
1.60985,-9.23422941966904
1.61,-9.20572395223465
1.61015,-9.17727050299817
1.6103,-9.14886989364117
1.61045,-9.12052292962961
1.6106,-9.09223040030979
1.61075,-9.06399307901063
1.6109,-9.03581172314892
1.61105,-9.00768707433962
1.6112,-8.97961985851016
1.61135,-8.95161078601786
1.6115,-8.92366055177186
1.61165,-8.89576983535775
1.6118,-8.86793930116523
1.61195,-8.84016959851959
1.6121,-8.81246136181495
1.61225,-8.78481521065085
1.6124,-8.75723174997097
1.61255,-8.72971157020385
1.6127,-8.70225524740639
1.61285,-8.67486334340829
1.613,-8.64753640595949
1.61315,-8.62027496887773
1.6133,-8.5930795521992
1.61345,-8.56595066232915
1.6136,-8.53888879219439
1.61375,-8.51189442139687
1.6139,-8.48496801636773
1.61405,-8.45811003052286
1.6142,-8.43132090441852
1.61435,-8.40460106590767
1.6145,-8.37795093029727
1.61465,-8.35137090050513
1.6148,-8.3248613672179
1.61495,-8.29842270904856
1.6151,-8.27205529269407
1.61525,-8.24575947309367
1.6154,-8.21953559358599
1.61555,-8.19338398606703
1.6157,-8.16730497114736
1.61585,-8.14129885830874
1.616,-8.11536594606112
1.61615,-8.08950652209831
1.6163,-8.06372086345387
1.61645,-8.03800923665592
1.6166,-8.01237189788124
1.61675,-7.98680909310921
1.6169,-7.96132105827425
1.61705,-7.93590801941819
1.6172,-7.91057019284127
1.61735,-7.88530778525214
1.6175,-7.86012099391765
1.61765,-7.83501000681053
1.6178,-7.8099750027573
1.61795,-7.78501615158401
1.6181,-7.76013361426151
1.61825,-7.73532754304947
1.6184,-7.7105980816391
1.61855,-7.68594536529494
1.6187,-7.66136952099513
1.61885,-7.63687066757066
1.619,-7.61244891584331
1.61915,-7.58810436876226
1.6193,-7.56383712153954
1.61945,-7.53964726178409
1.6196,-7.51553486963418
1.61975,-7.49150001788924
1.6199,-7.46754277213943
1.62005,-7.44366319089465
1.6202,-7.41986132571166
1.62035,-7.39613722131977
1.6205,-7.37249091574575
1.62065,-7.34892244043648
1.6208,-7.32543182038099
1.62095,-7.30201907423043
1.6211,-7.27868421441709
1.62125,-7.25542724727198
1.6214,-7.23224817314037
1.62155,-7.20914698649695
1.6217,-7.18612367605855
1.62185,-7.16317822489629
1.622,-7.14031061054566
1.62215,-7.11752080511546
1.6223,-7.09480877539553
1.62245,-7.07217448296254
1.6226,-7.04961788428499
1.62275,-7.02713893082655
1.6229,-7.00473756914751
1.62305,-6.982413741006
1.6232,-6.96016738345653
1.62335,-6.93799842894816
1.6235,-6.91590680542086
1.62365,-6.89389243640035
1.6238,-6.87195524109213
1.62395,-6.85009513447352
1.6241,-6.82831202738507
1.62425,-6.80660582662002
1.6244,-6.78497643501271
1.62455,-6.76342375152592
1.6247,-6.74194767133635
1.62485,-6.72054808591953
1.625,-6.69922488313286
1.62515,-6.67797794729753
1.6253,-6.65680715927967
1.62545,-6.63571239656939
1.6256,-6.61469353335951
1.62575,-6.59375044062244
1.6259,-6.572882986186
1.62605,-6.5520910348084
1.6262,-6.53137444825143
1.62635,-6.5107330853531
1.6265,-6.49016680209879
1.62665,-6.46967545169114
1.6268,-6.44925888461924
1.62695,-6.42891694872629
1.6271,-6.40864948927645
1.62725,-6.38845634902044
1.6274,-6.36833736825998
1.62755,-6.34829238491154
1.6277,-6.32832123456852
1.62785,-6.30842375056289
1.628,-6.28859976402543
1.62815,-6.26884910394506
1.6283,-6.24917159722748
1.62845,-6.2295670687521
1.6286,-6.21003534142889
1.62875,-6.19057623625364
1.6289,-6.17118957236229
1.62905,-6.1518751670848
1.6292,-6.13263283599746
1.62935,-6.11346239297493
1.6295,-6.09436365024067
1.62965,-6.07533641841721
1.6298,-6.05638050657504
1.62995,-6.0374957222807
1.6301,-6.01868187164433
1.63025,-5.9999387593659
1.6304,-5.98126618878107
1.63055,-5.96266396190595
1.6307,-5.94413187948105
1.63085,-5.92566974101471
1.631,-5.90727734482527
1.63115,-5.88895448808309
1.6313,-5.87070096685119
1.63145,-5.8525165761255
1.6316,-5.83440110987438
1.63175,-5.81635436107715
1.6319,-5.79837612176227
1.63205,-5.78046618304452
1.6322,-5.76262433516148
1.63235,-5.74485036750966
1.6325,-5.72714406867946
1.63265,-5.70950522648997
1.6328,-5.69193362802275
1.63295,-5.674429059655
1.6331,-5.65699130709245
1.63325,-5.63962015540102
1.6334,-5.62231538903845
1.63355,-5.60507679188508
1.6337,-5.5879041472738
1.63385,-5.57079723801994
1.634,-5.55375584645004
1.63415,-5.53677975443045
1.6343,-5.51986874339525
1.63445,-5.50302259437335
1.6346,-5.48624108801564
1.63475,-5.46952400462091
1.6349,-5.45287112416186
1.63505,-5.43628222631018
1.6352,-5.41975709046125
1.63535,-5.40329549575854
1.6355,-5.38689722111704
1.63565,-5.37056204524679
1.6358,-5.35428974667557
1.63595,-5.33808010377099
1.6361,-5.32193289476271
1.63625,-5.30584789776344
1.6364,-5.28982489079018
1.63655,-5.27386365178467
1.6367,-5.25796395863325
1.63685,-5.24212558918684
1.637,-5.22634832127991
1.63715,-5.21063193274949
1.6373,-5.19497620145358
1.63745,-5.17938090528899
1.6376,-5.1638458222093
1.63775,-5.14837073024185
1.6379,-5.13295540750483
1.63805,-5.11759963222361
1.6382,-5.1023031827471
1.63835,-5.08706583756342
1.6385,-5.07188737531535
1.63865,-5.05676757481556
1.6388,-5.04170621506119
1.63895,-5.02670307524847
1.6391,-5.01175793478676
1.63925,-4.99687057331228
1.6394,-4.9820407707017
1.63955,-4.96726830708516
1.6397,-4.95255296285931
1.63985,-4.9378945186998
1.64,-4.92329275557337
1.64015,-4.90874745475017
1.6403,-4.89425839781514
1.64045,-4.8798253666796
1.6406,-4.86544814359244
1.64075,-4.85112651115074
1.6409,-4.83686025231072
1.64105,-4.82264915039778
1.6412,-4.80849298911684
1.64135,-4.79439155256206
1.6415,-4.78034462522642
1.64165,-4.7663519920112
1.6418,-4.75241343823495
1.64195,-4.73852874964253
1.6421,-4.72469771241369
1.64225,-4.71092011317147
1.6424,-4.69719573899056
1.64255,-4.6835243774051
1.6427,-4.66990581641668
1.64285,-4.6563398445018
1.643,-4.64282625061919
1.64315,-4.62936482421718
1.6433,-4.61595535524044
1.64345,-4.60259763413699
1.6436,-4.58929145186468
1.64375,-4.57603659989751
1.6439,-4.56283287023209
1.64405,-4.54968005539343
1.6442,-4.53657794844101
1.64435,-4.52352634297442
1.6445,-4.51052503313875
1.64465,-4.4975738136302
1.6448,-4.484672479701
1.64495,-4.47182082716471
1.6451,-4.45901865240096
1.64525,-4.44626575236009
1.6454,-4.43356192456796
1.64555,-4.42090696713011
1.6457,-4.40830067873629
1.64585,-4.39574285866437
1.646,-4.38323330678449
1.64615,-4.37077182356291
1.6463,-4.35835821006557
1.64645,-4.34599226796194
1.6466,-4.33367379952819
1.64675,-4.3214026076508
1.6469,-4.30917849582961
1.64705,-4.29700126818085
1.6472,-4.28487072944035
1.64735,-4.27278668496605
1.6475,-4.26074894074108
1.64765,-4.24875730337613
1.6478,-4.23681158011201
1.64795,-4.22491157882217
1.6481,-4.21305710801483
1.64825,-4.20124797683525
1.6484,-4.18948399506788
1.64855,-4.17776497313817
1.6487,-4.16609072211463
1.64885,-4.15446105371051
1.649,-4.14287578028557
1.64915,-4.13133471484766
1.6493,-4.11983767105417
1.64945,-4.10838446321357
1.6496,-4.0969749062866
1.64975,-4.08560881588771
1.6499,-4.07428600828607
1.65005,-4.06300630040667
1.6502,-4.05176950983145
1.65035,-4.04057545480005
1.6505,-4.02942395421082
1.65065,-4.01831482762151
1.6508,-4.00724789524996
1.65095,-3.9962229779748
1.6511,-3.98523989733591
1.65125,-3.974298475535
1.6514,-3.963398535436
1.65155,-3.95253990056535
1.6517,-3.94172239511245
1.65185,-3.93094584392965
1.652,-3.92021007253266
1.65215,-3.9095149071005
1.6523,-3.89886017447554
1.65245,-3.88824570216363
1.6526,-3.87767131833379
1.65275,-3.86713685181832
1.6529,-3.85664213211253
1.65305,-3.84618698937439
1.6532,-3.83577125442443
1.65335,-3.82539475874526
1.6535,-3.81505733448128
1.65365,-3.80475881443818
1.6538,-3.79449903208244
1.65395,-3.78427782154089
1.6541,-3.77409501760001
1.65425,-3.76395045570546
1.6544,-3.75384397196119
1.65455,-3.74377540312899
1.6547,-3.73374458662761
1.65485,-3.7237513605319
1.655,-3.71379556357214
1.65515,-3.70387703513305
1.6553,-3.69399561525292
1.65545,-3.68415114462274
1.6556,-3.67434346458506
1.65575,-3.66457241713317
1.6559,-3.65483784490987
1.65605,-3.64513959120653
1.6562,-3.63547749996192
1.65635,-3.625851415761
1.6565,-3.61626118383391
1.65665,-3.60670665005456
1.6568,-3.59718766093956
1.65695,-3.5877040636469
1.6571,-3.57825570597457
1.65725,-3.56884243635942
1.6574,-3.55946410387562
1.65755,-3.55012055823343
1.6577,-3.54081164977776
1.65785,-3.5315372294867
1.658,-3.52229714897015
1.65815,-3.51309126046827
1.6583,-3.50391941685008
1.65845,-3.49478147161188
1.6586,-3.48567727887571
1.65875,-3.47660669338787
1.6589,-3.46756957051723
1.65905,-3.45856576625375
1.6592,-3.4495951372068
1.65935,-3.44065754060351
1.6595,-3.43175283428718
1.65965,-3.42288087671555
1.6598,-3.41404152695918
1.65995,-3.40523464469972
1.6601,-3.39646009022813
1.66025,-3.38771772444307
1.6604,-3.37900740884901
1.66055,-3.37032900555462
1.6607,-3.3616823772709
1.66085,-3.35306738730938
1.661,-3.34448389958038
1.66115,-3.33593177859112
1.6613,-3.32741088944398
1.66145,-3.31892109783462
1.6616,-3.31046227005007
1.66175,-3.30203427296701
1.6619,-3.29363697404971
1.66205,-3.28527024134834
1.6622,-3.27693394349699
1.66235,-3.26862794971171
1.6625,-3.2603521297887
1.66265,-3.25210635410234
1.6628,-3.24389049360333
1.66295,-3.23570441981659
1.6631,-3.22754800483955
1.66325,-3.21942112134005
1.6634,-3.21132364255434
1.66355,-3.20325544228531
1.6637,-3.1952163949003
1.66385,-3.1872063753293
1.664,-3.17922525906289
1.66415,-3.17127292215022
1.6643,-3.16334924119712
1.66445,-3.15545409336399
1.6646,-3.14758735636391
1.66475,-3.13974890846057
1.6649,-3.13193862846622
1.66505,-3.12415639573981
1.6652,-3.11640209018477
1.66535,-3.10867559224718
1.6655,-3.10097678291365
1.66565,-3.09330554370925
1.6658,-3.08566175669565
1.66595,-3.07804530446889
1.6661,-3.0704560701575
1.66625,-3.0628939374204
1.6664,-3.05535879044487
1.66655,-3.04785051394453
1.6667,-3.04036899315728
1.66685,-3.0329141138433
1.667,-3.025485762283
1.66715,-3.01808382527491
1.6673,-3.01070819013378
1.66745,-3.00335874468837
1.6676,-2.99603537727959
1.66775,-2.98873797675834
1.6679,-2.98146643248345
1.66805,-2.97422063431979
1.6682,-2.96700047263605
1.66835,-2.95980583830283
1.6685,-2.95263662269058
1.66865,-2.9454927176675
1.6688,-2.93837401559762
1.66895,-2.93128040933861
1.6691,-2.92421179223993
1.66925,-2.9171680581407
1.6694,-2.91014910136765
1.66955,-2.90315481673316
1.6697,-2.8961850995332
1.66985,-2.88923984554534
1.67,-2.88231895102672
1.67015,-2.87542231271197
1.6703,-2.86854982781133
1.67045,-2.86170139400853
1.6706,-2.85487690945884
1.67075,-2.848076272787
1.6709,-2.84129938308533
1.67105,-2.83454613991166
1.6712,-2.8278164432873
1.67135,-2.82111019369515
1.6715,-2.81442729207762
1.67165,-2.8077676398347
1.6718,-2.80113113882201
1.67195,-2.7945176913487
1.6721,-2.78792720017566
1.67225,-2.78135956851335
1.6724,-2.77481470002001
1.67255,-2.76829249879964
1.6727,-2.76179286939999
1.67285,-2.7553157168107
1.673,-2.74886094646126
1.67315,-2.74242846421917
1.6733,-2.73601817638795
1.67345,-2.72962998970517
1.6736,-2.72326381134063
1.67375,-2.71691954889429
1.6739,-2.71059711039449
1.67405,-2.70429640429599
1.6742,-2.698017339478
1.67435,-2.69175982524239
1.6745,-2.68552377131169
1.67465,-2.67930908782726
1.6748,-2.67311568534739
1.67495,-2.66694347484539
1.6751,-2.66079236770776
1.67525,-2.65466227573227
1.6754,-2.64855311112613
1.67555,-2.64246478650415
1.6757,-2.63639721488678
1.67585,-2.63035030969841
1.676,-2.6243239847654
1.67615,-2.61831815431432
1.6763,-2.61233273297009
1.67645,-2.60636763575413
1.6766,-2.60042277808259
1.67675,-2.59449807576449
1.6769,-2.58859344499995
1.67705,-2.58270880237835
1.6772,-2.57684406487655
1.67735,-2.57099914985711
1.6775,-2.56517397506648
1.67765,-2.55936845863322
1.6778,-2.55358251906629
1.67795,-2.54781607525316
1.6781,-2.5420690464582
1.67825,-2.53634135232076
1.6784,-2.53063291285358
1.67855,-2.52494364844094
1.6787,-2.51927347983694
1.67885,-2.51362232816384
1.679,-2.50799011491022
1.67915,-2.50237676192938
1.6793,-2.4967821914375
1.67945,-2.49120632601208
1.6796,-2.48564908859013
1.67975,-2.48011040246652
1.6799,-2.47459019129228
1.68005,-2.46908837907293
1.6802,-2.46360489016678
1.68035,-2.45813964928335
1.6805,-2.45269258148155
1.68065,-2.4472636121682
1.6808,-2.44185266709622
1.68095,-2.43645967236313
1.6811,-2.43108455440933
1.68125,-2.42572724001646
1.6814,-2.42038765630585
1.68155,-2.41506573073681
1.6817,-2.40976139110511
1.68185,-2.40447456554133
1.682,-2.39920518250922
1.68215,-2.39395317080423
1.6823,-2.38871845955177
1.68245,-2.38350097820576
1.6826,-2.37830065654701
1.68275,-2.37311742468161
1.6829,-2.36795121303948
1.68305,-2.36280195237266
1.6832,-2.35766957375395
1.68335,-2.35255400857522
1.6835,-2.34745518854592
1.68365,-2.3423730456916
1.6838,-2.33730751235231
1.68395,-2.33225852118115
1.6841,-2.32722600514276
1.68425,-2.32220989751174
1.6844,-2.31721013187126
1.68455,-2.31222664211149
1.6847,-2.30725936242816
1.68485,-2.30230822732109
1.685,-2.29737317159265
1.68515,-2.29245413034643
1.6853,-2.28755103898561
1.68545,-2.28266383321165
1.6856,-2.27779244902281
1.68575,-2.27293682271265
1.6859,-2.26809689086868
1.68605,-2.26327259037086
1.6862,-2.25846385839027
1.68635,-2.2536706323876
1.6865,-2.2488928501118
1.68665,-2.24413044959869
1.6868,-2.2393833691695
1.68695,-2.23465154742955
1.6871,-2.22993492326685
1.68725,-2.22523343585067
1.6874,-2.22054702463028
1.68755,-2.21587562933345
1.6877,-2.21121918996523
1.68785,-2.20657764680646
1.688,-2.20195094041257
1.68815,-2.19733901161212
1.6883,-2.19274180150553
1.68845,-2.18815925146373
1.6886,-2.18359130312684
1.68875,-2.17903789840288
1.6889,-2.17449897946643
1.68905,-2.16997448875732
1.6892,-2.1654643689794
1.68935,-2.16096856309914
1.6895,-2.15648701434445
1.68965,-2.15201966620335
1.6898,-2.14756646242267
1.68995,-2.14312734700688
1.6901,-2.13870226421668
1.69025,-2.13429115856791
1.6904,-2.12989397483018
1.69055,-2.12551065802565
1.6907,-2.12114115342786
1.69085,-2.11678540656038
1.691,-2.11244336319571
1.69115,-2.10811496935398
1.6913,-2.10380017130173
1.69145,-2.09949891555076
1.6916,-2.09521114885686
1.69175,-2.09093681821868
1.6919,-2.08667587087648
1.69205,-2.08242825431097
1.6922,-2.07819391624215
1.69235,-2.07397280462805
1.6925,-2.06976486766369
1.69265,-2.06557005377983
1.6928,-2.0613883116418
1.69295,-2.05721959014843
1.6931,-2.05306383843078
1.69325,-2.04892100585114
1.6934,-2.04479104200179
1.69355,-2.04067389670391
1.6937,-2.03656952000645
1.69385,-2.03247786218498
1.694,-2.02839887374064
1.69415,-2.02433250539901
1.6943,-2.02027870810892
1.69445,-2.01623743304151
1.6946,-2.01220863158899
1.69475,-2.00819225536364
1.6949,-2.0041882561967
1.69505,-2.00019658613728
1.6952,-1.99621719745134
1.69535,-1.99225004262054
1.6955,-1.98829507434126
1.69565,-1.98435224552349
1.6958,-1.98042150928983
1.69595,-1.97650281897437
1.6961,-1.97259612812173
1.69625,-1.96870139048598
1.6964,-1.9648185600296
1.69655,-1.96094759092249
1.6967,-1.95708843754095
1.69685,-1.9532410544666
1.697,-1.94940539648547
1.69715,-1.94558141858691
1.6973,-1.94176907596263
1.69745,-1.93796832400572
1.6976,-1.93417911830959
1.69775,-1.9304014146671
1.6979,-1.92663516906945
1.69805,-1.92288033770529
1.6982,-1.91913687695975
1.69835,-1.91540474341341
1.6985,-1.91168389384142
1.69865,-1.90797428521247
1.6988,-1.90427587468789
1.69895,-1.90058861962069
1.6991,-1.8969124775546
1.69925,-1.89324740622316
1.6994,-1.88959336354876
1.69955,-1.88595030764175
1.6997,-1.88231819679946
1.69985,-1.87869698950535
1.7,-1.87508664442803
