"Freq [GHz]","dB(S(1,1)) []"
1.4,-0.662902962262335
1.40015,-0.663995775016338
1.4003,-0.665091261875674
1.40045,-0.66618943148191
1.4006,-0.667290292511317
1.40075,-0.668393853675014
1.4009,-0.66950012371915
1.40105,-0.670609111425071
1.4012,-0.671720825609495
1.40135,-0.672835275124678
1.4015,-0.673952468858604
1.40165,-0.67507241573514
1.4018,-0.676195124714226
1.40195,-0.677320604792042
1.4021,-0.678448865001197
1.40225,-0.679579914410901
1.4024,-0.680713762127141
1.40255,-0.681850417292879
1.4027,-0.682989889088201
1.40285,-0.684132186730552
1.403,-0.685277319474867
1.40315,-0.686425296613787
1.4033,-0.68757612747784
1.40345,-0.688729821435623
1.4036,-0.689886387894001
1.40375,-0.691045836298277
1.4039,-0.692208176132414
1.40405,-0.693373416919195
1.4042,-0.694541568220436
1.40435,-0.695712639637172
1.4045,-0.696886640809857
1.40465,-0.698063581418562
1.4048,-0.699243471183161
1.40495,-0.700426319863542
1.4051,-0.701612137259803
1.40525,-0.702800933212461
1.4054,-0.703992717602632
1.40555,-0.705187500352259
1.4057,-0.706385291424313
1.40585,-0.707586100822973
1.406,-0.708789938593884
1.40615,-0.709996814824305
1.4063,-0.711206739643369
1.40645,-0.712419723222269
1.4066,-0.713635775774471
1.40675,-0.714854907555935
1.4069,-0.716077128865332
1.40705,-0.717302450044245
1.4072,-0.718530881477408
1.40735,-0.719762433592902
1.4075,-0.72099711686239
1.40765,-0.722234941801335
1.4078,-0.723475918969226
1.40795,-0.724720058969791
1.4081,-0.725967372451233
1.40825,-0.727217870106456
1.4084,-0.728471562673278
1.40855,-0.729728460934692
1.4087,-0.730988575719069
1.40885,-0.732251917900386
1.409,-0.733518498398491
1.40915,-0.734788328179315
1.4093,-0.736061418255107
1.40945,-0.737337779684675
1.4096,-0.738617423573648
1.40975,-0.739900361074674
1.4099,-0.741186603387699
1.41005,-0.742476161760196
1.4102,-0.743769047487402
1.41035,-0.745065271912594
1.4105,-0.746364846427295
1.41065,-0.747667782471561
1.4108,-0.748974091534214
1.41095,-0.750283785153097
1.4111,-0.751596874915331
1.41125,-0.752913372457574
1.4114,-0.754233289466268
1.41155,-0.755556637677904
1.4117,-0.756883428879293
1.41185,-0.758213674907816
1.412,-0.759547387651679
1.41215,-0.760884579050208
1.4123,-0.76222526109408
1.41245,-0.76356944582563
1.4126,-0.764917145339088
1.41275,-0.766268371780872
1.4129,-0.767623137349849
1.41305,-0.76898145429763
1.4132,-0.770343334928818
1.41335,-0.771708791601312
1.4135,-0.773077836726586
1.41365,-0.774450482769947
1.4138,-0.775826742250853
1.41395,-0.777206627743177
1.4141,-0.778590151875495
1.41425,-0.779977327331402
1.4144,-0.781368166849761
1.41455,-0.782762683225029
1.4147,-0.78416088930754
1.41485,-0.78556279800381
1.415,-0.786968422276821
1.41515,-0.788377775146337
1.4153,-0.789790869689197
1.41545,-0.791207719039625
1.4156,-0.792628336389531
1.41575,-0.794052734988834
1.4159,-0.795480928145752
1.41605,-0.796912929227124
1.4162,-0.798348751658728
1.41635,-0.799788408925595
1.4165,-0.801231914572322
1.41665,-0.802679282203401
1.4168,-0.804130525483531
1.41695,-0.80558565813796
1.4171,-0.807044693952793
1.41725,-0.808507646775325
1.4174,-0.809974530514381
1.41755,-0.811445359140637
1.4177,-0.812920146686971
1.41785,-0.81439890724878
1.418,-0.815881654984337
1.41815,-0.81736840411512
1.4183,-0.818859168926161
1.41845,-0.820353963766392
1.4186,-0.821852803048997
1.41875,-0.823355701251756
1.4189,-0.824862672917403
1.41905,-0.826373732653968
1.4192,-0.827888895135156
1.41935,-0.829408175100691
1.4195,-0.830931587356684
1.41965,-0.832459146775991
1.4198,-0.833990868298593
1.41995,-0.835526766931942
1.4201,-0.837066857751355
1.42025,-0.838611155900386
1.4204,-0.840159676591185
1.42055,-0.841712435104895
1.4207,-0.843269446792016
1.42085,-0.844830727072813
1.421,-0.846396291437679
1.42115,-0.847966155447534
1.4213,-0.849540334734221
1.42145,-0.85111884500088
1.4216,-0.852701702022372
1.42175,-0.854288921645665
1.4219,-0.855880519790223
1.42205,-0.857476512448444
1.4222,-0.859076915686027
1.42235,-0.860681745642409
1.4225,-0.862291018531171
1.42265,-0.863904750640452
1.4228,-0.865522958333367
1.42295,-0.867145658048417
1.4231,-0.868772866299942
1.42325,-0.870404599678514
1.4234,-0.872040874851395
1.42355,-0.873681708562942
1.4237,-0.875327117635062
1.42385,-0.876977118967643
1.424,-0.878631729538991
1.42415,-0.880290966406286
1.4243,-0.881954846706016
1.42445,-0.883623387654435
1.4246,-0.885296606548001
1.42475,-0.886974520763864
1.4249,-0.888657147760284
1.42505,-0.890344505077127
1.4252,-0.892036610336311
1.42535,-0.893733481242281
1.4255,-0.89543513558248
1.42565,-0.897141591227818
1.4258,-0.898852866133165
1.42595,-0.90056897833782
1.4261,-0.90228994596599
1.42625,-0.90401578722729
1.4264,-0.905746520417228
1.42655,-0.907482163917708
1.4267,-0.909222736197515
1.42685,-0.910968255812816
1.427,-0.912718741407677
1.42715,-0.914474211714569
1.4273,-0.916234685554865
1.42745,-0.918000181839372
1.4276,-0.919770719568839
1.42775,-0.921546317834483
1.4279,-0.923326995818517
1.42805,-0.925112772794676
1.4282,-0.926903668128746
1.42835,-0.928699701279115
1.4285,-0.930500891797295
1.42865,-0.93230725932848
1.4288,-0.934118823612088
1.42895,-0.93593560448231
1.4291,-0.937757621868679
1.42925,-0.939584895796608
1.4294,-0.941417446387971
1.42955,-0.94325529386167
1.4297,-0.945098458534185
1.42985,-0.946946960820185
1.43,-0.94880082123307
1.43015,-0.950660060385572
1.4303,-0.952524698990355
1.43045,-0.954394757860583
1.4306,-0.956270257910529
1.43075,-0.958151220156161
1.4309,-0.960037665715772
1.43105,-0.961929615810561
1.4312,-0.963827091765267
1.43135,-0.965730115008765
1.4315,-0.967638707074712
1.43165,-0.969552889602137
1.4318,-0.971472684336123
1.43195,-0.973398113128383
1.4321,-0.975329197937946
1.43225,-0.977265960831783
1.4324,-0.979208423985434
1.43255,-0.981156609683702
1.4327,-0.983110540321282
1.43285,-0.98507023840343
1.433,-0.98703572654664
1.43315,-0.989007027479282
1.4333,-0.99098416404233
1.43345,-0.99296715919
1.4336,-0.994956035990459
1.43375,-0.996950817626506
1.4339,-0.998951527396274
1.43405,-1.00095818871392
1.4342,-1.00297082511034
1.43435,-1.00498946023391
1.4345,-1.00701411785112
1.43465,-1.0090448218474
1.4348,-1.01108159622775
1.43495,-1.01312446511753
1.4351,-1.01517345276321
1.43525,-1.01722858353307
1.4354,-1.01928988191793
1.43555,-1.021357372532
1.4357,-1.02343108011353
1.43585,-1.02551102952565
1.436,-1.02759724575709
1.43615,-1.029689753923
1.4363,-1.03178857926568
1.43645,-1.03389374715543
1.4366,-1.03600528309129
1.43675,-1.03812321270185
1.4369,-1.04024756174611
1.43705,-1.04237835611417
1.4372,-1.04451562182819
1.43735,-1.0466593850431
1.4375,-1.04880967204748
1.43765,-1.05096650926441
1.4378,-1.05312992325225
1.43795,-1.05529994070556
1.4381,-1.0574765884559
1.43825,-1.05965989347271
1.4384,-1.06184988286418
1.43855,-1.06404658387811
1.4387,-1.0662500239028
1.43885,-1.06846023046794
1.439,-1.07067723124548
1.43915,-1.07290105405057
1.4393,-1.0751317268424
1.43945,-1.0773692777252
1.4396,-1.07961373494907
1.43975,-1.08186512691098
1.4399,-1.08412348215565
1.44005,-1.08638882937653
1.4402,-1.08866119741671
1.44035,-1.09094061526992
1.4405,-1.09322711208144
1.44065,-1.09552071714912
1.4408,-1.09782145992431
1.44095,-1.10012937001289
1.4411,-1.10244447717621
1.44125,-1.10476681133214
1.4414,-1.10709640255605
1.44155,-1.1094332810818
1.4417,-1.11177747730283
1.44185,-1.11412902177313
1.442,-1.11648794520828
1.44215,-1.11885427848654
1.4423,-1.12122805264985
1.44245,-1.12360929890496
1.4426,-1.12599804862439
1.44275,-1.12839433334764
1.4429,-1.13079818478218
1.44305,-1.13320963480458
1.4432,-1.13562871546161
1.44335,-1.13805545897134
1.4435,-1.1404898977243
1.44365,-1.14293206428456
1.4438,-1.14538199139089
1.44395,-1.14783971195791
1.4441,-1.15030525907722
1.44425,-1.15277866601862
1.4444,-1.15525996623122
1.44455,-1.15774919334467
1.4447,-1.16024638117032
1.44485,-1.16275156370244
1.445,-1.16526477511941
1.44515,-1.16778604978498
1.4453,-1.17031542224946
1.44545,-1.17285292725098
1.4456,-1.17539859971671
1.44575,-1.17795247476418
1.4459,-1.18051458770249
1.44605,-1.18308497403362
1.4462,-1.18566366945367
1.44635,-1.18825070985427
1.4465,-1.19084613132374
1.44665,-1.19344997014854
1.4468,-1.19606226281454
1.44695,-1.19868304600835
1.4471,-1.2013123566187
1.44725,-1.20395023173779
1.4474,-1.20659670866268
1.44755,-1.20925182489664
1.4477,-1.21191561815058
1.44785,-1.21458812634442
1.448,-1.21726938760857
1.44815,-1.21995944028527
1.4483,-1.22265832293011
1.44845,-1.22536607431345
1.4486,-1.22808273342187
1.44875,-1.23080833945966
1.4489,-1.23354293185034
1.44905,-1.23628655023808
1.4492,-1.23903923448929
1.44935,-1.24180102469411
1.4495,-1.24457196116795
1.44965,-1.24735208445301
1.4498,-1.25014143531991
1.44995,-1.25294005476921
1.4501,-1.25574798403299
1.45025,-1.2585652645765
1.4504,-1.26139193809972
1.45055,-1.26422804653902
1.4507,-1.26707363206879
1.45085,-1.26992873710309
1.451,-1.2727934042973
1.45115,-1.27566767654984
1.4513,-1.27855159700384
1.45145,-1.28144520904884
1.4516,-1.28434855632252
1.45175,-1.28726168271243
1.4519,-1.29018463235778
1.45205,-1.29311744965115
1.4522,-1.29606017924028
1.45235,-1.2990128660299
1.4525,-1.30197555518351
1.45265,-1.30494829212519
1.4528,-1.30793112254149
1.45295,-1.31092409238323
1.4531,-1.3139272478674
1.45325,-1.31694063547907
1.4534,-1.31996430197321
1.45355,-1.3229982943767
1.4537,-1.32604265999021
1.45385,-1.32909744639015
1.454,-1.33216270143067
1.45415,-1.33523847324562
1.4543,-1.33832481025054
1.45445,-1.34142176114469
1.4546,-1.3445293749131
1.45475,-1.34764770082857
1.4549,-1.3507767884538
1.45505,-1.35391668764343
1.4552,-1.35706744854616
1.45535,-1.36022912160687
1.4555,-1.36340175756878
1.45565,-1.36658540747554
1.4558,-1.3697801226735
1.45595,-1.37298595481382
1.4561,-1.37620295585474
1.45625,-1.37943117806379
1.4564,-1.38267067402003
1.45655,-1.38592149661634
1.4567,-1.38918369906171
1.45685,-1.39245733488353
1.457,-1.39574245792994
1.45715,-1.39903912237217
1.4573,-1.40234738270689
1.45745,-1.40566729375865
1.4576,-1.40899891068226
1.45775,-1.41234228896519
1.4579,-1.41569748443011
1.45805,-1.41906455323726
1.4582,-1.42244355188702
1.45835,-1.42583453722242
1.4585,-1.42923756643162
1.45865,-1.43265269705056
1.4588,-1.43607998696547
1.45895,-1.43951949441552
1.4591,-1.44297127799541
1.45925,-1.44643539665809
1.4594,-1.44991190971736
1.45955,-1.4534008768506
1.4597,-1.45690235810151
1.45985,-1.46041641388282
1.46,-1.46394310497912
1.46015,-1.46748249254957
1.4603,-1.47103463813081
1.46045,-1.47459960363972
1.4606,-1.47817745137638
1.46075,-1.48176824402689
1.4609,-1.48537204466632
1.46105,-1.48898891676168
1.4612,-1.49261892417484
1.46135,-1.49626213116558
1.4615,-1.49991860239461
1.46165,-1.50358840292659
1.4618,-1.50727159823326
1.46195,-1.5109682541965
1.4621,-1.5146784371115
1.46225,-1.51840221368992
1.4624,-1.52213965106307
1.46255,-1.52589081678516
1.4627,-1.52965577883651
1.46285,-1.53343460562686
1.463,-1.53722736599868
1.46315,-1.54103412923049
1.4633,-1.54485496504028
1.46345,-1.54868994358882
1.4636,-1.55253913548319
1.46375,-1.55640261178018
1.4639,-1.56028044398982
1.46405,-1.56417270407886
1.4642,-1.5680794644744
1.46435,-1.5720007980674
1.4645,-1.57593677821637
1.46465,-1.57988747875099
1.4648,-1.58385297397583
1.46495,-1.58783333867401
1.4651,-1.59182864811106
1.46525,-1.59583897803861
1.4654,-1.5998644046983
1.46555,-1.60390500482558
1.4657,-1.60796085565366
1.46585,-1.6120320349174
1.466,-1.61611862085731
1.46615,-1.62022069222358
1.4663,-1.62433832828005
1.46645,-1.62847160880837
1.4666,-1.63262061411208
1.46675,-1.63678542502077
1.4669,-1.64096612289431
1.46705,-1.64516278962705
1.4672,-1.64937550765211
1.46735,-1.6536043599457
1.4675,-1.65784943003146
1.46765,-1.66211080198489
1.4678,-1.66638856043777
1.46795,-1.67068279058264
1.4681,-1.6749935781773
1.46825,-1.67932100954944
1.4684,-1.68366517160117
1.46855,-1.68802615181373
1.4687,-1.69240403825218
1.46885,-1.69679891957009
1.469,-1.70121088501439
1.46915,-1.70564002443015
1.4693,-1.71008642826551
1.46945,-1.71455018757655
1.4696,-1.71903139403227
1.46975,-1.72353013991963
1.4699,-1.72804651814862
1.47005,-1.73258062225733
1.4702,-1.73713254641714
1.47035,-1.74170238543796
1.4705,-1.74629023477342
1.47065,-1.75089619052623
1.4708,-1.75552034945357
1.47095,-1.76016280897243
1.4711,-1.76482366716514
1.47125,-1.76950302278486
1.4714,-1.77420097526115
1.47155,-1.77891762470562
1.4717,-1.78365307191757
1.47185,-1.7884074183898
1.472,-1.79318076631429
1.47215,-1.79797321858816
1.4723,-1.80278487881949
1.47245,-1.80761585133335
1.4726,-1.81246624117778
1.47275,-1.81733615412983
1.4729,-1.8222256967018
1.47305,-1.82713497614735
1.4732,-1.83206410046779
1.47335,-1.83701317841843
1.4735,-1.8419823195149
1.47365,-1.84697163403961
1.4738,-1.85198123304831
1.47395,-1.85701122837661
1.4741,-1.86206173264663
1.47425,-1.86713285927371
1.4744,-1.87222472247315
1.47455,-1.8773374372671
1.4747,-1.88247111949139
1.47485,-1.88762588580258
1.475,-1.89280185368493
1.47515,-1.89799914145754
1.4753,-1.90321786828156
1.47545,-1.90845815416738
1.4756,-1.913720119982
1.47575,-1.91900388745642
1.4759,-1.9243095791931
1.47605,-1.9296373186735
1.4762,-1.93498723026574
1.47635,-1.94035943923224
1.4765,-1.94575407173755
1.47665,-1.95117125485616
1.4768,-1.95661111658047
1.47695,-1.96207378582876
1.4771,-1.96755939245332
1.47725,-1.97306806724861
1.4774,-1.97859994195948
1.47755,-1.9841551492896
1.4777,-1.98973382290979
1.47785,-1.99533609746657
1.478,-2.00096210859078
1.47815,-2.00661199290621
1.4783,-2.01228588803841
1.47845,-2.01798393262352
1.4786,-2.02370626631727
1.47875,-2.02945302980397
1.4789,-2.03522436480569
1.47905,-2.04102041409141
1.4792,-2.04684132148644
1.47935,-2.05268723188178
1.4795,-2.05855829124365
1.47965,-2.06445464662308
1.4798,-2.07037644616563
1.47995,-2.07632383912124
1.4801,-2.08229697585407
1.48025,-2.08829600785257
1.4804,-2.09432108773957
1.48055,-2.1003723692825
1.4807,-2.10645000740371
1.48085,-2.11255415819094
1.481,-2.11868497890781
1.48115,-2.12484262800451
1.4813,-2.13102726512852
1.48145,-2.13723905113554
1.4816,-2.1434781481004
1.48175,-2.14974471932824
1.4819,-2.15603892936566
1.48205,-2.1623609440121
1.4822,-2.16871093033122
1.48235,-2.17508905666257
1.4825,-2.18149549263321
1.48265,-2.18793040916953
1.4828,-2.19439397850922
1.48295,-2.20088637421327
1.4831,-2.20740777117825
1.48325,-2.21395834564854
1.4834,-2.22053827522882
1.48355,-2.22714773889666
1.4837,-2.23378691701517
1.48385,-2.24045599134593
1.484,-2.24715514506188
1.48415,-2.25388456276052
1.4843,-2.2606444304771
1.48445,-2.26743493569804
1.4846,-2.27425626737451
1.48475,-2.28110861593601
1.4849,-2.28799217330431
1.48505,-2.29490713290736
1.4852,-2.30185368969341
1.48535,-2.30883204014532
1.4855,-2.31584238229495
1.48565,-2.32288491573775
1.4858,-2.32995984164754
1.48595,-2.3370673627913
1.4861,-2.34420768354431
1.48625,-2.35138100990533
1.4864,-2.35858754951199
1.48655,-2.36582751165633
1.4867,-2.37310110730047
1.48685,-2.38040854909252
1.487,-2.38775005138264
1.48715,-2.39512583023922
1.4873,-2.40253610346533
1.48745,-2.40998109061521
1.4876,-2.4174610130111
1.48775,-2.42497609376012
1.4879,-2.43252655777142
1.48805,-2.44011263177345
1.4882,-2.44773454433146
1.48835,-2.45539252586515
1.4885,-2.4630868086666
1.48865,-2.47081762691828
1.4888,-2.47858521671128
1.48895,-2.48638981606388
1.4891,-2.49423166494005
1.48925,-2.50211100526845
1.4894,-2.5100280809614
1.48955,-2.51798313793424
1.4897,-2.52597642412472
1.48985,-2.53400818951275
1.49,-2.54207868614031
1.49015,-2.55018816813157
1.4903,-2.55833689171324
1.49045,-2.56652511523515
1.4906,-2.57475309919105
1.49075,-2.5830211062396
1.4909,-2.59132940122569
1.49105,-2.59967825120189
1.4912,-2.60806792545016
1.49135,-2.61649869550389
1.4915,-2.62497083517
1.49165,-2.63348462055149
1.4918,-2.6420403300701
1.49195,-2.65063824448923
1.4921,-2.65927864693723
1.49225,-2.66796182293074
1.4924,-2.67668806039852
1.49255,-2.68545764970536
1.4927,-2.69427088367638
1.49285,-2.70312805762149
1.493,-2.71202946936021
1.49315,-2.72097541924674
1.4933,-2.72996621019526
1.49345,-2.73900214770561
1.4936,-2.74808353988914
1.49375,-2.75721069749492
1.4939,-2.76638393393624
1.49405,-2.77560356531738
1.4942,-2.78486991046067
1.49435,-2.79418329093392
1.4945,-2.80354403107804
1.49465,-2.81295245803502
1.4948,-2.82240890177635
1.49495,-2.83191369513152
1.4951,-2.84146717381701
1.49525,-2.85106967646556
1.4954,-2.86072154465571
1.49555,-2.87042312294178
1.4957,-2.88017475888412
1.49585,-2.88997680307962
1.496,-2.89982960919279
1.49615,-2.9097335339869
1.4963,-2.9196889373557
1.49645,-2.92969618235537
1.4966,-2.93975563523688
1.49675,-2.94986766547873
1.4969,-2.96003264581991
1.49705,-2.97025095229349
1.4972,-2.98052296426035
1.49735,-2.99084906444343
1.4975,-3.00122963896229
1.49765,-3.01166507736804
1.4978,-3.02215577267881
1.49795,-3.03270212141543
1.4981,-3.04330452363765
1.49825,-3.05396338298064
1.4984,-3.06467910669208
1.49855,-3.07545210566944
1.4987,-3.08628279449792
1.49885,-3.09717159148859
1.499,-3.10811891871715
1.49915,-3.11912520206302
1.4993,-3.13019087124881
1.49945,-3.14131635988047
1.4996,-3.1525021054876
1.49975,-3.16374854956446
1.4999,-3.17505613761126
1.50005,-3.18642531917597
1.5002,-3.19785654789676
1.50035,-3.2093502815446
1.5005,-3.22090698206665
1.50065,-3.23252711562995
1.5008,-3.24421115266562
1.50095,-3.25595956791371
1.5011,-3.26777284046834
1.50125,-3.27965145382349
1.5014,-3.29159589591926
1.50155,-3.30360665918863
1.5017,-3.3156842406048
1.50185,-3.32782914172907
1.502,-3.34004186875911
1.50215,-3.352322932578
1.5023,-3.36467284880364
1.50245,-3.37709213783878
1.5026,-3.38958132492168
1.50275,-3.40214094017717
1.5029,-3.41477151866848
1.50305,-3.42747360044952
1.5032,-3.44024773061768
1.50335,-3.45309445936755
1.5035,-3.46601434204481
1.50365,-3.47900793920101
1.5038,-3.49207581664893
1.50395,-3.50521854551839
1.5041,-3.51843670231293
1.50425,-3.53173086896692
1.5044,-3.54510163290343
1.50455,-3.5585495870927
1.5047,-3.5720753301112
1.50485,-3.58567946620151
1.505,-3.59936260533271
1.50515,-3.61312536326153
1.5053,-3.62696836159413
1.50545,-3.64089222784856
1.5056,-3.65489759551801
1.50575,-3.66898510413465
1.5059,-3.68315539933422
1.50605,-3.69740913292133
1.5062,-3.71174696293547
1.50635,-3.7261695537178
1.5065,-3.74067757597862
1.50665,-3.75527170686558
1.5068,-3.76995263003269
1.50695,-3.78472103571009
1.5071,-3.79957762077438
1.50725,-3.81452308882017
1.5074,-3.8295581502319
1.50755,-3.84468352225684
1.5077,-3.85989992907861
1.50785,-3.87520810189163
1.508,-3.89060877897648
1.50815,-3.9061027057758
1.5083,-3.92169063497132
1.50845,-3.93737332656147
1.5086,-3.95315154793995
1.50875,-3.96902607397516
1.5089,-3.98499768709047
1.50905,-4.00106717734525
1.5092,-4.01723534251696
1.50935,-4.03350298818383
1.5095,-4.0498709278088
1.50965,-4.066339982824
1.5098,-4.08291098271631
1.50995,-4.09958476511381
1.5101,-4.11636217587302
1.51025,-4.13324406916724
1.5104,-4.15023130757572
1.51055,-4.1673247621737
1.5107,-4.18452531262349
1.51085,-4.20183384726645
1.511,-4.21925126321588
1.51115,-4.236778466451
1.5113,-4.25441637191173
1.51145,-4.27216590359452
1.5116,-4.29002799464923
1.51175,-4.30800358747674
1.5119,-4.32609363382793
1.51205,-4.34429909490326
1.5122,-4.36262094145364
1.51235,-4.38106015388218
1.5125,-4.39961772234688
1.51265,-4.41829464686452
1.5128,-4.43709193741538
1.51295,-4.45601061404916
1.5131,-4.47505170699179
1.51325,-4.49421625675318
1.5134,-4.51350531423642
1.51355,-4.53291994084749
1.5137,-4.5524612086064
1.51385,-4.57213020025913
1.514,-4.59192800939078
1.51415,-4.61185574053971
1.5143,-4.63191450931271
1.51445,-4.65210544250121
1.5146,-4.67242967819862
1.51475,-4.69288836591855
1.5149,-4.71348266671438
1.51505,-4.73421375329954
1.5152,-4.75508281016907
1.51535,-4.77609103372217
1.5155,-4.79723963238571
1.51565,-4.81852982673888
1.5158,-4.83996284963887
1.51595,-4.86153994634758
1.5161,-4.88326237465926
1.51625,-4.90513140502934
1.5164,-4.92714832070406
1.51655,-4.94931441785139
1.5167,-4.97163100569266
1.51685,-4.99409940663538
1.517,-5.01672095640696
1.51715,-5.03949700418932
1.5173,-5.06242891275466
1.51745,-5.08551805860195
1.5176,-5.1087658320945
1.51775,-5.13217363759837
1.5179,-5.15574289362152
1.51805,-5.17947503295429
1.5182,-5.20337150281018
1.51835,-5.22743376496773
1.5185,-5.25166329591334
1.51865,-5.27606158698441
1.5188,-5.30063014451384
1.51895,-5.32537048997471
1.5191,-5.35028416012597
1.51925,-5.37537270715861
1.5194,-5.40063769884261
1.51955,-5.42608071867424
1.5197,-5.4517033660242
1.51985,-5.47750725628601
1.52,-5.50349402102491
1.52015,-5.52966530812725
1.5203,-5.55602278195004
1.52045,-5.58256812347105
1.5206,-5.60930303043897
1.52075,-5.63622921752371
1.5209,-5.66334841646697
1.52105,-5.69066237623262
1.5212,-5.71817286315735
1.52135,-5.74588166110089
1.5215,-5.77379057159626
1.52165,-5.80190141399962
1.5218,-5.83021602563973
1.52195,-5.85873626196705
1.5221,-5.8874639967022
1.52225,-5.91640112198368
1.5224,-5.94554954851495
1.52255,-5.97491120571026
1.5227,-6.00448804183995
1.52285,-6.03428202417413
1.523,-6.06429513912522
1.52315,-6.09452939238893
1.5233,-6.12498680908387
1.52345,-6.15566943388884
1.5236,-6.18657933117885
1.52375,-6.21771858515832
1.5239,-6.24908929999249
1.52405,-6.28069359993581
1.5242,-6.3125336294578
1.52435,-6.34461155336601
1.5245,-6.37692955692558
1.52465,-6.40948984597526
1.5248,-6.44229464703991
1.52495,-6.47534620743869
1.5251,-6.50864679538918
1.52525,-6.54219870010675
1.5254,-6.57600423189888
1.52555,-6.61006572225441
1.5257,-6.64438552392664
1.52585,-6.67896601101115
1.526,-6.71380957901642
1.52615,-6.74891864492793
1.5263,-6.784295647265
1.52645,-6.81994304612944
1.5266,-6.85586332324651
1.52675,-6.89205898199655
1.5269,-6.92853254743755
1.52705,-6.96528656631767
1.5272,-7.0023236070771
1.52735,-7.03964625983909
1.5275,-7.07725713638884
1.52765,-7.11515887013985
1.5278,-7.15335411608698
1.52795,-7.19184555074561
1.5281,-7.23063587207536
1.52825,-7.2697277993887
1.5284,-7.3091240732422
1.52855,-7.34882745531049
1.5287,-7.38884072824138
1.52885,-7.42916669549097
1.529,-7.46980818113839
1.52915,-7.51076802967776
1.5293,-7.55204910578733
1.52945,-7.59365429407357
1.5296,-7.6355864987891
1.52975,-7.67784864352369
1.5299,-7.72044367086527
1.53005,-7.76337454203085
1.5302,-7.80664423646468
1.53035,-7.85025575140209
1.5305,-7.89421210139747
1.53065,-7.93851631781366
1.5308,-7.98317144827129
1.53095,-8.02818055605552
1.5311,-8.07354671947755
1.53125,-8.11927303118947
1.5314,-8.16536259744841
1.53155,-8.21181853732814
1.5317,-8.25864398187529
1.53185,-8.30584207320653
1.532,-8.35341596354373
1.53215,-8.40136881418436
1.5323,-8.44970379440231
1.53245,-8.49842408027633
1.5326,-8.54753285344187
1.53275,-8.5970332997617
1.5329,-8.64692860791188
1.53305,-8.69722196787723
1.5332,-8.74791656935214
1.53335,-8.79901560004162
1.5335,-8.85052224385648
1.53365,-8.90243967899784
1.5338,-8.95477107592418
1.53395,-9.00751959519473
1.5341,-9.06068838518286
1.53425,-9.11428057965187
1.5344,-9.16829929518644
1.53455,-9.22274762847113
1.5347,-9.27762865340836
1.53485,-9.33294541806687
1.535,-9.38870094145142
1.53515,-9.44489821008477
1.5353,-9.50154017439109
1.53545,-9.55862974487061
1.5356,-9.61616978805432
1.53575,-9.67416312222686
1.5359,-9.73261251290529
1.53605,-9.79152066806133
1.5362,-9.85089023307247
1.53635,-9.91072378538836
1.5365,-9.97102382889781
1.53665,-10.0317927879794
1.5368,-10.0930330012211
1.53695,-10.1547467147901
1.5371,-10.2169360754351
1.53725,-10.2796031231029
1.5374,-10.3427497831485
1.53755,-10.4063778581192
1.5377,-10.4704890190892
1.53785,-10.5350847965245
1.538,-10.6001665706527
1.53815,-10.6657355613141
1.5383,-10.7317928172686
1.53845,-10.7983392049311
1.5386,-10.8653753965089
1.53875,-10.9329018575122
1.5389,-11.0009188336072
1.53905,-11.069426336783
1.5392,-11.138424130799
1.53935,-11.2079117158813
1.5395,-11.277888312635
1.53965,-11.3483528451357
1.5398,-11.4193039231699
1.53995,-11.4907398235827
1.5401,-11.5626584707015
1.54025,-11.6350574157953
1.5404,-11.7079338155353
1.54055,-11.7812844094168
1.5407,-11.8551054961081
1.54085,-11.9293929086864
1.541,-12.0041419887276
1.54115,-12.0793475592118
1.5413,-12.1550038962123
1.54145,-12.2311046993349
1.5416,-12.3076430608776
1.54175,-12.3846114336824
1.5419,-12.4620015976558
1.54205,-12.5398046249372
1.5422,-12.6180108436994
1.54235,-12.6966098005721
1.5425,-12.7755902216824
1.54265,-12.8549399723189
1.5428,-12.934646015229
1.54295,-13.0146943675735
1.5431,-13.0950700565703
1.54325,-13.1757570738726
1.5434,-13.256738328742
1.54355,-13.3379956000912
1.5437,-13.4195094874896
1.54385,-13.5012593612433
1.544,-13.5832233116832
1.54415,-13.6653780978184
1.5443,-13.7476990955385
1.54445,-13.8301602455737
1.5446,-13.9127340014555
1.54475,-13.9953912777516
1.5449,-14.0781013988826
1.54505,-14.160832048869
1.5452,-14.2435492223918
1.54535,-14.3262171775977
1.5455,-14.4087983911163
1.54565,-14.4912535158097
1.5458,-14.5735413418148
1.54595,-14.6556187614888
1.5461,-14.7374407389179
1.54625,-14.8189602846906
1.5464,-14.9001284366877
1.54655,-14.9808942476828
1.5467,-15.0612047805859
1.54685,-15.141005112201
1.547,-15.2202383463957
1.54715,-15.2988456376046
1.5473,-15.3767662256014
1.54745,-15.4539374824772
1.5476,-15.5302949727532
1.54775,-15.6057725275298
1.5479,-15.6803023335372
1.54805,-15.7538150378922
1.5482,-15.8262398692867
1.54835,-15.8975047762379
1.5485,-15.9675365829066
1.54865,-16.0362611628438
1.5488,-16.1036036308602
1.54895,-16.1694885530192
1.5491,-16.2338401745378
1.54925,-16.2965826651447
1.5494,-16.3576403811849
1.54955,-16.4169381434893
1.5497,-16.4744015297393
1.54985,-16.529957179763
1.55,-16.5835331118994
1.55015,-16.6350590482765
1.5503,-16.6844667465615
1.55045,-16.7316903354791
1.5506,-16.7766666511497
1.55075,-16.8193355710956
1.5509,-16.8596403425955
1.55105,-16.89752790195
1.5512,-16.9329491811576
1.55135,-16.9658593984974
1.5515,-16.9962183295761
1.55165,-17.0239905555196
1.5518,-17.0491456851889
1.55195,-17.0716585485529
1.5521,-17.0915093586733
1.55225,-17.1086838401345
1.5524,-17.1231733221754
1.55255,-17.1349747952472
1.5527,-17.1440909302167
1.55285,-17.1505300599496
1.553,-17.1543061235273
1.55315,-17.1554385738675
1.5533,-17.1539522500133
1.55345,-17.1498772158223
1.5536,-17.1432485672171
1.55375,-17.1341062105319
1.5539,-17.1224946148157
1.55405,-17.1084625412096
1.5542,-17.0920627527123
1.55435,-17.0733517077753
1.5545,-17.0523892412293
1.55465,-17.0292382360459
1.5548,-17.0039642893707
1.55495,-16.9766353761528
1.5551,-16.9473215135264
1.55525,-16.9160944288957
1.5554,-16.8830272344368
1.55555,-16.8481941104595
1.5557,-16.8116699997941
1.55585,-16.7735303150702
1.556,-16.7338506604586
1.55615,-16.6927065691532
1.5563,-16.6501732575799
1.55645,-16.6063253970494
1.5566,-16.5612369033105
1.55675,-16.5149807442229
1.5569,-16.4676287655555
1.55705,-16.4192515347185
1.5572,-16.3699182020735
1.55735,-16.3196963793152
1.5575,-16.2686520343016
1.55765,-16.2168494016063
1.5578,-16.1643509079889
1.55795,-16.1112171119232
1.5581,-16.0575066562779
1.55825,-16.0032762332238
1.5584,-15.9485805604309
1.55855,-15.8934723676177
1.5587,-15.8380023925345
1.55885,-15.7822193854772
1.559,-15.7261701214639
1.55915,-15.6698994192403
1.5593,-15.6134501663152
1.55945,-15.5568633492806
1.5596,-15.5001780887062
1.55975,-15.4434316779507
1.5599,-15.3866596252815
1.56005,-15.3298956987329
1.5602,-15.2731719731928
1.56035,-15.2165188792379
1.5605,-15.1599652532945
1.56065,-15.1035383887361
1.5608,-15.047264087569
1.56095,-14.9911667123992
1.5611,-14.9352692384044
1.56125,-14.8795933050679
1.5614,-14.8241592674668
1.56155,-14.768986246927
1.5617,-14.7140921808905
1.56185,-14.6594938718587
1.562,-14.6052070353005
1.56215,-14.5512463464325
1.5623,-14.4976254857928
1.56245,-14.4443571835533
1.5626,-14.3914532625193
1.56275,-14.3389246797875
1.5629,-14.2867815670382
1.56305,-14.2350332694483
1.5632,-14.1836883832254
1.56335,-14.13275479176
1.5635,-14.082239700413
1.56365,-14.0321496699483
1.5638,-13.9824906486342
1.56395,-13.9332680030372
1.5641,-13.8844865475334
1.56425,-13.8361505725721
1.5644,-13.7882638717199
1.56455,-13.7408297675212
1.5647,-13.6938511362116
1.56485,-13.6473304313169
1.565,-13.6012697061797
1.56515,-13.5556706354462
1.5653,-13.5105345355524
1.56545,-13.4658623842485
1.5656,-13.4216548391942
1.56575,-13.3779122556662
1.5659,-13.3346347034101
1.56605,-13.2918219826722
1.5662,-13.2494736394491
1.56635,-13.2075889799824
1.5665,-13.1661670845373
1.56665,-13.1252068204923
1.5668,-13.0847068547732
1.56695,-13.0446656656596
1.5671,-13.0050815539929
1.56725,-12.9659526538147
1.5674,-12.9272769424598
1.56755,-12.8890522501308
1.5677,-12.8512762689798
1.56785,-12.813946561718
1.568,-12.7770605697797
1.56815,-12.7406156210578
1.5683,-12.704608937236
1.56845,-12.6690376407344
1.5686,-12.6338987612891
1.56875,-12.5991892421833
1.5689,-12.5649059461477
1.56905,-12.5310456609456
1.5692,-12.4976051046608
1.56935,-12.4645809307
1.5695,-12.4319697325278
1.56965,-12.3997680481447
1.5698,-12.3679723643228
1.56995,-12.336579120612
1.5701,-12.3055847131264
1.57025,-12.2749854981252
1.5704,-12.2447777953953
1.57055,-12.2149578914491
1.5707,-12.1855220425443
1.57085,-12.1564664775372
1.571,-12.1277874005768
1.57115,-12.099480993648
1.5713,-12.0715434189731
1.57145,-12.0439708212774
1.5716,-12.0167593299273
1.57175,-11.989905060947
1.5719,-11.9634041189201
1.57205,-11.9372525987835
1.5722,-11.9114465875175
1.57235,-11.8859821657384
1.5725,-11.8608554092002
1.57265,-11.8360623902078
1.5728,-11.8115991789483
1.57295,-11.7874618447448
1.5731,-11.7636464572355
1.57325,-11.7401490874841
1.5734,-11.7169658090236
1.57355,-11.6940926988388
1.5737,-11.6715258382892
1.57385,-11.649261313977
1.574,-11.6272952185629
1.57415,-11.6056236515322
1.5743,-11.5842427199145
1.57445,-11.5631485389602
1.5746,-11.5423372327742
1.57475,-11.5218049349128
1.5749,-11.5015477889421
1.57505,-11.4815619489635
1.5752,-11.4618435801059
1.57535,-11.4423888589877
1.5755,-11.423193974151
1.57565,-11.4042551264681
1.5758,-11.3855685295241
1.57595,-11.3671304099746
1.5761,-11.3489370078831
1.57625,-11.3309845770369
1.5764,-11.313269385244
1.57655,-11.2957877146132
1.5767,-11.2785358618159
1.57685,-11.2615101383346
1.577,-11.2447068706954
1.57715,-11.2281224006883
1.5773,-11.2117530855752
1.57745,-11.1955952982864
1.5776,-11.1796454276071
1.57775,-11.1638998783543
1.5779,-11.1483550715452
1.57805,-11.1330074445574
1.5782,-11.1178534512827
1.57835,-11.1028895622736
1.5785,-11.0881122648847
1.57865,-11.0735180634086
1.5788,-11.0591034792079
1.57895,-11.0448650508419
1.5791,-11.0307993341915
1.57925,-11.0169029025797
1.5794,-11.0031723468908
1.57955,-10.9896042756865
1.5797,-10.9761953153212
1.57985,-10.9629421100557
1.58,-10.94984132217
1.58015,-10.9368896320758
1.5803,-10.9240837384289
1.58045,-10.9114203582411
1.5806,-10.8988962269932
1.58075,-10.8865080987485
1.5809,-10.8742527462669
1.58105,-10.8621269611203
1.5812,-10.8501275538097
1.58135,-10.8382513538832
1.5815,-10.8264952100562
1.58165,-10.8148559903331
1.5818,-10.8033305821317
1.58195,-10.7919158924085
1.5821,-10.7806088477875
1.58225,-10.769406394691
1.5824,-10.758305499472
1.58255,-10.7473031485506
1.5827,-10.7363963485516
1.58285,-10.7255821264454
1.583,-10.7148575296917
1.58315,-10.7042196263853
1.5833,-10.6936655054051
1.58345,-10.6831922765654
1.5836,-10.6727970707703
1.58375,-10.6624770401703
1.5839,-10.6522293583221
1.58405,-10.64205122035
1.5842,-10.6319398431113
1.58435,-10.6218924653626
1.5845,-10.6119063479297
1.58465,-10.6019787738795
1.5848,-10.5921070486936
1.58495,-10.5822885004446
1.5851,-10.5725204799747
1.58525,-10.5628003610754
1.5854,-10.5531255406699
1.58555,-10.5434934389963
1.5857,-10.5339014997933
1.58585,-10.5243471904866
1.586,-10.5148280023769
1.58615,-10.505341450829
1.5863,-10.4958850754616
1.58645,-10.4864564403387
1.5866,-10.4770531341602
1.58675,-10.4676727704548
1.5869,-10.4583129877714
1.58705,-10.4489714498719
1.5872,-10.439645845923
1.58735,-10.4303338906889
1.5875,-10.4210333247217
1.58765,-10.4117419145532
1.5878,-10.4024574528841
1.58795,-10.3931777587731
1.5881,-10.3839006778246
1.58825,-10.3746240823745
1.5884,-10.3653458716745
1.58855,-10.3560639720748
1.5887,-10.3467763372041
1.58885,-10.3374809481476
1.589,-10.3281758136222
1.58915,-10.3188589701493
1.5893,-10.3095284822244
1.58945,-10.3001824424827
1.5896,-10.2908189718631
1.58975,-10.2814362197664
1.5899,-10.2720323642113
1.59005,-10.2626056119853
1.5902,-10.2531541987916
1.59035,-10.2436763893922
1.5905,-10.2341704777446
1.59065,-10.2246347871356
1.5908,-10.2150676703084
1.59095,-10.2054675095851
1.5911,-10.1958327169837
1.59125,-10.186161734329
1.5914,-10.1764530333581
1.59155,-10.1667051158196
1.5917,-10.156916513566
1.59185,-10.1470857886409
1.592,-10.1372115333585
1.59215,-10.1272923703767
1.5923,-10.1173269527636
1.59245,-10.1073139640561
1.5926,-10.0972521183125
1.59275,-10.0871401601565
1.5929,-10.0769768648145
1.59305,-10.0667610381453
1.5932,-10.0564915166613
1.59335,-10.0461671675429
1.5935,-10.0357868886441
1.59365,-10.0253496084906
1.5938,-10.0148542862695
1.59395,-10.0042999118107
1.5941,-9.99368550556043
1.59425,-9.98301011854584
1.5944,-9.97227283233173
1.59455,-9.96147275896843
1.5947,-9.95060904093127
1.59485,-9.93968085105168
1.595,-9.92868739243948
1.59515,-9.91762789839673
1.5953,-9.90650163232303
1.59545,-9.8953078876119
1.5956,-9.8840459875392
1.59575,-9.87271528514231
1.5959,-9.86131516309127
1.59605,-9.84984503355098
1.5962,-9.8383043380355
1.59635,-9.82669254725332
1.5965,-9.81500916094462
1.59665,-9.80325370771027
1.5968,-9.79142574483229
1.59695,-9.77952485808667
1.5971,-9.76755066154758
1.59725,-9.75550279738401
1.5974,-9.74338093564855
1.59755,-9.73118477405805
1.5977,-9.71891403776717
1.59785,-9.70656847913417
1.598,-9.69414787747914
1.59815,-9.68165203883552
1.5983,-9.66908079569388
1.59845,-9.65643400673944
1.5986,-9.6437115565823
1.59875,-9.63091335548116
1.5989,-9.61803933906081
1.59905,-9.60508946802302
1.5992,-9.59206372785165
1.59935,-9.57896212851157
1.5995,-9.56578470414188
1.59965,-9.55253151274369
1.5998,-9.53920263586255
1.59995,-9.52579817826557
1.6001,-9.51231826761366
1.60025,-9.49876305412903
1.6004,-9.48513271025821
1.60055,-9.47142743033043
1.6007,-9.45764743021226
1.60085,-9.44379294695815
1.601,-9.42986423845697
1.60115,-9.41586158307578
1.6013,-9.40178527929939
1.60145,-9.38763564536781
1.6016,-9.37341301891007
1.60175,-9.35911775657579
1.6019,-9.34475023366451
1.60205,-9.3303108437523
1.6022,-9.31579999831698
1.60235,-9.30121812636122
1.6025,-9.28656567403408
1.60265,-9.27184310425161
1.6028,-9.25705089631581
1.60295,-9.24218954553315
1.6031,-9.22725956283221
1.60325,-9.2122614743806
1.6034,-9.19719582120218
1.60355,-9.18206315879363
1.6037,-9.16686405674148
1.60385,-9.15159909833951
1.604,-9.13626888020621
1.60415,-9.12087401190365
1.6043,-9.10541511555663
1.60445,-9.08989282547336
1.6046,-9.07430778776704
1.60475,-9.05866065997929
1.6049,-9.04295211070485
1.60505,-9.02718281921813
1.6052,-9.01135347510204
1.60535,-8.99546477787839
1.6055,-8.97951743664118
1.60565,-8.96351216969182
1.6058,-8.94744970417709
1.60595,-8.93133077573002
1.6061,-8.91515612811328
1.60625,-8.898926512866
1.6064,-8.88264268895327
1.60655,-8.8663054224191
1.6067,-8.84991548604305
1.60685,-8.83347365899961
1.607,-8.8169807265221
1.60715,-8.80043747956958
1.6073,-8.7838447144978
1.60745,-8.76720323273424
1.6076,-8.75051384045692
1.60775,-8.73377734827734
1.6079,-8.71699457092785
1.60805,-8.70016632695273
1.6082,-8.68329343840438
1.60835,-8.66637673054301
1.6085,-8.64941703154167
1.60865,-8.63241517219519
1.6088,-8.61537198563382
1.60895,-8.5982883070419
1.6091,-8.5811649733805
1.60925,-8.56400282311555
1.6094,-8.5468026959502
1.60955,-8.52956543256197
1.6097,-8.51229187434529
1.60985,-8.49498286315806
1.61,-8.47763924107384
1.61015,-8.46026185013854
1.6103,-8.44285153213187
1.61045,-8.42540912833428
1.6106,-8.40793547929808
1.61075,-8.39043142462429
1.6109,-8.37289780274367
1.61105,-8.35533545070314
1.6112,-8.33774520395707
1.61135,-8.32012789616317
1.6115,-8.30248435898378
1.61165,-8.2848154218917
1.6118,-8.26712191198071
1.61195,-8.24940465378158
1.6121,-8.23166446908217
1.61225,-8.21390217675286
1.6124,-8.19611859257646
1.61255,-8.17831452908285
1.6127,-8.16049079538863
1.61285,-8.14264819704087
1.613,-8.12478753586625
1.61315,-8.10690960982392
1.6133,-8.08901521286371
1.61345,-8.07110513478834
1.6136,-8.05318016112013
1.61375,-8.03524107297243
1.6139,-8.01728864692499
1.61405,-7.9993236549041
1.6142,-7.98134686406661
1.61435,-7.96335903668822
1.6145,-7.94536093005626
1.61465,-7.92735329636604
1.6148,-7.9093368826218
1.61495,-7.89131243054127
1.6151,-7.87328067646412
1.61525,-7.85524235126481
1.6154,-7.83719818026849
1.61555,-7.81914888317131
1.6157,-7.8010951739642
1.61585,-7.78303776086002
1.616,-7.76497734622478
1.61615,-7.7469146265119
1.6163,-7.72885029220034
1.61645,-7.71078502773591
1.6166,-7.69271951147565
1.61675,-7.67465441563607
1.6169,-7.65659040624399
1.61705,-7.63852814309107
1.6172,-7.62046827969101
1.61735,-7.6024114632397
1.6175,-7.58435833457891
1.61765,-7.56630952816207
1.6178,-7.54826567202363
1.61795,-7.53022738775063
1.6181,-7.51219529045722
1.61825,-7.49416998876181
1.6184,-7.47615208476675
1.61855,-7.45814217404064
1.6187,-7.44014084560288
1.61885,-7.42214868191084
1.619,-7.40416625884928
1.61915,-7.38619414572203
1.6193,-7.36823290524598
1.61945,-7.3502830935472
1.6196,-7.33234526015893
1.61975,-7.31441994802223
1.6199,-7.29650769348779
1.62005,-7.27860902632051
1.6202,-7.26072446970548
1.62035,-7.24285454025566
1.6205,-7.22499974802195
1.62065,-7.20716059650433
1.6208,-7.18933758266513
1.62095,-7.1715311969436
1.6211,-7.15374192327234
1.62125,-7.13597023909514
1.6214,-7.11821661538601
1.62155,-7.10048151667025
1.6217,-7.08276540104621
1.62185,-7.06506872020902
1.622,-7.04739191947512
1.62215,-7.02973543780818
1.6223,-7.01209970784639
1.62245,-6.99448515593062
1.6226,-6.97689220213389
1.62275,-6.95932126029198
1.6229,-6.94177273803454
1.62305,-6.92424703681809
1.6232,-6.90674455195901
1.62335,-6.88926567266812
1.6235,-6.87181078208594
1.62365,-6.85438025731844
1.6238,-6.83697446947419
1.62395,-6.81959378370172
1.6241,-6.80223855922805
1.62425,-6.78490914939755
1.6244,-6.76760590171158
1.62455,-6.75032915786899
1.6247,-6.73307925380668
1.62485,-6.71585651974136
1.625,-6.69866128021135
1.62515,-6.68149385411898
1.6253,-6.66435455477381
1.62545,-6.64724368993565
1.6256,-6.63016156185872
1.62575,-6.61310846733558
1.6259,-6.59608469774171
1.62605,-6.57909053908063
1.6262,-6.5621262720287
1.62635,-6.54519217198097
1.6265,-6.5282885090968
1.62665,-6.51141554834567
1.6268,-6.49457354955367
1.62695,-6.4777627674497
1.6271,-6.46098345171215
1.62725,-6.44423584701559
1.6274,-6.42752019307755
1.62755,-6.41083672470569
1.6277,-6.39418567184463
1.62785,-6.37756725962335
1.628,-6.36098170840217
1.62815,-6.34442923382015
1.6283,-6.32791004684236
1.62845,-6.31142435380701
1.6286,-6.29497235647295
1.62875,-6.27855425206684
1.6289,-6.26217023333024
1.62905,-6.24582048856707
1.6292,-6.2295052016904
1.62935,-6.21322455226977
1.6295,-6.19697871557791
1.62965,-6.18076786263774
1.6298,-6.16459216026905
1.62995,-6.14845177113502
1.6301,-6.13234685378887
1.63025,-6.11627756271994
1.6304,-6.10024404840012
1.63055,-6.08424645732968
1.6307,-6.06828493208309
1.63085,-6.05235961135478
1.631,-6.0364706300044
1.63115,-6.02061811910227
1.6313,-6.0048022059743
1.63145,-5.98902301424673
1.6316,-5.97328066389091
1.63175,-5.95757527126742
1.6319,-5.94190694917045
1.63205,-5.92627580687149
1.6322,-5.91068195016295
1.63235,-5.89512548140167
1.6325,-5.87960649955181
1.63265,-5.86412510022792
1.6328,-5.84868137573734
1.63295,-5.83327541512245
1.6331,-5.81790730420288
1.63325,-5.80257712561697
1.6334,-5.78728495886337
1.63355,-5.77203088034216
1.6337,-5.75681496339555
1.63385,-5.74163727834858
1.634,-5.72649789254921
1.63415,-5.71139687040835
1.6343,-5.69633427343947
1.63445,-5.68131016029773
1.6346,-5.66632458681927
1.63475,-5.65137760605953
1.6349,-5.63646926833193
1.63505,-5.62159962124571
1.6352,-5.60676870974362
1.63535,-5.59197657613953
1.6355,-5.57722326015518
1.63565,-5.56250879895718
1.6358,-5.5478332271934
1.63595,-5.53319657702881
1.6361,-5.51859887818161
1.63625,-5.5040401579583
1.6364,-5.48952044128908
1.63655,-5.47503975076251
1.6367,-5.46059810665985
1.63685,-5.44619552698942
1.637,-5.43183202752008
1.63715,-5.41750762181501
1.6373,-5.40322232126468
1.63745,-5.38897613511954
1.6376,-5.37476907052281
1.63775,-5.3606011325423
1.6379,-5.34647232420249
1.63805,-5.33238264651583
1.6382,-5.31833209851409
1.63835,-5.30432067727912
1.6385,-5.29034837797332
1.63865,-5.27641519387004
1.6388,-5.26252111638321
1.63895,-5.24866613509714
1.6391,-5.23485023779567
1.63925,-5.22107341049106
1.6394,-5.20733563745272
1.63955,-5.19363690123535
1.6397,-5.17997718270718
1.63985,-5.16635646107746
1.64,-5.15277471392377
1.64015,-5.13923191721939
1.6403,-5.12572804535971
1.64045,-5.11226307118893
1.6406,-5.0988369660262
1.64075,-5.08544969969121
1.6409,-5.07210124053016
1.64105,-5.05879155544066
1.6412,-5.04552060989693
1.64135,-5.03228836797436
1.6415,-5.01909479237388
1.64165,-5.00593984444617
1.6418,-4.99282348421528
1.64195,-4.97974567040236
1.6421,-4.96670636044878
1.64225,-4.95370551053907
1.6424,-4.94074307562372
1.64255,-4.92781900944142
1.6427,-4.91493326454136
1.64285,-4.90208579230501
1.643,-4.88927654296764
1.64315,-4.87650546563984
1.6433,-4.86377250832833
1.64345,-4.85107761795699
1.6436,-4.83842074038724
1.64375,-4.82580182043835
1.6439,-4.81322080190754
1.64405,-4.80067762758961
1.6442,-4.78817223929657
1.64435,-4.7757045778769
1.6445,-4.76327458323443
1.64465,-4.75088219434735
1.6448,-4.73852734928647
1.64495,-4.72620998523375
1.6451,-4.71393003850025
1.64525,-4.70168744454384
1.6454,-4.68948213798705
1.64555,-4.67731405263412
1.6457,-4.66518312148835
1.64585,-4.65308927676886
1.646,-4.64103244992735
1.64615,-4.62901257166452
1.6463,-4.61702957194623
1.64645,-4.60508338001966
1.6466,-4.59317392442886
1.64675,-4.58130113303067
1.6469,-4.56946493300981
1.64705,-4.5576652508941
1.6472,-4.54590201256957
1.64735,-4.53417514329492
1.6475,-4.5224845677164
1.64765,-4.51083020988194
1.6478,-4.49921199325526
1.64795,-4.48762984073005
1.6481,-4.47608367464348
1.64825,-4.46457341678992
1.6484,-4.4530989884343
1.64855,-4.44166031032518
1.6487,-4.43025730270794
1.64885,-4.41888988533738
1.649,-4.4075579774906
1.64915,-4.39626149797926
1.6493,-4.3850003651619
1.64945,-4.37377449695618
1.6496,-4.36258381085056
1.64975,-4.35142822391632
1.6499,-4.34030765281901
1.65005,-4.32922201382984
1.6502,-4.31817122283704
1.65035,-4.30715519535685
1.6505,-4.29617384654455
1.65065,-4.28522709120517
1.6508,-4.27431484380406
1.65095,-4.26343701847749
1.6511,-4.25259352904272
1.65125,-4.24178428900839
1.6514,-4.23100921158442
1.65155,-4.22026820969173
1.6517,-4.2095611959722
1.65185,-4.19888808279795
1.652,-4.18824878228099
1.65215,-4.17764320628235
1.6523,-4.16707126642118
1.65245,-4.15653287408392
1.6526,-4.14602794043291
1.65275,-4.13555637641531
1.6529,-4.12511809277163
1.65305,-4.11471300004407
1.6532,-4.10434100858501
1.65335,-4.09400202856507
1.6535,-4.08369596998129
1.65365,-4.07342274266499
1.6538,-4.06318225628956
1.65395,-4.05297442037831
1.6541,-4.04279914431181
1.65425,-4.03265633733561
1.6544,-4.0225459085673
1.65455,-4.01246776700396
1.6547,-4.0024218215292
1.65485,-3.99240798092
1.655,-3.98242615385384
1.65515,-3.97247624891527
1.6553,-3.96255817460268
1.65545,-3.95267183933482
1.6556,-3.9428171514572
1.65575,-3.93299401924855
1.6559,-3.92320235092689
1.65605,-3.91344205465581
1.6562,-3.90371303855047
1.65635,-3.89401521068345
1.6565,-3.88434847909071
1.65665,-3.87471275177724
1.6568,-3.86510793672273
1.65695,-3.85553394188715
1.6571,-3.84599067521614
1.65725,-3.83647804464646
1.6574,-3.82699595811112
1.65755,-3.81754432354478
1.6577,-3.80812304888865
1.65785,-3.79873204209556
1.658,-3.78937121113492
1.65815,-3.78004046399747
1.6583,-3.77073970870017
1.65845,-3.76146885329075
1.6586,-3.7522278058523
1.65875,-3.74301647450787
1.6589,-3.73383476742477
1.65905,-3.72468259281905
1.6592,-3.71555985895972
1.65935,-3.70646647417287
1.6595,-3.69740234684594
1.65965,-3.6883673854316
1.6598,-3.67936149845189
1.65995,-3.67038459450202
1.6601,-3.66143658225418
1.66025,-3.6525173704614
1.6604,-3.64362686796112
1.66055,-3.63476498367893
1.6607,-3.62593162663208
1.66085,-3.61712670593288
1.661,-3.6083501307923
1.66115,-3.59960181052314
1.6613,-3.59088165454348
1.66145,-3.58218957237986
1.6616,-3.57352547367037
1.66175,-3.5648892681679
1.6619,-3.55628086574306
1.66205,-3.54770017638725
1.6622,-3.53914711021562
1.66235,-3.5306215774698
1.6625,-3.52212348852087
1.66265,-3.51365275387203
1.6628,-3.50520928416139
1.66295,-3.49679299016445
1.6631,-3.48840378279693
1.66325,-3.48004157311717
1.6634,-3.47170627232858
1.66355,-3.46339779178224
1.6637,-3.45511604297911
1.66385,-3.44686093757253
1.664,-3.43863238737042
1.66415,-3.43043030433749
1.6643,-3.42225460059756
1.66445,-3.41410518843554
1.6646,-3.40598198029971
1.66475,-3.39788488880364
1.6649,-3.38981382672821
1.66505,-3.3817687070237
1.6652,-3.37374944281148
1.66535,-3.36575594738616
1.6655,-3.35778813421724
1.66565,-3.34984591695089
1.6658,-3.34192920941188
1.66595,-3.33403792560508
1.6661,-3.32617197971726
1.66625,-3.3183312861187
1.6664,-3.31051575936475
1.66655,-3.3027253141974
1.6667,-3.29495986554679
1.66685,-3.28721932853273
1.667,-3.27950361846609
1.66715,-3.2718126508502
1.6673,-3.26414634138228
1.66745,-3.2565046059547
1.6676,-3.24888736065634
1.66775,-3.24129452177388
1.6679,-3.23372600579288
1.66805,-3.2261817293992
1.6682,-3.21866160947997
1.66835,-3.21116556312484
1.6685,-3.2036935076271
1.66865,-3.19624536048462
1.6688,-3.18882103940104
1.66895,-3.18142046228668
1.6691,-3.17404354725959
1.66925,-3.16669021264649
1.6694,-3.15936037698362
1.66955,-3.15205395901777
1.6697,-3.14477087770697
1.66985,-3.13751105222155
1.67,-3.13027440194477
1.67015,-3.12306084647367
1.6703,-3.11587030561988
1.67045,-3.10870269941025
1.6706,-3.10155794808768
1.67075,-3.09443597211168
1.6709,-3.08733669215914
1.67105,-3.08026002912492
1.6712,-3.07320590412243
1.67135,-3.06617423848429
1.6715,-3.05916495376281
1.67165,-3.0521779717306
1.6718,-3.04521321438112
1.67195,-3.03827060392901
1.6721,-3.03135006281082
1.67225,-3.02445151368521
1.6724,-3.01757487943359
1.67255,-3.01072008316042
1.6727,-3.00388704819362
1.67285,-2.99707569808497
1.673,-2.99028595661046
1.67315,-2.98351774777058
1.6733,-2.97677099579072
1.67345,-2.97004562512139
1.6736,-2.96334156043854
1.67375,-2.9566587266438
1.6739,-2.94999704886472
1.67405,-2.94335645245506
1.6742,-2.9367368629949
1.67435,-2.93013820629089
1.6745,-2.92356040837641
1.67465,-2.91700339551175
1.6748,-2.91046709418422
1.67495,-2.9039514311083
1.6751,-2.89745633322576
1.67525,-2.89098172770567
1.6754,-2.88452754194465
1.67555,-2.8780937035668
1.6757,-2.87168014042375
1.67585,-2.8652867805948
1.676,-2.85891355238683
1.67615,-2.8525603843344
1.6763,-2.84622720519972
1.67645,-2.83991394397255
1.6766,-2.83362052987034
1.67675,-2.82734689233801
1.6769,-2.82109296104802
1.67705,-2.81485866590027
1.6772,-2.80864393702195
1.67735,-2.80244870476757
1.6775,-2.79627289971876
1.67765,-2.79011645268421
1.6778,-2.78397929469952
1.67795,-2.77786135702705
1.6781,-2.77176257115581
1.67825,-2.76568286880128
1.6784,-2.75962218190524
1.67855,-2.75358044263559
1.6787,-2.74755758338617
1.67885,-2.74155353677657
1.679,-2.73556823565186
1.67915,-2.72960161308248
1.6793,-2.72365360236389
1.67945,-2.71772413701646
1.6796,-2.7118131507851
1.67975,-2.7059205776391
1.6799,-2.70004635177182
1.68005,-2.69419040760041
1.6802,-2.68835267976556
1.68035,-2.68253310313124
1.6805,-2.67673161278428
1.68065,-2.67094814403424
1.6808,-2.66518263241293
1.68095,-2.65943501367422
1.6811,-2.65370522379364
1.68125,-2.64799319896807
1.6814,-2.6422988756154
1.68155,-2.63662219037416
1.6817,-2.63096308010321
1.68185,-2.62532148188136
1.682,-2.61969733300693
1.68215,-2.61409057099752
1.6823,-2.60850113358948
1.68245,-2.60292895873764
1.6826,-2.59737398461487
1.68275,-2.59183614961161
1.6829,-2.58631539233565
1.68305,-2.58081165161149
1.6832,-2.57532486648012
1.68335,-2.56985497619851
1.6835,-2.56440192023914
1.68365,-2.55896563828969
1.6838,-2.55354607025249
1.68395,-2.54814315624413
1.6841,-2.54275683659506
1.68425,-2.53738705184901
1.6844,-2.53203374276268
1.68455,-2.52669685030516
1.6847,-2.52137631565755
1.68485,-2.51607208021249
1.685,-2.51078408557358
1.68515,-2.50551227355507
1.6853,-2.50025658618123
1.68545,-2.49501696568595
1.6856,-2.48979335451225
1.68575,-2.48458569531173
1.6859,-2.47939393094416
1.68605,-2.47421800447688
1.6862,-2.4690578591844
1.68635,-2.46391343854785
1.6865,-2.45878468625441
1.68665,-2.45367154619695
1.6868,-2.44857396247333
1.68695,-2.44349187938604
1.6871,-2.43842524144161
1.68725,-2.43337399335004
1.6874,-2.4283380800244
1.68755,-2.42331744658017
1.6877,-2.41831203833481
1.68785,-2.41332180080715
1.688,-2.4083466797169
1.68815,-2.40338662098412
1.6883,-2.39844157072863
1.68845,-2.3935114752695
1.6886,-2.38859628112452
1.68875,-2.38369593500962
1.6889,-2.37881038383835
1.68905,-2.3739395747213
1.6892,-2.36908345496557
1.68935,-2.36424197207422
1.6895,-2.35941507374568
1.68965,-2.35460270787326
1.6898,-2.34980482254448
1.68995,-2.34502136604065
1.6901,-2.34025228683617
1.69025,-2.33549753359808
1.6904,-2.33075705518543
1.69055,-2.32603080064871
1.6907,-2.32131871922934
1.69085,-2.31662076035903
1.691,-2.31193687365927
1.69115,-2.30726700894072
1.6913,-2.30261111620267
1.69145,-2.29796914563244
1.6916,-2.29334104760481
1.69175,-2.28872677268146
1.6919,-2.2841262716104
1.69205,-2.27953949532536
1.6922,-2.27496639494527
1.69235,-2.27040692177359
1.6925,-2.26586102729786
1.69265,-2.26132866318903
1.6928,-2.25680978130085
1.69295,-2.25230433366944
1.6931,-2.24781227251253
1.69325,-2.243333550229
1.6934,-2.2388681193983
1.69355,-2.23441593277976
1.6937,-2.22997694331215
1.69385,-2.22555110411298
1.694,-2.221138368478
1.69415,-2.2167386898806
1.6943,-2.21235202197117
1.69445,-2.20797831857661
1.6946,-2.20361753369968
1.69475,-2.19926962151846
1.6949,-2.19493453638574
1.69505,-2.19061223282842
1.6952,-2.18630266554701
1.69535,-2.18200578941497
1.6955,-2.17772155947814
1.69565,-2.17344993095419
1.6958,-2.16919085923201
1.69595,-2.16494429987117
1.6961,-2.16071020860127
1.69625,-2.15648854132143
1.6964,-2.15227925409967
1.69655,-2.14808230317235
1.6967,-2.14389764494359
1.69685,-2.13972523598466
1.697,-2.13556503303346
1.69715,-2.13141699299386
1.6973,-2.12728107293523
1.69745,-2.12315723009179
1.6976,-2.11904542186203
1.69775,-2.11494560580818
1.6979,-2.11085773965558
1.69805,-2.10678178129219
1.6982,-2.10271768876791
1.69835,-2.09866542029409
1.6985,-2.09462493424294
1.69865,-2.0905961891469
1.6988,-2.08657914369818
1.69895,-2.0825737567481
1.6991,-2.07857998730654
1.69925,-2.0745977945414
1.6994,-2.07062713777799
1.69955,-2.06666797649852
1.6997,-2.0627202703415
1.69985,-2.05878397910114
1.7,-2.05485906272687
