"Freq [GHz]","dB(S(1,1)) []"
1.4,-0.663314384945746
1.40015,-0.664370709075174
1.4003,-0.665429494549153
1.40045,-0.666490748864288
1.4006,-0.66755447954517
1.40075,-0.668620694144475
1.4009,-0.669689400243115
1.40105,-0.670760605450355
1.4012,-0.671834317403921
1.40135,-0.67291054377017
1.4015,-0.673989292244176
1.40165,-0.675070570549893
1.4018,-0.676154386440261
1.40195,-0.677240747697353
1.4021,-0.678329662132497
1.40225,-0.679421137586407
1.4024,-0.680515181929328
1.40255,-0.681611803061161
1.4027,-0.682711008911593
1.40285,-0.683812807440243
1.403,-0.684917206636786
1.40315,-0.686024214521103
1.4033,-0.687133839143407
1.40345,-0.688246088584385
1.4036,-0.689360970955335
1.40375,-0.690478494398311
1.4039,-0.691598667086257
1.40405,-0.692721497223155
1.4042,-0.693846993044155
1.40435,-0.694975162815726
1.4045,-0.696106014835798
1.40465,-0.697239557433909
1.4048,-0.698375798971344
1.40495,-0.699514747841284
1.4051,-0.700656412468952
1.40525,-0.701800801311755
1.4054,-0.70294792285944
1.40555,-0.704097785634243
1.4057,-0.705250398191032
1.40585,-0.706405769117455
1.406,-0.707563907034097
1.40615,-0.708724820594643
1.4063,-0.709888518486005
1.40645,-0.711055009428495
1.4066,-0.71222430217598
1.40675,-0.713396405516021
1.4069,-0.714571328270043
1.40705,-0.715749079293499
1.4072,-0.716929667476004
1.40735,-0.718113101741509
1.4075,-0.719299391048462
1.40765,-0.720488544389971
1.4078,-0.721680570793947
1.40795,-0.722875479323292
1.4081,-0.724073279076036
1.40825,-0.725273979185521
1.4084,-0.726477588820569
1.40855,-0.727684117185616
1.4087,-0.728893573520913
1.40885,-0.730105967102685
1.409,-0.731321307243284
1.40915,-0.732539603291382
1.4093,-0.73376086463212
1.40945,-0.734985100687296
1.4096,-0.736212320915524
1.40975,-0.73744253481242
1.4099,-0.738675751910769
1.41005,-0.739911981780691
1.4102,-0.741151234029843
1.41035,-0.742393518303568
1.4105,-0.743638844285091
1.41065,-0.744887221695693
1.4108,-0.746138660294889
1.41095,-0.747393169880607
1.4111,-0.748650760289385
1.41125,-0.749911441396535
1.4114,-0.751175223116336
1.41155,-0.75244211540222
1.4117,-0.753712128246954
1.41185,-0.754985271682839
1.412,-0.756261555781876
1.41215,-0.757540990655983
1.4123,-0.758823586457163
1.41245,-0.760109353377702
1.4126,-0.761398301650373
1.41275,-0.762690441548613
1.4129,-0.763985783386724
1.41305,-0.765284337520077
1.4132,-0.766586114345295
1.41335,-0.76789112430046
1.4135,-0.769199377865318
1.41365,-0.770510885561457
1.4138,-0.771825657952537
1.41395,-0.773143705644473
1.4141,-0.774465039285642
1.41425,-0.775789669567099
1.4144,-0.777117607222762
1.41455,-0.778448863029645
1.4147,-0.779783447808048
1.41485,-0.781121372421772
1.415,-0.782462647778332
1.41515,-0.783807284829162
1.4153,-0.785155294569841
1.41545,-0.786506688040292
1.4156,-0.787861476325017
1.41575,-0.789219670553289
1.4159,-0.790581281899399
1.41605,-0.791946321582845
1.4162,-0.793314800868577
1.41635,-0.794686731067209
1.4165,-0.796062123535244
1.41665,-0.797440989675295
1.4168,-0.798823340936321
1.41695,-0.800209188813836
1.4171,-0.801598544850159
1.41725,-0.802991420634628
1.4174,-0.804387827803838
1.41755,-0.805787778041871
1.4177,-0.807191283080537
1.41785,-0.80859835469959
1.418,-0.810009004726992
1.41815,-0.811423245039128
1.4183,-0.812841087561056
1.41845,-0.81426254426675
1.4186,-0.815687627179325
1.41875,-0.817116348371315
1.4189,-0.818548719964877
1.41905,-0.819984754132065
1.4192,-0.821424463095063
1.41935,-0.822867859126457
1.4195,-0.824314954549455
1.41965,-0.825765761738157
1.4198,-0.827220293117807
1.41995,-0.828678561165048
1.4201,-0.830140578408178
1.42025,-0.83160635742741
1.4204,-0.83307591085512
1.42055,-0.834549251376132
1.4207,-0.836026391727952
1.42085,-0.837507344701063
1.421,-0.838992123139164
1.42115,-0.840480739939453
1.4213,-0.841973208052894
1.42145,-0.843469540484478
1.4216,-0.844969750293515
1.42175,-0.846473850593887
1.4219,-0.847981854554337
1.42205,-0.849493775398744
1.4222,-0.851009626406393
1.42235,-0.852529420912265
1.4225,-0.854053172307325
1.42265,-0.855580894038789
1.4228,-0.857112599610423
1.42295,-0.858648302582816
1.4231,-0.860188016573696
1.42325,-0.861731755258189
1.4234,-0.863279532369138
1.42355,-0.864831361697378
1.4237,-0.866387257092045
1.42385,-0.867947232460861
1.424,-0.869511301770449
1.42415,-0.87107947904663
1.4243,-0.872651778374715
1.42445,-0.874228213899824
1.4246,-0.875808799827186
1.42475,-0.877393550422451
1.4249,-0.878982480012
1.42505,-0.880575602983255
1.4252,-0.882172933785001
1.42535,-0.883774486927691
1.4255,-0.885380276983774
1.42565,-0.886990318588013
1.4258,-0.888604626437808
1.42595,-0.890223215293521
1.4261,-0.891846099978787
1.42625,-0.893473295380875
1.4264,-0.895104816450982
1.42655,-0.896740678204596
1.4267,-0.898380895721811
1.42685,-0.900025484147664
1.427,-0.901674458692488
1.42715,-0.903327834632242
1.4273,-0.904985627308853
1.42745,-0.906647852130564
1.4276,-0.90831452457228
1.42775,-0.909985660175917
1.4279,-0.911661274550752
1.42805,-0.913341383373786
1.4282,-0.915026002390086
1.42835,-0.916715147413145
1.4285,-0.918408834325258
1.42865,-0.920107079077862
1.4288,-0.921809897691916
1.42895,-0.923517306258263
1.4291,-0.925229320937998
1.42925,-0.926945957962836
1.4294,-0.928667233635506
1.42955,-0.930393164330093
1.4297,-0.932123766492453
1.42985,-0.933859056640563
1.43,-0.935599051364929
1.43015,-0.937343767328951
1.4303,-0.939093221269329
1.43045,-0.94084742999644
1.4306,-0.942606410394741
1.43075,-0.94437017942316
1.4309,-0.94613875411549
1.43105,-0.947912151580799
1.4312,-0.949690389003832
1.43135,-0.951473483645403
1.4315,-0.953261452842819
1.43165,-0.955054314010287
1.4318,-0.956852084639327
1.43195,-0.958654782299184
1.4321,-0.960462424637251
1.43225,-0.962275029379492
1.4324,-0.964092614330863
1.43255,-0.965915197375734
1.4327,-0.967742796478335
1.43285,-0.969575429683168
1.433,-0.971413115115465
1.43315,-0.973255870981601
1.4333,-0.975103715569548
1.43345,-0.976956667249332
1.4336,-0.978814744473445
1.43375,-0.980677965777334
1.4339,-0.982546349779819
1.43405,-0.984419915183577
1.4342,-0.986298680775574
1.43435,-0.988182665427549
1.4345,-0.990071888096466
1.43465,-0.991966367824975
1.4348,-0.993866123741903
1.43495,-0.995771175062709
1.4351,-0.997681541089966
1.43525,-0.999597241213848
1.4354,-1.00151829491259
1.43555,-1.00344472175301
1.4357,-1.00537654139096
1.43585,-1.00731377357185
1.436,-1.00925643813112
1.43615,-1.01120455499475
1.4363,-1.01315814417975
1.43645,-1.01511722579469
1.4366,-1.0170818200402
1.43675,-1.01905194720946
1.4369,-1.02102762768873
1.43705,-1.02300888195788
1.4372,-1.02499573059089
1.43735,-1.02698819425642
1.4375,-1.02898629371825
1.43765,-1.03099004983594
1.4378,-1.03299948356523
1.43795,-1.03501461595868
1.4381,-1.03703546816618
1.43825,-1.03906206143549
1.4384,-1.04109441711279
1.43855,-1.04313255664326
1.4387,-1.04517650157159
1.43885,-1.0472262735426
1.439,-1.04928189430177
1.43915,-1.0513433856958
1.4393,-1.05341076967322
1.43945,-1.05548406828493
1.4396,-1.05756330368481
1.43975,-1.05964849813028
1.4399,-1.06173967398291
1.44005,-1.063836853709
1.4402,-1.06594005988019
1.44035,-1.06804931517404
1.4405,-1.07016464237464
1.44065,-1.07228606437326
1.4408,-1.07441360416888
1.44095,-1.0765472848689
1.4411,-1.07868712968969
1.44125,-1.08083316195726
1.4414,-1.08298540510785
1.44155,-1.08514388268864
1.4417,-1.08730861835826
1.44185,-1.08947963588759
1.442,-1.09165695916026
1.44215,-1.09384061217342
1.4423,-1.09603061903832
1.44245,-1.09822700398101
1.4426,-1.10042979134298
1.44275,-1.10263900558184
1.4429,-1.10485467127204
1.44305,-1.10707681310544
1.4432,-1.10930545589212
1.44335,-1.11154062456097
1.4435,-1.11378234416045
1.44365,-1.11603063985926
1.4438,-1.11828553694704
1.44395,-1.12054706083507
1.4441,-1.12281523705702
1.44425,-1.12509009126964
1.4444,-1.12737164925349
1.44455,-1.12965993691367
1.4447,-1.13195498028052
1.44485,-1.13425680551044
1.445,-1.13656543888655
1.44515,-1.13888090681947
1.4453,-1.1412032358481
1.44545,-1.14353245264033
1.4456,-1.14586858399384
1.44575,-1.14821165683688
1.4459,-1.15056169822899
1.44605,-1.15291873536185
1.4462,-1.15528279556001
1.44635,-1.15765390628173
1.4465,-1.16003209511974
1.44665,-1.16241738980205
1.4468,-1.1648098181928
1.44695,-1.16720940829302
1.4471,-1.16961618824146
1.44725,-1.17203018631546
1.4474,-1.17445143093175
1.44755,-1.17687995064727
1.4477,-1.17931577416006
1.44785,-1.18175893031008
1.448,-1.18420944808006
1.44815,-1.18666735659641
1.4483,-1.18913268513004
1.44845,-1.19160546309723
1.4486,-1.19408572006058
1.44875,-1.19657348572982
1.4489,-1.19906878996274
1.44905,-1.20157166276611
1.4492,-1.20408213429654
1.44935,-1.20660023486145
1.4495,-1.20912599491993
1.44965,-1.21165944508371
1.4498,-1.2142006161181
1.44995,-1.2167495389429
1.4501,-1.21930624463336
1.45025,-1.22187076442115
1.4504,-1.22444312969531
1.45055,-1.22702337200321
1.4507,-1.22961152305153
1.45085,-1.23220761470728
1.451,-1.23481167899872
1.45115,-1.23742374811642
1.4513,-1.24004385441424
1.45145,-1.24267203041035
1.4516,-1.24530830878825
1.45175,-1.24795272239776
1.4519,-1.25060530425613
1.45205,-1.25326608754903
1.4522,-1.2559351056316
1.45235,-1.25861239202954
1.4525,-1.26129798044013
1.45265,-1.26399190473338
1.4528,-1.26669419895302
1.45295,-1.26940489731765
1.4531,-1.27212403422184
1.45325,-1.27485164423721
1.4534,-1.27758776211355
1.45355,-1.28033242277996
1.4537,-1.28308566134597
1.45385,-1.28584751310268
1.454,-1.28861801352393
1.45415,-1.29139719826742
1.4543,-1.29418510317591
1.45445,-1.29698176427837
1.4546,-1.29978721779119
1.45475,-1.30260150011937
1.4549,-1.30542464785769
1.45505,-1.30825669779196
1.4552,-1.31109768690021
1.45535,-1.31394765235397
1.4555,-1.31680663151945
1.45565,-1.31967466195881
1.4558,-1.32255178143144
1.45595,-1.32543802789521
1.4561,-1.32833343950774
1.45625,-1.33123805462771
1.4564,-1.33415191181613
1.45655,-1.33707504983768
1.4567,-1.34000750766199
1.45685,-1.34294932446502
1.457,-1.34590053963033
1.45715,-1.3488611927505
1.4573,-1.35183132362843
1.45745,-1.35481097227875
1.4576,-1.35780017892917
1.45775,-1.3607989840219
1.4579,-1.36380742821503
1.45805,-1.36682555238396
1.4582,-1.36985339762278
1.45835,-1.37289100524579
1.4585,-1.37593841678884
1.45865,-1.3789956740109
1.4588,-1.38206281889542
1.45895,-1.38513989365188
1.4591,-1.38822694071728
1.45925,-1.39132400275761
1.4594,-1.39443112266938
1.45955,-1.39754834358115
1.4597,-1.40067570885508
1.45985,-1.40381326208848
1.46,-1.40696104711533
1.46015,-1.41011910800794
1.4603,-1.41328748907845
1.46045,-1.4164662348805
1.4606,-1.4196553902108
1.46075,-1.4228550001108
1.4609,-1.42606510986829
1.46105,-1.42928576501906
1.4612,-1.43251701134858
1.46135,-1.43575889489369
1.4615,-1.43901146194428
1.46165,-1.44227475904497
1.4618,-1.44554883299689
1.46195,-1.44883373085935
1.4621,-1.45212949995166
1.46225,-1.45543618785481
1.4624,-1.45875384241333
1.46255,-1.46208251173703
1.4627,-1.4654222442028
1.46285,-1.46877308845646
1.463,-1.4721350934146
1.46315,-1.4755083082664
1.4633,-1.47889278247552
1.46345,-1.48228856578195
1.4636,-1.48569570820395
1.46375,-1.48911426003994
1.4639,-1.4925442718704
1.46405,-1.49598579455987
1.4642,-1.49943887925887
1.46435,-1.50290357740586
1.4645,-1.50637994072929
1.46465,-1.50986802124954
1.4648,-1.513367871281
1.46495,-1.51687954343409
1.4651,-1.52040309061728
1.46525,-1.52393856603924
1.4654,-1.52748602321089
1.46555,-1.53104551594748
1.4657,-1.53461709837078
1.46585,-1.53820082491118
1.466,-1.54179675030987
1.46615,-1.54540492962103
1.4663,-1.549025418214
1.46645,-1.55265827177552
1.4666,-1.55630354631196
1.46675,-1.55996129815156
1.4669,-1.56363158394675
1.46705,-1.56731446067639
1.4672,-1.5710099856481
1.46735,-1.57471821650061
1.4675,-1.57843921120608
1.46765,-1.58217302807249
1.4678,-1.58591972574604
1.46795,-1.58967936321355
1.4681,-1.59345199980487
1.46825,-1.59723769519537
1.4684,-1.6010365094084
1.46855,-1.60484850281777
1.4687,-1.6086737361503
1.46885,-1.6125122704883
1.469,-1.61636416727221
1.46915,-1.62022948830309
1.4693,-1.62410829574531
1.46945,-1.6280006521291
1.4696,-1.63190662035325
1.46975,-1.63582626368776
1.4699,-1.63975964577652
1.47005,-1.64370683064007
1.4702,-1.6476678826783
1.47035,-1.65164286667323
1.4705,-1.65563184779179
1.47065,-1.65963489158864
1.4708,-1.66365206400902
1.47095,-1.66768343139158
1.4711,-1.67172906047129
1.47125,-1.67578901838234
1.4714,-1.67986337266109
1.47155,-1.68395219124902
1.4717,-1.68805554249571
1.47185,-1.69217349516189
1.472,-1.69630611842244
1.47215,-1.70045348186949
1.4723,-1.70461565551549
1.47245,-1.70879270979634
1.4726,-1.71298471557457
1.47275,-1.71719174414245
1.4729,-1.72141386722527
1.47305,-1.72565115698452
1.4732,-1.72990368602118
1.47335,-1.734171527379
1.4735,-1.73845475454785
1.47365,-1.74275344146699
1.4738,-1.74706766252856
1.47395,-1.75139749258091
1.4741,-1.75574300693207
1.47425,-1.76010428135323
1.4744,-1.7644813920822
1.47455,-1.76887441582701
1.4747,-1.77328342976942
1.47485,-1.77770851156854
1.475,-1.78214973936449
1.47515,-1.78660719178198
1.4753,-1.79108094793409
1.47545,-1.79557108742596
1.4756,-1.80007769035857
1.47575,-1.80460083733253
1.4759,-1.80914060945187
1.47605,-1.813697088328
1.4762,-1.81827035608353
1.47635,-1.82286049535624
1.4765,-1.82746758930305
1.47665,-1.83209172160401
1.4768,-1.8367329764664
1.47695,-1.84139143862874
1.4771,-1.84606719336496
1.47725,-1.85076032648857
1.4774,-1.85547092435678
1.47755,-1.86019907387482
1.4777,-1.8649448625002
1.47785,-1.86970837824695
1.478,-1.87448970969007
1.47815,-1.87928894596988
1.4783,-1.88410617679642
1.47845,-1.88894149245399
1.4786,-1.89379498380563
1.47875,-1.89866674229768
1.4789,-1.90355685996441
1.47905,-1.90846542943259
1.4792,-1.91339254392628
1.47935,-1.91833829727148
1.4795,-1.92330278390094
1.47965,-1.92828609885899
1.4798,-1.93328833780636
1.47995,-1.93830959702513
1.4801,-1.94334997342369
1.48025,-1.94840956454172
1.4804,-1.95348846855525
1.48055,-1.95858678428176
1.4807,-1.96370461118532
1.48085,-1.9688420493818
1.481,-1.9739991996441
1.48115,-1.97917616340746
1.4813,-1.98437304277476
1.48145,-1.98958994052199
1.4816,-1.99482696010361
1.48175,-2.00008420565813
1.4819,-2.0053617820136
1.48205,-2.01065979469325
1.4822,-2.01597834992111
1.48235,-2.02131755462776
1.4825,-2.02667751645609
1.48265,-2.03205834376708
1.4828,-2.03746014564575
1.48295,-2.04288303190701
1.4831,-2.0483271131017
1.48325,-2.05379250052265
1.4834,-2.05927930621076
1.48355,-2.06478764296117
1.4837,-2.07031762432948
1.48385,-2.07586936463805
1.484,-2.08144297898236
1.48415,-2.08703858323737
1.4843,-2.09265629406405
1.48445,-2.09829622891584
1.4846,-2.10395850604533
1.48475,-2.10964324451087
1.4849,-2.11535056418331
1.48505,-2.12108058575279
1.4852,-2.1268334307356
1.48535,-2.1326092214811
1.4855,-2.13840808117874
1.48565,-2.14423013386508
1.4858,-2.15007550443097
1.48595,-2.1559443186287
1.4861,-2.16183670307932
1.48625,-2.16775278527997
1.4864,-2.17369269361128
1.48655,-2.17965655734489
1.4867,-2.18564450665101
1.48685,-2.19165667260601
1.487,-2.19769318720022
1.48715,-2.20375418334566
1.4873,-2.20983979488396
1.48745,-2.21595015659424
1.4876,-2.2220854042012
1.48775,-2.22824567438321
1.4879,-2.23443110478049
1.48805,-2.2406418340034
1.4882,-2.24687800164077
1.48835,-2.25313974826833
1.4885,-2.25942721545729
1.48865,-2.2657405457829
1.4888,-2.27207988283314
1.48895,-2.27844537121755
1.4891,-2.28483715657601
1.48925,-2.29125538558783
1.4894,-2.29770020598068
1.48955,-2.30417176653981
1.4897,-2.31067021711725
1.48985,-2.31719570864114
1.49,-2.32374839312518
1.49015,-2.33032842367811
1.4903,-2.33693595451337
1.49045,-2.34357114095876
1.4906,-2.35023413946633
1.49075,-2.35692510762219
1.4909,-2.36364420415663
1.49105,-2.37039158895416
1.4912,-2.37716742306379
1.49135,-2.38397186870929
1.4915,-2.39080508929966
1.49165,-2.39766724943968
1.4918,-2.40455851494055
1.49195,-2.41147905283061
1.4921,-2.41842903136625
1.49225,-2.42540862004286
1.4924,-2.43241798960594
1.49255,-2.43945731206231
1.4927,-2.44652676069142
1.49285,-2.45362651005679
1.493,-2.46075673601756
1.49315,-2.46791761574021
1.4933,-2.47510932771031
1.49345,-2.48233205174446
1.4936,-2.48958596900238
1.49375,-2.49687126199897
1.4939,-2.50418811461673
1.49405,-2.51153671211812
1.4942,-2.51891724115814
1.49435,-2.526329889797
1.4945,-2.53377484751297
1.49465,-2.54125230521529
1.4948,-2.5487624552573
1.49495,-2.55630549144966
1.4951,-2.56388160907369
1.49525,-2.57149100489494
1.4954,-2.57913387717674
1.49555,-2.58681042569411
1.4957,-2.5945208517476
1.49585,-2.60226535817742
1.496,-2.6100441493777
1.49615,-2.6178574313108
1.4963,-2.62570541152193
1.49645,-2.63358829915377
1.4966,-2.64150630496136
1.49675,-2.64945964132712
1.4969,-2.65744852227593
1.49705,-2.66547316349054
1.4972,-2.67353378232703
1.49735,-2.68163059783045
1.4975,-2.68976383075064
1.49765,-2.69793370355821
1.4978,-2.70614044046074
1.49795,-2.71438426741905
1.4981,-2.72266541216374
1.49825,-2.73098410421186
1.4984,-2.7393405748838
1.49855,-2.74773505732024
1.4987,-2.75616778649948
1.49885,-2.76463899925478
1.499,-2.77314893429198
1.49915,-2.78169783220726
1.4993,-2.79028593550514
1.49945,-2.79891348861661
1.4996,-2.80758073791753
1.49975,-2.81628793174716
1.4999,-2.82503532042698
1.50005,-2.8338231562795
1.5002,-2.84265169364763
1.50035,-2.8515211889139
1.5005,-2.86043190052009
1.50065,-2.86938408898707
1.5008,-2.8783780169347
1.50095,-2.88741394910216
1.5011,-2.89649215236834
1.50125,-2.90561289577251
1.5014,-2.91477645053523
1.50155,-2.92398309007941
1.5017,-2.93323309005173
1.50185,-2.94252672834417
1.502,-2.9518642851158
1.50215,-2.96124604281489
1.5023,-2.97067228620114
1.50245,-2.98014330236822
1.5026,-2.98965938076658
1.50275,-2.99922081322642
1.5029,-3.00882789398102
1.50305,-3.01848091969023
1.5032,-3.0281801894642
1.50335,-3.03792600488757
1.5035,-3.04771867004363
1.50365,-3.05755849153896
1.5038,-3.06744577852828
1.50395,-3.07738084273948
1.5041,-3.08736399849911
1.50425,-3.09739556275796
1.5044,-3.10747585511705
1.50455,-3.11760519785386
1.5047,-3.12778391594875
1.50485,-3.1380123371119
1.505,-3.14829079181032
1.50515,-3.15861961329527
1.5053,-3.16899913762995
1.50545,-3.17942970371746
1.5056,-3.18991165332918
1.50575,-3.20044533113332
1.5059,-3.21103108472387
1.50605,-3.22166926464985
1.5062,-3.23236022444483
1.50635,-3.24310432065688
1.5065,-3.25390191287878
1.50665,-3.26475336377849
1.5068,-3.27565903913015
1.50695,-3.28661930784521
1.5071,-3.29763454200399
1.50725,-3.30870511688769
1.5074,-3.31983141101051
1.50755,-3.33101380615242
1.5077,-3.34225268739196
1.50785,-3.35354844313968
1.508,-3.36490146517185
1.50815,-3.37631214866445
1.5083,-3.38778089222765
1.50845,-3.39930809794066
1.5086,-3.41089417138683
1.50875,-3.42253952168933
1.5089,-3.43424456154712
1.50905,-3.44600970727122
1.5092,-3.45783537882161
1.50935,-3.46972199984423
1.5095,-3.48166999770873
1.50965,-3.49367980354634
1.5098,-3.50575185228828
1.50995,-3.51788658270463
1.5101,-3.53008443744348
1.51025,-3.54234586307069
1.5104,-3.55467131010993
1.51055,-3.56706123308326
1.5107,-3.57951609055207
1.51085,-3.59203634515853
1.511,-3.60462246366741
1.51115,-3.61727491700851
1.5113,-3.62999418031936
1.51145,-3.6427807329885
1.5116,-3.65563505869924
1.51175,-3.66855764547375
1.5119,-3.68154898571785
1.51205,-3.69460957626612
1.5122,-3.7077399184275
1.51235,-3.72094051803152
1.5125,-3.7342118854748
1.51265,-3.7475545357683
1.5128,-3.76096898858493
1.51295,-3.77445576830765
1.5131,-3.78801540407822
1.51325,-3.80164842984628
1.5134,-3.8153553844192
1.51355,-3.82913681151221
1.5137,-3.84299325979924
1.51385,-3.85692528296423
1.514,-3.87093343975295
1.51415,-3.88501829402553
1.5143,-3.8991804148093
1.51445,-3.91342037635242
1.5146,-3.92773875817795
1.51475,-3.94213614513846
1.5149,-3.95661312747135
1.51505,-3.97117030085466
1.5152,-3.98580826646343
1.51535,-4.00052763102675
1.5155,-4.01532900688532
1.51565,-4.03021301204961
1.5158,-4.0451802702587
1.51595,-4.0602314110397
1.5161,-4.0753670697677
1.51625,-4.09058788772644
1.5164,-4.10589451216954
1.51655,-4.12128759638243
1.5167,-4.13676779974481
1.51685,-4.15233578779383
1.517,-4.1679922322879
1.51715,-4.18373781127106
1.5173,-4.19957320913812
1.51745,-4.21549911670039
1.5176,-4.2315162312521
1.51775,-4.24762525663741
1.5179,-4.26382690331814
1.51805,-4.28012188844223
1.5182,-4.29651093591276
1.51835,-4.31299477645769
1.5185,-4.32957414770035
1.51865,-4.34624979423044
1.5188,-4.36302246767599
1.51895,-4.37989292677574
1.5191,-4.39686193745238
1.51925,-4.41393027288643
1.5194,-4.43109871359084
1.51955,-4.44836804748623
1.5197,-4.46573906997699
1.51985,-4.48321258402793
1.52,-4.50078940024169
1.52015,-4.51847033693695
1.5203,-4.53625622022714
1.52045,-4.55414788410014
1.5206,-4.57214617049853
1.52075,-4.59025192940056
1.5209,-4.60846601890191
1.52105,-4.62678930529807
1.5212,-4.64522266316759
1.52135,-4.6637669754559
1.5215,-4.68242313355997
1.52165,-4.70119203741359
1.5218,-4.72007459557339
1.52195,-4.73907172530567
1.5221,-4.75818435267386
1.52225,-4.77741341262668
1.5224,-4.79675984908707
1.52255,-4.81622461504175
1.5227,-4.8358086726316
1.52285,-4.85551299324266
1.523,-4.87533855759784
1.52315,-4.89528635584929
1.5233,-4.91535738767158
1.52345,-4.93555266235532
1.5236,-4.95587319890179
1.52375,-4.9763200261179
1.5239,-4.99689418271211
1.52405,-5.01759671739071
1.5242,-5.03842868895493
1.52435,-5.05939116639869
1.5245,-5.08048522900689
1.52465,-5.1017119664543
1.5248,-5.12307247890512
1.52495,-5.14456787711306
1.5251,-5.16619928252203
1.52525,-5.1879678273674
1.5254,-5.20987465477773
1.52555,-5.23192091887709
1.5257,-5.25410778488773
1.52585,-5.27643642923357
1.526,-5.29890803964379
1.52615,-5.32152381525702
1.5263,-5.34428496672602
1.52645,-5.36719271632249
1.5266,-5.39024829804264
1.52675,-5.41345295771277
1.5269,-5.43680795309526
1.52705,-5.46031455399497
1.5272,-5.48397404236555
1.52735,-5.50778771241643
1.5275,-5.5317568707196
1.52765,-5.55588283631675
1.5278,-5.5801669408263
1.52795,-5.60461052855084
1.5281,-5.62921495658406
1.52825,-5.65398159491825
1.5284,-5.67891182655122
1.52855,-5.70400704759334
1.5287,-5.72926866737436
1.52885,-5.75469810854984
1.529,-5.7802968072076
1.52915,-5.80606621297334
1.5293,-5.83200778911632
1.52945,-5.85812301265415
1.5296,-5.88441337445709
1.52975,-5.91088037935199
1.5299,-5.93752554622503
1.53005,-5.96435040812407
1.5302,-5.99135651235978
1.53035,-6.01854542060589
1.5305,-6.04591870899852
1.53065,-6.07347796823397
1.5308,-6.10122480366555
1.53095,-6.12916083539879
1.5311,-6.15728769838506
1.53125,-6.18560704251391
1.5314,-6.21412053270322
1.53155,-6.24282984898757
1.5317,-6.27173668660476
1.53185,-6.30084275607983
1.532,-6.33014978330681
1.53215,-6.35965950962819
1.5323,-6.38937369191142
1.53245,-6.41929410262262
1.5326,-6.44942252989738
1.53275,-6.47976077760806
1.5329,-6.510310665428
1.53305,-6.54107402889179
1.5332,-6.57205271945174
1.53335,-6.60324860453028
1.5335,-6.63466356756795
1.53365,-6.66629950806685
1.5338,-6.69815834162921
1.53395,-6.73024199999066
1.5341,-6.76255243104826
1.53425,-6.79509159888251
1.5344,-6.82786148377363
1.53455,-6.86086408221109
1.5347,-6.89410140689654
1.53485,-6.9275754867396
1.535,-6.96128836684598
1.53515,-6.99524210849793
1.5353,-7.02943878912609
1.53545,-7.06388050227264
1.5356,-7.09856935754524
1.53575,-7.1335074805611
1.5359,-7.16869701288078
1.53605,-7.20414011193147
1.5362,-7.23983895091857
1.53635,-7.27579571872545
1.5365,-7.31201261980083
1.53665,-7.34849187403256
1.5368,-7.38523571660806
1.53695,-7.42224639785971
1.5371,-7.45952618309528
1.53725,-7.49707735241201
1.5374,-7.53490220049388
1.53755,-7.57300303639126
1.5377,-7.61138218328182
1.53785,-7.65004197821178
1.538,-7.68898477181681
1.53815,-7.72821292802106
1.5383,-7.76772882371409
1.53845,-7.80753484840337
1.5386,-7.84763340384232
1.53875,-7.88802690363203
1.5389,-7.92871777279533
1.53905,-7.96970844732239
1.5392,-8.01100137368581
1.53935,-8.05259900832403
1.5395,-8.0945038170916
1.53965,-8.13671827467403
1.5398,-8.17924486396686
1.53995,-8.22208607541545
1.5401,-8.26524440631492
1.54025,-8.30872236006762
1.5404,-8.35252244539642
1.54055,-8.3966471755111
1.5407,-8.44109906722652
1.54085,-8.48588064002906
1.541,-8.53099441508979
1.54115,-8.5764429142211
1.5413,-8.62222865877434
1.54145,-8.66835416847587
1.5416,-8.71482196019778
1.54175,-8.76163454666094
1.5419,-8.80879443506644
1.54205,-8.85630412565224
1.5422,-8.90416611017168
1.54235,-8.95238287028955
1.5425,-9.00095687589184
1.54265,-9.0498905833055
1.5428,-9.09918643342305
1.54295,-9.14884684972833
1.5431,-9.1988742362181
1.54325,-9.24927097521432
1.5434,-9.3000394250625
1.54355,-9.35118191771006
1.5437,-9.40270075615943
1.54385,-9.45459821178966
1.544,-9.50687652154006
1.54415,-9.55953788494979
1.5443,-9.61258446104653
1.54445,-9.66601836507628
1.5446,-9.7198416650683
1.54475,-9.77405637822589
1.5449,-9.82866446713568
1.54505,-9.88366783578714
1.5452,-9.93906832539238
1.54535,-9.99486770999873
1.5455,-10.0510676918827
1.54565,-10.1076698967164
1.5458,-10.1646758684962
1.54595,-10.2220870642209
1.5461,-10.2799048483118
1.54625,-10.3381304867583
1.5464,-10.3967651409812
1.54655,-10.4558098613987
1.5467,-10.5152655806813
1.54685,-10.5751331066857
1.547,-10.6354131150495
1.54715,-10.6961061414351
1.5473,-10.7572125734062
1.54745,-10.8187326419232
1.5476,-10.8806664124405
1.54775,-10.9430137755891
1.5479,-11.0057744374301
1.54805,-11.0689479092586
1.5482,-11.1325334969445
1.54835,-11.1965302897887
1.5485,-11.26093714888
1.54865,-11.3257526949321
1.5488,-11.3909752955827
1.54895,-11.456603052138
1.5491,-11.5226337857399
1.54925,-11.5890650229426
1.5494,-11.6558939806752
1.54955,-11.7231175505748
1.5497,-11.7907322826722
1.54985,-11.8587343684109
1.55,-11.9271196229854
1.55015,-11.9958834669808
1.5503,-12.0650209072992
1.55045,-12.1345265173618
1.5506,-12.2043944165699
1.55075,-12.2746182490208
1.5509,-12.3451911614643
1.55105,-12.4161057804989
1.5512,-12.4873541890034
1.55135,-12.5589279018017
1.5515,-12.6308178405713
1.55165,-12.7030143079945
1.5518,-12.7755069611744
1.55195,-12.8482847843284
1.5521,-12.9213360607823
1.55225,-12.9946483443002
1.5524,-13.0682084297819
1.55255,-13.1420023233774
1.5527,-13.2160152120707
1.55285,-13.2902314327952
1.553,-13.3646344411572
1.55315,-13.4392067798488
1.5533,-13.5139300468508
1.55345,-13.5887848635343
1.5536,-13.6637508427823
1.55375,-13.7388065572768
1.5539,-13.8139295080995
1.55405,-13.8890960938235
1.5542,-13.9642815802839
1.55435,-14.0394600712347
1.5545,-14.1146044801241
1.55465,-14.1896865032315
1.5548,-14.2646765944418
1.55495,-14.3395439419406
1.5551,-14.4142564471493
1.55525,-14.4887807062292
1.5554,-14.5630819945109
1.55555,-14.6371242542253
1.5557,-14.7108700859302
1.55585,-14.7842807440487
1.556,-14.8573161369483
1.55615,-14.929934832005
1.5563,-15.0020940661135
1.55645,-15.0737497621037
1.5566,-15.144856551536
1.55675,-15.2153678043466
1.5569,-15.2852356658003
1.55705,-15.3544111012116
1.5572,-15.4228439488602
1.55735,-15.490482981515
1.5575,-15.5572759769398
1.55765,-15.6231697977101
1.5578,-15.6881104806299
1.55795,-15.7520433359598
1.5581,-15.8149130566165
1.55825,-15.8766638374064
1.5584,-15.9372395042764
1.55855,-15.9965836534649
1.5587,-16.05463980032
1.55885,-16.1113515374467
1.559,-16.1666627017126
1.55915,-16.2205175495153
1.5593,-16.2728609395848
1.55945,-16.3236385224538
1.5596,-16.3727969355976
1.55975,-16.4202840031134
1.5599,-16.4660489386779
1.56005,-16.510042550409
1.5602,-16.5522174461445
1.56035,-16.5925282375618
1.5605,-16.6309317414818
1.56065,-16.6673871766433
1.5608,-16.7018563542029
1.56095,-16.7343038601974
1.5611,-16.7646972282258
1.56125,-16.7930071006454
1.5614,-16.8192073766465
1.56155,-16.8432753456672
1.5617,-16.8651918047287
1.56185,-16.8849411584245
1.562,-16.9025115004636
1.56215,-16.9178946758603
1.5623,-16.9310863230731
1.56245,-16.9420858956159
1.5626,-16.950896662895
1.56275,-16.957525690264
1.5629,-16.9619837985206
1.56305,-16.9642855033059
1.5632,-16.9644489350852
1.56335,-16.9624957406016
1.5635,-16.9584509668855
1.56365,-16.9523429290773
1.5638,-16.9442030634677
1.56395,-16.9340657672878
1.5641,-16.9219682268765
1.56425,-16.907950235926
1.5644,-16.892054005548
1.56455,-16.8743239679187
1.5647,-16.8548065752562
1.56485,-16.8335500958416
1.565,-16.8106044087495
1.56515,-16.7860207988707
1.5653,-16.7598517537193
1.56545,-16.7321507634139
1.5656,-16.7029721250964
1.56575,-16.6723707529357
1.5659,-16.6404019947225
1.56605,-16.6071214559319
1.5662,-16.5725848319961
1.56635,-16.536847749391
1.5665,-16.4999656160177
1.56665,-16.4619934812297
1.5668,-16.4229859057449
1.56695,-16.3829968415694
1.5671,-16.3420795219597
1.56725,-16.3002863613618
1.5674,-16.2576688651821
1.56755,-16.2142775491736
1.5677,-16.1701618681641
1.56785,-16.1253701537925
1.568,-16.0799495608861
1.56815,-16.03394602207
1.5683,-15.9874042101773
1.56845,-15.9403675080095
1.5686,-15.8928779849834
1.56875,-15.8449763801951
1.5689,-15.7967020914326
1.56905,-15.7480931696688
1.5692,-15.6991863185809
1.56935,-15.650016898645
1.5695,-15.6006189353793
1.56965,-15.5510251313158
1.5698,-15.5012668813065
1.56995,-15.4513742907865
1.5701,-15.4013761966348
1.57025,-15.3513001903016
1.5704,-15.3011726428843
1.57055,-15.2510187318621
1.5707,-15.2008624692178
1.57085,-15.1507267306957
1.571,-15.1006332859672
1.57115,-15.0506028294915
1.5713,-15.0006550118839
1.57145,-14.9508084716129
1.5716,-14.9010808668741
1.57175,-14.8514889074995
1.5719,-14.8020483867741
1.57205,-14.752774213053
1.5722,-14.7036804410776
1.57235,-14.6547803029059
1.5725,-14.6060862383843
1.57265,-14.5576099250933
1.5728,-14.509362307716
1.57295,-14.4613536267805
1.5731,-14.4135934467401
1.57325,-14.3660906833605
1.5734,-14.3188536303874
1.57355,-14.27188998548
1.5737,-14.2252068753933
1.57385,-14.1788108804028
1.574,-14.1327080579673
1.57415,-14.0869039656276
1.5743,-14.0414036831462
1.57445,-13.9962118338908
1.5746,-13.9513326054704
1.57475,-13.9067697696364
1.5749,-13.8625267014556
1.57505,-13.8186063977739
1.5752,-13.7750114949816
1.57535,-13.7317442860971
1.5755,-13.6888067371878
1.57565,-13.6462005031411
1.5758,-13.6039269428086
1.57595,-13.561987133537
1.5761,-13.5203818851072
1.57625,-13.4791117531
1.5764,-13.4381770517044
1.57655,-13.3975778659918
1.5767,-13.3573140636696
1.57685,-13.3173853063357
1.577,-13.2777910602513
1.57715,-13.2385306066491
1.5773,-13.1996030515954
1.57745,-13.1610073354216
1.5776,-13.122742241743
1.57775,-13.0848064060819
1.5779,-13.0471983241081
1.57805,-13.0099163595155
1.5782,-12.9729587515469
1.57835,-12.9363236221829
1.5785,-12.9000089830097
1.57865,-12.8640127417768
1.5788,-12.8283327086606
1.57895,-12.792966602244
1.5791,-12.7579120552259
1.57925,-12.7231666198721
1.5794,-12.6887277732171
1.57955,-12.6545929220308
1.5797,-12.6207594075575
1.57985,-12.5872245100393
1.58,-12.5539854530321
1.58015,-12.5210394075242
1.5803,-12.488383495867
1.58045,-12.456014795524
1.5806,-12.4239303426491
1.58075,-12.3921271355
1.5809,-12.3606021376944
1.58105,-12.3293522813174
1.5812,-12.2983744698851
1.58135,-12.2676655811722
1.5815,-12.2372224699101
1.58165,-12.2070419703593
1.5818,-12.177120898765
1.58195,-12.1474560556984
1.5821,-12.1180442282911
1.58225,-12.0888821923657
1.5824,-12.0599667144693
1.58255,-12.0312945538124
1.5827,-12.002862464119
1.58285,-11.9746671953917
1.583,-11.9467054955948
1.58315,-11.9189741122604
1.5833,-11.8914697940208
1.58345,-11.8641892920693
1.5836,-11.8371293615549
1.58375,-11.8102867629118
1.5839,-11.7836582631279
1.58405,-11.757240636955
1.5842,-11.7310306680631
1.58435,-11.7050251501409
1.5845,-11.6792208879462
1.58465,-11.6536146983069
1.5848,-11.6282034110766
1.58495,-11.6029838700447
1.5851,-11.5779529338054
1.58525,-11.5531074765854
1.5854,-11.5284443890331
1.58555,-11.5039605789715
1.5857,-11.4796529721149
1.58585,-11.4555185127526
1.586,-11.4315541643998
1.58615,-11.4077569104181
1.5863,-11.384123754606
1.58645,-11.360651721761
1.5866,-11.3373378582155
1.58675,-11.3141792323458
1.5869,-11.2911729350563
1.58705,-11.2683160802409
1.5872,-11.2456058052196
1.58735,-11.2230392711553
1.5875,-11.2006136634482
1.58765,-11.1783261921098
1.5878,-11.156174092119
1.58795,-11.1341546237573
1.5881,-11.1122650729281
1.58825,-11.0905027514574
1.5884,-11.0688649973783
1.58855,-11.0473491751994
1.5887,-11.0259526761578
1.58885,-11.0046729184571
1.589,-10.9835073474909
1.58915,-10.9624534360529
1.5893,-10.9415086845324
1.58945,-10.9206706210986
1.5896,-10.8999368018704
1.58975,-10.8793048110753
1.5899,-10.8587722611964
1.59005,-10.8383367931071
1.5902,-10.8179960761956
1.59035,-10.7977478084784
1.5905,-10.7775897167029
1.59065,-10.7575195564404
1.5908,-10.7375351121689
1.59095,-10.7176341973461
1.5911,-10.6978146544735
1.59125,-10.6780743551507
1.5914,-10.6584112001212
1.59155,-10.6388231193097
1.5917,-10.61930807185
1.59185,-10.5998640461057
1.592,-10.5804890596817
1.59215,-10.5611811594286
1.5923,-10.5419384214389
1.59245,-10.5227589510357
1.5926,-10.5036408827535
1.59275,-10.4845823803127
1.5929,-10.4655816365856
1.59305,-10.4466368735568
1.5932,-10.4277463422751
1.59335,-10.4089083228004
1.5935,-10.3901211241422
1.59365,-10.3713830841929
1.5938,-10.3526925696544
1.59395,-10.3340479759575
1.5941,-10.3154477271765
1.59425,-10.2968902759368
1.5944,-10.2783741033169
1.59455,-10.2598977187444
1.5947,-10.2414596598863
1.59485,-10.2230584925335
1.595,-10.2046928104804
1.59515,-10.1863612353978
1.5953,-10.1680624167021
1.59545,-10.1497950314172
1.5956,-10.1315577840336
1.59575,-10.1133494063603
1.5959,-10.0951686573731
1.59605,-10.0770143230572
1.5962,-10.0588852162461
1.59635,-10.0407801764543
1.5965,-10.0226980697067
1.59665,-10.004637788363
1.5968,-9.98659825093777
1.59695,-9.968578401916
1.5971,-9.95057721156492
1.59725,-9.93259367574125
1.5974,-9.91462681569488
1.59755,-9.89667567786814
1.5977,-9.87873933369174
1.59785,-9.86081687937682
1.598,-9.84290743570311
1.59815,-9.82501014780416
1.5983,-9.80712418494855
1.59845,-9.7892487403183
1.5986,-9.77138303078382
1.59875,-9.75352629667558
1.5989,-9.7356778015533
1.59905,-9.71783683197161
1.5992,-9.70000269724352
1.59935,-9.68217472920083
1.5995,-9.66435228195185
1.59965,-9.64653473163712
1.5998,-9.62872147618222
1.59995,-9.61091193504876
1.6001,-9.5931055489829
1.60025,-9.57530177976178
1.6004,-9.55750010993846
1.60055,-9.53970004258432
1.6007,-9.52190110103036
1.60085,-9.50410282860651
1.601,-9.48630478837935
1.60115,-9.46850656288884
1.6013,-9.45070775388308
1.60145,-9.43290798205262
1.6016,-9.41510688676301
1.60175,-9.39730412578657
1.6019,-9.3794993750336
1.60205,-9.36169232828211
1.6022,-9.34388269690758
1.60235,-9.32607020961168
1.6025,-9.30825461215043
1.60265,-9.29043566706255
1.6028,-9.27261315339678
1.60295,-9.25478686643963
1.6031,-9.23695661744271
1.60325,-9.21912223335001
1.6034,-9.20128355652567
1.60355,-9.18344044448147
1.6037,-9.16559276960503
1.60385,-9.14774041888816
1.604,-9.12988329365556
1.60415,-9.11202130929462
1.6043,-9.09415439498519
1.60445,-9.07628249343065
1.6046,-9.05840556058942
1.60475,-9.04052356540773
1.6049,-9.02263648955309
1.60505,-9.00474432714892
1.6052,-8.98684708451048
1.60535,-8.96894477988179
1.6055,-8.95103744317417
1.60565,-8.93312511570585
1.6058,-8.91520784994311
1.60595,-8.89728570924326
1.6061,-8.87935876759862
1.60625,-8.86142710938288
1.6064,-8.84349082909854
1.60655,-8.82555003112644
1.6067,-8.80760482947735
1.60685,-8.78965534754488
1.607,-8.77170171786107
1.60715,-8.75374408185345
1.6073,-8.73578258960437
1.60745,-8.71781739961266
1.6076,-8.69984867855706
1.60775,-8.68187660106224
1.6079,-8.66390134946704
1.60805,-8.64592311359466
1.6082,-8.62794209052583
1.60835,-8.60995848437376
1.6085,-8.59197250606208
1.60865,-8.57398437310484
1.6088,-8.55599430938909
1.60895,-8.53800254496037
1.6091,-8.52000931581012
1.60925,-8.50201486366639
1.6094,-8.48401943578673
1.60955,-8.46602328475364
1.6097,-8.44802666827332
1.60985,-8.43002984897625
1.61,-8.41203309422133
1.61015,-8.39403667590219
1.6103,-8.37604087025633
1.61045,-8.35804595767737
1.6106,-8.34005222252955
1.61075,-8.32205995296561
1.6109,-8.30406944074694
1.61105,-8.28608098106678
1.6112,-8.26809487237639
1.61135,-8.25011141621355
1.6115,-8.23213091703457
1.61165,-8.21415368204854
1.6118,-8.1961800210545
1.61195,-8.1782102462819
1.6121,-8.16024467223317
1.61225,-8.14228361552972
1.6124,-8.12432739476042
1.61255,-8.10637633033291
1.6127,-8.08843074432791
1.61285,-8.07049096035596
1.613,-8.05255730341754
1.61315,-8.03463009976507
1.6133,-8.01670967676869
1.61345,-7.99879636278401
1.6136,-7.98089048702281
1.61375,-7.96299237942672
1.6139,-7.94510237054313
1.61405,-7.92722079140434
1.6142,-7.90934797340887
1.61435,-7.89148424820556
1.6145,-7.87362994758066
1.61465,-7.85578540334685
1.6148,-7.83795094723557
1.61495,-7.82012691079139
1.6151,-7.80231362526902
1.61525,-7.78451142153321
1.6154,-7.76672062996053
1.61555,-7.74894158034413
1.6157,-7.73117460180083
1.61585,-7.7134200226803
1.616,-7.69567817047722
1.61615,-7.67794937174518
1.6163,-7.66023395201351
1.61645,-7.64253223570603
1.6166,-7.62484454606205
1.61675,-7.6071712050601
1.6169,-7.58951253334321
1.61705,-7.57186885014707
1.6172,-7.55424047322996
1.61735,-7.5366277188047
1.6175,-7.51903090147332
1.61765,-7.50145033416297
1.6178,-7.48388632806477
1.61795,-7.46633919257398
1.6181,-7.44880923523253
1.61825,-7.43129676167343
1.6184,-7.41380207556709
1.61855,-7.39632547856962
1.6187,-7.37886727027295
1.61885,-7.36142774815669
1.619,-7.34400720754207
1.61915,-7.32660594154741
1.6193,-7.30922424104547
1.61945,-7.29186239462262
1.6196,-7.27452068853926
1.61975,-7.25719940669263
1.6199,-7.23989883058048
1.62005,-7.22261923926702
1.6202,-7.20536090934999
1.62035,-7.18812411492932
1.6205,-7.17090912757764
1.62065,-7.15371621631184
1.6208,-7.13654564756643
1.62095,-7.11939768516806
1.6211,-7.10227259031162
1.62125,-7.08517062153777
1.6214,-7.06809203471138
1.62155,-7.05103708300197
1.6217,-7.03400601686473
1.62185,-7.01699908402341
1.622,-7.000016529454
1.62215,-6.9830585953697
1.6223,-6.96612552120737
1.62245,-6.94921754361463
1.6226,-6.93233489643854
1.62275,-6.91547781071522
1.6229,-6.89864651466017
1.62305,-6.88184123366045
1.6232,-6.86506219026695
1.62335,-6.84830960418841
1.6235,-6.83158369228606
1.62365,-6.81488466856905
1.6238,-6.79821274419124
1.62395,-6.78156812744847
1.6241,-6.76495102377706
1.62425,-6.74836163575288
1.6244,-6.73180016309124
1.62455,-6.71526680264803
1.6247,-6.69876174842092
1.62485,-6.68228519155204
1.625,-6.66583732033092
1.62515,-6.64941832019825
1.6253,-6.63302837375067
1.62545,-6.61666766074557
1.6256,-6.60033635810731
1.62575,-6.58403463993353
1.6259,-6.5677626775022
1.62605,-6.55152063927961
1.6262,-6.53530869092827
1.62635,-6.51912699531613
1.6265,-6.50297571252582
1.62665,-6.4868549998645
1.6268,-6.47076501187446
1.62695,-6.45470590034393
1.6271,-6.43867781431858
1.62725,-6.42268090011333
1.6274,-6.40671530132457
1.62755,-6.3907811588431
1.6277,-6.37487861086706
1.62785,-6.35900779291561
1.628,-6.3431688378428
1.62815,-6.3273618758518
1.6283,-6.31158703450967
1.62845,-6.29584443876212
1.6286,-6.28013421094904
1.62875,-6.26445647082001
1.6289,-6.24881133555004
1.62905,-6.23319891975608
1.6292,-6.21761933551314
1.62935,-6.20207269237129
1.6295,-6.18655909737236
1.62965,-6.17107865506735
1.6298,-6.15563146753376
1.62995,-6.14021763439312
1.6301,-6.12483725282904
1.63025,-6.10949041760496
1.6304,-6.09417722108259
1.63055,-6.07889775324016
1.6307,-6.06365210169088
1.63085,-6.04844035170179
1.631,-6.03326258621233
1.63115,-6.01811888585354
1.6313,-6.003009328967
1.63145,-5.9879339916239
1.6316,-5.97289294764453
1.63175,-5.95788626861743
1.6319,-5.94291402391908
1.63205,-5.92797628073327
1.6322,-5.91307310407071
1.63235,-5.89820455678884
1.6325,-5.88337069961135
1.63265,-5.86857159114819
1.6328,-5.85380728791523
1.63295,-5.83907784435407
1.6331,-5.82438331285217
1.63325,-5.80972374376242
1.6334,-5.79509918542329
1.63355,-5.78050968417879
1.6337,-5.76595528439816
1.63385,-5.75143602849604
1.634,-5.73695195695228
1.63415,-5.72250310833186
1.6343,-5.7080895193049
1.63445,-5.69371122466627
1.6346,-5.67936825735579
1.63475,-5.66506064847766
1.6349,-5.65078842732058
1.63505,-5.63655162137727
1.6352,-5.62235025636417
1.63535,-5.60818435624126
1.6355,-5.59405394323135
1.63565,-5.57995903783989
1.6358,-5.56589965887435
1.63595,-5.55187582346346
1.6361,-5.53788754707682
1.63625,-5.52393484354389
1.6364,-5.51001772507342
1.63655,-5.49613620227244
1.6367,-5.48229028416523
1.63685,-5.46847997821248
1.637,-5.45470529032983
1.63715,-5.44096622490698
1.6373,-5.4272627848262
1.63745,-5.41359497148086
1.6376,-5.39996278479408
1.63775,-5.38636622323698
1.6379,-5.37280528384711
1.63805,-5.35927996224649
1.6382,-5.34579025265984
1.63835,-5.33233614793247
1.6385,-5.31891763954817
1.63865,-5.30553471764703
1.6388,-5.29218737104295
1.63895,-5.27887558724137
1.6391,-5.2655993524566
1.63925,-5.25235865162904
1.6394,-5.2391534684426
1.63955,-5.22598378534149
1.6397,-5.21284958354745
1.63985,-5.19975084307647
1.64,-5.18668754275537
1.64015,-5.17365966023869
1.6403,-5.16066717202488
1.64045,-5.1477100534728
1.6406,-5.13478827881799
1.64075,-5.12190182118853
1.6409,-5.10905065262132
1.64105,-5.09623474407765
1.6412,-5.08345406545915
1.64135,-5.07070858562326
1.6415,-5.05799827239863
1.64165,-5.04532309260065
1.6418,-5.03268301204645
1.64195,-5.02007799557016
1.6421,-5.00750800703777
1.64225,-4.99497300936189
1.6424,-4.98247296451663
1.64255,-4.97000783355191
1.6427,-4.95757757660816
1.64285,-4.94518215293047
1.643,-4.93282152088271
1.64315,-4.9204956379618
1.6433,-4.90820446081136
1.64345,-4.89594794523571
1.6436,-4.88372604621344
1.64375,-4.8715387179109
1.6439,-4.85938591369572
1.64405,-4.84726758614994
1.6442,-4.8351836870833
1.64435,-4.82313416754619
1.6445,-4.81111897784247
1.64465,-4.7991380675424
1.6448,-4.78719138549509
1.64495,-4.77527887984117
1.6451,-4.76340049802515
1.64525,-4.75155618680751
1.6454,-4.73974589227711
1.64555,-4.72796955986294
1.6457,-4.71622713434623
1.64585,-4.704518559872
1.646,-4.69284377996092
1.64615,-4.68120273752066
1.6463,-4.66959537485731
1.64645,-4.65802163368681
1.6466,-4.64648145514581
1.64675,-4.63497477980305
1.6469,-4.62350154767004
1.64705,-4.61206169821185
1.6472,-4.60065517035804
1.64735,-4.58928190251282
1.6475,-4.57794183256593
1.64765,-4.56663489790265
1.6478,-4.5553610354141
1.64795,-4.54412018150747
1.6481,-4.53291227211579
1.64825,-4.52173724270797
1.6484,-4.51059502829851
1.64855,-4.49948556345709
1.6487,-4.48840878231822
1.64885,-4.47736461859052
1.649,-4.46635300556623
1.64915,-4.45537387613027
1.6493,-4.44442716276933
1.64945,-4.43351279758102
1.6496,-4.42263071228255
1.64975,-4.41178083821972
1.6499,-4.40096310637547
1.65005,-4.39017744737844
1.6502,-4.37942379151156
1.65035,-4.36870206872024
1.6505,-4.35801220862088
1.65065,-4.34735414050881
1.6508,-4.33672779336645
1.65095,-4.32613309587134
1.6511,-4.31556997640384
1.65125,-4.3050383630551
1.6514,-4.29453818363463
1.65155,-4.28406936567784
1.6517,-4.27363183645366
1.65185,-4.26322552297174
1.652,-4.25285035198999
1.65215,-4.24250625002157
1.6523,-4.23219314334206
1.65245,-4.22191095799662
1.6526,-4.21165961980666
1.65275,-4.20143905437696
1.6529,-4.19124918710227
1.65305,-4.18108994317394
1.6532,-4.17096124758664
1.65335,-4.16086302514472
1.6535,-4.15079520046872
1.65365,-4.14075769800165
1.6538,-4.13075044201517
1.65395,-4.12077335661589
1.6541,-4.11082636575129
1.65425,-4.10090939321587
1.6544,-4.09102236265685
1.65455,-4.08116519758027
1.6547,-4.07133782135656
1.65485,-4.06154015722623
1.655,-4.05177212830554
1.65515,-4.04203365759196
1.6553,-4.03232466796966
1.65545,-4.02264508221489
1.6556,-4.01299482300118
1.65575,-4.00337381290472
1.6559,-3.99378197440933
1.65605,-3.98421922991169
1.6562,-3.97468550172631
1.65635,-3.96518071209038
1.6565,-3.95570478316875
1.65665,-3.94625763705864
1.6568,-3.93683919579444
1.65695,-3.92744938135233
1.6571,-3.91808811565487
1.65725,-3.90875532057554
1.6574,-3.89945091794317
1.65755,-3.89017482954644
1.6577,-3.8809269771381
1.65785,-3.87170728243923
1.658,-3.86251566714358
1.65815,-3.85335205292152
1.6583,-3.84421636142435
1.65845,-3.83510851428813
1.6586,-3.82602843313771
1.65875,-3.81697603959067
1.6589,-3.80795125526108
1.65905,-3.79895400176336
1.6592,-3.78998420071601
1.65935,-3.78104177374517
1.6595,-3.7721266424884
1.65965,-3.76323872859806
1.6598,-3.75437795374499
1.65995,-3.74554423962185
1.6601,-3.73673750794648
1.66025,-3.7279576804654
1.6604,-3.7192046789569
1.66055,-3.71047842523445
1.6607,-3.7017788411498
1.66085,-3.69310584859609
1.661,-3.68445936951103
1.66115,-3.67583932587981
1.6613,-3.66724563973822
1.66145,-3.65867823317553
1.6616,-3.6501370283373
1.66175,-3.64162194742837
1.6619,-3.63313291271554
1.66205,-3.62466984653038
1.6622,-3.61623267127194
1.66235,-3.60782130940932
1.6625,-3.59943568348442
1.66265,-3.5910757161144
1.6628,-3.58274132999429
1.66295,-3.57443244789933
1.6631,-3.56614899268765
1.66325,-3.55789088730246
1.6634,-3.54965805477444
1.66355,-3.54145041822419
1.6637,-3.53326790086433
1.66385,-3.52511042600187
1.664,-3.51697791704035
1.66415,-3.50887029748195
1.6643,-3.50078749092977
1.66445,-3.49272942108968
1.6646,-3.48469601177257
1.66475,-3.47668718689629
1.6649,-3.4687028704875
1.66505,-3.46074298668385
1.6652,-3.45280745973559
1.66535,-3.44489621400768
1.6655,-3.43700917398152
1.66565,-3.42914626425664
1.6658,-3.42130740955268
1.66595,-3.41349253471091
1.6661,-3.40570156469604
1.66625,-3.39793442459785
1.6664,-3.39019103963279
1.66655,-3.38247133514564
1.6667,-3.37477523661097
1.66685,-3.3671026696348
1.667,-3.35945355995604
1.66715,-3.35182783344789
1.6673,-3.34422541611944
1.66745,-3.33664623411691
1.6676,-3.32909021372519
1.66775,-3.3215572813691
1.6679,-3.31404736361472
1.66805,-3.30656038717075
1.6682,-3.29909627888969
1.66835,-3.29165496576914
1.6685,-3.28423637495307
1.66865,-3.27684043373288
1.6688,-3.26946706954865
1.66895,-3.26211620999025
1.6691,-3.25478778279848
1.66925,-3.24748171586616
1.6694,-3.24019793723912
1.66955,-3.23293637511731
1.6697,-3.22569695785579
1.66985,-3.21847961396572
1.67,-3.21128427211535
1.67015,-3.20411086113089
1.6703,-3.19695930999754
1.67045,-3.18982954786025
1.6706,-3.18272150402476
1.67075,-3.17563510795829
1.6709,-3.16857028929046
1.67105,-3.16152697781414
1.6712,-3.15450510348609
1.67135,-3.14750459642791
1.6715,-3.14052538692663
1.67165,-3.13356740543554
1.6718,-3.12663058257487
1.67195,-3.11971484913242
1.6721,-3.11282013606435
1.67225,-3.10594637449568
1.6724,-3.09909349572104
1.67255,-3.09226143120523
1.6727,-3.08545011258381
1.67285,-3.0786594716637
1.673,-3.07188944042368
1.67315,-3.06513995101501
1.6733,-3.05841093576192
1.67345,-3.05170232716206
1.6736,-3.04501405788708
1.67375,-3.03834606078301
1.6739,-3.0316982688708
1.67405,-3.02507061534672
1.6742,-3.01846303358273
1.67435,-3.01187545712701
1.6745,-3.00530781970422
1.67465,-2.99876005521597
1.6748,-2.99223209774116
1.67495,-2.98572388153627
1.6751,-2.97923534103579
1.67525,-2.97276641085243
1.6754,-2.96631702577754
1.67555,-2.95988712078131
1.6757,-2.95347663101304
1.67585,-2.94708549180151
1.676,-2.94071363865507
1.67615,-2.93436100726203
1.6763,-2.92802753349082
1.67645,-2.92171315339012
1.6766,-2.91541780318921
1.67675,-2.90914141929802
1.6769,-2.90288393830743
1.67705,-2.8966452969893
1.6772,-2.8904254322967
1.67735,-2.88422428136405
1.6775,-2.87804178150719
1.67765,-2.87187787022357
1.6778,-2.8657324851923
1.67795,-2.85960556427423
1.6781,-2.85349704551212
1.67825,-2.84740686713059
1.6784,-2.84133496753628
1.67855,-2.83528128531787
1.6787,-2.82924575924607
1.67885,-2.82322832827377
1.679,-2.8172289315359
1.67915,-2.81124750834962
1.6793,-2.80528399821414
1.67945,-2.79933834081088
1.6796,-2.79341047600335
1.67975,-2.78750034383713
1.6799,-2.7816078845399
1.68005,-2.77573303852132
1.6802,-2.76987574637301
1.68035,-2.76403594886855
1.6805,-2.75821358696328
1.68065,-2.75240860179436
1.6808,-2.74662093468056
1.68095,-2.7408505271223
1.6811,-2.73509732080145
1.68125,-2.72936125758123
1.6814,-2.72364227950616
1.68155,-2.71794032880186
1.6817,-2.71225534787499
1.68185,-2.70658727931305
1.682,-2.70093606588425
1.68215,-2.69530165053743
1.6823,-2.68968397640177
1.68245,-2.68408298678677
1.6826,-2.67849862518197
1.68275,-2.67293083525681
1.6829,-2.66737956086046
1.68305,-2.66184474602161
1.6832,-2.65632633494829
1.68335,-2.65082427202765
1.6835,-2.64533850182576
1.68365,-2.63986896908742
1.6838,-2.63441561873587
1.68395,-2.62897839587266
1.6841,-2.62355724577737
1.68425,-2.61815211390732
1.6844,-2.61276294589747
1.68455,-2.60738968756001
1.6847,-2.60203228488423
1.68485,-2.59669068403625
1.685,-2.59136483135864
1.68515,-2.58605467337034
1.6853,-2.58076015676622
1.68545,-2.57548122841692
1.6856,-2.57021783536854
1.68575,-2.56496992484229
1.6859,-2.55973744423431
1.68605,-2.55452034111527
1.6862,-2.54931856323018
1.68635,-2.54413205849801
1.6865,-2.53896077501138
1.68665,-2.53380466103634
1.6868,-2.52866366501194
1.68695,-2.52353773554999
1.6871,-2.51842682143475
1.68725,-2.51333087162253
1.6874,-2.50824983524144
1.68755,-2.503183661591
1.6877,-2.49813230014187
1.68785,-2.49309570053542
1.688,-2.48807381258352
1.68815,-2.48306658626805
1.6883,-2.47807397174065
1.68845,-2.47309591932235
1.6886,-2.4681323795032
1.68875,-2.46318330294192
1.6889,-2.45824864046557
1.68905,-2.45332834306911
1.6892,-2.44842236191513
1.68935,-2.44353064833343
1.6895,-2.43865315382067
1.68965,-2.43378983003997
1.6898,-2.42894062882055
1.68995,-2.4241055021574
1.6901,-2.41928440221079
1.69025,-2.41447728130601
1.6904,-2.40968409193292
1.69055,-2.40490478674556
1.6907,-2.40013931856178
1.69085,-2.39538764036287
1.691,-2.3906497052931
1.69115,-2.38592546665944
1.6913,-2.38121487793101
1.69145,-2.37651789273884
1.6916,-2.37183446487534
1.69175,-2.367164548294
1.6919,-2.36250809710891
1.69205,-2.35786506559441
1.6922,-2.35323540818464
1.69235,-2.34861907947314
1.6925,-2.34401603421251
1.69265,-2.3394262273139
1.6928,-2.33484961384661
1.69295,-2.33028614903777
1.6931,-2.32573578827183
1.69325,-2.32119848709014
1.6934,-2.31667420119066
1.69355,-2.31216288642733
1.6937,-2.30766449880985
1.69385,-2.30317899450315
1.694,-2.29870632982698
1.69415,-2.29424646125555
1.6943,-2.28979934541699
1.69445,-2.28536493909304
1.6946,-2.28094319921856
1.69475,-2.27653408288111
1.6949,-2.27213754732055
1.69505,-2.26775354992858
1.6952,-2.26338204824833
1.69535,-2.2590229999739
1.6955,-2.25467636294999
1.69565,-2.25034209517138
1.6958,-2.24602015478262
1.69595,-2.24171050007746
1.6961,-2.23741308949851
1.69625,-2.23312788163679
1.6964,-2.22885483523124
1.69655,-2.22459390916839
1.6967,-2.22034506248183
1.69685,-2.2161082543518
1.697,-2.21188344410479
1.69715,-2.20767059121305
1.6973,-2.20346965529421
1.69745,-2.19928059611078
1.6976,-2.19510337356977
1.69775,-2.19093794772224
1.6979,-2.18678427876279
1.69805,-2.18264232702924
1.6982,-2.17851205300214
1.69835,-2.17439341730428
1.6985,-2.17028638070034
1.69865,-2.16619090409638
1.6988,-2.16210694853945
1.69895,-2.15803447521714
1.6991,-2.15397344545711
1.69925,-2.1499238207267
1.6994,-2.14588556263245
1.69955,-2.14185863291969
1.6997,-2.1378429934721
1.69985,-2.13383860631123
1.7,-2.12984543359615
