"Freq [GHz]","dB(S(1,1)) []"
1.4,-0.667563140016603
1.40015,-0.668652351304382
1.4003,-0.669744179491804
1.40045,-0.67083863283702
1.4006,-0.671935719630262
1.40075,-0.673035448193987
1.4009,-0.674137826883025
1.40105,-0.675242864084742
1.4012,-0.676350568219169
1.40135,-0.677460947739182
1.4015,-0.678574011130645
1.40165,-0.67968976691256
1.4018,-0.680808223637231
1.40195,-0.681929389890409
1.4021,-0.68305327429147
1.40225,-0.68417988549355
1.4024,-0.685309232183723
1.40255,-0.686441323083155
1.4027,-0.687576166947251
1.40285,-0.688713772565846
1.403,-0.689854148763341
1.40315,-0.690997304398881
1.4033,-0.692143248366515
1.40345,-0.693291989595366
1.4036,-0.694443537049789
1.40375,-0.695597899729546
1.4039,-0.696755086669975
1.40405,-0.697915106942151
1.4042,-0.699077969653065
1.40435,-0.700243683945793
1.4045,-0.701412258999666
1.40465,-0.702583704030441
1.4048,-0.703758028290485
1.40495,-0.704935241068937
1.4051,-0.706115351691895
1.40525,-0.707298369522583
1.4054,-0.708484303961548
1.40555,-0.709673164446806
1.4057,-0.710864960454063
1.40585,-0.712059701496856
1.406,-0.713257397126767
1.40615,-0.714458056933589
1.4063,-0.715661690545517
1.40645,-0.716868307629324
1.4066,-0.718077917890562
1.40675,-0.719290531073731
1.4069,-0.720506156962496
1.40705,-0.721724805379839
1.4072,-0.722946486188275
1.40735,-0.724171209290045
1.4075,-0.725398984627292
1.40765,-0.726629822182264
1.4078,-0.72786373197752
1.40795,-0.729100724076097
1.4081,-0.730340808581743
1.40825,-0.731583995639083
1.4084,-0.73283029543384
1.40855,-0.734079718193031
1.4087,-0.735332274185162
1.40885,-0.736587973720435
1.409,-0.737846827150946
1.40915,-0.73910884487091
1.4093,-0.740374037316842
1.40945,-0.741642414967779
1.4096,-0.742913988345495
1.40975,-0.744188768014685
1.4099,-0.745466764583207
1.41005,-0.746747988702271
1.4102,-0.748032451066671
1.41035,-0.749320162414986
1.4105,-0.750611133529799
1.41065,-0.751905375237922
1.4108,-0.753202898410606
1.41095,-0.754503713963763
1.4111,-0.755807832858192
1.41125,-0.757115266099798
1.4114,-0.758426024739808
1.41155,-0.75974011987501
1.4117,-0.761057562647969
1.41185,-0.762378364247269
1.412,-0.763702535907719
1.41215,-0.765030088910607
1.4123,-0.766361034583903
1.41245,-0.767695384302529
1.4126,-0.769033149488571
1.41275,-0.770374341611512
1.4129,-0.771718972188476
1.41305,-0.773067052784471
1.4132,-0.774418595012617
1.41335,-0.775773610534408
1.4135,-0.777132111059924
1.41365,-0.778494108348104
1.4138,-0.779859614206971
1.41395,-0.781228640493909
1.4141,-0.782601199115864
1.41425,-0.783977302029646
1.4144,-0.785356961242136
1.41455,-0.786740188810575
1.4147,-0.788126996842791
1.41485,-0.789517397497473
1.415,-0.790911402984419
1.41515,-0.792309025564809
1.4153,-0.793710277551442
1.41545,-0.795115171309014
1.4156,-0.796523719254389
1.41575,-0.797935933856845
1.4159,-0.79935182763836
1.41605,-0.800771413173864
1.4162,-0.802194703091514
1.41635,-0.803621710072984
1.4165,-0.805052446853708
1.41665,-0.806486926223182
1.4168,-0.807925161025215
1.41695,-0.809367164158237
1.4171,-0.810812948575551
1.41725,-0.812262527285639
1.4174,-0.813715913352429
1.41755,-0.815173119895579
1.4177,-0.816634160090781
1.41785,-0.818099047170033
1.418,-0.819567794421939
1.41815,-0.821040415191995
1.4183,-0.822516922882883
1.41845,-0.823997330954776
1.4186,-0.825481652925629
1.41875,-0.826969902371471
1.4189,-0.828462092926727
1.41905,-0.829958238284486
1.4192,-0.831458352196849
1.41935,-0.832962448475206
1.4195,-0.834470540990556
1.41965,-0.835982643673804
1.4198,-0.837498770516107
1.41995,-0.839018935569136
1.4201,-0.840543152945447
1.42025,-0.842071436818759
1.4204,-0.843603801424296
1.42055,-0.845140261059103
1.4207,-0.846680830082363
1.42085,-0.848225522915736
1.421,-0.849774354043683
1.42115,-0.851327338013782
1.4213,-0.852884489437087
1.42145,-0.854445822988443
1.4216,-0.856011353406821
1.42175,-0.857581095495669
1.4219,-0.859155064123246
1.42205,-0.860733274222961
1.4222,-0.862315740793722
1.42235,-0.863902478900293
1.4225,-0.865493503673618
1.42265,-0.867088830311191
1.4228,-0.868688474077419
1.42295,-0.870292450303941
1.4231,-0.87190077439003
1.42325,-0.873513461802927
1.4234,-0.875130528078197
1.42355,-0.876751988820122
1.4237,-0.878377859702049
1.42385,-0.880008156466751
1.424,-0.881642894926817
1.42415,-0.883282090965024
1.4243,-0.884925760534704
1.42445,-0.886573919660121
1.4246,-0.888226584436864
1.42475,-0.889883771032226
1.4249,-0.891545495685583
1.42505,-0.893211774708794
1.4252,-0.894882624486588
1.42535,-0.896558061476941
1.4255,-0.898238102211502
1.42565,-0.899922763295963
1.4258,-0.901612061410489
1.42595,-0.903306013310087
1.4261,-0.90500463582504
1.42625,-0.906707945861304
1.4264,-0.908415960400915
1.42655,-0.910128696502425
1.4267,-0.911846171301288
1.42685,-0.913568402010295
1.427,-0.915295405919998
1.42715,-0.917027200399134
1.4273,-0.918763802895046
1.42745,-0.920505230934116
1.4276,-0.922251502122203
1.42775,-0.924002634145064
1.4279,-0.925758644768822
1.42805,-0.927519551840369
1.4282,-0.929285373287841
1.42835,-0.931056127121047
1.4285,-0.932831831431931
1.42865,-0.934612504395021
1.4288,-0.936398164267873
1.42895,-0.93818882939155
1.4291,-0.93998451819107
1.42925,-0.941785249175876
1.4294,-0.943591040940304
1.42955,-0.945401912164047
1.4297,-0.947217881612641
1.42985,-0.949038968137935
1.43,-0.950865190678565
1.43015,-0.95269656826045
1.4303,-0.954533119997276
1.43045,-0.956374865090972
1.4306,-0.958221822832226
1.43075,-0.960074012600956
1.4309,-0.96193145386683
1.43105,-0.963794166189762
1.4312,-0.96566216922041
1.43135,-0.967535482700703
1.4315,-0.969414126464329
1.43165,-0.971298120437278
1.4318,-0.97318748463834
1.43195,-0.975082239179642
1.4321,-0.976982404267171
1.43225,-0.9788880002013
1.4324,-0.98079904737732
1.43255,-0.982715566285992
1.4327,-0.984637577514064
1.43285,-0.986565101744839
1.433,-0.988498159758714
1.43315,-0.990436772433715
1.4333,-0.992380960746085
1.43345,-0.994330745770808
1.4336,-0.99628614868221
1.43375,-0.99824719075449
1.4339,-1.00021389336231
1.43405,-1.00218627798135
1.4342,-1.00416436618894
1.43435,-1.00614817966455
1.4345,-1.00813774019048
1.43465,-1.01013306965235
1.4348,-1.01213419003978
1.43495,-1.01414112344693
1.4351,-1.01615389207314
1.43525,-1.0181725182235
1.4354,-1.02019702430949
1.43555,-1.02222743284957
1.4357,-1.02426376646983
1.43585,-1.02630604790458
1.436,-1.02835429999699
1.43615,-1.03040854569974
1.4363,-1.03246880807563
1.43645,-1.03453511029821
1.4366,-1.03660747565246
1.43675,-1.03868592753543
1.4369,-1.04077048945687
1.43705,-1.0428611850399
1.4372,-1.04495803802167
1.43735,-1.04706107225406
1.4375,-1.04917031170429
1.43765,-1.05128578045565
1.4378,-1.05340750270815
1.43795,-1.05553550277921
1.4381,-1.05766980510437
1.43825,-1.05981043423796
1.4384,-1.0619574148538
1.43855,-1.06411077174594
1.4387,-1.06627052982932
1.43885,-1.06843671414051
1.439,-1.07060934983845
1.43915,-1.07278846220514
1.4393,-1.07497407664636
1.43945,-1.07716621869246
1.4396,-1.07936491399904
1.43975,-1.08157018834776
1.4399,-1.083782067647
1.44005,-1.0860005779327
1.4402,-1.08822574536908
1.44035,-1.09045759624941
1.4405,-1.0926961569968
1.44065,-1.09494145416494
1.4408,-1.09719351443893
1.44095,-1.09945236463602
1.4411,-1.10171803170643
1.44125,-1.10399054273417
1.4414,-1.10626992493779
1.44155,-1.10855620567123
1.4417,-1.11084941242465
1.44185,-1.11314957282519
1.442,-1.11545671463787
1.44215,-1.11777086576638
1.4423,-1.12009205425393
1.44245,-1.1224203082841
1.4426,-1.12475565618168
1.44275,-1.12709812641357
1.4429,-1.12944774758956
1.44305,-1.13180454846329
1.4432,-1.13416855793308
1.44335,-1.13653980504281
1.4435,-1.13891831898284
1.44365,-1.14130412909088
1.4438,-1.14369726485288
1.44395,-1.14609775590398
1.4441,-1.14850563202939
1.44425,-1.15092092316533
1.4444,-1.15334365939995
1.44455,-1.15577387097428
1.4447,-1.15821158828314
1.44485,-1.16065684187612
1.445,-1.16310966245853
1.44515,-1.16557008089234
1.4453,-1.16803812819719
1.44545,-1.17051383555134
1.4456,-1.17299723429265
1.44575,-1.17548835591957
1.4459,-1.17798723209218
1.44605,-1.18049389463314
1.4462,-1.18300837552873
1.44635,-1.18553070692987
1.4465,-1.18806092115317
1.44665,-1.1905990506819
1.4468,-1.1931451281671
1.44695,-1.19569918642862
1.4471,-1.19826125845613
1.44725,-1.20083137741026
1.4474,-1.20340957662361
1.44755,-1.20599588960188
1.4477,-1.20859035002492
1.44785,-1.21119299174786
1.448,-1.21380384880222
1.44815,-1.21642295539698
1.4483,-1.21905034591976
1.44845,-1.22168605493793
1.4486,-1.22433011719973
1.44875,-1.22698256763543
1.4489,-1.22964344135852
1.44905,-1.23231277366685
1.4492,-1.23499060004376
1.44935,-1.23767695615938
1.4495,-1.24037187787167
1.44965,-1.24307540122778
1.4498,-1.24578756246512
1.44995,-1.2485083980127
1.4501,-1.25123794449226
1.45025,-1.25397623871957
1.4504,-1.25672331770566
1.45055,-1.25947921865806
1.4507,-1.26224397898211
1.45085,-1.26501763628219
1.451,-1.26780022836303
1.45115,-1.270591793231
1.4513,-1.27339236909544
1.45145,-1.27620199436991
1.4516,-1.2790207076736
1.45175,-1.2818485478326
1.4519,-1.28468555388129
1.45205,-1.28753176506367
1.4522,-1.29038722083474
1.45235,-1.29325196086186
1.4525,-1.29612602502616
1.45265,-1.29900945342394
1.4528,-1.30190228636806
1.45295,-1.30480456438936
1.4531,-1.30771632823813
1.45325,-1.31063761888551
1.4534,-1.31356847752494
1.45355,-1.31650894557367
1.4537,-1.31945906467421
1.45385,-1.3224188766958
1.454,-1.32538842373594
1.45415,-1.32836774812188
1.4543,-1.33135689241217
1.45445,-1.33435589939816
1.4546,-1.33736481210558
1.45475,-1.34038367379606
1.4549,-1.34341252796874
1.45505,-1.34645141836184
1.4552,-1.34950038895425
1.45535,-1.35255948396715
1.4555,-1.35562874786561
1.45565,-1.35870822536025
1.4558,-1.36179796140886
1.45595,-1.36489800121812
1.4561,-1.36800839024516
1.45625,-1.37112917419939
1.4564,-1.37426039904406
1.45655,-1.37740211099808
1.4567,-1.38055435653768
1.45685,-1.38371718239821
1.457,-1.38689063557582
1.45715,-1.39007476332931
1.4573,-1.39326961318183
1.45745,-1.39647523292275
1.4576,-1.39969167060945
1.45775,-1.40291897456909
1.4579,-1.40615719340055
1.45805,-1.40940637597619
1.4582,-1.4126665714438
1.45835,-1.41593782922843
1.4585,-1.41922019903429
1.45865,-1.42251373084674
1.4588,-1.4258184749341
1.45895,-1.4291344818497
1.4591,-1.43246180243381
1.45925,-1.4358004878156
1.4594,-1.43915058941517
1.45955,-1.4425121589455
1.4597,-1.44588524841457
1.45985,-1.44926991012731
1.46,-1.45266619668772
1.46015,-1.45607416100095
1.4603,-1.45949385627533
1.46045,-1.46292533602455
1.4606,-1.46636865406979
1.46075,-1.4698238645418
1.4609,-1.47329102188313
1.46105,-1.47677018085027
1.4612,-1.48026139651589
1.46135,-1.48376472427101
1.4615,-1.48728021982727
1.46165,-1.4908079392192
1.4618,-1.49434793880644
1.46195,-1.49790027527606
1.4621,-1.50146500564489
1.46225,-1.50504218726182
1.4624,-1.50863187781019
1.46255,-1.5122341353101
1.4627,-1.51584901812084
1.46285,-1.51947658494329
1.463,-1.52311689482237
1.46315,-1.52677000714944
1.4633,-1.53043598166483
1.46345,-1.53411487846027
1.4636,-1.53780675798144
1.46375,-1.54151168103051
1.4639,-1.54522970876867
1.46405,-1.54896090271872
1.4642,-1.55270532476764
1.46435,-1.55646303716924
1.4645,-1.56023410254681
1.46465,-1.56401858389576
1.4648,-1.56781654458629
1.46495,-1.57162804836615
1.4651,-1.57545315936332
1.46525,-1.57929194208881
1.4654,-1.5831444614394
1.46555,-1.58701078270047
1.4657,-1.59089097154882
1.46585,-1.5947850940555
1.466,-1.59869321668873
1.46615,-1.60261540631675
1.4663,-1.60655173021076
1.46645,-1.61050225604792
1.4666,-1.61446705191422
1.46675,-1.61844618630759
1.4669,-1.62243972814084
1.46705,-1.62644774674479
1.4672,-1.63047031187129
1.46735,-1.63450749369634
1.4675,-1.63855936282322
1.46765,-1.64262599028569
1.4678,-1.64670744755111
1.46795,-1.65080380652372
1.4681,-1.65491513954781
1.46825,-1.65904151941107
1.4684,-1.66318301934784
1.46855,-1.66733971304244
1.4687,-1.67151167463256
1.46885,-1.67569897871259
1.469,-1.67990170033711
1.46915,-1.68411991502426
1.4693,-1.68835369875929
1.46945,-1.69260312799799
1.4696,-1.69686827967031
1.46975,-1.70114923118386
1.4699,-1.70544606042756
1.47005,-1.70975884577522
1.4702,-1.71408766608927
1.47035,-1.71843260072442
1.4705,-1.72279372953136
1.47065,-1.7271711328606
1.4708,-1.7315648915662
1.47095,-1.73597508700963
1.4711,-1.74040180106363
1.47125,-1.74484511611609
1.4714,-1.74930511507404
1.47155,-1.75378188136753
1.4717,-1.75827549895374
1.47185,-1.76278605232092
1.472,-1.76731362649252
1.47215,-1.77185830703132
1.4723,-1.77642018004354
1.47245,-1.78099933218304
1.4726,-1.78559585065555
1.47275,-1.79020982322294
1.4729,-1.79484133820751
1.47305,-1.79949048449633
1.4732,-1.80415735154564
1.47335,-1.80884202938525
1.4735,-1.813544608623
1.47365,-1.81826518044928
1.4738,-1.82300383664156
1.47395,-1.82776066956896
1.4741,-1.8325357721969
1.47425,-1.83732923809175
1.4744,-1.84214116142556
1.47455,-1.84697163698077
1.4747,-1.85182076015507
1.47485,-1.85668862696619
1.475,-1.86157533405681
1.47515,-1.86648097869946
1.4753,-1.87140565880155
1.47545,-1.87634947291034
1.4756,-1.88131252021804
1.47575,-1.88629490056692
1.4759,-1.89129671445443
1.47605,-1.89631806303849
1.4762,-1.90135904814267
1.47635,-1.90641977226156
1.4765,-1.9115003385661
1.47665,-1.91660085090894
1.4768,-1.92172141382999
1.47695,-1.92686213256186
1.4771,-1.93202311303545
1.47725,-1.93720446188556
1.4774,-1.9424062864565
1.47755,-1.94762869480791
1.4777,-1.95287179572044
1.47785,-1.95813569870162
1.478,-1.96342051399172
1.47815,-1.96872635256973
1.4783,-1.97405332615925
1.47845,-1.97940154723466
1.4786,-1.98477112902715
1.47875,-1.9901621855309
1.4789,-1.99557483150933
1.47905,-2.0010091825013
1.4792,-2.00646535482757
1.47935,-2.01194346559708
1.4795,-2.0174436327135
1.47965,-2.02296597488173
1.4798,-2.02851061161443
1.47995,-2.03407766323875
1.4801,-2.03966725090301
1.48025,-2.04527949658346
1.4804,-2.05091452309113
1.48055,-2.05657245407875
1.4807,-2.06225341404772
1.48085,-2.06795752835514
1.481,-2.07368492322091
1.48115,-2.07943572573496
1.4813,-2.08521006386441
1.48145,-2.09100806646097
1.4816,-2.09682986326828
1.48175,-2.10267558492939
1.4819,-2.10854536299427
1.48205,-2.11443932992745
1.4822,-2.12035761911562
1.48235,-2.12630036487551
1.4825,-2.13226770246161
1.48265,-2.13825976807413
1.4828,-2.14427669886696
1.48295,-2.15031863295573
1.4831,-2.15638570942596
1.48325,-2.1624780683413
1.4834,-2.16859585075179
1.48355,-2.17473919870226
1.4837,-2.1809082552408
1.48385,-2.1871031644273
1.484,-2.19332407134208
1.48415,-2.19957112209464
1.4843,-2.2058444638324
1.48445,-2.21214424474965
1.4846,-2.21847061409651
1.48475,-2.22482372218797
1.4849,-2.23120372041311
1.48505,-2.2376107612443
1.4852,-2.24404499824653
1.48535,-2.25050658608689
1.4855,-2.25699568054409
1.48565,-2.26351243851804
1.4858,-2.27005701803965
1.48595,-2.27662957828055
1.4861,-2.28323027956308
1.48625,-2.28985928337028
1.4864,-2.29651675235601
1.48655,-2.30320285035517
1.4867,-2.309917742394
1.48685,-2.31666159470053
1.487,-2.32343457471511
1.48715,-2.33023685110103
1.4873,-2.33706859375527
1.48745,-2.34392997381938
1.4876,-2.35082116369039
1.48775,-2.35774233703192
1.4879,-2.36469366878537
1.48805,-2.37167533518121
1.4882,-2.3786875137504
1.48835,-2.3857303833359
1.4885,-2.39280412410436
1.48865,-2.39990891755787
1.4888,-2.40704494654583
1.48895,-2.41421239527702
1.4891,-2.42141144933164
1.48925,-2.42864229567366
1.4894,-2.43590512266316
1.48955,-2.44320012006886
1.4897,-2.45052747908074
1.48985,-2.45788739232281
1.49,-2.46528005386607
1.49015,-2.47270565924146
1.4903,-2.48016440545313
1.49045,-2.48765649099164
1.4906,-2.4951821158475
1.49075,-2.50274148152469
1.4909,-2.51033479105443
1.49105,-2.51796224900903
1.4912,-2.52562406151593
1.49135,-2.53332043627181
1.4915,-2.54105158255691
1.49165,-2.54881771124956
1.4918,-2.5566190348407
1.49195,-2.56445576744867
1.4921,-2.57232812483416
1.49225,-2.58023632441521
1.4924,-2.58818058528253
1.49255,-2.59616112821482
1.4927,-2.60417817569437
1.49285,-2.61223195192276
1.493,-2.62032268283672
1.49315,-2.62845059612421
1.4933,-2.63661592124067
1.49345,-2.64481888942533
1.4936,-2.65305973371786
1.49375,-2.66133868897503
1.4939,-2.66965599188774
1.49405,-2.67801188099798
1.4942,-2.68640659671626
1.49435,-2.69484038133894
1.4945,-2.703313479066
1.49465,-2.71182613601876
1.4948,-2.72037860025802
1.49495,-2.72897112180223
1.4951,-2.7376039526459
1.49525,-2.74627734677827
1.4954,-2.75499156020204
1.49555,-2.76374685095246
1.4957,-2.77254347911656
1.49585,-2.78138170685249
1.496,-2.79026179840928
1.49615,-2.79918402014656
1.4963,-2.80814864055476
1.49645,-2.8171559302753
1.4966,-2.82620616212109
1.49675,-2.83529961109734
1.4969,-2.84443655442238
1.49705,-2.85361727154894
1.4972,-2.86284204418552
1.49735,-2.87211115631804
1.4975,-2.88142489423167
1.49765,-2.89078354653297
1.4978,-2.90018740417227
1.49795,-2.90963676046624
1.4981,-2.91913191112073
1.49825,-2.92867315425387
1.4984,-2.93826079041942
1.49855,-2.94789512263036
1.4987,-2.95757645638279
1.49885,-2.96730509968
1.499,-2.9770813630569
1.49915,-2.98690555960469
1.4993,-2.99677800499571
1.49945,-3.00669901750872
1.4996,-3.01666891805438
1.49975,-3.02668803020097
1.4999,-3.03675668020051
1.50005,-3.04687519701497
1.5002,-3.05704391234306
1.50035,-3.06726316064703
1.5005,-3.07753327917996
1.50065,-3.08785460801327
1.5008,-3.09822749006451
1.50095,-3.1086522711256
1.5011,-3.11912929989118
1.50125,-3.12965892798745
1.5014,-3.14024151000128
1.50155,-3.15087740350952
1.5017,-3.16156696910888
1.50185,-3.17231057044596
1.502,-3.18310857424766
1.50215,-3.19396135035194
1.5023,-3.20486927173896
1.50245,-3.21583271456249
1.5026,-3.22685205818178
1.50275,-3.23792768519365
1.5029,-3.24905998146511
1.50305,-3.26024933616622
1.5032,-3.27149614180329
1.50335,-3.28280079425268
1.5035,-3.29416369279468
1.50365,-3.30558524014802
1.5038,-3.31706584250463
1.50395,-3.32860590956484
1.5041,-3.34020585457299
1.50425,-3.35186609435343
1.5044,-3.36358704934694
1.50455,-3.37536914364755
1.5047,-3.38721280503976
1.50485,-3.39911846503627
1.505,-3.41108655891605
1.50515,-3.42311752576287
1.5053,-3.43521180850434
1.50545,-3.4473698539512
1.5056,-3.45959211283738
1.50575,-3.47187903986019
1.5059,-3.48423109372121
1.50605,-3.4966487371675
1.5062,-3.50913243703335
1.50635,-3.52168266428257
1.5065,-3.53429989405113
1.50665,-3.54698460569037
1.5068,-3.55973728281075
1.50695,-3.57255841332604
1.5071,-3.58544848949796
1.50725,-3.59840800798156
1.5074,-3.61143746987088
1.50755,-3.62453738074529
1.5077,-3.63770825071629
1.50785,-3.65095059447488
1.508,-3.66426493133955
1.50815,-3.67765178530469
1.5083,-3.69111168508967
1.50845,-3.70464516418851
1.5086,-3.71825276091994
1.50875,-3.73193501847834
1.5089,-3.74569248498509
1.50905,-3.75952571354047
1.5092,-3.77343526227634
1.50935,-3.78742169440929
1.5095,-3.80148557829453
1.50965,-3.81562748748032
1.5098,-3.82984800076307
1.50995,-3.84414770224315
1.5101,-3.8585271813812
1.51025,-3.87298703305532
1.5104,-3.88752785761876
1.51055,-3.90215026095837
1.5107,-3.9168548545537
1.51085,-3.93164225553687
1.511,-3.94651308675302
1.51115,-3.9614679768217
1.5113,-3.97650756019869
1.51145,-3.99163247723883
1.5116,-4.00684337425941
1.51175,-4.0221409036044
1.5119,-4.03752572370945
1.51205,-4.05299849916763
1.5122,-4.06855990079595
1.51235,-4.08421060570273
1.5125,-4.09995129735566
1.51265,-4.11578266565084
1.5128,-4.13170540698251
1.51295,-4.14772022431365
1.5131,-4.16382782724752
1.51325,-4.1800289320998
1.5134,-4.19632426197201
1.51355,-4.21271454682538
1.5137,-4.22920052355592
1.51385,-4.24578293607026
1.514,-4.26246253536233
1.51415,-4.27924007959124
1.5143,-4.29611633415976
1.51445,-4.31309207179399
1.5146,-4.33016807262393
1.51475,-4.34734512426491
1.5149,-4.36462402190023
1.51505,-4.38200556836462
1.5152,-4.39949057422877
1.51535,-4.41707985788492
1.5155,-4.43477424563345
1.51565,-4.45257457177049
1.5158,-4.47048167867672
1.51595,-4.48849641690719
1.5161,-4.50661964528214
1.51625,-4.52485223097908
1.5164,-4.54319504962589
1.51655,-4.56164898539515
1.5167,-4.58021493109958
1.51685,-4.59889378828858
1.517,-4.61768646734614
1.51715,-4.63659388758968
1.5173,-4.65561697737041
1.51745,-4.67475667417471
1.5176,-4.69401392472686
1.51775,-4.713389685093
1.5179,-4.73288492078626
1.51805,-4.75250060687356
1.5182,-4.77223772808324
1.51835,-4.79209727891436
1.5185,-4.81208026374732
1.51865,-4.83218769695558
1.5188,-4.85242060301921
1.51895,-4.87278001663947
1.5191,-4.89326698285501
1.51925,-4.91388255715941
1.5194,-4.93462780562033
1.51955,-4.95550380499989
1.5197,-4.9765116428769
1.51985,-4.99765241777033
1.52,-5.01892723926439
1.52015,-5.04033722813529
1.5203,-5.06188351647937
1.52045,-5.08356724784311
1.5206,-5.10538957735457
1.52075,-5.12735167185645
1.5209,-5.14945471004107
1.52105,-5.17169988258664
1.5212,-5.19408839229571
1.52135,-5.21662145423501
1.5215,-5.23930029587716
1.52165,-5.26212615724428
1.5218,-5.28510029105311
1.52195,-5.30822396286235
1.5221,-5.33149845122157
1.52225,-5.35492504782207
1.5224,-5.37850505764976
1.52255,-5.4022397991397
1.5227,-5.42613060433297
1.52285,-5.4501788190352
1.523,-5.47438580297729
1.52315,-5.49875292997804
1.5233,-5.52328158810899
1.52345,-5.54797317986111
1.5236,-5.57282912231396
1.52375,-5.59785084730656
1.5239,-5.62303980161084
1.52405,-5.64839744710699
1.5242,-5.67392526096108
1.52435,-5.69962473580511
1.5245,-5.72549737991918
1.52465,-5.75154471741594
1.5248,-5.77776828842755
1.52495,-5.80416964929471
1.5251,-5.83075037275846
1.52525,-5.85751204815412
1.5254,-5.88445628160778
1.52555,-5.91158469623529
1.5257,-5.93889893234357
1.52585,-5.96640064763492
1.526,-5.99409151741335
1.52615,-6.02197323479385
1.5263,-6.05004751091426
1.52645,-6.07831607514952
1.5266,-6.10678067532909
1.52675,-6.13544307795665
1.5269,-6.16430506843275
1.52705,-6.19336845128024
1.5272,-6.22263505037227
1.52735,-6.25210670916353
1.5275,-6.281785290924
1.52765,-6.31167267897573
1.5278,-6.34177077693244
1.52795,-6.37208150894223
1.5281,-6.40260681993292
1.52825,-6.43334867586089
1.5284,-6.46430906396235
1.52855,-6.4954899930081
1.5287,-6.52689349356108
1.52885,-6.55852161823701
1.529,-6.59037644196839
1.52915,-6.62246006227118
1.5293,-6.65477459951502
1.52945,-6.6873221971963
1.5296,-6.72010502221436
1.52975,-6.75312526515132
1.5299,-6.78638514055444
1.53005,-6.8198868872221
1.5302,-6.85363276849284
1.53035,-6.88762507253743
1.5305,-6.92186611265442
1.53065,-6.95635822756865
1.5308,-6.99110378173296
1.53095,-7.02610516563316
1.5311,-7.06136479609582
1.53125,-7.09688511659979
1.5314,-7.13266859759015
1.53155,-7.16871773679554
1.5317,-7.20503505954861
1.53185,-7.2416231191092
1.532,-7.2784844969905
1.53215,-7.31562180328839
1.5323,-7.35303767701319
1.53245,-7.39073478642431
1.5326,-7.42871582936771
1.53275,-7.46698353361554
1.5329,-7.50554065720884
1.53305,-7.54438998880211
1.5332,-7.58353434801028
1.53335,-7.6229765857579
1.5335,-7.6627195846301
1.53365,-7.70276625922563
1.5338,-7.74311955651134
1.53395,-7.78378245617814
1.5341,-7.82475797099829
1.53425,-7.86604914718352
1.5344,-7.90765906474424
1.53455,-7.94959083784901
1.5347,-7.99184761518431
1.53485,-8.03443258031433
1.535,-8.07734895204004
1.53515,-8.120599984758
1.5353,-8.16418896881748
1.53545,-8.20811923087637
1.5356,-8.25239413425481
1.53575,-8.29701707928644
1.5359,-8.34199150366635
1.53605,-8.38732088279592
1.5362,-8.43300873012284
1.53635,-8.4790585974765
1.5365,-8.52547407539798
1.53665,-8.57225879346306
1.5368,-8.61941642059893
1.53695,-8.66695066539207
1.5371,-8.71486527638768
1.53725,-8.76316404237881
1.5374,-8.81185079268439
1.53755,-8.86092939741539
1.5377,-8.91040376772722
1.53785,-8.96027785605728
1.538,-9.01055565634655
1.53815,-9.06124120424295
1.5383,-9.11233857728607
1.53845,-9.16385189506995
1.5386,-9.21578531938332
1.53875,-9.26814305432472
1.5389,-9.32092934639017
1.53905,-9.37414848453184
1.5392,-9.42780480018432
1.53935,-9.48190266725652
1.5395,-9.53644650208618
1.53965,-9.59144076335347
1.5398,-9.64688995195188
1.53995,-9.70279861081093
1.5401,-9.75917132466874
1.54025,-9.81601271978938
1.5404,-9.8733274636217
1.54055,-9.93112026439376
1.5407,-9.98939587063996
1.54085,-10.0481590706535
1.541,-10.1074146918607
1.54115,-10.1671676001092
1.5413,-10.2274226988658
1.54145,-10.2881849283153
1.5416,-10.3494592643546
1.54175,-10.411250717473
1.5419,-10.4735643315115
1.54205,-10.5364051822914
1.5422,-10.5997783761034
1.54235,-10.6636890480465
1.5425,-10.7281423602063
1.54265,-10.7931434996607
1.5428,-10.8586976763009
1.54295,-10.9248101204549
1.5431,-10.9914860802977
1.54325,-11.0587308190353
1.5434,-11.1265496118446
1.54355,-11.1949477425524
1.5437,-11.2639305000357
1.54385,-11.3335031743226
1.544,-11.4036710523726
1.54415,-11.4744394135149
1.5443,-11.5458135245195
1.54445,-11.6177986342753
1.5446,-11.6903999680492
1.54475,-11.7636227212943
1.5449,-11.8374720529778
1.54505,-11.9119530783951
1.5452,-11.9870708614322
1.54535,-12.0628304062414
1.5455,-12.1392366482865
1.54565,-12.2162944447165
1.5458,-12.2940085640192
1.54595,-12.3723836749079
1.5461,-12.4514243343861
1.54625,-12.5311349749355
1.5464,-12.6115198907675
1.54655,-12.6925832230742
1.5467,-12.7743289442113
1.54685,-12.8567608407426
1.547,-12.9398824952666
1.54715,-13.0236972669481
1.5473,-13.1082082706653
1.54745,-13.1934183546838
1.5476,-13.2793300767606
1.54775,-13.3659456785747
1.5479,-13.4532670583782
1.54805,-13.5412957417537
1.5482,-13.6300328503582
1.54835,-13.7194790685272
1.5485,-13.8096346076071
1.54865,-13.9004991678778
1.5488,-13.9920718979183
1.54895,-14.0843513512675
1.5491,-14.1773354402189
1.54925,-14.2710213865898
1.5494,-14.3654056692928
1.54955,-14.4604839685382
1.5497,-14.5562511064887
1.54985,-14.6527009841847
1.55,-14.749826514556
1.55015,-14.8476195513373
1.5503,-14.9460708136988
1.55045,-15.0451698064174
1.5506,-15.1449047354026
1.55075,-15.245262418417
1.5509,-15.3462281908268
1.55105,-15.4477858062417
1.5512,-15.5499173319205
1.55135,-15.6526030388388
1.5515,-15.7558212863539
1.55165,-15.8595484014269
1.5518,-15.9637585524194
1.55195,-16.0684236175247
1.5521,-16.1735130479569
1.55225,-16.2789937261036
1.5524,-16.3848298189158
1.55255,-16.4909826269245
1.5527,-16.5974104293703
1.55285,-16.7040683260647
1.553,-16.8109080767487
1.55315,-16.9178779388643
1.5533,-17.0249225048432
1.55345,-17.1319825402066
1.5536,-17.238994823982
1.55375,-17.3458919931897
1.5539,-17.452602393382
1.55405,-17.559049937502
1.5542,-17.6651539755986
1.55435,-17.7708291782221
1.5545,-17.8759854366303
1.55465,-17.9805277832111
1.5548,-18.0843563358314
1.55495,-18.1873662700753
1.5551,-18.2894478235841
1.55525,-18.3904863369099
1.5554,-18.4903623354321
1.55555,-18.5889516569753
1.5557,-18.686125629744
1.55585,-18.7817513050834
1.556,-18.875691749329
1.55615,-18.9678063986355
1.5563,-19.0579514801406
1.55645,-19.1459805021058
1.5566,-19.2317448148028
1.55675,-19.3150942428332
1.5569,-19.3958777883135
1.55705,-19.4739444029358
1.5572,-19.5491438253139
1.55735,-19.6213274783199
1.5575,-19.6903494193064
1.55765,-19.7560673342584
1.5578,-19.8183435651058
1.55795,-19.8770461576686
1.5581,-19.9320499161437
1.55825,-19.9832374486821
1.5584,-20.0305001875794
1.55855,-20.0737393669485
1.5587,-20.1128669405248
1.55885,-20.1478064225377
1.559,-20.1784936353628
1.55915,-20.2048773489755
1.5593,-20.2269197990362
1.55945,-20.2445970726929
1.5596,-20.2578993538391
1.55975,-20.2668310225141
1.5599,-20.2714106062795
1.56005,-20.271670584629
1.5602,-20.267657050681
1.56035,-20.2594292374282
1.5605,-20.247058918585
1.56065,-20.2306296964758
1.5608,-20.2102361913748
1.56095,-20.1859831481906
1.5611,-20.1579844773526
1.56125,-20.1263622472084
1.5614,-20.0912456451892
1.56155,-20.0527699244946
1.5617,-20.0110753521363
1.56185,-19.9663061729342
1.562,-19.9186096025491
1.56215,-19.8681348609433
1.5623,-19.815032255852
1.56245,-19.7594523240067
1.5626,-19.7015450360213
1.56275,-19.6414590691031
1.5629,-19.5793411501159
1.56305,-19.515335470031
1.5632,-19.449583169492
1.56335,-19.3822218940727
1.5635,-19.3133854168713
1.56365,-19.2432033253048
1.5638,-19.1718007683834
1.56395,-19.0992982603131
1.5641,-19.0258115359842
1.56425,-18.9514514537576
1.5644,-18.8763239409062
1.56455,-18.8005299771227
1.5647,-18.7241656116286
1.56485,-18.6473220095965
1.565,-18.5700855238345
1.56515,-18.4925377879335
1.5653,-18.4147558273637
1.56545,-18.3368121852976
1.5656,-18.2587750602277
1.56575,-18.1807084527459
1.5659,-18.1026723191261
1.56605,-18.024722729629
1.5662,-17.9469120297025
1.56635,-17.8692890024858
1.5665,-17.7918990312542
1.56665,-17.7147842606364
1.5668,-17.6379837556258
1.56695,-17.5615336575709
1.5671,-17.4854673364782
1.56725,-17.4098155390957
1.5674,-17.3346065323576
1.56755,-17.2598662418761
1.5677,-17.1856183852562
1.56785,-17.1118846000797
1.568,-17.0386845664788
1.56815,-16.9660361242699
1.5683,-16.8939553846652
1.56845,-16.8224568366244
1.5686,-16.7515534479323
1.56875,-16.6812567611234
1.5689,-16.6115769843879
1.56905,-16.542523077613
1.5692,-16.4741028337283
1.56935,-16.406322955525
1.5695,-16.3391891281336
1.56965,-16.2727060873409
1.5698,-16.2068776839318
1.56995,-16.141706944242
1.5701,-16.0771961271002
1.57025,-16.0133467773443
1.5704,-15.9501597760818
1.57055,-15.887635387868
1.5707,-15.8257733049675
1.57085,-15.764572688856
1.571,-15.7040322091188
1.57115,-15.6441500798903
1.5713,-15.5849240939793
1.57145,-15.5263516548098
1.5716,-15.4684298063093
1.57175,-15.4111552608661
1.5719,-15.3545244254684
1.57205,-15.2985334261399
1.5722,-15.2431781307711
1.57235,-15.1884541704478
1.5725,-15.1343569593693
1.57265,-15.080881713442
1.5728,-15.0280234676346
1.57295,-14.9757770921694
1.5731,-14.924137307625
1.57325,-14.8730986990203
1.5734,-14.8226557289419
1.57355,-14.7728027497787
1.5737,-14.7235340151207
1.57385,-14.674843690373
1.574,-14.6267258626406
1.57415,-14.5791745499262
1.5743,-14.5321837096899
1.57445,-14.4857472468093
1.5746,-14.4398590209803
1.57475,-14.3945128535968
1.5749,-14.3497025341399
1.57505,-14.3054218261132
1.5752,-14.2616644725513
1.57535,-14.2184242011297
1.5755,-14.1756947289051
1.57565,-14.1334697667078
1.5758,-14.0917430232118
1.57595,-14.0505082087017
1.5761,-14.0097590385598
1.57625,-13.9694892364899
1.5764,-13.9296925374955
1.57655,-13.8903626906323
1.5767,-13.8514934615458
1.57685,-13.8130786348115
1.577,-13.7751120160921
1.57715,-13.7375874341204
1.5773,-13.7004987425257
1.57745,-13.6638398215082
1.5776,-13.6276045793777
1.57775,-13.5917869539628
1.5779,-13.5563809139004
1.57805,-13.5213804598153
1.5782,-13.4867796253963
1.57835,-13.4525724783768
1.5785,-13.4187531214273
1.57865,-13.3853156929654
1.5788,-13.3522543678908
1.57895,-13.3195633582495
1.5791,-13.2872369138324
1.57925,-13.2552693227163
1.5794,-13.2236549117466
1.57955,-13.1923880469719
1.5797,-13.1614631340297
1.57985,-13.1308746184902
1.58,-13.1006169861599
1.58015,-13.0706847633491
1.5803,-13.0410725171067
1.58045,-13.0117748554237
1.5806,-12.9827864274099
1.58075,-12.9541019234453
1.5809,-12.9257160753081
1.58105,-12.8976236562828
1.5812,-12.869819481249
1.58135,-12.842298406754
1.5815,-12.8150553310698
1.58165,-12.788085194237
1.5818,-12.7613829780969
1.58195,-12.7349437063122
1.5821,-12.7087624443797
1.58225,-12.6828342996343
1.5824,-12.6571544212452
1.58255,-12.6317180002083
1.5827,-12.6065202693307
1.58285,-12.5815565032141
1.583,-12.556822018232
1.58315,-12.5323121725064
1.5833,-12.5080223658813
1.58345,-12.4839480398948
1.5836,-12.4600846777514
1.58375,-12.4364278042926
1.5839,-12.4129729859682
1.58405,-12.3897158308083
1.5842,-12.3666519883954
1.58435,-12.3437771498385
1.5845,-12.3210870477478
1.58465,-12.2985774562113
1.5848,-12.2762441907735
1.58495,-12.2540831084158
1.5851,-12.2320901075386
1.58525,-12.2102611279469
1.5854,-12.1885921508365
1.58555,-12.1670791987842
1.5857,-12.1457183357388
1.58585,-12.1245056670161
1.586,-12.1034373392949
1.58615,-12.0825095406161
1.5863,-12.061718500384
1.58645,-12.041060489369
1.5866,-12.0205318197141
1.58675,-12.0001288449418
1.5869,-11.9798479599633
1.58705,-11.9596856010901
1.5872,-11.9396382460465
1.58735,-11.9197024139837
1.5875,-11.8998746654957
1.58765,-11.8801516026352
1.5878,-11.8605298689318
1.58795,-11.8410061494098
1.5881,-11.821577170607
1.58825,-11.8022397005938
1.5884,-11.7829905489922
1.58855,-11.763826566995
1.5887,-11.7447446473842
1.58885,-11.7257417245491
1.589,-11.7068147745035
1.58915,-11.6879608149017
1.5893,-11.6691769050535
1.58945,-11.6504601459371
1.5896,-11.6318076802111
1.58975,-11.613216692223
1.5899,-11.5946844080174
1.59005,-11.5762080953394
1.5902,-11.557785063637
1.59035,-11.53941266406
1.5905,-11.5210882894548
1.59065,-11.5028093743566
1.5908,-11.4845733949779
1.59095,-11.4663778691922
1.5911,-11.4482203565144
1.59125,-11.4300984580756
1.5914,-11.4120098165949
1.59155,-11.3939521163448
1.5917,-11.375923083112
1.59185,-11.3579204841531
1.592,-11.3399421281447
1.59215,-11.3219858651277
1.5923,-11.3040495864455
1.59245,-11.2861312246767
1.5926,-11.2682287535609
1.59275,-11.2503401879185
1.5929,-11.2324635835639
1.59305,-11.2145970372114
1.5932,-11.1967386863752
1.59335,-11.1788867092616
1.5935,-11.161039324654
1.59365,-11.1431947917913
1.5938,-11.1253514102385
1.59395,-11.1075075197495
1.5941,-11.0896615001229
1.59425,-11.07181177105
1.5944,-11.0539567919546
1.59455,-11.0360950618259
1.5947,-11.0182251190422
1.59485,-11.0003455411883
1.595,-10.9824549448635
1.59515,-10.964551985483
1.5953,-10.9466353570697
1.59545,-10.9287037920396
1.5956,-10.9107560609782
1.59575,-10.8927909724092
1.5959,-10.8748073725555
1.59605,-10.8568041450915
1.5962,-10.838780210889
1.59635,-10.8207345277532
1.5965,-10.8026660901527
1.59665,-10.784573928941
1.5968,-10.7664571110701
1.59695,-10.7483147392975
1.5971,-10.7301459518846
1.59725,-10.7119499222885
1.5974,-10.6937258588465
1.59755,-10.675473004453
1.5977,-10.6571906362296
1.59785,-10.638878065189
1.598,-10.6205346358908
1.59815,-10.602159726092
1.5983,-10.5837527463904
1.59845,-10.5653131398619
1.5986,-10.5468403816918
1.59875,-10.5283339787996
1.5989,-10.509793469459
1.59905,-10.4912184229114
1.5992,-10.472608438975
1.59935,-10.4539631476474
1.5995,-10.4352822087047
1.59965,-10.4165653112945
1.5998,-10.3978121735251
1.59995,-10.3790225420504
1.6001,-10.36019619165
1.60025,-10.3413329248059
1.6004,-10.3224325712755
1.60055,-10.3034949876603
1.6007,-10.284520056973
1.60085,-10.2655076881996
1.601,-10.2464578158601
1.60115,-10.2273703995658
1.6013,-10.2082454235748
1.60145,-10.189082896345
1.6016,-10.1698828500854
1.60175,-10.1506453403055
1.6019,-10.1313704453635
1.60205,-10.1120582660133
1.6022,-10.0927089249501
1.60235,-10.073322566356
1.6025,-10.0538993554442
1.60265,-10.0344394780034
1.6028,-10.0149431399423
1.60295,-9.99541056683356
1.6031,-9.97584200345896
1.60325,-9.95623771335413
1.6034,-9.93659797835514
1.60355,-9.91692309814513
1.6037,-9.89721338980279
1.60385,-9.87746918735197
1.604,-9.85769084131263
1.60415,-9.8378787182543
1.6043,-9.81803320035067
1.60445,-9.79815468493701
1.6046,-9.77824358406947
1.60475,-9.75830032408737
1.6049,-9.73832534517774
1.60505,-9.71831910094296
1.6052,-9.69828205797153
1.60535,-9.67821469541173
1.6055,-9.65811750454906
1.60565,-9.63799098838681
1.6058,-9.61783566123034
1.60595,-9.59765204827545
1.6061,-9.57744068520015
1.60625,-9.55720211776115
1.6064,-9.5369369013939
1.60655,-9.51664560081719
1.6067,-9.49632878964243
1.60685,-9.47598704998681
1.607,-9.45562097209182
1.60715,-9.43523115394601
1.6073,-9.41481820091253
1.60745,-9.39438272536214
1.6076,-9.37392534631041
1.60775,-9.35344668906069
1.6079,-9.33294738485193
1.60805,-9.31242807051139
1.6082,-9.29188938811345
1.60835,-9.27133198464274
1.6085,-9.25075651166357
1.60865,-9.23016362499419
1.6088,-9.20955398438662
1.60895,-9.18892825321242
1.6091,-9.16828709815323
1.60925,-9.14763118889775
1.6094,-9.12696119784376
1.60955,-9.10627779980571
1.6097,-9.08558167172854
1.60985,-9.06487349240632
1.61,-9.0441539422074
1.61015,-9.02342370280463
1.6103,-9.0026834569113
1.61045,-8.9819338880232
1.6106,-8.96117568016558
1.61075,-8.94040951764666
1.6109,-8.9196360848159
1.61105,-8.89885606582839
1.6112,-8.87807014441487
1.61135,-8.85727900365683
1.6115,-8.83648332576776
1.61165,-8.81568379187961
1.6118,-8.79488108183447
1.61195,-8.77407587398233
1.6121,-8.75326884498358
1.61225,-8.73246066961738
1.6124,-8.71165202059508
1.61255,-8.69084356837884
1.6127,-8.67003598100594
1.61285,-8.64922992391748
1.613,-8.62842605979325
1.61315,-8.60762504839049
1.6133,-8.58682754638881
1.61345,-8.56603420723926
1.6136,-8.54524568101853
1.61375,-8.52446261428834
1.6139,-8.50368564995895
1.61405,-8.48291542715817
1.6142,-8.46215258110437
1.61435,-8.44139774298431
1.6145,-8.42065153983579
1.61465,-8.39991459443418
1.6148,-8.37918752518401
1.61495,-8.35847094601432
1.6151,-8.33776546627846
1.61525,-8.31707169065843
1.6154,-8.29639021907262
1.61555,-8.2757216465883
1.6157,-8.2550665633378
1.61585,-8.23442555443835
1.616,-8.21379919991631
1.61615,-8.19318807463455
1.6163,-8.17259274822419
1.61645,-8.15201378501941
1.6166,-8.13145174399592
1.61675,-8.11090717871324
1.6169,-8.09038063725991
1.61705,-8.06987266220253
1.6172,-8.04938379053771
1.61735,-8.02891455364717
1.6175,-8.00846547725648
1.61765,-7.98803708139608
1.6178,-7.9676298803661
1.61795,-7.94724438270347
1.6181,-7.92688109115216
1.61825,-7.90654050263623
1.6184,-7.88622310823542
1.61855,-7.86592939316361
1.6187,-7.84565983674966
1.61885,-7.82541491242084
1.619,-7.80519508768877
1.61915,-7.78500082413762
1.6193,-7.76483257741479
1.61945,-7.74469079722378
1.6196,-7.72457592731901
1.61975,-7.70448840550335
1.6199,-7.68442866362703
1.62005,-7.66439712758919
1.6202,-7.64439421734106
1.62035,-7.62442034689081
1.6205,-7.60447592431094
1.62065,-7.58456135174667
1.6208,-7.56467702542667
1.62095,-7.54482333567495
1.6211,-7.52500066692487
1.62125,-7.50520939773445
1.6214,-7.48544990080291
1.62155,-7.4657225429894
1.6217,-7.44602768533235
1.62185,-7.42636568307087
1.622,-7.40673688566696
1.62215,-7.38714163682907
1.6223,-7.36758027453727
1.62245,-7.34805313106901
1.6226,-7.32856053302647
1.62275,-7.30910280136491
1.6229,-7.28968025142156
1.62305,-7.2702931929465
1.6232,-7.25094193013341
1.62335,-7.23162676165204
1.6235,-7.21234798068127
1.62365,-7.19310587494274
1.6238,-7.17390072673586
1.62395,-7.15473281297298
1.6241,-7.13560240521583
1.62425,-7.11650976971225
1.6244,-7.09745516743359
1.62455,-7.07843885411322
1.6247,-7.05946108028482
1.62485,-7.04052209132209
1.625,-7.02162212747834
1.62515,-7.00276142392673
1.6253,-6.98394021080141
1.62545,-6.96515871323827
1.6256,-6.94641715141697
1.62575,-6.92771574060278
1.6259,-6.90905469118883
1.62605,-6.89043420873909
1.6262,-6.87185449403105
1.62635,-6.85331574309923
1.6265,-6.83481814727865
1.62665,-6.81636189324841
1.6268,-6.79794716307596
1.62695,-6.77957413426094
1.6271,-6.76124297977977
1.62725,-6.74295386812996
1.6274,-6.72470696337458
1.62755,-6.7065024251873
1.6277,-6.68834040889675
1.62785,-6.67022106553168
1.628,-6.65214454186568
1.62815,-6.63411098046212
1.6283,-6.61612051971922
1.62845,-6.5981732939147
1.6286,-6.58026943325104
1.62875,-6.5624090639002
1.6289,-6.54459230804837
1.62905,-6.52681928394101
1.6292,-6.5090901059273
1.62935,-6.491404884505
1.6295,-6.47376372636474
1.62965,-6.45616673443469
1.6298,-6.43861400792473
1.62995,-6.42110564237052
1.6301,-6.40364172967777
1.63025,-6.38622235816583
1.6304,-6.36884761261162
1.63055,-6.35151757429308
1.6307,-6.3342323210324
1.63085,-6.31699192723942
1.631,-6.29979646395432
1.63115,-6.28264599889059
1.6313,-6.26554059647747
1.63145,-6.24848031790217
1.6316,-6.23146522115217
1.63175,-6.21449536105679
1.6319,-6.19757078932906
1.63205,-6.18069155460691
1.6322,-6.16385770249426
1.63235,-6.14706927560197
1.6325,-6.13032631358825
1.63265,-6.11362885319914
1.6328,-6.09697692830846
1.63295,-6.0803705699574
1.6331,-6.06380980639435
1.63325,-6.04729466311366
1.6334,-6.0308251628948
1.63355,-6.01440132584094
1.6337,-5.99802316941703
1.63385,-5.98169070848806
1.634,-5.96540395535657
1.63415,-5.94916291980007
1.6343,-5.93296760910825
1.63445,-5.91681802811947
1.6346,-5.90071417925754
1.63475,-5.88465606256755
1.6349,-5.86864367575194
1.63505,-5.85267701420591
1.6352,-5.83675607105249
1.63535,-5.82088083717768
1.6355,-5.80505130126471
1.63565,-5.78926744982846
1.6358,-5.77352926724938
1.63595,-5.75783673580682
1.6361,-5.74218983571267
1.63625,-5.7265885451439
1.6364,-5.71103284027552
1.63655,-5.69552269531272
1.6367,-5.6800580825227
1.63685,-5.66463897226664
1.637,-5.64926533303067
1.63715,-5.63393713145714
1.6373,-5.61865433237524
1.63745,-5.60341689883115
1.6376,-5.5882247921184
1.63775,-5.57307797180734
1.6379,-5.5579763957747
1.63805,-5.54292002023251
1.6382,-5.52790879975703
1.63835,-5.51294268731712
1.6385,-5.49802163430233
1.63865,-5.48314559055084
1.6388,-5.46831450437682
1.63895,-5.45352832259776
1.6391,-5.43878699056137
1.63925,-5.42409045217197
1.6394,-5.40943864991703
1.63955,-5.39483152489292
1.6397,-5.38026901683074
1.63985,-5.36575106412166
1.64,-5.35127760384181
1.64015,-5.33684857177739
1.6403,-5.32246390244879
1.64045,-5.30812352913502
1.6406,-5.29382738389761
1.64075,-5.2795753976039
1.6409,-5.26536749995083
1.64105,-5.25120361948752
1.6412,-5.23708368363835
1.64135,-5.22300761872522
1.6415,-5.2089753499898
1.64165,-5.19498680161548
1.6418,-5.18104189674886
1.64195,-5.1671405575213
1.6421,-5.15328270506991
1.64225,-5.13946825955825
1.6424,-5.12569714019714
1.64255,-5.11196926526465
1.6427,-5.09828455212639
1.64285,-5.08464291725512
1.643,-5.07104427625025
1.64315,-5.05748854385719
1.6433,-5.04397563398619
1.64345,-5.03050545973127
1.6436,-5.01707793338861
1.64375,-5.00369296647473
1.6439,-4.99035046974469
1.64405,-4.97705035320962
1.6442,-4.96379252615443
1.64435,-4.95057689715509
1.6445,-4.93740337409544
1.64465,-4.92427186418437
1.6448,-4.91118227397205
1.64495,-4.89813450936659
1.6451,-4.88512847565
1.64525,-4.87216407749407
1.6454,-4.85924121897625
1.64555,-4.84635980359484
1.6457,-4.83351973428452
1.64585,-4.82072091343117
1.646,-4.80796324288681
1.64615,-4.79524662398422
1.6463,-4.78257095755121
1.64645,-4.76993614392502
1.6466,-4.75734208296608
1.64675,-4.74478867407204
1.6469,-4.73227581619124
1.64705,-4.71980340783603
1.6472,-4.70737134709618
1.64735,-4.69497953165165
1.6475,-4.68262785878561
1.64765,-4.67031622539701
1.6478,-4.65804452801285
1.64795,-4.64581266280077
1.6481,-4.63362052558082
1.64825,-4.6214680118375
1.6484,-4.6093550167315
1.64855,-4.59728143511116
1.6487,-4.58524716152387
1.64885,-4.57325209022726
1.649,-4.56129611520029
1.64915,-4.54937913015402
1.6493,-4.5375010285423
1.64945,-4.52566170357239
1.6496,-4.5138610482152
1.64975,-4.50209895521563
1.6499,-4.49037531710252
1.65005,-4.47869002619854
1.6502,-4.46704297462998
1.65035,-4.45543405433628
1.6505,-4.44386315707954
1.65065,-4.43233017445371
1.6508,-4.42083499789374
1.65095,-4.4093775186847
1.6511,-4.39795762797038
1.65125,-4.38657521676227
1.6514,-4.37523017594794
1.65155,-4.3639223962995
1.6517,-4.352651768482
1.65185,-4.34141818306137
1.652,-4.33022153051269
1.65215,-4.31906170122795
1.6523,-4.30793858552374
1.65245,-4.29685207364909
1.6526,-4.28580205579274
1.65275,-4.27478842209075
1.6529,-4.26381106263361
1.65305,-4.25286986747338
1.6532,-4.2419647266308
1.65335,-4.23109553010209
1.6535,-4.22026216786583
1.65365,-4.20946452988954
1.6538,-4.19870250613624
1.65395,-4.187975986571
1.6541,-4.17728486116709
1.65425,-4.16662901991239
1.6544,-4.1560083528153
1.65455,-4.14542274991095
1.6547,-4.134872101267
1.65485,-4.12435629698934
1.655,-4.11387522722802
1.65515,-4.10342878218259
1.6553,-4.09301685210775
1.65545,-4.08263932731875
1.6556,-4.07229609819657
1.65575,-4.06198705519325
1.6559,-4.05171208883689
1.65605,-4.04147108973673
1.6562,-4.03126394858811
1.65635,-4.02109055617715
1.6565,-4.01095080338569
1.65665,-4.00084458119575
1.6568,-3.99077178069427
1.65695,-3.9807322930775
1.6571,-3.97072600965536
1.65725,-3.96075282185587
1.6574,-3.95081262122924
1.65755,-3.94090529945217
1.6577,-3.93103074833183
1.65785,-3.92118885980981
1.658,-3.91137952596617
1.65815,-3.90160263902311
1.6583,-3.89185809134889
1.65845,-3.88214577546144
1.6586,-3.87246558403193
1.65875,-3.8628174098884
1.6589,-3.85320114601915
1.65905,-3.84361668557622
1.6592,-3.83406392187867
1.65935,-3.82454274841581
1.6595,-3.81505305885048
1.65965,-3.80559474702208
1.6598,-3.79616770694971
1.65995,-3.78677183283518
1.6601,-3.7774070190658
1.66025,-3.76807316021745
1.6604,-3.75877015105721
1.66055,-3.74949788654624
1.6607,-3.74025626184245
1.66085,-3.731045172303
1.661,-3.72186451348706
1.66115,-3.71271418115815
1.6613,-3.70359407128674
1.66145,-3.69450408005259
1.6616,-3.68544410384702
1.66175,-3.67641403927539
1.6619,-3.66741378315909
1.66205,-3.65844323253796
1.6622,-3.64950228467233
1.66235,-3.64059083704502
1.6625,-3.6317087873635
1.66265,-3.62285603356181
1.6628,-3.61403247380254
1.66295,-3.60523800647861
1.6631,-3.59647253021527
1.66325,-3.58773594387179
1.6634,-3.57902814654316
1.66355,-3.57034903756193
1.6637,-3.56169851649974
1.66385,-3.55307648316903
1.664,-3.54448283762457
1.66415,-3.53591748016491
1.6643,-3.52738031133404
1.66445,-3.51887123192265
1.6646,-3.51039014296969
1.66475,-3.50193694576364
1.6649,-3.4935115418438
1.66505,-3.48511383300176
1.6652,-3.47674372128239
1.66535,-3.46840110898526
1.6655,-3.46008589866576
1.66565,-3.45179799313612
1.6658,-3.44353729546671
1.66595,-3.43530370898693
1.6661,-3.42709713728633
1.66625,-3.41891748421564
1.6664,-3.4107646538876
1.66655,-3.40263855067807
1.6667,-3.39453907922674
1.66685,-3.38646614443817
1.667,-3.37841965148251
1.66715,-3.37039950579633
1.6673,-3.36240561308344
1.66745,-3.35443787931553
1.6676,-3.34649621073301
1.66775,-3.33858051384563
1.6679,-3.3306906954331
1.66805,-3.3228266625458
1.6682,-3.31498832250531
1.66835,-3.307175582905
1.6685,-3.29938835161067
1.66865,-3.29162653676086
1.6688,-3.28389004676758
1.66895,-3.2761787903166
1.6691,-3.26849267636799
1.66925,-3.26083161415656
1.6694,-3.25319551319213
1.66955,-3.24558428326001
1.6697,-3.23799783442131
1.66985,-3.23043607701328
1.67,-3.22289892164963
1.67015,-3.21538627922072
1.6703,-3.20789806089394
1.67045,-3.20043417811383
1.6706,-3.19299454260241
1.67075,-3.18557906635925
1.6709,-3.17818766166177
1.67105,-3.17082024106533
1.6712,-3.16347671740331
1.67135,-3.15615700378734
1.6715,-3.14886101360731
1.67165,-3.14158866053149
1.6718,-3.13433985850659
1.67195,-3.12711452175773
1.6721,-3.1199125647886
1.67225,-3.11273390238128
1.6724,-3.10557844959642
1.67255,-3.09844612177309
1.6727,-3.09133683452878
1.67285,-3.08425050375931
1.673,-3.07718704563879
1.67315,-3.07014637661947
1.6733,-3.06312841343174
1.67345,-3.05613307308386
1.6736,-3.04916027286197
1.67375,-3.0422099303298
1.6739,-3.03528196332862
1.67405,-3.028376289977
1.6742,-3.02149282867059
1.67435,-3.01463149808202
1.6745,-3.00779221716053
1.67465,-3.00097490513185
1.6748,-2.99417948149793
1.67495,-2.98740586603663
1.6751,-2.98065397880153
1.67525,-2.97392374012156
1.6754,-2.96721507060078
1.67555,-2.96052789111803
1.6757,-2.95386212282662
1.67585,-2.94721768715401
1.676,-2.94059450580143
1.67615,-2.93399250074363
1.6763,-2.92741159422843
1.67645,-2.92085170877632
1.6766,-2.91431276718019
1.67675,-2.90779469250484
1.6769,-2.90129740808666
1.67705,-2.89482083753315
1.6772,-2.88836490472253
1.67735,-2.88192953380333
1.6775,-2.87551464919388
1.67765,-2.86912017558199
1.6778,-2.86274603792439
1.67795,-2.85639216144627
1.6781,-2.85005847164091
1.67825,-2.84374489426905
1.6784,-2.83745135535854
1.67855,-2.83117778120378
1.6787,-2.82492409836521
1.67885,-2.81869023366884
1.679,-2.81247611420569
1.67915,-2.80628166733133
1.6793,-2.80010682066524
1.67945,-2.79395150209044
1.6796,-2.78781563975277
1.67975,-2.78169916206046
1.6799,-2.77560199768353
1.68005,-2.76952407555323
1.6802,-2.76346532486147
1.68035,-2.75742567506028
1.6805,-2.75140505586119
1.68065,-2.74540339723467
1.6808,-2.73942062940949
1.68095,-2.73345668287224
1.6811,-2.7275114883666
1.68125,-2.7215849768928
1.6814,-2.71567707970703
1.68155,-2.70978772832077
1.6817,-2.7039168545002
1.68185,-2.69806439026561
1.682,-2.69223026789067
1.68215,-2.68641441990196
1.6823,-2.68061677907813
1.68245,-2.67483727844946
1.6826,-2.66907585129709
1.68275,-2.66333243115239
1.6829,-2.65760695179636
1.68305,-2.65189934725891
1.6832,-2.64620955181826
1.68335,-2.64053750000023
1.6835,-2.6348831265776
1.68365,-2.62924636656945
1.6838,-2.62362715524046
1.68395,-2.61802542810025
1.6841,-2.61244112090273
1.68425,-2.60687416964535
1.6844,-2.60132451056853
1.68455,-2.59579208015482
1.6847,-2.59027681512836
1.68485,-2.58477865245415
1.685,-2.57929752933725
1.68515,-2.57383338322226
1.6853,-2.56838615179248
1.68545,-2.5629557729693
1.6856,-2.55754218491145
1.68575,-2.55214532601432
1.6859,-2.54676513490925
1.68605,-2.54140155046281
1.6862,-2.53605451177612
1.68635,-2.53072395818413
1.6865,-2.52540982925487
1.68665,-2.52011206478883
1.6868,-2.51483060481813
1.68695,-2.50956538960591
1.6871,-2.50431635964554
1.68725,-2.49908345565992
1.6874,-2.49386661860081
1.68755,-2.48866578964802
1.6877,-2.48348091020878
1.68785,-2.47831192191696
1.688,-2.47315876663237
1.68815,-2.46802138644006
1.6883,-2.46289972364949
1.68845,-2.45779372079399
1.6886,-2.45270332062982
1.68875,-2.44762846613564
1.6889,-2.44256910051167
1.68905,-2.43752516717896
1.6892,-2.43249660977874
1.68935,-2.42748337217158
1.6895,-2.4224853984368
1.68965,-2.41750263287164
1.6898,-2.41253501999052
1.68995,-2.40758250452443
1.6901,-2.40264503142005
1.69025,-2.39772254583914
1.6904,-2.39281499315775
1.69055,-2.38792231896551
1.6907,-2.38304446906492
1.69085,-2.37818138947055
1.691,-2.37333302640841
1.69115,-2.36849932631517
1.6913,-2.36368023583741
1.69145,-2.35887570183097
1.6916,-2.35408567136011
1.69175,-2.34931009169688
1.6919,-2.34454891032038
1.69205,-2.33980207491599
1.6922,-2.33506953337467
1.69235,-2.33035123379224
1.6925,-2.32564712446865
1.69265,-2.32095715390728
1.6928,-2.31628127081414
1.69295,-2.31161942409728
1.6931,-2.30697156286592
1.69325,-2.30233763642983
1.6934,-2.29771759429861
1.69355,-2.29311138618087
1.6937,-2.28851896198367
1.69385,-2.28394027181165
1.694,-2.2793752659664
1.69415,-2.27482389494574
1.6943,-2.27028610944297
1.69445,-2.2657618603462
1.6946,-2.26125109873757
1.69475,-2.25675377589263
1.6949,-2.25226984327955
1.69505,-2.24779925255845
1.6952,-2.2433419555807
1.69535,-2.23889790438818
1.6955,-2.23446705121258
1.69565,-2.23004934847472
1.6958,-2.22564474878384
1.69595,-2.2212532049369
1.6961,-2.21687466991781
1.69625,-2.21250909689686
1.6964,-2.20815643922991
1.69655,-2.20381665045773
1.6967,-2.19948968430536
1.69685,-2.19517549468127
1.697,-2.19087403567687
1.69715,-2.18658526156559
1.6973,-2.18230912680242
1.69745,-2.17804558602303
1.6976,-2.1737945940432
1.69775,-2.16955610585809
1.6979,-2.16533007664154
1.69805,-2.16111646174543
1.6982,-2.15691521669898
1.69835,-2.15272629720804
1.6985,-2.14854965915447
1.69865,-2.14438525859541
1.6988,-2.14023305176263
1.69895,-2.13609299506187
1.6991,-2.13196504507211
1.69925,-2.12784915854498
1.6994,-2.12374529240404
1.69955,-2.11965340374412
1.6997,-2.11557344983066
1.69985,-2.11150538809904
1.7,-2.10744917615394
