"Freq [GHz]","dB(S(1,1)) []","dB(S(2,2)) []","dB(S(3,3)) []","dB(S(4,4)) []"
1,-0.0468941956706717,-0.04693190556046,-0.0467220530513745,-0.0468825282530957
1.00033333333333,-0.0469210041015312,-0.0469587833127919,-0.0467488284202728,-0.04690937681829
1.00066666666667,-0.0469478807844996,-0.0469857293915224,-0.0467756719225049,-0.0469362936844313
1.001,-0.0469748258686618,-0.047012743945916,-0.0468025837071372,-0.0469632790008202
1.00133333333333,-0.0470018395035593,-0.0470398271257139,-0.0468295639237123,-0.0469903329172407
1.00166666666667,-0.0470289218392245,-0.0470669790811279,-0.0468566127222499,-0.0470174555839495
1.002,-0.0470560730261539,-0.0470941999628497,-0.0468837302532407,-0.0470446471516799
1.00233333333333,-0.0470832932153305,-0.047121489922056,-0.0469109166676657,-0.0470719077716477
1.00266666666667,-0.0471105825582216,-0.0471488491103986,-0.0469381721169775,-0.0470992375955504
1.003,-0.0471379412067682,-0.0471762776800176,-0.0469654967531142,-0.0471266367755698
1.00333333333333,-0.047165369313397,-0.0472037757835325,-0.0469928907285034,-0.0471541054643654
1.00366666666667,-0.0471928670310297,-0.0472313435740543,-0.047020354196053,-0.0471816438150959
1.004,-0.0472204345130686,-0.0472589812051767,-0.0470478873091576,-0.0472092519813975
1.00433333333333,-0.0472480719133978,-0.0472866888309911,-0.0470754902217067,-0.0472369301173979
1.00466666666667,-0.047275779386408,-0.0473144666060711,-0.0471031630880765,-0.0472646783777249
1.005,-0.0473035570869729,-0.0473423146854881,-0.0471309060631374,-0.0472924969174879
1.00533333333333,-0.0473314051704581,-0.0473702332248146,-0.0471587193022541,-0.0473203858923003
1.00566666666667,-0.0473593237927327,-0.0473982223801041,-0.0471866029612894,-0.0473483454582669
1.006,-0.0473873131101589,-0.0474262823079256,-0.0472145571966024,-0.0473763757719918
1.00633333333333,-0.0474153732795981,-0.0474544131653396,-0.0472425821650466,-0.0474044769905829
1.00666666666667,-0.0474435044584168,-0.0474826151099019,-0.0472706780239891,-0.0474326492716478
1.007,-0.0474717068044788,-0.0475108882996879,-0.0472988449312886,-0.0474608927732957
1.00733333333333,-0.047499980476157,-0.0475392328932648,-0.0473270830453176,-0.0474892076541432
1.00766666666667,-0.0475283256323281,-0.0475676490497123,-0.0473553925249458,-0.0475175940733168
1.008,-0.0475567424323772,-0.0475961369286164,-0.0473837735295587,-0.0475460521904462
1.00833333333333,-0.0475852310361991,-0.047624696690077,-0.0474122262190481,-0.0475745821656758
1.00866666666667,-0.0476137916042056,-0.047653328494705,-0.0474407507538223,-0.0476031841596592
1.009,-0.0476424242973088,-0.0476820325036242,-0.047469347294797,-0.0476318583335697
1.00933333333333,-0.0476711292769531,-0.0477108088784753,-0.0474980160034083,-0.0476606048490927
1.00966666666667,-0.0476999067050862,-0.0477396577814138,-0.0475267570416084,-0.0476894238684333
1.01,-0.0477287567441826,-0.0477685793751232,-0.0475555705718653,-0.0477183155543114
1.01033333333333,-0.0477576795572314,-0.0477975738227956,-0.0475844567571737,-0.0477472800699759
1.01066666666667,-0.0477866753077476,-0.047826641288156,-0.0476134157610441,-0.047776317579197
1.011,-0.0478157441597758,-0.047855781935454,-0.0476424477475226,-0.0478054282462611
1.01133333333333,-0.0478448862778736,-0.047884995929458,-0.047671552881168,-0.047834612235999
1.01166666666667,-0.0478741018271369,-0.0479142834354749,-0.0477007313270778,-0.0478638697137512
1.012,-0.0479033909731885,-0.0479436446193344,-0.047729983250874,-0.0478932008454019
1.01233333333333,-0.0479327538821864,-0.0479730796474056,-0.0477593088187113,-0.0479226057973657
1.01266666666667,-0.0479621907208099,-0.0480025886865864,-0.0477887081972828,-0.0479520847365849
1.013,-0.0479917016562929,-0.048032171904311,-0.047818181553813,-0.0479816378305481
1.01333333333333,-0.0480212868563875,-0.0480618294685541,-0.0478477290560623,-0.0480112652472726
1.01366666666667,-0.0480509464893989,-0.0480915615478281,-0.0478773508723378,-0.048040967155325
1.014,-0.0480806807241678,-0.0481213683111914,-0.0479070471714768,-0.0480707437238044
1.01433333333333,-0.0481104897300724,-0.0481512499282419,-0.0479368181228733,-0.048100595122364
1.01466666666667,-0.048140373677049,-0.0481812065691203,-0.047966663896452,-0.0481305215211927
1.015,-0.0481703327355685,-0.048211238404521,-0.0479965846627016,-0.0481605230910306
1.01533333333333,-0.0482003670766548,-0.0482413456056869,-0.0480265805926453,-0.0481906000031718
1.01566666666667,-0.0482304768718882,-0.0482715283444111,-0.0480566518578643,-0.0482207524294598
1.016,-0.0482606622933913,-0.04830178679304,-0.0480867986304903,-0.0482509805422873
1.01633333333333,-0.0482909235138466,-0.0483321211244712,-0.0481170210832116,-0.0482812845146072
1.01666666666667,-0.0483212607064969,-0.0483625315121662,-0.0481473193892732,-0.0483116645199294
1.017,-0.0483516740451322,-0.0483930181301447,-0.0481776937224777,-0.048342120732322
1.01733333333333,-0.0483821637041173,-0.0484235811529845,-0.0482081442571909,-0.0483726533264139
1.01766666666667,-0.0484127298583701,-0.0484542207558274,-0.0482386711683367,-0.0484032624774002
1.018,-0.0484433726833748,-0.0484849371143803,-0.0482692746314099,-0.0484339483610381
1.01833333333333,-0.0484740923551811,-0.0485157304049208,-0.0482999548224689,-0.0484647111536574
1.01866666666667,-0.04850488905041,-0.0485466008042934,-0.0483307119181396,-0.048495551032149
1.019,-0.048535762946254,-0.0485775484899118,-0.0483615460956251,-0.0485264681739856
1.01933333333333,-0.0485667142204737,-0.0486085736397663,-0.0483924575326919,-0.0485574627572029
1.01966666666667,-0.0485977430514045,-0.0486396764324189,-0.0484234464076907,-0.0485885349604201
1.02,-0.0486288496179616,-0.0486708570470127,-0.0484545128995404,-0.0486196849628312
1.02033333333333,-0.0486600340996416,-0.0487021156632682,-0.0484856571877512,-0.0486509129442082
1.02066666666667,-0.0486912966765142,-0.0487334524614877,-0.0485168794523995,-0.0486822190849093
1.021,-0.0487226375292365,-0.0487648676225572,-0.0485481798741576,-0.0487136035658729
1.02133333333333,-0.0487540568390475,-0.0487963613279483,-0.0485795586342741,-0.0487450665686254
1.02166666666667,-0.0487855547877784,-0.048827933759724,-0.0486110159145927,-0.0487766082752772
1.022,-0.0488171315578463,-0.0488595851005302,-0.0486425518975378,-0.0488082288685341
1.02233333333333,-0.0488487873322585,-0.0488913155336099,-0.048674166766137,-0.0488399285316932
1.02266666666667,-0.048880522294617,-0.0489231252427949,-0.0487058607040016,-0.0488717074486405
1.023,-0.0489123366291191,-0.0489550144125221,-0.0487376338953443,-0.0489035658038678
1.02333333333333,-0.0489442305205587,-0.0489869832278201,-0.0487694865249712,-0.0489355037824568
1.02366666666667,-0.0489762041543365,-0.0490190318743215,-0.0488014187782933,-0.0489675215700952
1.024,-0.0490082577164404,-0.0490511605382566,-0.0488334308413214,-0.0489996193530712
1.02433333333333,-0.0490403913934806,-0.0490833694064648,-0.0488655229006733,-0.0490317973182801
1.02466666666667,-0.0490726053726553,-0.0491156586663926,-0.0488976951435727,-0.0490640556532255
1.025,-0.0491048998417837,-0.0491480285060957,-0.0489299477578482,-0.0490963945460142
1.02533333333333,-0.0491372749892918,-0.0491804791142383,-0.048962280931943,-0.049128814185373
1.02566666666667,-0.0491697310042202,-0.0492130106801004,-0.0489946948549153,-0.049161314760635
1.026,-0.0492022680762213,-0.049245623393579,-0.0490271897164376,-0.0491938964617572
1.02633333333333,-0.0492348863955656,-0.0492783174451864,-0.0490597657067944,-0.0492265594793107
1.02666666666667,-0.0492675861531467,-0.0493110930260597,-0.049092423016903,-0.0492593040044865
1.027,-0.0493003675404741,-0.0493439503279532,-0.0491251618382889,-0.0492921302290977
1.02733333333333,-0.0493332307496842,-0.0493768895432498,-0.0491579823631111,-0.0493250383455862
1.02766666666667,-0.0493661759735422,-0.0494099108649584,-0.0491908847841507,-0.0493580285470187
1.028,-0.0493992034054423,-0.049443014486713,-0.0492238692948256,-0.0493911010270928
1.02833333333333,-0.0494323132393995,-0.049476200602789,-0.0492569360891705,-0.0494242559801379
1.02866666666667,-0.0494655056700745,-0.0495094694080867,-0.0492900853618696,-0.0494574936011152
1.029,-0.0494987808927558,-0.0495428210981463,-0.049323317308235,-0.0494908140856283
1.02933333333333,-0.0495321391033724,-0.0495762558691504,-0.0493566321242144,-0.0495242176299147
1.02966666666667,-0.0495655804984922,-0.0496097739179143,-0.0493900300064049,-0.0495577044308508
1.03,-0.0495991052753284,-0.0496433754419012,-0.0494235111520377,-0.0495912746859669
1.03033333333333,-0.0496327136317361,-0.0496770606392214,-0.0494570757589919,-0.0496249285934265
1.03066666666667,-0.0496664057662157,-0.049710829708628,-0.0494907240258004,-0.049658666352052
1.031,-0.0497001818779241,-0.0497446828495306,-0.0495244561516385,-0.0496924881613031
1.03133333333333,-0.049734042166657,-0.0497786202619851,-0.0495582723363369,-0.0497263942213109
1.03166666666667,-0.0497679868328797,-0.0498126421467087,-0.0495921727803767,-0.0497603847328505
1.032,-0.0498020160777056,-0.0498467487050713,-0.049626157684908,-0.0497944598973504
1.03233333333333,-0.0498361301029111,-0.0498809401391077,-0.0496602272517248,-0.04982861991691
1.03266666666667,-0.049870329110925,-0.0499152166515074,-0.0496943816832948,-0.0498628649942861
1.033,-0.0499046133048503,-0.0499495784456308,-0.049728621182746,-0.0498971953329
1.03333333333333,-0.049938982888452,-0.0499840257255054,-0.0497629459538717,-0.0499316111368418
1.03366666666667,-0.0499734380661655,-0.0500185586958272,-0.0497973562011411,-0.0499661126108737
1.034,-0.0500079790430922,-0.0500531775619573,-0.0498318521296827,-0.0500006999604243
1.03433333333333,-0.0500426060250128,-0.0500878825299444,-0.0498664339453119,-0.0500353733916002
1.03466666666667,-0.0500773192183854,-0.0501226738065046,-0.0499011018545161,-0.0500701331111906
1.035,-0.0501121188303388,-0.0501575515990369,-0.0499358560644595,-0.0501049793266562
1.03533333333333,-0.0501470050686914,-0.0501925161156231,-0.0499706967829914,-0.0501399122461451
1.03566666666667,-0.0501819781419384,-0.0502275675650262,-0.0500056242186457,-0.0501749320784858
1.036,-0.0502170382592661,-0.0502627061566998,-0.0500406385806386,-0.0502100390332001
1.03633333333333,-0.0502521856305475,-0.0502979321007834,-0.0500757400788805,-0.0502452333204979
1.03666666666667,-0.0502874204663453,-0.0503332456081131,-0.0501109289239698,-0.050280515151276
1.037,-0.05032274297792,-0.0503686468902159,-0.0501462053272056,-0.0503158847371374
1.03733333333333,-0.0503581533772258,-0.0504041361593203,-0.0501815695005765,-0.0503513422903701
1.03766666666667,-0.0503936518769135,-0.0504397136283498,-0.0502170216567718,-0.0503868880239708
1.038,-0.0504292386903425,-0.050475379510931,-0.0502525620091903,-0.0504225221516414
1.03833333333333,-0.0504649140315668,-0.0505111340214024,-0.0502881907719284,-0.0504582448877729
1.03866666666667,-0.0505006781153577,-0.0505469773747989,-0.0503239081597908,-0.050494056447489
1.039,-0.0505365311571844,-0.0505829097868748,-0.0503597143882918,-0.0505299570466025
1.03933333333333,-0.0505724733732351,-0.0506189314740948,-0.0503956096736667,-0.0505659469016494
1.03966666666667,-0.0506085049804184,-0.0506550426536351,-0.0504315942328508,-0.0506020262298829
1.04,-0.0506446261963436,-0.0506912435433972,-0.0504676682835111,-0.0506381952492716
1.04033333333333,-0.0506808372393578,-0.0507275343619987,-0.0505038320440328,-0.0506744541785036
1.04066666666667,-0.0507171383285149,-0.0507639153287827,-0.0505400857335139,-0.0507108032369967
1.041,-0.0507535296836085,-0.0508003866638153,-0.0505764295717929,-0.0507472426448894
1.04133333333333,-0.0507900115251486,-0.0508369485878968,-0.0506128637794298,-0.050783772623054
1.04166666666667,-0.050826584074386,-0.0508736013225566,-0.0506493885777145,-0.0508203933930939
1.042,-0.0508632475532972,-0.0509103450900593,-0.0506860041886768,-0.0508571051773448
1.04233333333333,-0.0509000021845942,-0.0509471801134032,-0.0507227108350759,-0.0508939081988861
1.04266666666667,-0.050936848191736,-0.0509841066163319,-0.0507595087404213,-0.0509308026815282
1.043,-0.0509737857989188,-0.0510211248233296,-0.050796398128952,-0.0509677888498317
1.04333333333333,-0.0510108152310843,-0.0510582349596218,-0.0508333792256673,-0.0510048669291016
1.04366666666667,-0.0510479367139174,-0.0510954372511934,-0.0508704522562987,-0.0510420371453958
1.044,-0.0510851504738577,-0.0511327319247692,-0.0509076174473412,-0.0510792997255134
1.04433333333333,-0.0511224567380954,-0.051170119207833,-0.0509448750260356,-0.0511166548970177
1.04466666666667,-0.0511598557345796,-0.0512075993286211,-0.0509822252203863,-0.051154102888223
1.045,-0.0511973476920158,-0.0512451725161372,-0.0510196682591513,-0.05119164392821
1.04533333333333,-0.0512349328398674,-0.0512828390001421,-0.0510572043718521,-0.0512292782468141
1.04566666666667,-0.0512726114083692,-0.0513205990111628,-0.0510948337887788,-0.0512670060746452
1.046,-0.0513103836285195,-0.051358452780495,-0.051132556740986,-0.0513048276430768
1.04633333333333,-0.051348249732086,-0.0513964005402036,-0.0511703734602996,-0.0513427431842507
1.04666666666667,-0.0513862099516121,-0.0514344425231322,-0.0512082841793189,-0.0513807529310921
1.047,-0.0514242645204162,-0.0514725789628957,-0.0512462891314216,-0.0514188571172995
1.04733333333333,-0.0514624136725924,-0.0515108100938942,-0.0512843885507703,-0.0514570559773459
1.04766666666667,-0.0515006576430189,-0.0515491361513062,-0.0513225826722956,-0.0514953497464984
1.048,-0.051538996667361,-0.0515875573710984,-0.0513608717317295,-0.0515337386607995
1.04833333333333,-0.0515774309820664,-0.0516260739900276,-0.0513992559655816,-0.0515722229570943
1.04866666666667,-0.0516159608243819,-0.0516646862456368,-0.0514377356111632,-0.0516108028730058
1.049,-0.0516545864323402,-0.051703394376274,-0.051476310906569,-0.0516494786469594
1.04933333333333,-0.0516933080447724,-0.0517421986210715,-0.0515149820906975,-0.0516882505181819
1.04966666666667,-0.0517321259013103,-0.0517810992199771,-0.0515537494032521,-0.0517271187266948
1.05,-0.0517710402423917,-0.0518200964137311,-0.0515926130847293,-0.0517660835133269
1.05033333333333,-0.0518100513092543,-0.0518591904438805,-0.0516315733764402,-0.0518051451197173
1.05066666666667,-0.0518491593439488,-0.0518983815527938,-0.0516706305205068,-0.0518443037883085
1.051,-0.0518883645893355,-0.0519376699836417,-0.0517097847598559,-0.0518835597623644
1.05133333333333,-0.0519276672890944,-0.0519770559804184,-0.0517490363382408,-0.0519229132859608
1.05166666666667,-0.0519670676877176,-0.0520165397879262,-0.0517883855002236,-0.051962364603993
1.052,-0.0520065660305214,-0.0520561216518054,-0.0518278324911961,-0.0520019139621851
1.05233333333333,-0.052046162563646,-0.0520958018185105,-0.0518673775573753,-0.0520415616070787
1.05266666666667,-0.0520858575340601,-0.0521355805353243,-0.0519070209458001,-0.052081307786051
1.053,-0.0521256511895637,-0.052175458050372,-0.0519467629043505,-0.0521211527473095
1.05333333333333,-0.0521655437787895,-0.0522154346126045,-0.0519866036817341,-0.0521610967398973
1.05366666666667,-0.0522055355512056,-0.0522555104718108,-0.0520265435274999,-0.0522011400136968
1.054,-0.0522456267571243,-0.0522956858786286,-0.0520665826920369,-0.0522412828194318
1.05433333333333,-0.0522858176477022,-0.0523359610845355,-0.0521067214265816,-0.0522815254086722
1.05466666666667,-0.0523261084749364,-0.0523763363418538,-0.0521469599832138,-0.0523218680338333
1.055,-0.05236649949168,-0.0524168119037666,-0.0521872986148681,-0.0523623109481886
1.05533333333333,-0.0524069909516345,-0.0524573880242995,-0.0522277375753324,-0.0524028544058606
1.05566666666667,-0.0524475831093611,-0.0524980649583449,-0.0522682771192527,-0.0524434986618329
1.056,-0.0524882762202863,-0.0525388429616535,-0.0523089175021329,-0.0524842439719482
1.05633333333333,-0.0525290705406868,-0.0525797222908408,-0.0523496589803477,-0.05252509059292
1.05666666666667,-0.0525699663277198,-0.0526207032033893,-0.052390501811134,-0.052566038782325
1.057,-0.0526109638393998,-0.0526617859576505,-0.0524314462525984,-0.0526070887986086
1.05733333333333,-0.052652063334624,-0.0527029708128537,-0.0524724925637272,-0.0526482409010991
1.05766666666667,-0.0526932650731614,-0.0527442580291099,-0.0525136410043816,-0.0526894953499994
1.058,-0.0527345693156656,-0.0527856478673971,-0.0525548918353053,-0.0527308524063933
1.05833333333333,-0.0527759763236664,-0.0528271405895926,-0.0525962453181238,-0.0527723123322512
1.05866666666667,-0.0528174863595847,-0.0528687364584577,-0.0526377017153521,-0.0528138753904312
1.059,-0.0528590996867332,-0.0529104357376402,-0.0526792612903968,-0.0528555418446828
1.05933333333333,-0.0529008165693152,-0.0529522386916892,-0.0527209243075598,-0.0528973119596569
1.05966666666667,-0.0529426372724325,-0.0529941455860457,-0.0527626910320426,-0.0529391860008925
1.06,-0.0529845620620902,-0.0530361566870617,-0.0528045617299441,-0.0529811642348392
1.06033333333333,-0.0530265912051899,-0.0530782722619811,-0.0528465366682684,-0.0530232469288516
1.06066666666667,-0.0530687249695496,-0.0531204925789716,-0.0528886161149398,-0.053065434351192
1.061,-0.0531109636238934,-0.0531628179071035,-0.052930800338782,-0.0531077267710376
1.06133333333333,-0.0531533074378608,-0.0532052485163662,-0.0529730896095319,-0.0531501244584802
1.06166666666667,-0.0531957566820133,-0.0532477846776693,-0.0530154841978652,-0.0531926276845313
1.062,-0.0532383116278258,-0.0532904266628426,-0.053057984375363,-0.0532352367211309
1.06233333333333,-0.0532809725477099,-0.0533331747446468,-0.0531005904145381,-0.0532779518411405
1.06266666666667,-0.0533237397149956,-0.0533760291967717,-0.0531433025888345,-0.0533207733183555
1.063,-0.0533666134039527,-0.0534189902938352,-0.053186121172632,-0.0533637014275051
1.06333333333333,-0.0534095938897838,-0.0534620583114,-0.0532290464412432,-0.0534067364442613
1.06366666666667,-0.0534526814486335,-0.0535052335259714,-0.0532720786709254,-0.0534498786452263
1.064,-0.0534958763575901,-0.053548516214993,-0.0533152181388829,-0.0534931283079607
1.06433333333333,-0.0535391788946888,-0.0535919066568577,-0.0533584651232645,-0.0535364857109709
1.06466666666667,-0.0535825893389144,-0.0536354051309212,-0.0534018199031715,-0.0535799511337101
1.065,-0.0536261079702074,-0.0536790119174772,-0.0534452827586641,-0.053623524856597
1.06533333333333,-0.0536697350694678,-0.0537227272977964,-0.0534888539707608,-0.0536672071610049
1.06566666666667,-0.0537134709185581,-0.0537665515541064,-0.0535325338214425,-0.0537109983292744
1.066,-0.0537573158003036,-0.0538104849695973,-0.0535763225936626,-0.0537548986447129
1.06633333333333,-0.0538012699985064,-0.0538545278284364,-0.0536202205713408,-0.0537989083915979
1.06666666666667,-0.0538453337979337,-0.0538986804157694,-0.0536642280393723,-0.0538430278551874
1.067,-0.0538895074843346,-0.0539429430177116,-0.0537083452836332,-0.0538872573217156
1.06733333333333,-0.0539337913444434,-0.0539873159213681,-0.0537525725909801,-0.0539315970783999
1.06766666666667,-0.0539781856659718,-0.0540317994148237,-0.0537969102492614,-0.0539760474134489
1.068,-0.0540226907376276,-0.0540763937871639,-0.0538413585473088,-0.0540206086160573
1.06833333333333,-0.0540673068491056,-0.0541210993284624,-0.0538859177749521,-0.054065280976415
1.06866666666667,-0.0541120342911028,-0.0541659163297853,-0.0539305882230236,-0.0541100647857177
1.069,-0.054156873355316,-0.0542108450832171,-0.0539753701833483,-0.0541549603361589
1.06933333333333,-0.0542018243344441,-0.0542558858818306,-0.05402026394877,-0.0541999679209385
1.06966666666667,-0.0542468875221948,-0.0543010390197243,-0.0540652698131274,-0.0542450878342688
1.07,-0.0542920632132916,-0.0543463047919957,-0.0541103880712891,-0.0542903203713751
1.07033333333333,-0.0543373517034777,-0.0543916834947739,-0.0541556190191327,-0.0543356658285093
1.07066666666667,-0.054382753289508,-0.0544371754252056,-0.0542009629535613,-0.0543811245029349
1.071,-0.0544282682691703,-0.0544827808814614,-0.0542464201725018,-0.0544266966929531
1.07133333333333,-0.0544738969412786,-0.0545285001627433,-0.0542919909749154,-0.0544723826978869
1.07166666666667,-0.0545196396056777,-0.0545743335692918,-0.0543376756607968,-0.0545181828181042
1.072,-0.0545654965632567,-0.0546202814023791,-0.0543834745311771,-0.0545640973550039
1.07233333333333,-0.0546114681159384,-0.0546663439643304,-0.0544293878881355,-0.054610126611034
1.07266666666667,-0.0546575545666907,-0.0547125215585047,-0.0544754160347901,-0.0546562708896859
1.073,-0.0547037562195428,-0.0547588144893211,-0.0545215592753194,-0.0547025304955072
1.07333333333333,-0.0547500733795632,-0.0548052230622538,-0.0545678179149517,-0.0547489057341006
1.07366666666667,-0.0547965063528857,-0.0548517475838315,-0.0546141922599761,-0.0547953969121254
1.074,-0.054843055446707,-0.0548983883616527,-0.0546606826177439,-0.0548420043373095
1.07433333333333,-0.0548897209692891,-0.0549451457043801,-0.0547072892966821,-0.0548887283184509
1.07466666666667,-0.0549365032299619,-0.0549920199217476,-0.0547540126062819,-0.0549355691654158
1.075,-0.0549834025391372,-0.0550390113245687,-0.0548008528571094,-0.0549825271891493
1.07533333333333,-0.0550304192082968,-0.055086120224737,-0.0548478103608232,-0.0550296027016811
1.07566666666667,-0.0550775535500143,-0.0551333469352299,-0.0548948854301559,-0.0550767960161238
1.076,-0.0551248058779461,-0.0551806917701175,-0.0549420783789378,-0.0551241074466829
1.07633333333333,-0.0551721765068492,-0.0552281550445587,-0.0549893895220896,-0.0551715373086544
1.07666666666667,-0.0552196657525644,-0.0552757370748152,-0.0550368191756268,-0.055219085918442
1.077,-0.055267273932047,-0.0553234381782499,-0.0550843676566774,-0.0552667535935429
1.07733333333333,-0.055315001363346,-0.0553712586733326,-0.0551320352834686,-0.055314540652568
1.07766666666667,-0.0553628483656307,-0.0554191988796464,-0.0551798223753443,-0.0553624474152403
1.078,-0.0554108152591808,-0.0554672591178869,-0.0552277292527606,-0.0554104742024003
1.07833333333333,-0.0554589023653917,-0.055515439709873,-0.0552757562372988,-0.0554586213360052
1.07866666666667,-0.0555071100067867,-0.0555637409785508,-0.0553239036516606,-0.0555068891391448
1.079,-0.0555554385070166,-0.0556121632479881,-0.0553721718196855,-0.0555552779360377
1.07933333333333,-0.0556038881908661,-0.0556607068433972,-0.0554205610663356,-0.0556037880520362
1.07966666666667,-0.0556524593842514,-0.0557093720911221,-0.0554690717177246,-0.055652419813629
1.08,-0.0557011524142366,-0.0557581593186545,-0.0555177041011013,-0.0557011735484567
1.08033333333333,-0.0557499676090306,-0.0558070688546292,-0.0555664585448694,-0.0557500495853038
1.08066666666667,-0.0557989052979916,-0.05585610102884,-0.0556153353785795,-0.0557990482541108
1.081,-0.0558479658116364,-0.0559052561722287,-0.0556643349329401,-0.0558481698859739
1.08133333333333,-0.0558971494816407,-0.0559545346169125,-0.0557134575398319,-0.0558974148131533
1.08166666666667,-0.0559464566408422,-0.0560039366961628,-0.0557627035322881,-0.0559467833690806
1.082,-0.0559958876232587,-0.0560534627444284,-0.0558120732445246,-0.0559962758883544
1.08233333333333,-0.0560454427640684,-0.0561031130973378,-0.0558615670119296,-0.0560458927067537
1.08266666666667,-0.0560951223996375,-0.0561528880916913,-0.0559111851710732,-0.0560956341612381
1.083,-0.056144926867519,-0.0562027880654814,-0.0559609280597124,-0.0561455005899556
1.08333333333333,-0.0561948565064482,-0.0562528133578902,-0.0560107960167931,-0.0561954923322466
1.08366666666667,-0.0562449116563597,-0.0563029643092981,-0.0560607893824628,-0.0562456097286401
1.084,-0.056295092658379,-0.056353241261279,-0.056110908498064,-0.0562958531208828
1.08433333333333,-0.056345399854846,-0.0564036445566199,-0.0561611537061419,-0.0563462228519084
1.08466666666667,-0.0563958335893016,-0.0564541745393111,-0.0562115253504659,-0.0563967192658782
1.085,-0.0564463942065023,-0.056504831554561,-0.0562620237760061,-0.0564473427081597
1.08533333333333,-0.056497082052422,-0.0565556159488009,-0.0563126493289645,-0.0564980935253476
1.08566666666667,-0.0565478974742633,-0.0566065280696846,-0.0563634023567579,-0.0565489720652555
1.086,-0.0565988408204472,-0.0566575682660904,-0.0564142832080439,-0.0565999786769348
1.08633333333333,-0.0566499124406402,-0.0567087368881485,-0.0564652922327091,-0.0566511137106738
1.08666666666667,-0.0567011126857358,-0.0567600342872102,-0.0565164297818845,-0.0567023775179957
1.087,-0.0567524419078803,-0.0568114608158825,-0.0565676962079451,-0.0567537704516773
1.08733333333333,-0.0568039004604646,-0.0568630168280218,-0.0566190918645152,-0.0568052928657441
1.08766666666667,-0.0568554886981323,-0.0569147026787386,-0.0566706171064809,-0.0568569451154742
1.088,-0.0569072069767886,-0.0569665187244056,-0.0567222722899855,-0.0569087275574112
1.08833333333333,-0.056959055653605,-0.0570184653226583,-0.056774057772436,-0.0569606405493693
1.08866666666667,-0.0570110350870138,-0.0570705428324054,-0.0568259739125184,-0.0570126844504308
1.089,-0.0570631456367316,-0.057122751613839,-0.0568780210701873,-0.0570648596209536
1.08933333333333,-0.057115387663749,-0.0571750920284197,-0.0569301996066893,-0.0571171664225849
1.08966666666667,-0.0571677615303423,-0.0572275644389022,-0.0569825098845483,-0.0571696052182529
1.09,-0.0572202676000856,-0.0572801692093317,-0.0570349522675861,-0.0572221763721852
1.09033333333333,-0.0572729062378375,-0.0573329067050599,-0.0570875271209266,-0.0572748802499052
1.09066666666667,-0.0573256778097634,-0.0573857772927253,-0.0571402348109906,-0.0573277172182386
1.091,-0.0573785826833387,-0.0574387813402858,-0.0571930757055101,-0.0573806876453267
1.09133333333333,-0.057431621227343,-0.0574919192170136,-0.0572460501735314,-0.0574337919006172
1.09166666666667,-0.0574847938118775,-0.0575451912934917,-0.057299158585421,-0.0574870303548901
1.092,-0.0575381008083693,-0.0575985979416396,-0.0573524013128719,-0.0575404033802385
1.09233333333333,-0.0575915425895703,-0.0576521395346971,-0.0574057787289056,-0.0575939113500961
1.09266666666667,-0.0576451195295659,-0.0577058164472432,-0.0574592912078825,-0.0576475546392243
1.093,-0.0576988320037804,-0.0577596290551988,-0.0575129391255031,-0.0577013336237426
1.09333333333333,-0.0577526803889853,-0.0578135777358302,-0.0575667228588157,-0.0577552486811038
1.09366666666667,-0.0578066650633039,-0.0578676628677591,-0.0576206427862216,-0.0578093001901165
1.094,-0.0578607864062088,-0.0579218848309619,-0.0576746992874837,-0.0578634885309579
1.09433333333333,-0.0579150447985468,-0.057976244006782,-0.057728892743722,-0.0579178140851605
1.09466666666667,-0.0579694406225172,-0.0580307407779274,-0.0577832235374366,-0.057972277235633
1.095,-0.0580239742617054,-0.0580853755284891,-0.0578376920524968,-0.0580268783666573
1.09533333333333,-0.058078646101069,-0.0581401486439304,-0.0578922986741549,-0.0580816178638993
1.09566666666667,-0.0581334565269506,-0.0581950605111056,-0.0579470437890522,-0.0581364961144131
1.096,-0.058188405927085,-0.0582501115182629,-0.0580019277852207,-0.0581915135066457
1.09633333333333,-0.0582434946906067,-0.0583053020550458,-0.0580569510520916,-0.0582466704304449
1.09666666666667,-0.0582987232080415,-0.0583606325125052,-0.0581121139805035,-0.0583019672770615
1.097,-0.0583540918713384,-0.0584161032830954,-0.0581674169627049,-0.0583574044391649
1.09733333333333,-0.0584096010738448,-0.058471714760696,-0.0582228603923618,-0.0584129823108275
1.09766666666667,-0.0584652512103424,-0.0585274673405995,-0.0582784446645598,-0.0584687012875589
1.098,-0.0585210426770285,-0.0585833614195358,-0.058334170175817,-0.0585245617662937
1.09833333333333,-0.0585769758715352,-0.0586393973956588,-0.0583900373240792,-0.0585805641453986
1.09866666666667,-0.0586330511929359,-0.0586955756685693,-0.0584460465087449,-0.0586367088246832
1.099,-0.0586892690417435,-0.0587518966393081,-0.0585021981306496,-0.0586929962054081
1.09933333333333,-0.0587456298199213,-0.0588083607103769,-0.0585584925920826,-0.0587494266902842
1.09966666666667,-0.0588021339308927,-0.0588649682857278,-0.0586149302967984,-0.0588060006834789
1.1,-0.0588587817795394,-0.0589217197707804,-0.0586715116500117,-0.0588627185906316
1.10033333333333,-0.0589155737722115,-0.058978615572424,-0.0587282370584082,-0.0589195808188497
1.10066666666667,-0.0589725103167368,-0.0590356560990224,-0.0587851069301554,-0.0589765877767228
1.101,-0.0590295918224233,-0.0590928417604282,-0.0588421216748969,-0.0590337398743174
1.10133333333333,-0.059086818700062,-0.0591501729679799,-0.058899281703777,-0.0590910375231989
1.10166666666667,-0.0591441913619426,-0.059207650134509,-0.0589565874294266,-0.0591484811364225
1.102,-0.0592017102218518,-0.0592652736743527,-0.0590140392659866,-0.0592060711285523
1.10233333333333,-0.0592593756950849,-0.0593230440033542,-0.0590716376291022,-0.0592638079156617
1.10266666666667,-0.059317188198444,-0.0593809615388731,-0.0591293829359403,-0.0593216919153334
1.103,-0.0593751481502557,-0.0594390266997867,-0.0591872756051812,-0.0593797235466858
1.10333333333333,-0.0594332559703732,-0.0594972399065068,-0.0592453160570417,-0.0594379032303525
1.10366666666667,-0.0594915120801713,-0.0595556015809697,-0.0593035047132687,-0.0594962313885122
1.104,-0.0595499169025788,-0.0596141121466612,-0.0593618419971527,-0.059554708444878
1.10433333333333,-0.0596084708620553,-0.0596727720286094,-0.059420328333534,-0.0596133348247221
1.10466666666667,-0.0596671743846193,-0.0597315816533925,-0.0594789641488004,-0.0596721109548602
1.105,-0.0597260278978448,-0.0597905414491591,-0.0595377498709115,-0.059731037263679
1.10533333333333,-0.0597850318308736,-0.0598496518456138,-0.059596685929388,-0.0597901141811274
1.10566666666667,-0.0598441866144188,-0.0599089132740463,-0.0596557727553254,-0.0598493421387341
1.106,-0.0599034926807645,-0.0599683261673154,-0.059715010781406,-0.0599087215696087
1.10633333333333,-0.0599629504637856,-0.0600278909598726,-0.0597744004418952,-0.0599682529084449
1.10666666666667,-0.0600225603989499,-0.0600876080877645,-0.0598339421726558,-0.0600279365915421
1.107,-0.060082322923322,-0.0601474779886391,-0.0598936364111463,-0.0600877730567885
1.10733333333333,-0.0601422384755701,-0.0602075011017437,-0.0599534835964458,-0.0601477627436956
1.10766666666667,-0.0602023074959752,-0.0602676778679477,-0.0600134841692438,-0.0602079060933809
1.108,-0.0602625304264397,-0.0603280087297424,-0.0600736385718454,-0.0602682035485922
1.10833333333333,-0.0603229077104908,-0.0603884941312445,-0.0601339472481977,-0.0603286555536989
1.10866666666667,-0.0603834397932887,-0.0604491345182051,-0.0601944106438707,-0.0603892625547156
1.109,-0.0604441271216295,-0.0605099303380198,-0.0602550292060909,-0.0604500249992953
1.10933333333333,-0.060504970143968,-0.0605708820397372,-0.0603158033837275,-0.0605109433367453
1.10966666666667,-0.0605659693103977,-0.0606319900740515,-0.0603767336273103,-0.0605720180180358
1.11,-0.060627125072686,-0.0606932548933329,-0.0604378203890356,-0.0606332494957896
1.11033333333333,-0.0606884378842635,-0.0607546769516167,-0.0604990641227652,-0.0606946382243129
1.11066666666667,-0.0607499082002378,-0.060816256704616,-0.0605604652840528,-0.0607561846595893
1.111,-0.0608115364773954,-0.0608779946097283,-0.0606220243301253,-0.0608178892592873
1.11133333333333,-0.0608733231742216,-0.0609398911260476,-0.0606837417199118,-0.0608797524827728
1.11166666666667,-0.0609352687508879,-0.061001946714363,-0.0607456179140374,-0.0609417747911119
1.112,-0.0609973736692809,-0.061064161837176,-0.0608076533748445,-0.0610039566470772
1.11233333333333,-0.0610596383929954,-0.061126536958699,-0.0608698485663793,-0.0610662985151638
1.11266666666667,-0.0611220633873425,-0.061189072544867,-0.0609322039544211,-0.0611288008615865
1.113,-0.0611846491193689,-0.0612517690633474,-0.0609947200064798,-0.0611914641542934
1.11333333333333,-0.0612473960578449,-0.0613146269835412,-0.0610573971917966,-0.0612542888629682
1.11366666666667,-0.0613103046732911,-0.0613776467765947,-0.0611202359813648,-0.0613172754590458
1.114,-0.0613733754379742,-0.0614408289154067,-0.0611832368479328,-0.0613804244157084
1.11433333333333,-0.0614366088259223,-0.0615041738746408,-0.0612464002660042,-0.0614437362079132
1.11466666666667,-0.0615000053129228,-0.0615676821307153,-0.0613097267118565,-0.0615072113123737
1.115,-0.0615635653765382,-0.0616313541618344,-0.0613732166635413,-0.0615708502075806
1.11533333333333,-0.0616272894961136,-0.0616951904479861,-0.0614368706008998,-0.0616346533738191
1.11566666666667,-0.0616911781527776,-0.0617591914709447,-0.0615006890055552,-0.0616986212931606
1.116,-0.0617552318294594,-0.0618233577142794,-0.0615646723609414,-0.0617627544494774
1.11633333333333,-0.0618194510108901,-0.061887689663373,-0.0616288211522948,-0.0618270533284534
1.11666666666667,-0.0618838361836095,-0.061952187805421,-0.0616931358666686,-0.0618915184175822
1.117,-0.0619483878359822,-0.0620168526294351,-0.0617576169929382,-0.0619561502061851
1.11733333333333,-0.0620131064581952,-0.0620816846262679,-0.0618222650218138,-0.0620209491854248
1.11766666666667,-0.0620779925422771,-0.0621466842885991,-0.0618870804458446,-0.0620859158482818
1.118,-0.0621430465820923,-0.0622118521109597,-0.0619520637594282,-0.0621510506896104
1.11833333333333,-0.0622082690733621,-0.0622771885897331,-0.0620172154588175,-0.0622163542061029
1.11866666666667,-0.0622736605136693,-0.0623426942231737,-0.0620825360421247,-0.0622818268963263
1.119,-0.0623392214024591,-0.0624083695113908,-0.0621480260093456,-0.0623474692607172
1.11933333333333,-0.0624049522410557,-0.0624742149563874,-0.0622136858623474,-0.0624132818015891
1.11966666666667,-0.0624708535326695,-0.0625402310620458,-0.0622795161048891,-0.0624792650231488
1.12,-0.0625369257823999,-0.0626064183341444,-0.0623455172426255,-0.0625454194315046
1.12033333333333,-0.0626031694972512,-0.0626727772803654,-0.0624116897831212,-0.062611745534664
1.12066666666667,-0.062669585186131,-0.0627393084103071,-0.0624780342358497,-0.0626782438425496
1.121,-0.0627361733598721,-0.0628060122354805,-0.0625445511122118,-0.0627449148670102
1.12133333333333,-0.0628029345312304,-0.0628728892693354,-0.0626112409255342,-0.0628117591218227
1.12166666666667,-0.0628698692148936,-0.0629399400272533,-0.0626781041910878,-0.0628787771227104
1.122,-0.0629369779274978,-0.0630071650265603,-0.0627451414260893,-0.0629459693873353
1.12233333333333,-0.0630042611876297,-0.0630745647865412,-0.0628123531497103,-0.0630133364353199
1.12266666666667,-0.0630717195158316,-0.0631421398284422,-0.0628797398830911,-0.0630808787882559
1.123,-0.0631393534346258,-0.0632098906754817,-0.0629473021493478,-0.0631485969697095
1.12333333333333,-0.0632071634685005,-0.0632778178528608,-0.063015040473573,-0.0632164915052242
1.12366666666667,-0.0632751501439368,-0.0633459218877676,-0.0630829553828543,-0.0632845629223385
1.124,-0.0633433139894111,-0.0634142033093895,-0.0631510474062811,-0.0633528117505952
1.12433333333333,-0.0634116555354068,-0.0634826626489221,-0.0632193170749547,-0.0634212385215402
1.12466666666667,-0.0634801753144136,-0.0635513004395779,-0.0632877649219876,-0.0634898437687481
1.125,-0.0635488738609489,-0.0636201172165906,-0.0633563914825229,-0.0635586280278077
1.12533333333333,-0.0636177517115612,-0.0636891135172346,-0.0634251972937422,-0.0636275918363546
1.12566666666667,-0.0636868094048378,-0.0637582898808213,-0.0634941828948721,-0.063696735734067
1.126,-0.0637560474814146,-0.0638276468487179,-0.0635633488271913,-0.0637660602626779
1.12633333333333,-0.0638254664839924,-0.0638971849643521,-0.0636326956340455,-0.0638355659659839
1.12666666666667,-0.0638950669573287,-0.0639669047732226,-0.0637022238608545,-0.0639052533898603
1.127,-0.0639648494482672,-0.0640368068229121,-0.0637719340551106,-0.0639751230822527
1.12733333333333,-0.0640348145057365,-0.0641068916630855,-0.0638418267664122,-0.0640451755932084
1.12766666666667,-0.0641049626807592,-0.0641771598455067,-0.0639119025464481,-0.0641154114748794
1.128,-0.0641752945264587,-0.0642476119240579,-0.0639821619490221,-0.0641858312815168
1.12833333333333,-0.0642458105980833,-0.0643182484547258,-0.0640526055300583,-0.0642564355694994
1.12866666666667,-0.0643165114529957,-0.0643890699956343,-0.0641232338476084,-0.0643272248973353
1.129,-0.0643873976506947,-0.0644600771070364,-0.0641940474618604,-0.0643981998256695
1.12933333333333,-0.0644584697528271,-0.0645312703513362,-0.0642650469351628,-0.0644693609172944
1.12966666666667,-0.0645297283231858,-0.0646026502930907,-0.0643362328320034,-0.0645407087371677
1.13,-0.0646011739277306,-0.064674217499026,-0.0644076057190561,-0.0646122438524076
1.13033333333333,-0.064672807134591,-0.0647459725380381,-0.0644791661651667,-0.0646839668323186
1.13066666666667,-0.0647446285140767,-0.0648179159812145,-0.0645509147413618,-0.0647558782483812
1.131,-0.0648166386386945,-0.0648900484018319,-0.0646228520208703,-0.0648279786742845
1.13133333333333,-0.0648888380831485,-0.0649623703753752,-0.0646949785791363,-0.064900268685922
1.13166666666667,-0.0649612274243569,-0.0650348824795423,-0.0647672949938087,-0.064972748861402
1.132,-0.0650338072414585,-0.0651075852942583,-0.0648398018447723,-0.065045419781061
1.13233333333333,-0.0651065781158209,-0.0651804794016799,-0.0649124997141454,-0.065118282027479
1.13266666666667,-0.0651795406310596,-0.0652535653862113,-0.0649853891862933,-0.0651913361854742
1.133,-0.0652526953730337,-0.0653268438345089,-0.0650584708478444,-0.0652645828421332
1.13333333333333,-0.0653260429298744,-0.0654003153355002,-0.0651317452876921,-0.0653380225867995
1.13366666666667,-0.0653995838919761,-0.0654739804803803,-0.0652052130970088,-0.065411656011107
1.134,-0.0654733188520194,-0.065547839862639,-0.0652788748692517,-0.0654854837089704
1.13433333333333,-0.0655472484049798,-0.0656218940780525,-0.0653527312001848,-0.0655595062766025
1.13466666666667,-0.0656213731481347,-0.0656961437247126,-0.065426782687874,-0.0656337243125358
1.135,-0.0656956936810708,-0.0657705894030244,-0.0655010299327106,-0.065708138417609
1.13533333333333,-0.065770210605712,-0.0658452317157235,-0.0655754735374167,-0.065782749195006
1.13566666666667,-0.0658449245263005,-0.0659200712678776,-0.0656501141070527,-0.06585755725024
1.136,-0.065919836049435,-0.0659951086669099,-0.0657249522490326,-0.0659325631911852
1.13633333333333,-0.0659949457840687,-0.0660703445225993,-0.0657999885731359,-0.0660077676280739
1.13666666666667,-0.0660702543415225,-0.0661457794470975,-0.0658752236915093,-0.0660831711735116
1.137,-0.0661457623354899,-0.0662214140549382,-0.0659506582186916,-0.0661587744424932
1.13733333333333,-0.0662214703820596,-0.0662972489630469,-0.0660262927716101,-0.0662345780524001
1.13766666666667,-0.0662973790997158,-0.0663732847907506,-0.0661021279696049,-0.0663105826230319
1.138,-0.0663734891093569,-0.0664495221597874,-0.0661781644344303,-0.0663867887765924
1.13833333333333,-0.0664498010342977,-0.0665259616943326,-0.0662544027902648,-0.0664631971377255
1.13866666666667,-0.0665263155002948,-0.0666026040209839,-0.0663308436637373,-0.0665398083335084
1.139,-0.0666030331355384,-0.0666794497687911,-0.0664074876839159,-0.0666166229934751
1.13933333333333,-0.0666799545706803,-0.0667564995692726,-0.0664843354823425,-0.0666936417496087
1.13966666666667,-0.0667570804388365,-0.0668337540564015,-0.0665613876930176,-0.0667708652363819
1.14,-0.0668344113756019,-0.0669112138666403,-0.0666386449524443,-0.0668482940907398
1.14033333333333,-0.0669119480190629,-0.0669888796389466,-0.0667161078996083,-0.0669259289521296
1.14066666666667,-0.0669896910097993,-0.0670667520147776,-0.0667937771760081,-0.0670037704625077
1.141,-0.06706764099091,-0.0671448316381084,-0.0668716534256621,-0.0670818192663428
1.14133333333333,-0.0671457986080169,-0.0672231191554388,-0.0669497372951196,-0.0671600760106414
1.14166666666667,-0.0672241645092752,-0.067301615215816,-0.0670280294334719,-0.0672385413449522
1.142,-0.0673027393453851,-0.067380320470825,-0.0671065304923638,-0.0673172159213699
1.14233333333333,-0.0673815237696106,-0.0674592355746251,-0.0671852411260119,-0.0673961003945698
1.14266666666667,-0.0674605184377847,-0.0675383611839508,-0.0672641619912033,-0.067475195421792
1.143,-0.0675397240083231,-0.0676176979581067,-0.0673432937473182,-0.067554501662872
1.14333333333333,-0.0676191411422364,-0.0676972465590148,-0.0674226370563433,-0.067634019780248
1.14366666666667,-0.0676987705031371,-0.0677770076511999,-0.0675021925828738,-0.0677137504389717
1.144,-0.0677786127572647,-0.0678569819018086,-0.0675819609941344,-0.0677936943067187
1.14433333333333,-0.0678586685734869,-0.0679371699806211,-0.0676619429599897,-0.0678738520538085
1.14466666666667,-0.0679389386233076,-0.068017572560072,-0.0677421391529491,-0.0679542243532077
1.145,-0.0680194235808975,-0.0680981903152435,-0.0678225502481937,-0.068034811880541
1.14533333333333,-0.068100124123085,-0.0681790239239013,-0.0679031769235742,-0.0681156153141202
1.14566666666667,-0.0681810409293847,-0.0682600740664861,-0.0679840198596316,-0.0681966353349337
1.146,-0.0682621746820027,-0.0683413414261435,-0.0680650797396098,-0.068277872626679
1.14633333333333,-0.0683435260658489,-0.0684228266887187,-0.068146357249459,-0.0683593278757575
1.14666666666667,-0.0684250957685539,-0.0685045305427906,-0.0682278530778655,-0.068441001771307
1.147,-0.0685068844804729,-0.0685864536796588,-0.0683095679162481,-0.0685228950051951
1.14733333333333,-0.0685888928947145,-0.0686685967933835,-0.0683915024587752,-0.0686050082720445
1.14766666666667,-0.0686711217071309,-0.0687509605807752,-0.0684736574023868,-0.0686873422692426
1.148,-0.0687535716163538,-0.0688335457414251,-0.0685560334467934,-0.0687698976969519
1.14833333333333,-0.068836243323792,-0.0689163529777037,-0.0686386312944985,-0.0688526752581263
1.14866666666667,-0.0689191375336508,-0.0689993829947887,-0.0687214516508153,-0.068935675658523
1.149,-0.0690022549529428,-0.0690826365006613,-0.0688044952238627,-0.0690188996067142
1.14933333333333,-0.0690855962915016,-0.0691661142061329,-0.0688877627245996,-0.0691023478141033
1.14966666666667,-0.0691691622619991,-0.0692498168248569,-0.0689712548668185,-0.0691860209949358
1.15,-0.069252953579952,-0.06933374507333,-0.0690549723671812,-0.0692699198663142
1.15033333333333,-0.0693369709637356,-0.0694178996709248,-0.0691389159452084,-0.0693540451482077
1.15066666666667,-0.0694212151346085,-0.069502281339885,-0.0692230863233074,-0.0694383975634767
1.151,-0.0695056868167057,-0.0695868908053503,-0.0693074842267883,-0.0695229778378683
1.15133333333333,-0.0695903867370749,-0.0696717287953691,-0.0693921103838675,-0.0696077867000484
1.15166666666667,-0.0696753156256755,-0.0697567960409049,-0.0694769655256851,-0.0696928248816015
1.152,-0.0697604742153957,-0.0698420932758578,-0.0695620503863244,-0.069778093117056
1.15233333333333,-0.0698458632420706,-0.0699276212370739,-0.0696473657028185,-0.0698635921438828
1.15266666666667,-0.0699314834444847,-0.0700133806643645,-0.0697329122151655,-0.0699493227025304
1.153,-0.0700173355644032,-0.0700993723005102,-0.0698186906663479,-0.0700352855364207
1.15333333333333,-0.070103420346567,-0.0701855968912915,-0.0699047018023395,-0.0701214813919731
1.15366666666667,-0.0701897385387301,-0.0702720551854858,-0.0699909463721271,-0.0702079110186107
1.154,-0.0702762908916435,-0.0703587479348852,-0.0700774251277187,-0.0702945751687805
1.15433333333333,-0.0703630781590971,-0.0704456758943208,-0.0701641388241566,-0.0703814745979722
1.15466666666667,-0.0704501010979233,-0.0705328398216714,-0.0702510882195438,-0.0704686100647235
1.155,-0.0705373604680069,-0.0706202404778728,-0.0703382740750405,-0.0705559823306326
1.15533333333333,-0.070624857032307,-0.0707078786269376,-0.0704256971548948,-0.0706435921603875
1.15566666666667,-0.0707125915568657,-0.0707957550359712,-0.0705133582264515,-0.0707314403217676
1.156,-0.0708005648108295,-0.0708838704751845,-0.0706012580601594,-0.0708195275856593
1.15633333333333,-0.0708887775664577,-0.0709722257179063,-0.0706893974295943,-0.0709078547260801
1.15666666666667,-0.0709772305991458,-0.0710608215406007,-0.0707777771114841,-0.0709964225201842
1.157,-0.0710659246874246,-0.0711496587228848,-0.070866397885697,-0.0710852317482792
1.15733333333333,-0.0711548606129984,-0.0712387380475387,-0.0709552605352856,-0.0711742831938442
1.15766666666667,-0.0712440391607319,-0.0713280603005236,-0.0710443658464722,-0.0712635776435452
1.158,-0.0713334611186903,-0.0714176262709964,-0.0711337146086984,-0.0713531158872472
1.15833333333333,-0.0714231272781469,-0.0715074367513222,-0.0712233076146086,-0.0714428987180309
1.15866666666667,-0.0715130384335906,-0.0715974925370957,-0.0713131456600886,-0.0715329269322095
1.159,-0.0716031953827474,-0.0716877944271526,-0.0714032295442693,-0.0716232013293363
1.15933333333333,-0.0716935989265996,-0.0717783432235871,-0.0714935600695377,-0.0717137227122408
1.15966666666667,-0.0717842498693965,-0.0718691397317625,-0.0715841380415703,-0.0718044918870173
1.16,-0.071875149018667,-0.0719601847603336,-0.0716749642693325,-0.0718955096630607
1.16033333333333,-0.0719662971852473,-0.0720514791212617,-0.0717660395651046,-0.0719867768530714
1.16066666666667,-0.0720576951832827,-0.0721430236298231,-0.0718573647444874,-0.0720782942730813
1.161,-0.0721493438302516,-0.0722348191046373,-0.0719489406264287,-0.0721700627424616
1.16133333333333,-0.072241243946981,-0.0723268663676697,-0.0720407680332344,-0.072262083083938
1.16166666666667,-0.0723333963576606,-0.0724191662442628,-0.0721328477905887,-0.0723543561236157
1.162,-0.0724258018898632,-0.0725117195631331,-0.0722251807275598,-0.072446882690987
1.16233333333333,-0.072518461374555,-0.0726045271564091,-0.0723177676766337,-0.0725396636189517
1.16266666666667,-0.072611375646113,-0.0726975898596349,-0.0724106094737107,-0.0726326997438319
1.163,-0.072704545542346,-0.072790908511779,-0.072503706958139,-0.0727259919053917
1.16333333333333,-0.0727979719045143,-0.0728844839552791,-0.0725970609727236,-0.0728195409468536
1.16366666666667,-0.0728916555773314,-0.0729783170360273,-0.0726906723637405,-0.0729133477149103
1.164,-0.0729855974089953,-0.0730724086034022,-0.0727845419809634,-0.0730074130597435
1.16433333333333,-0.0730797982511999,-0.0731667595102874,-0.0728786706776712,-0.0731017378350481
1.16466666666667,-0.0731742589591523,-0.0732613706130877,-0.0729730593106652,-0.0731963228980372
1.165,-0.0732689803915919,-0.0733562427717335,-0.0730677087402957,-0.0732911691094716
1.16533333333333,-0.0733639634107992,-0.0734513768497218,-0.0731626198304677,-0.0733862773336607
1.16566666666667,-0.0734592088826258,-0.0735467737141101,-0.0732577934486669,-0.0734816484385044
1.166,-0.073554717676511,-0.0736424342355453,-0.0733532304659757,-0.0735772832954869
1.16633333333333,-0.0736504906654809,-0.0737383592882818,-0.0734489317570841,-0.0736731827797031
1.16666666666667,-0.0737465287261879,-0.0738345497501985,-0.073544898200316,-0.0737693477698811
1.167,-0.0738428327389178,-0.0739310065028083,-0.0736411306776424,-0.0738657791483938
1.16733333333333,-0.0739394035876073,-0.0740277304312921,-0.0737376300746995,-0.07396247780128
1.16766666666667,-0.074036242159866,-0.0741247224245009,-0.0738343972808067,-0.0740594446182583
1.168,-0.0741333493469955,-0.0742219833749804,-0.0739314331889881,-0.0741566804927493
1.16833333333333,-0.0742307260439963,-0.0743195141789928,-0.0740287386959872,-0.0742541863218923
1.16866666666667,-0.0743283731496019,-0.074417315736524,-0.074126314702285,-0.0743519630065656
1.169,-0.0744262915662816,-0.0745153889513167,-0.0742241621121183,-0.0744500114514002
1.16933333333333,-0.0745244822002766,-0.074613734730877,-0.0743222818335039,-0.0745483325648028
1.16966666666667,-0.0746229459615989,-0.0747123539864974,-0.0744206747782476,-0.0746469272589671
1.17,-0.0747216837640664,-0.0748112476332777,-0.0745193418619691,-0.0747457964499074
1.17033333333333,-0.07482069652531,-0.0749104165901376,-0.074618284004123,-0.0748449410574597
1.17066666666667,-0.0749199851667962,-0.0750098617798405,-0.0747175021280091,-0.074944362005315
1.171,-0.0750195506138554,-0.0751095841290157,-0.0748169971608006,-0.0750440602210288
1.17133333333333,-0.0751193937956857,-0.0752095845681627,-0.0749167700335591,-0.0751440366360424
1.17166666666667,-0.0752195156453754,-0.0753098640316905,-0.0750168216812508,-0.0752442921857039
1.172,-0.0753199170999342,-0.0754104234579232,-0.0751171530427749,-0.0753448278092958
1.17233333333333,-0.0754205991003007,-0.0755112637891227,-0.0752177650609714,-0.075445644450028
1.17266666666667,-0.0755215625913604,-0.0756123859715088,-0.0753186586826533,-0.0755467430550922
1.173,-0.0756228085219805,-0.0757137909552802,-0.0754198348586132,-0.0756481245756546
1.17333333333333,-0.0757243378450089,-0.0758154796946343,-0.075521294543654,-0.0757497899668905
1.17366666666667,-0.0758261515173135,-0.0759174531477766,-0.075623038696601,-0.0758517401879944
1.174,-0.0759282504997839,-0.0760197122769634,-0.0757250682803259,-0.0759539762022072
1.17433333333333,-0.0760306357573693,-0.0761222580484948,-0.0758273842617754,-0.0760564989768336
1.17466666666667,-0.0761333082590822,-0.0762250914327607,-0.0759299876119662,-0.076159309483269
1.175,-0.0762362689780334,-0.0763282134042372,-0.0760328793060359,-0.0762624086969996
1.17533333333333,-0.0763395188914417,-0.0764316249415299,-0.0761360603232435,-0.0763657975976521
1.17566666666667,-0.0764430589806588,-0.0765353270273679,-0.0762395316469957,-0.0764694771689873
1.176,-0.0765468902311911,-0.0766393206486574,-0.0763432942648702,-0.0765734483989414
1.17633333333333,-0.0766510136327149,-0.0767436067964722,-0.0764473491686315,-0.0766777122796296
1.17666666666667,-0.0767554301791034,-0.0768481864660918,-0.0765516973542551,-0.0767822698073857
1.177,-0.0768601408684466,-0.0769530606570157,-0.0766563398219521,-0.0768871219827645
1.17733333333333,-0.0769651467030695,-0.0770582303729863,-0.0767612775761822,-0.0769922698105733
1.17766666666667,-0.0770704486895568,-0.0771636966220189,-0.0768665116256823,-0.0770977142998945
1.178,-0.0771760478387703,-0.0772694604164021,-0.0769720429834799,-0.0772034564641021
1.17833333333333,-0.0772819451658736,-0.0773755227727395,-0.0770778726669289,-0.0773094973208872
1.17866666666667,-0.0773881416903506,-0.0774818847119605,-0.0771840016977119,-0.0774158378922726
1.179,-0.0774946384360367,-0.0775885472593526,-0.0772904311018837,-0.0775224792046462
1.17933333333333,-0.0776014364311266,-0.0776955114445619,-0.07739716190987,-0.0776294222887706
1.17966666666667,-0.0777085367081991,-0.0778027783016459,-0.0775041951565137,-0.0777366681798164
1.18,-0.0778159403042568,-0.0779103488690669,-0.0776115318810748,-0.0778442179173783
1.18033333333333,-0.0779236482607247,-0.078018224189734,-0.0777191731272695,-0.0779520725454951
1.18066666666667,-0.0780316616234836,-0.0781264053110128,-0.0778271199432858,-0.0780602331126773
1.181,-0.07813998144289,-0.0782348932847539,-0.0779353733818034,-0.0781687006719288
1.18133333333333,-0.0782486087738089,-0.0783436891673195,-0.0780439345000256,-0.0782774762807695
1.18166666666667,-0.0783575446756182,-0.0784527940195977,-0.0781528043596877,-0.0783865610012495
1.182,-0.0784667902122505,-0.0785622089070276,-0.0782619840270957,-0.0784959558999941
1.18233333333333,-0.0785763464521991,-0.0786719348996281,-0.0783714745731404,-0.0786056620481997
1.18266666666667,-0.0786862144685516,-0.07878197307202,-0.0784812770733252,-0.07871568052168
1.183,-0.0787963953390148,-0.0788923245034354,-0.078591392607784,-0.0788260124008694
1.18333333333333,-0.0789068901459293,-0.079002990277763,-0.0787018222613081,-0.0789366587708691
1.18366666666667,-0.0790176999763028,-0.0791139714835572,-0.0788125671233732,-0.0790476207214472
1.184,-0.0791288259218239,-0.0792252692140639,-0.078923628288152,-0.0791588993470829
1.18433333333333,-0.0792402690788955,-0.0793368845672527,-0.079035006854559,-0.0792704957469712
1.18466666666667,-0.0793520305486514,-0.0794488186458273,-0.0791467039262482,-0.0793824110250743
1.185,-0.0794641114369861,-0.0795610725572597,-0.0792587206116625,-0.0794946462901087
1.18533333333333,-0.0795765128545755,-0.0796736474138124,-0.0793710580240443,-0.0796072026556029
1.18566666666667,-0.0796892359169009,-0.0797865443325632,-0.0794837172814504,-0.0797200812399066
1.186,-0.079802281744278,-0.0798997644354235,-0.0795966995068067,-0.079833283166213
1.18633333333333,-0.0799156514618757,-0.0800133088491782,-0.0797100058279046,-0.0799468095625945
1.18666666666667,-0.080029346199747,-0.0801271787054929,-0.0798236373774363,-0.0800606615620191
1.187,-0.0801433670928497,-0.0802413751409481,-0.0799375952930292,-0.0801748403023742
1.18733333333333,-0.0802577152810711,-0.0803558992970656,-0.0800518807172526,-0.0802893469265009
1.18766666666667,-0.0803723919092595,-0.0804707523203356,-0.0801664947976573,-0.0804041825822148
1.188,-0.0804873981272406,-0.0805859353622278,-0.0802814386867972,-0.0805193484223255
1.18833333333333,-0.0806027350898524,-0.0807014495792362,-0.0803967135422528,-0.0806348456046749
1.18866666666667,-0.0807184039569625,-0.0808172961328908,-0.0805123205266645,-0.0807506752921477
1.189,-0.080834405893503,-0.0809334761897949,-0.0806282608077421,-0.0808668386527125
1.18933333333333,-0.0809507420694847,-0.0810499909216418,-0.080744535558317,-0.08098333685944
1.18966666666667,-0.081067413660036,-0.0811668415052415,-0.0808611459563442,-0.0811001710905291
1.19,-0.0811844218454231,-0.0812840291225591,-0.0809780931849417,-0.0812173425293338
1.19033333333333,-0.0813017678110714,-0.0814015549607245,-0.081095378432413,-0.0813348523643996
1.19066666666667,-0.0814194527476069,-0.0815194202120721,-0.0812130028922752,-0.0814527017894703
1.191,-0.0815374778508661,-0.0816376260741593,-0.0813309677632887,-0.0815708920035325
1.19133333333333,-0.0816558443219373,-0.0817561737497989,-0.0814492742494787,-0.081689424210839
1.19166666666667,-0.0817745533671764,-0.081875064447092,-0.081567923560167,-0.0818082996209279
1.192,-0.0818936061982446,-0.0819942993794346,-0.0816869169099995,-0.0819275194486624
1.19233333333333,-0.0820130040321256,-0.082113879765567,-0.0818062555189689,-0.0820470849142534
1.19266666666667,-0.0821327480911608,-0.0822338068295945,-0.081925940612451,-0.0821669972432754
1.193,-0.0822528396030744,-0.0823540818010102,-0.0820459734212257,-0.0822872576667164
1.19333333333333,-0.0823732798010042,-0.0824747059147283,-0.0821663551815035,-0.0824078674209893
1.19366666666667,-0.0824940699235252,-0.0825956804111119,-0.0822870871349689,-0.0825288277479707
1.194,-0.0826152112146824,-0.0827170065360006,-0.0824081705287862,-0.0826501398950206
1.19433333333333,-0.0827367049240132,-0.0828386855407363,-0.0825296066156464,-0.0827718051150159
1.19466666666667,-0.0828585523065822,-0.0829607186822014,-0.0826513966537881,-0.0828938246663839
1.195,-0.0829807546230135,-0.0830831072228358,-0.0827735419070318,-0.0830161998131153
1.19533333333333,-0.0831033131395047,-0.0832058524306696,-0.0828960436447982,-0.0831389318248113
1.19566666666667,-0.0832262291278706,-0.0833289555793594,-0.0830189031421561,-0.083262021976708
1.196,-0.0833495038655712,-0.0834524179482119,-0.0831421216798257,-0.0833854715496961
1.19633333333333,-0.0834731386357352,-0.0835762408222102,-0.0832657005442415,-0.0835092818303663
1.19666666666667,-0.0835971347271882,-0.0837004254920517,-0.0833896410275516,-0.0836334541110276
1.197,-0.083721493434494,-0.0838249732541761,-0.0835139444276592,-0.0837579896897392
1.19733333333333,-0.0838462160579732,-0.0839498854107871,-0.0836386120482698,-0.0838828898703466
1.19766666666667,-0.0839713039037398,-0.0840751632698909,-0.0837636451988935,-0.0840081559625042
1.198,-0.0840967582837299,-0.0842008081453299,-0.0838890451948903,-0.084133789281712
1.19833333333333,-0.084222580515735,-0.0843268213568046,-0.0840148133575006,-0.0842597911493477
1.19866666666667,-0.0843487719234225,-0.0844532042299126,-0.0841409510138776,-0.0843861628926864
1.199,-0.0844753338363894,-0.0845799580961693,-0.0842674594971128,-0.0845129058449453
1.19933333333333,-0.0846022675901607,-0.0847070842930544,-0.0843943401462739,-0.0846400213453121
1.19966666666667,-0.0847295745262509,-0.0848345841640221,-0.0845215943064313,-0.084767510738967
1.2,-0.084857255992185,-0.0849624590585647,-0.0846492233286921,-0.0848953753771292
1.20033333333333,-0.0849853133415197,-0.0850907103322065,-0.0847772285702304,-0.0850236166170736
1.20066666666667,-0.0851137479338961,-0.0852193393465647,-0.0849056113943261,-0.0851522358221825
1.201,-0.0852425611350506,-0.0853483474693723,-0.0850343731703879,-0.0852812343619495
1.20133333333333,-0.0853717543168644,-0.0854777360745022,-0.0851635152739952,-0.0854106136120475
1.20166666666667,-0.0855013288573869,-0.085607506542016,-0.0852930390869209,-0.0855403749543287
1.202,-0.0856312861408735,-0.0857376602581878,-0.0854229459971722,-0.0856705197768778
1.20233333333333,-0.0857616275578107,-0.0858681986155299,-0.0855532373990228,-0.0858010494740368
1.20266666666667,-0.0858923545049605,-0.0859991230128481,-0.0856839146930443,-0.0859319654464491
1.203,-0.0860234683853814,-0.0861304348552505,-0.0858149792861431,-0.0860632691010727
1.20333333333333,-0.086154970608478,-0.0862621355541967,-0.0859464325915889,-0.0861949618512325
1.20366666666667,-0.0862868625900197,-0.0863942265275232,-0.086078276029053,-0.0863270451166492
1.204,-0.0864191457521794,-0.0865267091994884,-0.0862105110246383,-0.0864595203234702
1.20433333333333,-0.0865518215235725,-0.0866595850007969,-0.0863431390109243,-0.0865923889043088
1.20466666666667,-0.0866848913392843,-0.0867928553686369,-0.0864761614269872,-0.0867256522982707
1.205,-0.0868183566409157,-0.0869265217467123,-0.086609579718447,-0.0868593119510032
1.20533333333333,-0.0869522188766044,-0.08706058558529,-0.0867433953374976,-0.0869933693147119
1.20566666666667,-0.0870864795010681,-0.087195048341216,-0.0868776097429407,-0.0871278258482158
1.206,-0.0872211399756417,-0.0873299114779661,-0.0870122244002212,-0.0872626830169639
1.20633333333333,-0.087356201768299,-0.0874651764656754,-0.0871472407814722,-0.0873979422930869
1.20666666666667,-0.0874916663537129,-0.0876008447811755,-0.0872826603655356,-0.0875336051554221
1.207,-0.087627535213272,-0.0877369179080297,-0.087418484638013,-0.0876696730895531
1.20733333333333,-0.0877638098351188,-0.0878733973365706,-0.0875547150912923,-0.0878061475878532
1.20766666666667,-0.0879004917141929,-0.0880102845639319,-0.0876913532245888,-0.0879430301495101
1.208,-0.088037582352269,-0.088147581094094,-0.0878284005439875,-0.0880803222805668
1.20833333333333,-0.0881750832579809,-0.0882852884379163,-0.0879658585624644,-0.0882180254939648
1.20866666666667,-0.0883129959468692,-0.0884234081131683,-0.088103728799937,-0.0883561413095796
1.209,-0.0884513219414275,-0.0885619416445801,-0.0882420127833059,-0.0884946712542481
1.20933333333333,-0.0885900627711134,-0.0887008905638724,-0.0883807120464761,-0.0886336168618167
1.20966666666667,-0.0887292199724143,-0.0888402564097873,-0.0885198281304115,-0.0887729796731845
1.21,-0.0888687950888694,-0.0889800407281443,-0.0886593625831606,-0.0889127612363221
1.21033333333333,-0.0890087896711118,-0.0891202450718654,-0.0887993169599077,-0.0890529631063322
1.21066666666667,-0.0891492052769065,-0.0892608710010121,-0.0889396928229993,-0.0891935868454679
1.211,-0.0892900434711933,-0.089401920082837,-0.0890804917419904,-0.08933463402319
1.21133333333333,-0.0894313058261208,-0.0895433938918115,-0.0892217152936865,-0.0894761062161988
1.21166666666667,-0.0895729939210912,-0.0896852940096712,-0.0893633650621756,-0.0896180050084668
1.212,-0.0897151093427912,-0.0898276220254492,-0.0895054426388731,-0.0897603319912914
1.21233333333333,-0.0898576536852407,-0.0899703795355233,-0.089647949622559,-0.0899030887633255
1.21266666666667,-0.0900006285498278,-0.0901135681436553,-0.0897908876194188,-0.0900462769306221
1.213,-0.0901440355453546,-0.0902571894610259,-0.0899342582430934,-0.0901898981066674
1.21333333333333,-0.0902878762880688,-0.0904012451062784,-0.0900780631147015,-0.0903339539124383
1.21366666666667,-0.0904321524017096,-0.0905457367055597,-0.0902223038628954,-0.0904784459764245
1.214,-0.0905768655175589,-0.0906906658925708,-0.0903669821238987,-0.0906233759346834
1.21433333333333,-0.0907220172744558,-0.0908360343085814,-0.0905120995415464,-0.0907687454308729
1.21466666666667,-0.0908676093188705,-0.0909818436025103,-0.0906576577673316,-0.0909145561162973
1.215,-0.0910136433049227,-0.0911280954309282,-0.0908036584604346,-0.0910608096499496
1.21533333333333,-0.091160120894437,-0.0912747914581281,-0.0909501032877847,-0.0912075076985544
1.21566666666667,-0.0913070437569706,-0.0914219333561597,-0.0910969939240888,-0.0913546519366129
1.216,-0.0914544135698793,-0.0915695228048637,-0.0912443320518782,-0.0915022440464334
1.21633333333333,-0.0916022320183402,-0.0917175614919255,-0.0913921193615514,-0.0916502857181901
1.21666666666667,-0.0917505007953953,-0.0918660511129143,-0.0915403575514218,-0.0917987786499551
1.217,-0.0918992216020122,-0.0920149933713259,-0.0916890483277565,-0.0919477245477594
1.21733333333333,-0.0920483961471144,-0.0921643899786346,-0.091838193404826,-0.0920971251256051
1.21766666666667,-0.0921980261476234,-0.0923142426543176,-0.0919877945049375,-0.0922469821055458
1.218,-0.0923481133285121,-0.0924645531259263,-0.0921378533584924,-0.092397297217709
1.21833333333333,-0.0924986594228413,-0.0926153231291057,-0.0922883717040247,-0.0925480722003438
1.21866666666667,-0.0926496661718162,-0.0927665544076605,-0.0924393512882489,-0.0926993087998752
1.219,-0.0928011353248159,-0.0929182487135854,-0.0925907938661018,-0.0928510087709397
1.21933333333333,-0.092953068639454,-0.093070407807118,-0.0927427012007954,-0.0930031738764327
1.21966666666667,-0.0931054678816098,-0.0932230334567841,-0.0928950750638532,-0.0931558058875631
1.22,-0.0932583348254871,-0.0933761274394392,-0.0930479172351654,-0.0933089065838836
1.22033333333333,-0.0934116712536564,-0.093529691540322,-0.0932012295030289,-0.0934624777533606
1.22066666666667,-0.093565478957098,-0.0936837275530989,-0.0933550136642057,-0.093616521192395
1.221,-0.0937197597352507,-0.0938382372799018,-0.0935092715239527,-0.093771038705887
1.22133333333333,-0.09387451539607,-0.0939932225313992,-0.0936640048960865,-0.093926032107282
1.22166666666667,-0.0940297477560535,-0.0941486851268131,-0.0938192156030182,-0.0940815032186106
1.222,-0.0941854586403071,-0.0943046268939903,-0.0939749054758134,-0.0942374538705413
1.22233333333333,-0.09434164988259,-0.0944610496694414,-0.0941310763542255,-0.0943938859024344
1.22266666666667,-0.0944983233253563,-0.0946179552983896,-0.0942877300867701,-0.0945508011623784
1.223,-0.0946554808198109,-0.0947753456348262,-0.0944448685307439,-0.0947082015072528
1.22333333333333,-0.0948131242259569,-0.0949332225415475,-0.0946024935522927,-0.0948660888027684
1.22366666666667,-0.0949712554126429,-0.0950915878902166,-0.0947606070264606,-0.0950244649235242
1.224,-0.0951298762576124,-0.0952504435614052,-0.0949192108372332,-0.0951833317530447
1.22433333333333,-0.0952889886475646,-0.0954097914446529,-0.095078306877593,-0.095342691183842
1.22466666666667,-0.0954485944781878,-0.0955696334385042,-0.09523789704957,-0.0955025451174697
1.225,-0.0956086956542198,-0.0957299714505737,-0.0953979832642932,-0.0956628954645583
1.22533333333333,-0.0957692940895043,-0.0958908073975889,-0.0955585674420395,-0.095823744144887
1.22566666666667,-0.0959303917070237,-0.0960521432054422,-0.0957196515122863,-0.0959850930874125
1.226,-0.096091990438979,-0.0962139808092441,-0.0958812374137649,-0.0961469442303443
1.22633333333333,-0.0962540922268166,-0.0963763221533791,-0.0960433270945155,-0.0963092995211777
1.22666666666667,-0.0964166990212936,-0.0965391691915513,-0.0962059225119355,-0.0964721609167594
1.227,-0.0965798127825237,-0.096702523886848,-0.0963690256328337,-0.0966355303833358
1.22733333333333,-0.0967434354800429,-0.0968663882117778,-0.0965326384334904,-0.0967994098966093
1.22766666666667,-0.0969075690928452,-0.0970307641483347,-0.0966967628996976,-0.0969638014417829
1.228,-0.097072215609449,-0.0971956536880554,-0.0968614010268285,-0.0971287070136256
1.22833333333333,-0.0972373770279567,-0.0973610588320598,-0.0970265548198842,-0.097294128616526
1.22866666666667,-0.0974030553560843,-0.0975269815911244,-0.0971922262935504,-0.0974600682645389
1.229,-0.0975692526112467,-0.0976934239857158,-0.0973584174722465,-0.0976265279814492
1.22933333333333,-0.0977359708205961,-0.0978603880460659,-0.0975251303901996,-0.0977935098008219
1.22966666666667,-0.0979032120210793,-0.0980278758122205,-0.0976923670914754,-0.097961015766063
1.23,-0.0980709782594928,-0.0981958893340878,-0.0978601296300558,-0.0981290479304664
1.23033333333333,-0.0982392715925501,-0.0983644306715047,-0.0980284200698854,-0.0982976083572872
1.23066666666667,-0.0984080940869212,-0.0985335018942917,-0.0981972404849352,-0.0984666991197821
1.231,-0.0985774478193059,-0.0987031050823086,-0.0983665929592483,-0.0986363223012758
1.23133333333333,-0.0987473348764807,-0.0988732423255115,-0.0985364795870126,-0.0988064799952219
1.23166666666667,-0.0989177573553619,-0.0990439157240167,-0.098706902472615,-0.09897717430525
1.232,-0.099088717363063,-0.0992151273881484,-0.098877863730687,-0.0991484073452302
1.23233333333333,-0.0992602170169541,-0.0993868794385066,-0.0990493654861855,-0.0993201812393383
1.23266666666667,-0.0994322584447142,-0.099559174006026,-0.099221409874439,-0.0994924981221094
1.233,-0.0996048437844057,-0.0997320132320288,-0.0993939990412089,-0.0996653601384938
1.23333333333333,-0.0997779751845196,-0.0999053992682947,-0.0995671351427482,-0.0998387694439272
1.23366666666667,-0.0999516548040412,-0.10007933427711,-0.0997408203458756,-0.100012728204379
1.234,-0.100125884812515,-0.100253820431339,-0.099915056828018,-0.100187238596426
1.23433333333333,-0.100300667390094,-0.100428859914479,-0.100089846777287,-0.10036230280731
1.23466666666667,-0.100476004727623,-0.100604454920723,-0.10026519239253,-0.100537923034986
1.235,-0.100651899026673,-0.100780607655021,-0.100441095883398,-0.100714101488214
1.23533333333333,-0.100828352499625,-0.100957320333149,-0.10061755947041,-0.100890840386592
1.23566666666667,-0.101005367369723,-0.101134595181764,-0.100794585385017,-0.101068141960631
1.236,-0.101182945871139,-0.101312434438467,-0.100972175869658,-0.101246008451829
1.23633333333333,-0.10136109024904,-0.101490840351876,-0.101150333177832,-0.101424442112715
1.23666666666667,-0.101539802759648,-0.101669815181681,-0.101329059574165,-0.101603445206929
1.237,-0.101719085670301,-0.10184936119871,-0.101508357334461,-0.101783020009276
1.23733333333333,-0.101898941259534,-0.102029480684999,-0.101688228745783,-0.101963168805805
1.23766666666667,-0.10207937181712,-0.10221017593386,-0.10186867610651,-0.102143893893861
1.238,-0.102260379644156,-0.102391449249927,-0.102049701726406,-0.102325197582156
1.23833333333333,-0.102441967053122,-0.102573302949247,-0.102231307926694,-0.102507082190841
1.23866666666667,-0.102624136367949,-0.102755739359338,-0.102413497040101,-0.102689550051564
1.239,-0.102806889924082,-0.102938760819248,-0.102596271410957,-0.102872603507548
1.23933333333333,-0.102990230068554,-0.103122369679639,-0.102779633395239,-0.103056244913643
1.23966666666667,-0.103174159160048,-0.103306568302839,-0.102963585360649,-0.103240476636413
1.24,-0.103358679568969,-0.103491359062919,-0.103148129686685,-0.103425301054201
1.24033333333333,-0.103543793677516,-0.103676744345761,-0.103333268764704,-0.103610720557184
1.24066666666667,-0.103729503879745,-0.103862726549134,-0.103519004997995,-0.103796737547456
1.241,-0.103915812581643,-0.104049308082747,-0.103705340801857,-0.103983354439096
1.24133333333333,-0.104102722201197,-0.104236491368336,-0.103892278603657,-0.104170573658245
1.24166666666667,-0.104290235168465,-0.10442427883973,-0.104079820842914,-0.104358397643157
1.242,-0.10447835392565,-0.104612672942927,-0.104267969971356,-0.1045468288443
1.24233333333333,-0.104667080927172,-0.104801676136146,-0.104456728453011,-0.104735869724403
1.24266666666667,-0.104856418639726,-0.104991290889932,-0.10464609876427,-0.104925522758544
1.243,-0.105046369542385,-0.105181519687199,-0.104836083393953,-0.105115790434208
1.24333333333333,-0.105236936126644,-0.105372365023323,-0.105026684843401,-0.105306675251386
1.24366666666667,-0.105428120896508,-0.105563829406207,-0.105217905626539,-0.105498179722627
1.244,-0.105619926368562,-0.105755915356359,-0.105409748269943,-0.105690306373116
1.24433333333333,-0.105812355072052,-0.105948625406965,-0.105602215312946,-0.105883057740764
1.24466666666667,-0.106005409548954,-0.106141962103965,-0.105795309307671,-0.106076436376262
1.245,-0.106199092354054,-0.106335928006132,-0.105989032819145,-0.106270444843179
1.24533333333333,-0.106393406055017,-0.106530525685142,-0.106183388425362,-0.106465085718025
1.24566666666667,-0.106588353232479,-0.106725757725664,-0.106378378717349,-0.106660361590328
1.246,-0.106783936480108,-0.106921626725417,-0.106574006299267,-0.106856275062724
1.24633333333333,-0.106980158404691,-0.107118135295274,-0.106770273788475,-0.107052828751026
1.24666666666667,-0.107177021626215,-0.107315286059315,-0.106967183815609,-0.107250025284305
1.247,-0.107374528777938,-0.107513081654926,-0.107164739024669,-0.107447867304964
1.24733333333333,-0.107572682506474,-0.107711524732872,-0.107362942073099,-0.107646357468835
1.24766666666667,-0.107771485471873,-0.107910617957371,-0.107561795631859,-0.10784549844524
1.248,-0.107970940347703,-0.108110364006186,-0.107761302385516,-0.108045292917087
1.24833333333333,-0.108171049821123,-0.108310765570704,-0.107961465032322,-0.108245743580941
1.24866666666667,-0.108371816592978,-0.108511825356007,-0.108162286284304,-0.108446853147119
1.249,-0.108573243377874,-0.10871354608097,-0.108363768867325,-0.108648624339753
1.24933333333333,-0.108775332904263,-0.108915930478335,-0.108565915521204,-0.108851059896903
1.24966666666667,-0.10897808791452,-0.109118981294805,-0.108768728999763,-0.109054162570612
1.25,-0.10918151116504,-0.109322701291105,-0.108972212070941,-0.109257935127009
1.25033333333333,-0.109385605426312,-0.109527093242099,-0.109176367516864,-0.109462380346389
1.25066666666667,-0.109590373483011,-0.109732159936854,-0.109381198133931,-0.109667501023294
1.251,-0.109795818134083,-0.109937904178727,-0.109586706732913,-0.109873299966609
1.25133333333333,-0.110001942192826,-0.110144328785469,-0.10979289613903,-0.110079779999648
1.25166666666667,-0.110208748486981,-0.110351436589285,-0.109999769192038,-0.110286943960228
1.252,-0.110416239858828,-0.110559230436949,-0.110207328746326,-0.11049479470078
1.25233333333333,-0.11062441916526,-0.110767713189879,-0.110415577670997,-0.110703335088418
1.25266666666667,-0.110833289277881,-0.110976887724223,-0.110624518849968,-0.11091256800504
1.253,-0.111042853083098,-0.111186756930963,-0.110834155182046,-0.111122496347412
1.25333333333333,-0.1112531134822,-0.111397323715988,-0.11104448958104,-0.111333123027271
1.25366666666667,-0.111464073391464,-0.111608591000202,-0.111255524975826,-0.111544450971397
1.254,-0.111675735742231,-0.111820561719599,-0.111467264310464,-0.111756483121725
1.25433333333333,-0.111888103481015,-0.112033238825379,-0.111679710544279,-0.11196922243542
1.25466666666667,-0.112101179569584,-0.112246625284011,-0.11189286665196,-0.112182671884989
1.255,-0.112314966985054,-0.112460724077353,-0.112106735623643,-0.112396834458357
1.25533333333333,-0.112529468719991,-0.112675538202734,-0.11232132046503,-0.112611713158981
1.25566666666667,-0.1127446877825,-0.112891070673049,-0.112536624197454,-0.11282731100593
1.256,-0.11296062719632,-0.113107324516859,-0.112752649858005,-0.11304363103398
1.25633333333333,-0.113177290000927,-0.113324302778487,-0.112969400499606,-0.113260676293731
1.25666666666667,-0.113394679251623,-0.113542008518111,-0.113186879191121,-0.113478449851683
1.257,-0.113612798019634,-0.113760444811866,-0.113405089017451,-0.113696954790348
1.25733333333333,-0.113831649392224,-0.113979614751948,-0.113624033079641,-0.113916194208337
1.25766666666667,-0.114051236472768,-0.114199521446696,-0.113843714494959,-0.114136171220471
1.258,-0.114271562380873,-0.114420168020711,-0.114064136397024,-0.114356888957883
1.25833333333333,-0.114492630252472,-0.114641557614943,-0.11428530193589,-0.114578350568096
1.25866666666667,-0.114714443239919,-0.114863693386806,-0.114507214278148,-0.114800559215164
1.259,-0.114937004512101,-0.115086578510266,-0.114729876607044,-0.115023518079738
1.25933333333333,-0.115160317254536,-0.115310216175953,-0.114953292122562,-0.115247230359191
1.25966666666667,-0.115384384669476,-0.115534609591263,-0.115177464041546,-0.115471699267712
1.26,-0.11560920997601,-0.115759761980456,-0.115402395597794,-0.115696928036418
1.26033333333333,-0.115834796410176,-0.115985676584778,-0.115628090042175,-0.115922919913456
1.26066666666667,-0.116061147225055,-0.116212356662545,-0.115854550642721,-0.116149678164104
1.261,-0.116288265690891,-0.116439805489263,-0.116081780684747,-0.116377206070893
1.26133333333333,-0.116516155095187,-0.116668026357739,-0.116309783470955,-0.1166055069337
1.26166666666667,-0.116744818742819,-0.116897022578174,-0.116538562321542,-0.116834584069861
1.262,-0.116974259956143,-0.117126797478289,-0.11676812057431,-0.117064440814291
1.26233333333333,-0.117204482075106,-0.117357354403423,-0.11699846158478,-0.117295080519576
1.26266666666667,-0.117435488457352,-0.11758869671665,-0.117229588726305,-0.117526506556101
1.263,-0.117667282478342,-0.117820827798883,-0.117461505390169,-0.117758722312144
1.26333333333333,-0.117899867531456,-0.118053751049002,-0.117694214985715,-0.117991731194013
1.26366666666667,-0.118133247028114,-0.118287469883945,-0.117927720940458,-0.118225536626139
1.264,-0.118367424397881,-0.11852198773884,-0.118162026700186,-0.118460142051198
1.26433333333333,-0.118602403088592,-0.118757308067114,-0.118397135729098,-0.118695550930226
1.26466666666667,-0.11883818656646,-0.118993434340603,-0.118633051509894,-0.118931766742736
1.265,-0.119074778316191,-0.119230370049676,-0.118869777543915,-0.119168792986831
1.26533333333333,-0.119312181841111,-0.119468118703349,-0.119107317351248,-0.119406633179332
1.26566666666667,-0.119550400663269,-0.119706683829403,-0.119345674470854,-0.119645290855878
1.266,-0.119789438323566,-0.119946068974506,-0.119584852460679,-0.119884769571066
1.26633333333333,-0.120029298381881,-0.120186277704325,-0.119824854897785,-0.120125072898557
1.26666666666667,-0.120269984417165,-0.12042731360366,-0.120065685378456,-0.12036620443121
1.267,-0.120511500027601,-0.120669180276546,-0.120307347518337,-0.120608167781186
1.26733333333333,-0.120753848830687,-0.120911881346402,-0.120549844952554,-0.120850966580093
1.26766666666667,-0.120997034463389,-0.12115542045613,-0.120793181335831,-0.121094604479093
1.268,-0.121241060582249,-0.121399801268246,-0.121037360342619,-0.121339085149031
1.26833333333333,-0.121485930863517,-0.121645027465018,-0.121282385667226,-0.121584412280569
1.26866666666667,-0.121731649003271,-0.121891102748575,-0.121528261023943,-0.121830589584301
1.269,-0.121978218717549,-0.12213803084105,-0.121774990147163,-0.122077620790891
1.26933333333333,-0.122225643742476,-0.122385815484683,-0.122022576791528,-0.122325509651193
1.26966666666667,-0.122473927834391,-0.122634460441988,-0.12227102473204,-0.122574259936387
1.27,-0.122723074769979,-0.122883969495844,-0.122520337764208,-0.122823875438107
1.27033333333333,-0.122973088346398,-0.123134346449649,-0.122770519704167,-0.123074359968571
1.27066666666667,-0.123223972381414,-0.123385595127452,-0.123021574388818,-0.123325717360719
1.271,-0.123475730713529,-0.123637719374073,-0.123273505675965,-0.123577951468337
1.27133333333333,-0.123728367202123,-0.123890723055246,-0.123526317444442,-0.123831066166203
1.27166666666667,-0.12398188572758,-0.124144610057753,-0.123780013594252,-0.124085065350212
1.272,-0.124236290191427,-0.124399384289558,-0.124034598046711,-0.124339952937526
1.27233333333333,-0.124491584516476,-0.124655049679945,-0.124290074744575,-0.124595732866692
1.27266666666667,-0.124747772646946,-0.124911610179654,-0.12454644765218,-0.124852409097795
1.273,-0.125004858548622,-0.125169069761024,-0.124803720755593,-0.125109985612605
1.27333333333333,-0.125262846208977,-0.125427432418125,-0.12506189806275,-0.125368466414688
1.27366666666667,-0.125521739637322,-0.125686702166911,-0.125320983603583,-0.125627855529581
1.274,-0.125781542864954,-0.125946883045355,-0.125580981430185,-0.125888157004917
1.27433333333333,-0.126042259945275,-0.126207979113587,-0.125841895616938,-0.126149374910568
1.27466666666667,-0.126303894953965,-0.12646999445405,-0.126103730260667,-0.126411513338799
1.275,-0.126566451989111,-0.126732933171633,-0.126366489480786,-0.126674576404409
1.27533333333333,-0.12682993517135,-0.126996799393828,-0.126630177419442,-0.126938568244875
1.27566666666667,-0.127094348644028,-0.127261597270877,-0.126894798241667,-0.127203493020505
1.276,-0.12735969657334,-0.127527330975902,-0.127160356135527,-0.127469354914592
1.27633333333333,-0.127625983148481,-0.127794004705087,-0.12742685531227,-0.127736158133548
1.27666666666667,-0.127893212581799,-0.1280616226778,-0.127694300006488,-0.128003906907076
1.277,-0.128161389108943,-0.128330189136759,-0.127962694476256,-0.128272605488306
1.27733333333333,-0.128430516989018,-0.128599708348188,-0.128232043003297,-0.128542258153961
1.27766666666667,-0.128700600504741,-0.128870184601953,-0.128502349893136,-0.128812869204506
1.278,-0.128971643962589,-0.129141622211747,-0.128773619475254,-0.129084442964301
1.27833333333333,-0.129243651692967,-0.129414025515214,-0.129045856103251,-0.129356983781771
1.27866666666667,-0.129516628050352,-0.129687398874133,-0.129319064154997,-0.129630496029549
1.279,-0.129790577413464,-0.129961746674565,-0.129593248032799,-0.129904984104648
1.27933333333333,-0.130065504185415,-0.130237073327014,-0.129868412163564,-0.130180452428619
1.27966666666667,-0.130341412793881,-0.130513383266586,-0.130144560998958,-0.130456905447706
1.28,-0.130618307691255,-0.130790680953166,-0.130421699015573,-0.130734347633026
1.28033333333333,-0.130896193354813,-0.131068970871558,-0.130699830715086,-0.13101278348071
1.28066666666667,-0.131175074286888,-0.131348257531676,-0.130978960624433,-0.131292217512091
1.281,-0.131454955015022,-0.131628545468692,-0.131259093295982,-0.131572654273867
1.28133333333333,-0.131735840092139,-0.13190983924321,-0.131540233307687,-0.131854098338259
1.28166666666667,-0.132017734096724,-0.132192143441435,-0.131822385263269,-0.132136554303187
1.282,-0.13230064163297,-0.132475462675347,-0.132105553792386,-0.13242002679245
1.28233333333333,-0.132584567330975,-0.132759801582865,-0.132389743550806,-0.132704520455882
1.28266666666667,-0.132869515846897,-0.133045164828029,-0.132674959220583,-0.132990039969542
1.283,-0.133155491863134,-0.133331557101162,-0.132961205510231,-0.133276590035874
1.28333333333333,-0.1334425000885,-0.133618983119063,-0.133248487154904,-0.133564175383897
1.28366666666667,-0.133730545258401,-0.133907447625164,-0.133536808916568,-0.133852800769384
1.284,-0.134019632135008,-0.134196955389727,-0.13382617558419,-0.134142470975019
1.28433333333333,-0.134309765507449,-0.134487511210014,-0.134116591973918,-0.134433190810607
1.28466666666667,-0.134600950191971,-0.134779119910462,-0.134408062929248,-0.134724965113238
1.285,-0.13489319103215,-0.135071786342888,-0.134700593321244,-0.135017798747478
1.28533333333333,-0.135186492899039,-0.135365515386645,-0.13499418804868,-0.135311696605549
1.28566666666667,-0.13548086069138,-0.135660311948828,-0.135288852038264,-0.13560666360752
1.286,-0.135776299335785,-0.135956180964447,-0.135584590244801,-0.135902704701494
1.28633333333333,-0.136072813786916,-0.136253127396633,-0.135881407651399,-0.136199824863792
1.28666666666667,-0.13637040902768,-0.136551156236804,-0.136179309269655,-0.136498029099155
1.287,-0.136669090069423,-0.13685027250488,-0.136478300139848,-0.136797322440926
1.28733333333333,-0.136968861952114,-0.13715048124946,-0.136778385331128,-0.137097709951248
1.28766666666667,-0.137269729744546,-0.137451787548019,-0.137079569941733,-0.137399196721258
1.288,-0.137571698544527,-0.137754196507115,-0.137381859099158,-0.137701787871288
1.28833333333333,-0.137874773479084,-0.138057713262565,-0.137685257960371,-0.13800548855106
1.28866666666667,-0.138178959704647,-0.138362342979666,-0.137989771712015,-0.138310303939881
1.289,-0.138484262407268,-0.138668090853383,-0.138295405570608,-0.138616239246858
1.28933333333333,-0.138790686802807,-0.138974962108553,-0.138602164782737,-0.138923299711086
1.28966666666667,-0.139098238137144,-0.13928296200009,-0.138910054625285,-0.139231490601872
1.29,-0.139406921686378,-0.139592095813192,-0.139219080405613,-0.139540817218913
1.29033333333333,-0.139716742757037,-0.13990236886354,-0.139529247461789,-0.139851284892535
1.29066666666667,-0.140027706686287,-0.140213786497518,-0.139840561162788,-0.140162898983878
1.291,-0.140339818842137,-0.140526354092416,-0.140153026908707,-0.140475664885127
1.29133333333333,-0.140653084623654,-0.14084007705664,-0.140466650130984,-0.140789588019707
1.29166666666667,-0.140967509461178,-0.141154960829933,-0.140781436292604,-0.141104673842511
1.292,-0.141283098816533,-0.141471010883582,-0.141097390888323,-0.141420927840115
1.29233333333333,-0.141599858183242,-0.141788232720643,-0.141414519444884,-0.141738355530988
1.29266666666667,-0.141917793086743,-0.142106631876146,-0.14173282752124,-0.142056962465715
1.293,-0.142236909084627,-0.14242621391734,-0.142052320708778,-0.142376754227227
1.29333333333333,-0.142557211766833,-0.142746984443885,-0.142373004631537,-0.142697736431011
1.29366666666667,-0.142878706755885,-0.143068949088101,-0.14269488494644,-0.143019914725352
1.294,-0.14320139970713,-0.143392113515175,-0.143017967343522,-0.143343294791541
1.29433333333333,-0.14352529630893,-0.1437164834234,-0.143342257546154,-0.143667882344116
1.29466666666667,-0.143850402282926,-0.144042064544403,-0.143667761311284,-0.143993683131091
1.295,-0.144176723384254,-0.144368862643374,-0.143994484429659,-0.144320702934183
1.29533333333333,-0.14450426540177,-0.144696883519294,-0.144322432726075,-0.144648947569059
1.29566666666667,-0.144833034158308,-0.145026133005187,-0.144651612059593,-0.144978422885554
1.296,-0.145163035510877,-0.145356616968326,-0.144982028323803,-0.145309134767925
1.29633333333333,-0.145494275350942,-0.145688341310506,-0.14531368744705,-0.145641089135081
1.29666666666667,-0.145826759604638,-0.146021311968265,-0.145646595392677,-0.145974291940834
1.297,-0.146160494233018,-0.146355534913126,-0.145980758159275,-0.146308749174133
1.29733333333333,-0.146495485232295,-0.146691016151847,-0.146316181780929,-0.146644466859316
1.29766666666667,-0.146831738634092,-0.14702776172667,-0.146652872327465,-0.14698145105636
1.298,-0.147169260505692,-0.147365777715564,-0.146990835904704,-0.147319707861124
1.29833333333333,-0.147508056950275,-0.147705070232479,-0.147330078654708,-0.147659243405605
1.29866666666667,-0.147848134107186,-0.148045645427587,-0.14767060675605,-0.148000063858195
1.299,-0.148189498152181,-0.148387509487559,-0.148012426424052,-0.148342175423928
1.29933333333333,-0.14853215529768,-0.148730668635794,-0.148355543911061,-0.14868558434475
1.29966666666667,-0.148876111793024,-0.14907512913271,-0.148699965506701,-0.149030296899766
1.3,-0.149221373924754,-0.149420897275973,-0.149045697538136,-0.14937631940552
1.30033333333333,-0.149567948016843,-0.149767979400775,-0.149392746370343,-0.149723658216236
1.30066666666667,-0.149915840430987,-0.150116381880105,-0.149741118406375,-0.150072319724107
1.301,-0.150265057566856,-0.150466111125006,-0.150090820087626,-0.150422310359547
1.30133333333333,-0.150615605862364,-0.150817173584842,-0.150441857894114,-0.150773636591482
1.30166666666667,-0.150967491793953,-0.15116957574758,-0.150794238344753,-0.151126304927597
1.302,-0.151320721876849,-0.151523324140058,-0.15114796799762,-0.151480321914631
1.30233333333333,-0.151675302665344,-0.151878425328259,-0.151503053450245,-0.151835694138648
1.30266666666667,-0.152031240753078,-0.152234885917598,-0.151859501339894,-0.152192428225321
1.303,-0.152388542773317,-0.152592712553188,-0.152217318343832,-0.15255053084021
1.30333333333333,-0.152747215399226,-0.15295191192014,-0.15257651117964,-0.152910008689046
1.30366666666667,-0.153107265344168,-0.153312490743831,-0.152937086605477,-0.153270868518019
1.304,-0.153468699361981,-0.15367445579021,-0.153299051420392,-0.153633117114077
1.30433333333333,-0.153831524247272,-0.15403781386607,-0.153662412464592,-0.1539967613052
1.30466666666667,-0.154195746835703,-0.154402571819348,-0.154027176619769,-0.154361807960704
1.305,-0.15456137400429,-0.15476873653943,-0.154393350809361,-0.154728263991544
1.30533333333333,-0.154928412671701,-0.155136314957427,-0.154760941998892,-0.155096136350601
1.30566666666667,-0.155296869798551,-0.155505314046493,-0.155129957196245,-0.155465432032991
1.306,-0.155666752387702,-0.155875740822116,-0.155500403451982,-0.155836158076366
1.30633333333333,-0.156038067484572,-0.15624760234243,-0.155872287859645,-0.15620832156122
1.30666666666667,-0.156410822177437,-0.156620905708519,-0.15624561755607,-0.156581929611203
1.307,-0.156785023597738,-0.156995658064722,-0.156620399721702,-0.156956989393429
1.30733333333333,-0.157160678920409,-0.157371866598953,-0.156996641580915,-0.157333508118791
1.30766666666667,-0.157537795364165,-0.157749538543015,-0.157374350402312,-0.157711493042272
1.308,-0.15791638019184,-0.158128681172913,-0.157753533499065,-0.158090951463278
1.30833333333333,-0.158296440710695,-0.158509301809176,-0.158134198229236,-0.158471890725951
1.30866666666667,-0.158677984272745,-0.158891407817184,-0.158516351996097,-0.158854318219495
1.309,-0.15906101827508,-0.159275006607484,-0.158900002248457,-0.159238241378505
1.30933333333333,-0.1594455501602,-0.159660105636131,-0.15928515648101,-0.159623667683292
1.30966666666667,-0.159831587416333,-0.160046712405006,-0.159671822234655,-0.160010604660233
1.31,-0.160219137577783,-0.160434834462161,-0.160060007096832,-0.160399059882083
1.31033333333333,-0.16060820822525,-0.160824479402153,-0.16044971870188,-0.160789040968335
1.31066666666667,-0.160998806986186,-0.161215654866373,-0.160840964731362,-0.161180555585551
1.311,-0.16139094153512,-0.161608368543401,-0.161233752914421,-0.161573611447703
1.31133333333333,-0.16178461959401,-0.162002628169352,-0.161628091028126,-0.161968216316536
1.31166666666667,-0.162179848932592,-0.162398441528213,-0.162023986897825,-0.162364378001902
1.312,-0.162576637368725,-0.162795816452203,-0.162421448397504,-0.162762104362122
1.31233333333333,-0.162974992768753,-0.163194760822118,-0.162820483450137,-0.163161403304344
1.31266666666667,-0.163374923047849,-0.163595282567703,-0.163221100028056,-0.163562282784894
1.313,-0.163776436170385,-0.163997389668002,-0.16362330615331,-0.163964750809649
1.31333333333333,-0.164179540150286,-0.16440109015172,-0.164027109898032,-0.164368815434397
1.31366666666667,-0.164584243051399,-0.164806392097589,-0.164432519384813,-0.164774484765203
1.314,-0.164990552987869,-0.165213303634746,-0.164839542787082,-0.165181766958787
1.31433333333333,-0.165398478124495,-0.165621832943101,-0.165248188329458,-0.165590670222897
1.31466666666667,-0.165808026677114,-0.166031988253705,-0.165658464288168,-0.166001202816685
1.315,-0.166219206912983,-0.166443777849139,-0.166070378991397,-0.166413373051095
1.31533333333333,-0.166632027151148,-0.166857210063893,-0.166483940819691,-0.166827189289237
1.31566666666667,-0.16704649576284,-0.167272293284748,-0.166899158206348,-0.167242659946783
1.316,-0.16746262117186,-0.167689035951173,-0.167316039637804,-0.167659793492362
1.31633333333333,-0.167880411854959,-0.168107446555707,-0.167734593654037,-0.168078598447944
1.31666666666667,-0.168299876342256,-0.168527533644363,-0.168154828848958,-0.168499083389246
1.317,-0.168721023217605,-0.168949305817018,-0.168576753870828,-0.168921256946134
1.31733333333333,-0.169143861119027,-0.169372771727826,-0.169000377422651,-0.169345127803022
1.31766666666667,-0.169568398739093,-0.169797940085617,-0.169425708262598,-0.169770704699288
1.318,-0.169994644825341,-0.170224819654301,-0.169852755204414,-0.170197996429676
1.31833333333333,-0.170422608180689,-0.170653419253295,-0.170281527117833,-0.170627011844727
1.31866666666667,-0.170852297663841,-0.171083747757931,-0.170712032929006,-0.171057759851184
1.319,-0.171283722189721,-0.171515814099869,-0.171144281620925,-0.171490249412424
1.31933333333333,-0.171716890729878,-0.171949627267539,-0.171578282233848,-0.17192448954888
1.31966666666667,-0.172151812312931,-0.172385196306541,-0.172014043865739,-0.172360489338474
1.32,-0.17258849602498,-0.172822530320114,-0.172451575672696,-0.172798257917045
1.32033333333333,-0.173026951010053,-0.17326163846953,-0.172890886869393,-0.173237804478798
1.32066666666667,-0.173467186470539,-0.173702529974561,-0.173331986729534,-0.173679138276738
1.321,-0.17390921166763,-0.17414521411391,-0.173774884586287,-0.174122268623116
1.32133333333333,-0.174353035921761,-0.174589700225662,-0.174219589832744,-0.174567204889877
1.32166666666667,-0.174798668613067,-0.175035997707722,-0.174666111922371,-0.175013956509125
1.322,-0.175246119181831,-0.17548411601829,-0.175114460369482,-0.175462532973562
1.32233333333333,-0.175695397128942,-0.175934064676297,-0.175564644749682,-0.175912943836962
1.32266666666667,-0.176146512016356,-0.176385853261888,-0.176016674700353,-0.176365198714638
1.323,-0.176599473467557,-0.176839491416865,-0.176470559921119,-0.1768193072839
1.32333333333333,-0.177054291168035,-0.177294988845177,-0.176926310174311,-0.17727527928454
1.32366666666667,-0.177510974865748,-0.177752355313387,-0.177383935285476,-0.177733124519305
1.324,-0.177969534371611,-0.178211600651151,-0.177843445143836,-0.178192852854382
1.32433333333333,-0.178429979559964,-0.178672734751697,-0.178304849702782,-0.178654474219874
1.32466666666667,-0.178892320369071,-0.179135767572316,-0.178768158980377,-0.179117998610309
1.325,-0.1793565668016,-0.179600709134853,-0.179233383059849,-0.179583436085119
1.32533333333333,-0.179822728925124,-0.180067569526203,-0.179700532090085,-0.18005079676915
1.32566666666667,-0.180290816872612,-0.180536358898804,-0.180169616286151,-0.180520090853152
1.326,-0.180760840842945,-0.181007087471159,-0.180640645929797,-0.180991328594307
1.32633333333333,-0.18123281110141,-0.181479765528325,-0.181113631369967,-0.181464520316725
1.32666666666667,-0.181706737980218,-0.181954403422434,-0.181588583023332,-0.181939676411969
1.327,-0.18218263187902,-0.182431011573219,-0.182065511374802,-0.182416807339584
1.32733333333333,-0.18266050326543,-0.182909600468524,-0.182544426978067,-0.182895923627596
1.32766666666667,-0.183140362675551,-0.183390180664839,-0.183025340456123,-0.183377035873083
1.328,-0.183622220714503,-0.183872762787832,-0.183508262501817,-0.183860154742684
1.32833333333333,-0.184106088056954,-0.184357357532878,-0.183993203878383,-0.184345290973144
1.32866666666667,-0.184591975447675,-0.184843975665611,-0.184480175420003,-0.184832455371865
1.329,-0.18507989370207,-0.185332628022468,-0.184969188032356,-0.185321658817463
1.32933333333333,-0.185569853706729,-0.185823325511231,-0.185460252693166,-0.185812912260296
1.32966666666667,-0.186061866419991,-0.186316079111597,-0.185953380452779,-0.18630622672307
1.33,-0.186555942872498,-0.186810899875731,-0.186448582434733,-0.186801613301358
1.33033333333333,-0.187052094167755,-0.187307798928834,-0.186945869836327,-0.1872990831642
1.33066666666667,-0.187550331482703,-0.187806787469715,-0.187445253929194,-0.187798647554674
1.331,-0.188050666068306,-0.188307876771365,-0.1879467460599,-0.188300317790465
1.33133333333333,-0.188553109250111,-0.188811078181542,-0.188450357650521,-0.188804105264475
1.33166666666667,-0.189057672428848,-0.189316403123362,-0.18895610019925,-0.189310021445383
1.332,-0.189564367081018,-0.189823863095884,-0.189463985280982,-0.189818077878276
1.33233333333333,-0.19007320475948,-0.190333469674704,-0.189974024547943,-0.190328286185229
1.33266666666667,-0.190584197094065,-0.190845234512578,-0.19048622973028,-0.190840658065913
1.333,-0.191097355792184,-0.191359169340003,-0.191000612636683,-0.191355205298226
1.33333333333333,-0.191612692639424,-0.191875285965854,-0.191517185155021,-0.191871939738897
1.33366666666667,-0.192130219500178,-0.192393596277998,-0.19203595925296,-0.192390873324113
1.334,-0.192649948318278,-0.19291411224391,-0.192556946978591,-0.192912018070157
1.33433333333333,-0.193171891117602,-0.193436845911316,-0.193080160461087,-0.193435386074041
1.33466666666667,-0.193696060002726,-0.193961809408821,-0.193605611911334,-0.193960989514134
1.335,-0.194222467159562,-0.194489014946562,-0.194133313622595,-0.19448884065084
1.33533333333333,-0.194751124855998,-0.195018474816846,-0.194663277971158,-0.195018951827225
1.33566666666667,-0.19528204544256,-0.195550201394808,-0.195195517417009,-0.195551335469686
1.336,-0.195815241353065,-0.196084207139083,-0.195730044504488,-0.196086004088628
1.33633333333333,-0.196350725105285,-0.19662050459245,-0.196266871862988,-0.196622970279115
1.33666666666667,-0.196888509301626,-0.197159106382524,-0.19680601220761,-0.19716224672157
1.337,-0.197428606629801,-0.197700025222432,-0.19734747833989,-0.197703846182444
1.33733333333333,-0.197971029863501,-0.198243273911486,-0.197891283148446,-0.198247781514918
1.33766666666667,-0.198515791863108,-0.198788865335893,-0.198437439609721,-0.198794065659591
1.338,-0.19906290557637,-0.199336812469442,-0.19898596078867,-0.199342711645193
1.33833333333333,-0.199612384039118,-0.199887128374207,-0.199536859839481,-0.199893732589288
1.33866666666667,-0.200164240375972,-0.200439826201261,-0.200090150006297,-0.200447141699
1.339,-0.200718487801045,-0.200994919191403,-0.200645844623945,-0.201002952271725
1.33933333333333,-0.201275139618682,-0.201552420675865,-0.201203957118665,-0.201561177695875
1.33966666666667,-0.201834209224176,-0.202112344077051,-0.201764501008866,-0.202121831451605
1.34,-0.20239571010452,-0.202674702909281,-0.202327489905856,-0.202684927111562
1.34033333333333,-0.202959655839127,-0.203239510779534,-0.202892937514616,-0.203250478341633
1.34066666666667,-0.203526060100598,-0.203806781388186,-0.203460857634549,-0.203818498901707
1.341,-0.204094936655472,-0.204376528529788,-0.20403126416026,-0.204389002646444
1.34133333333333,-0.204666299364984,-0.204948766093814,-0.204604171082328,-0.204962003526036
1.34166666666667,-0.205240162185852,-0.205523508065453,-0.205179592488099,-0.205537515586996
1.342,-0.20581653917104,-0.206100768526374,-0.205757542562459,-0.206115552972947
1.34233333333333,-0.206395444470546,-0.206680561655524,-0.206338035588665,-0.206696129925402
1.34266666666667,-0.206976892332199,-0.207262901729905,-0.206921085949116,-0.20727926078459
1.343,-0.207560897102456,-0.20784780312541,-0.207506708126197,-0.207864959990245
1.34333333333333,-0.208147473227216,-0.208435280317598,-0.208094916703089,-0.208453242082433
1.34366666666667,-0.208736635252628,-0.20902534788253,-0.2086857263646,-0.209044121702371
1.344,-0.209328397825911,-0.209618020497596,-0.209279151898008,-0.20963761359327
1.34433333333333,-0.209922775696202,-0.210213312942338,-0.2098752081939,-0.210233732601168
1.34466666666667,-0.210519783715372,-0.210811240099298,-0.210473910247033,-0.210832493675779
1.345,-0.21111943683889,-0.211411816954873,-0.21107527315719,-0.211433911871353
1.34533333333333,-0.211721750126671,-0.212015058600155,-0.211679312130064,-0.212038002347541
1.34566666666667,-0.212326738743941,-0.212620980231818,-0.212286042478118,-0.212644780370266
1.346,-0.212934417962104,-0.21322959715297,-0.212895479621488,-0.213254261312605
1.34633333333333,-0.213544803159628,-0.21384092477405,-0.213507639088876,-0.213866460655683
1.34666666666667,-0.214157909822926,-0.214454978613718,-0.214122536518441,-0.214481393989567
1.347,-0.214773753547256,-0.215071774299746,-0.214740187658739,-0.215099077014173
1.34733333333333,-0.215392350037627,-0.21569132756993,-0.215360608369618,-0.21571952554019
1.34766666666667,-0.216013715109709,-0.216313654273009,-0.215983814623169,-0.216342755489993
1.348,-0.216637864690756,-0.216938770369581,-0.216609822504647,-0.216968782898581
1.34833333333333,-0.217264814820542,-0.217566691933047,-0.217238648213443,-0.217597623914532
1.34866666666667,-0.217894581652294,-0.218197435150552,-0.217870308064023,-0.218229294800935
1.349,-0.218527181453648,-0.21883101632393,-0.218504818486901,-0.218863811936358
1.34933333333333,-0.2191626306076,-0.219467451870677,-0.219142196029623,-0.21950119181583
1.34966666666667,-0.21980094561348,-0.220106758324904,-0.219782457357746,-0.220141451051802
1.35,-0.220442143087924,-0.220748952338339,-0.220425619255828,-0.22078460637515
1.35033333333333,-0.221086239765862,-0.221394050681299,-0.221071698628457,-0.221430674636169
1.35066666666667,-0.221733252501519,-0.222042070243689,-0.221720712501232,-0.222079672805577
1.351,-0.222383198269414,-0.222693028036031,-0.222372678021821,-0.222731617975544
1.35133333333333,-0.223036094165371,-0.223346941190453,-0.223027612460977,-0.223386527360707
1.35166666666667,-0.223691957407562,-0.224003826961739,-0.223685533213586,-0.224044418299226
1.352,-0.224350805337519,-0.224663702728365,-0.224346457799736,-0.224705308253807
1.35233333333333,-0.225012655421201,-0.225326585993531,-0.225010403865756,-0.225369214812787
1.35266666666667,-0.22567752525003,-0.22599249438624,-0.225677389185322,-0.226036155691186
1.353,-0.226345432541974,-0.226661445662359,-0.22634743166053,-0.226706148731793
1.35333333333333,-0.22701639514261,-0.227333457705691,-0.227020549322985,-0.227379211906257
1.35366666666667,-0.227690431026214,-0.228008548529079,-0.22769676033493,-0.22805536331618
1.354,-0.228367558296867,-0.228686736275493,-0.228376082990349,-0.228734621194238
1.35433333333333,-0.229047795189552,-0.229368039219159,-0.229058535716105,-0.229417003905302
1.35466666666667,-0.229731160071278,-0.230052475766659,-0.229744137073079,-0.230102529947566
1.355,-0.23041767144221,-0.230740064458087,-0.230432905757328,-0.230791217953693
1.35533333333333,-0.231107347936809,-0.231430823968174,-0.231124860601237,-0.231483086691984
1.35566666666667,-0.231800208324984,-0.232124773107459,-0.231820020574713,-0.232178155067522
1.356,-0.232496271513255,-0.232821930823451,-0.232518404786356,-0.232876442123373
1.35633333333333,-0.23319555654594,-0.233522316201803,-0.23322003248467,-0.23357796704177
1.35666666666667,-0.233898082606319,-0.234225948467511,-0.23392492305927,-0.234282749145303
1.357,-0.234603869017854,-0.234932846986112,-0.234633096042104,-0.234990807898155
1.35733333333333,-0.235312935245385,-0.235643031264902,-0.235344571108687,-0.235702162907319
1.35766666666667,-0.236025300896368,-0.236356520954154,-0.236059368079361,-0.23641683392383
1.358,-0.236740985722092,-0.237073335848371,-0.236777506920544,-0.237134840844028
1.35833333333333,-0.237460009618943,-0.23779349588752,-0.237499007746,-0.237856203710818
1.35866666666667,-0.238182392629648,-0.238517021158308,-0.238223890818138,-0.238580942714944
1.359,-0.238908154944557,-0.23924393189546,-0.238952176549308,-0.239309078196278
1.35933333333333,-0.239637316902934,-0.239974248482995,-0.239683885503096,-0.240040630645129
1.35966666666667,-0.24036989899423,-0.240707991455537,-0.24041903839568,-0.240775620703556
1.36,-0.241105921859425,-0.241445181499634,-0.241157656097137,-0.241514069166688
1.36033333333333,-0.241845406292329,-0.242185839455073,-0.241899759632817,-0.242255996984075
1.36066666666667,-0.242588373240935,-0.242929986316238,-0.242645370184702,-0.243001425261051
1.361,-0.243334843808752,-0.243677643233448,-0.243394509092779,-0.243750375260084
1.36133333333333,-0.244084839256185,-0.244428831514338,-0.244147197856444,-0.244502868402172
1.36166666666667,-0.244838381001908,-0.245183572625239,-0.244903458135907,-0.245258926268241
1.362,-0.245595490624256,-0.245941888192574,-0.245663311753608,-0.246018570600549
1.36233333333333,-0.246356189862626,-0.24670380000426,-0.246426780695658,-0.246781823304119
1.36266666666667,-0.247120500618907,-0.247469330011156,-0.247193887113302,-0.247548706448175
1.363,-0.247888444958908,-0.248238500328468,-0.247964653324359,-0.248319242267599
1.36333333333333,-0.248660045113808,-0.249011333237243,-0.248739101814719,-0.249093453164402
1.36366666666667,-0.24943532348162,-0.249787851185801,-0.249517255239847,-0.249871361709206
1.364,-0.250214302628679,-0.250568076791242,-0.25029913642628,-0.250652990642741
1.36433333333333,-0.250997005291115,-0.251352032840941,-0.251084768373161,-0.251438362877369
1.36466666666667,-0.25178345437639,-0.252139742294059,-0.251874174253772,-0.25222750149861
1.365,-0.252573672964797,-0.252931228283066,-0.252667377417115,-0.253020429766683
1.36533333333333,-0.253367684311014,-0.2537265141153,-0.253464401389459,-0.253817171118085
1.36566666666667,-0.254165511845662,-0.254525623274523,-0.254265269875953,-0.254617749167148
1.366,-0.254967179176867,-0.255328579422491,-0.255070006762216,-0.255422187707652
1.36633333333333,-0.255772710091861,-0.256135406400565,-0.255878636115982,-0.256230510714429
1.36666666666667,-0.256582128558574,-0.256946128231303,-0.256691182188716,-0.257042742344982
1.367,-0.25739545872726,-0.257760769120089,-0.25750766941729,-0.257858906941151
1.36733333333333,-0.258212724932139,-0.258579353456793,-0.258328122425653,-0.258679029030758
1.36766666666667,-0.259033951693046,-0.259401905817405,-0.259152566026519,-0.259503133329284
1.368,-0.259859163717111,-0.260228450965741,-0.259981025223081,-0.260331244741583
1.36833333333333,-0.260688385900432,-0.261059013855111,-0.260813525210736,-0.261163388363579
1.36866666666667,-0.261521643329801,-0.261893619630059,-0.261650091378844,-0.261999589484007
1.369,-0.262358961284417,-0.262732293628063,-0.262490749312466,-0.262839873586159
1.36933333333333,-0.263200365237628,-0.263575061381308,-0.263335524794171,-0.263684266349657
1.36966666666667,-0.264045880858697,-0.264421948618437,-0.264184443805825,-0.264532793652229
1.37,-0.264895534014577,-0.265272981266353,-0.265037532530423,-0.265385481571526
1.37033333333333,-0.265749350771712,-0.266128185452,-0.265894817353899,-0.26624235638695
1.37066666666667,-0.266607357397845,-0.266987587504199,-0.266756324867026,-0.26710344458148
1.371,-0.267469580363863,-0.267851213955499,-0.267622081867263,-0.267968772843549
1.37133333333333,-0.268336046345649,-0.26871909154401,-0.268492115360662,-0.268838368068921
1.37166666666667,-0.269206782225951,-0.269591247215306,-0.269366452563795,-0.269712257362605
1.372,-0.270081815096277,-0.270467708124329,-0.270245120905676,-0.270590468040749
1.37233333333333,-0.270961172258812,-0.271348501637284,-0.271128148029732,-0.271473027632618
1.37266666666667,-0.271844881228353,-0.272233655333597,-0.272015561795779,-0.272359963882535
1.373,-0.27273296973425,-0.273123197007885,-0.272907390282025,-0.273251304751871
1.37333333333333,-0.273625465722402,-0.27401715467191,-0.273803661787085,-0.274147078421044
1.37366666666667,-0.274522397357233,-0.274915556556604,-0.274704404832029,-0.275047313291564
1.374,-0.275423793023716,-0.275818431114093,-0.275609648162456,-0.275952037988061
1.37433333333333,-0.276329681329415,-0.276725807019715,-0.276519420750558,-0.276861281360365
1.37466666666667,-0.277240091106539,-0.277637713174126,-0.277433751797255,-0.277775072485589
1.375,-0.278155051414023,-0.278554178705362,-0.278352670734313,-0.27869344067026
1.37533333333333,-0.279074591539642,-0.279475232970959,-0.2792762072265,-0.279616415452438
1.37566666666667,-0.279998741002119,-0.280400905560084,-0.28020439117377,-0.28054402660389
1.376,-0.280927529553289,-0.281331226295691,-0.281137252713454,-0.281476304132258
1.37633333333333,-0.281860987180263,-0.282266225236706,-0.282074822222503,-0.28241327828328
1.37666666666667,-0.282799144107635,-0.283205932680228,-0.283017130319714,-0.28335497954301
1.377,-0.283742030799676,-0.284150379163747,-0.283964207868022,-0.28430143864008
1.37733333333333,-0.284689677962597,-0.285099595467401,-0.284916085976787,-0.285252686547971
1.37766666666667,-0.285642116546819,-0.28605361261626,-0.285872796004131,-0.286208754487316
1.378,-0.28659937774924,-0.287012461882604,-0.286834369559269,-0.287169673928239
1.37833333333333,-0.287561493015574,-0.287976174788267,-0.287800838504887,-0.288135476592693
1.37866666666667,-0.288528494042676,-0.288944783106964,-0.288772234959548,-0.289106194456843
1.379,-0.289500412780922,-0.289918318866694,-0.289748591300116,-0.290081859753487
1.37933333333333,-0.290477281436582,-0.290896814352116,-0.290729940164201,-0.291062504974453
1.37966666666667,-0.291459132474253,-0.291880302106982,-0.291716314452643,-0.292048162873087
1.38,-0.292445998619298,-0.292868814936594,-0.292707747332016,-0.293038866466725
1.38033333333333,-0.293437912860311,-0.293862385910272,-0.293704272237161,-0.294034649039199
1.38066666666667,-0.294434908451615,-0.294861048363876,-0.294705922873751,-0.295035544143379
1.381,-0.295437018915788,-0.295864835902326,-0.295712733220869,-0.296041585603746
1.38133333333333,-0.296444278046219,-0.296873782402169,-0.29672473753364,-0.297052807518974
1.38166666666667,-0.297456719909679,-0.297887922014162,-0.297741970345859,-0.298069244264555
1.382,-0.29847437884893,-0.298907289165893,-0.298764466472686,-0.299090930495465
1.38233333333333,-0.299497289485365,-0.299931918564433,-0.299792261013334,-0.300117901148822
1.38266666666667,-0.300525486721672,-0.300961845198996,-0.300825389353814,-0.301150191446613
1.383,-0.301559005744519,-0.301997104343655,-0.301863887169694,-0.302187836898423
1.38333333333333,-0.302597882027296,-0.303037731560069,-0.302907790428896,-0.303230873304214
1.38366666666667,-0.303642151332848,-0.304083762700259,-0.303957135394526,-0.30427933675712
1.384,-0.304691849716274,-0.305135233909389,-0.305011958627722,-0.305333263646287
1.38433333333333,-0.305747013527734,-0.306192181628584,-0.306072296990553,-0.306392690659718
1.38466666666667,-0.3068076794153,-0.30725464259782,-0.30713818764894,-0.307457654787186
1.385,-0.307873884327825,-0.308322653858777,-0.308209668075604,-0.308528193323154
1.38533333333333,-0.308945665517863,-0.309396252757774,-0.309286776053053,-0.309604343869733
1.38566666666667,-0.310023060544599,-0.310475476948721,-0.310369549676617,-0.310686144339689
1.386,-0.311106107276839,-0.311560364396107,-0.311458027357481,-0.311773632959443
1.38633333333333,-0.312194843895993,-0.312650953378006,-0.312552247825785,-0.312866848272151
1.38666666666667,-0.31328930889914,-0.313747282489156,-0.313652250133748,-0.313965829140795
1.387,-0.314389541102095,-0.314849390644007,-0.314758073658831,-0.315070614751311
1.38733333333333,-0.315495579642494,-0.315957317079876,-0.315869758106913,-0.316181244615743
1.38766666666667,-0.316607463982986,-0.317071101360092,-0.316987343515534,-0.317297758575462
1.388,-0.317725233914362,-0.31819078337717,-0.318110870257171,-0.318420196804385
1.38833333333333,-0.318848929558809,-0.319316403356064,-0.319240379042515,-0.319548599812254
1.38866666666667,-0.319978591373131,-0.320448001857418,-0.320375910923832,-0.320683008447949
1.389,-0.321114260152052,-0.321585619780863,-0.321517507298339,-0.32182346390282
1.38933333333333,-0.322255977031536,-0.322729298368359,-0.322665209911613,-0.322970007714093
1.38966666666667,-0.323403783492154,-0.32387907920757,-0.323819060861052,-0.324122681768275
1.39,-0.32455772136247,-0.32503500423527,-0.324979102599369,-0.325281528304619
1.39033333333333,-0.325717832822494,-0.326197115740806,-0.326145377938128,-0.326446589918635
1.39066666666667,-0.326884160407149,-0.327365456369578,-0.327317930051312,-0.327617909565612
1.391,-0.32805674700979,-0.328540069126578,-0.328496802478958,-0.328795530564225
1.39133333333333,-0.329235635885763,-0.329720997379949,-0.329682039130786,-0.329979496600127
1.39166666666667,-0.330420870655995,-0.330908284864607,-0.330873684289922,-0.331169851729639
1.392,-0.331612495310641,-0.332101975685893,-0.332071782616629,-0.332366640383442
1.39233333333333,-0.332810554212758,-0.333302114323248,-0.333276379152091,-0.333569907370324
1.39266666666667,-0.33401509210201,-0.334508745633977,-0.334487519322248,-0.334779697880974
1.393,-0.335226154098475,-0.335721914857009,-0.335705248941663,-0.335996057491815
1.39333333333333,-0.3364437857064,-0.336941667616726,-0.33692961421744,-0.337219032168888
1.39366666666667,-0.33766803281808,-0.338168049926822,-0.338160661753181,-0.33844866827177
1.394,-0.338898941717754,-0.339401108194218,-0.339398438553011,-0.33968501255754
1.39433333333333,-0.340136559085532,-0.340640889223016,-0.340642992025609,-0.340928112184796
1.39466666666667,-0.341380932001386,-0.341887440218511,-0.341894369988328,-0.342178014717719
1.395,-0.342632107949179,-0.34314080879121,-0.343152620671343,-0.343434768130184
1.39533333333333,-0.343890134820733,-0.344401042960953,-0.344417792721829,-0.344698420809898
1.39566666666667,-0.345155060919982,-0.345668191161041,-0.345689935208236,-0.345969021562623
1.396,-0.346426934967104,-0.346942302242428,-0.346969097624565,-0.347246619616422
1.39633333333333,-0.347705806102767,-0.348223425477956,-0.348255329894723,-0.348531264625959
1.39666666666667,-0.348991723892392,-0.349511610566648,-0.349548682376913,-0.349823006676852
1.397,-0.350284738330471,-0.350806907638027,-0.350849205868088,-0.351121896290082
1.39733333333333,-0.351584899844933,-0.352109367256533,-0.352156951608451,-0.352427984426439
1.39766666666667,-0.352892259301568,-0.35341904042593,-0.353471971286017,-0.353741322491039
1.398,-0.3542068680085,-0.354735978593817,-0.354794317041196,-0.355061962337882
1.39833333333333,-0.355528777720701,-0.356060233656158,-0.356124041471486,-0.35638995627445
1.39866666666667,-0.356858040644573,-0.357391857961886,-0.357461197636161,-0.357725357066398
1.399,-0.358194709442585,-0.358730904317551,-0.358805839061065,-0.35906821794227
1.39933333333333,-0.359538837237948,-0.360077425992017,-0.36015801974343,-0.360418592598264
1.39966666666667,-0.360890477619351,-0.361431476721228,-0.361517794156765,-0.361776535203088
1.4,-0.362249684645772,-0.362793110713029,-0.362885217255794,-0.363142100402837
1.40033333333333,-0.363616512851311,-0.364162382652019,-0.364260344481468,-0.364515343325953
1.40066666666667,-0.364991017250116,-0.36553934770451,-0.365643231766028,-0.365896319588224
1.401,-0.366373253341337,-0.36692406152348,-0.36703393553812,-0.367285085297868
1.40133333333333,-0.367763277114149,-0.368316580253652,-0.368432512727978,-0.368681697060646
1.40166666666667,-0.369161145052861,-0.369716960536582,-0.369839020772676,-0.370086211985061
1.402,-0.370566914142031,-0.371125259515835,-0.37125351762144,-0.371498687687613
1.40233333333333,-0.371980641871692,-0.372541534842207,-0.372676061741013,-0.372919182298107
1.40266666666667,-0.373402386242613,-0.373965844679023,-0.374106712121089,-0.374347754465032
1.403,-0.374832205771631,-0.37539824770749,-0.375545528279822,-0.375784463361014
1.40333333333333,-0.376270159497049,-0.376838803132118,-0.376992570269391,-0.37722936868831
1.40366666666667,-0.377716306984092,-0.378287570686189,-0.378447898681645,-0.378682530684397
1.404,-0.379170708330434,-0.379744610637324,-0.379911574653789,-0.3801440101276
1.40433333333333,-0.380633424171784,-0.381209983793091,-0.381383659874169,-0.381613868342813
1.40466666666667,-0.382104515687552,-0.382683751506686,-0.382864216588109,-0.383092167207278
1.405,-0.383584044606567,-0.384165975682691,-0.384353307603834,-0.384578969156422
1.40533333333333,-0.38507207321288,-0.385656718782876,-0.385850996298439,-0.386074337189786
1.40566666666667,-0.386568664351615,-0.387156043832114,-0.387357346623964,-0.387578334877018
1.406,-0.388073881434921,-0.388664014424337,-0.388872423113501,-0.389091026363934
1.40633333333333,-0.389587788447964,-0.390180694728543,-0.39039629088744,-0.390612476378648
1.40666666666667,-0.391110449955018,-0.391706149494947,-0.391929015659708,-0.392142750237806
1.407,-0.39264193110561,-0.393240444061125,-0.393470663744155,-0.393681913852847
1.40733333333333,-0.394182297640757,-0.39478364435829,-0.39502130206099,-0.395230033736386
1.40766666666667,-0.395731615899257,-0.396335816917617,-0.396580998143277,-0.396787177008658
1.408,-0.39728995282408,-0.397897028876655,-0.398149820143557,-0.398353411404031
1.40833333333333,-0.398857375968824,-0.399467347985807,-0.399727836840509,-0.399928805277613
1.40866666666667,-0.400433953504241,-0.401046842614906,-0.401315117645705,-0.401513427611928
1.409,-0.402019754224878,-0.402635581759863,-0.402911732610474,-0.403107348023702
1.40933333333333,-0.403614847555743,-0.404233635049384,-0.404517752432805,-0.40471063677068
1.40966666666667,-0.405219303559117,-0.405841072751785,-0.406133248464378,-0.406323364758586
1.41,-0.406833192941385,-0.4074579657819,-0.407758292717656,-0.407945603548134
1.41033333333333,-0.408456587060007,-0.409084385708037,-0.409392957873071,-0.409577425362125
1.41066666666667,-0.410089557930538,-0.410720404759061,-0.4110373172863,-0.411218903092651
1.411,-0.411732178233762,-0.412366095831541,-0.412691444995652,-0.412870110308373
1.41133333333333,-0.413384521322876,-0.414021532496986,-0.414355415729497,-0.414531121261899
1.41166666666667,-0.415046661230804,-0.415686789009183,-0.416029304913843,-0.416202010897244
1.412,-0.416718672677578,-0.41736194031162,-0.417713188679971,-0.417882854857387
1.41233333333333,-0.418400631077813,-0.419047062044977,-0.419407143872185,-0.419573729491931
1.41266666666667,-0.42009261254829,-0.420742230554761,-0.421111248055645,-0.421274711864849
1.413,-0.421794693915597,-0.422447522899003,-0.422825579524314,-0.422985879762327
1.41333333333333,-0.423506952723915,-0.424163016856027,-0.424550217308989,-0.424707311700701
1.41366666666667,-0.425229467242858,-0.425888790932375,-0.426285241185442,-0.426439086934521
1.414,-0.426962316475436,-0.427624924370797,-0.428030731682664,-0.428181285464668
1.41433333333333,-0.428705580166102,-0.429371497158319,-0.429786770091208,-0.429933988046623
1.41466666666667,-0.430459338808914,-0.431128590034464,-0.431553438471642,-0.431697276198804
1.415,-0.432223673655789,-0.43289628449954,-0.433330819663116,-0.43347123221104
1.41533333333333,-0.433998666724868,-0.434674662823034,-0.435118997292012,-0.435255939153106
1.41566666666667,-0.43578440080897,-0.436463808052133,-0.436918055780737,-0.437051480883428
1.416,-0.437580959484179,-0.438263804020322,-0.438728080356605,-0.438857942057836
1.41633333333333,-0.439388427118523,-0.44007473535613,-0.440549157060839,-0.440675408138474
1.41666666666667,-0.441206888880746,-0.441896687491922,-0.442381372757686,-0.4425039654028
1.417,-0.44303643074923,-0.443729746672898,-0.444224815143663,-0.44434370095271
1.41733333333333,-0.444877139521001,-0.445573999966108,-0.446079572756889,-0.446194702723772
1.41766666666667,-0.446729102820856,-0.447429535269641,-0.447945734986576,-0.448057059494586
1.418,-0.448592409110612,-0.449296441321919,-0.449823392082606,-0.449930860896258
1.41833333333333,-0.450467147698451,-0.451174807711093,-0.451712635165254,-0.451816197421988
1.41866666666667,-0.452353408748428,-0.453064724884584,-0.453613556235034,-0.453713160436803
1.419,-0.454251283290048,-0.454966284158719,-0.455526248182664,-0.455621842187395
1.41933333333333,-0.456160863227998,-0.456879577728516,-0.457450804799156,-0.457542335812086
1.41966666666667,-0.458082241351996,-0.458804698677574,-0.459387320786046,-0.459474735350942
1.42,-0.460015511346777,-0.460741740988102,-0.46133589176577,-0.461419135755991
1.42033333333333,-0.461960767802166,-0.462690799551058,-0.463296614292128,-0.463375632901583
1.42066666666667,-0.463918106223333,-0.464651970176457,-0.46526958586094,-0.465344323594902
1.421,-0.465887623041157,-0.466625349603777,-0.46725490492081,-0.467325305586585
1.42133333333333,-0.467869415622708,-0.468611035512488,-0.469252670884015,-0.469318677581495
1.42166666666667,-0.46986358228189,-0.470609126532776,-0.471262984137585,-0.471324539249628
1.422,-0.471870222290206,-0.472619722256342,-0.473285946054477,-0.473342991237179
1.42233333333333,-0.473889435887664,-0.47464292324737,-0.475321659004927,-0.47537413517772
1.42266666666667,-0.475921324293837,-0.476678831053639,-0.477370226367933,-0.477418073703556
1.423,-0.47796598971905,-0.478727548217774,-0.4794317525429,-0.479474910457213
1.42333333333333,-0.480023535375704,-0.480789178288643,-0.481506342961442,-0.481544750103073
1.42366666666667,-0.482094065489793,-0.482863825832896,-0.483594104099312,-0.483627698339174
1.424,-0.484177685312509,-0.484951596446674,-0.485695143488531,-0.485723861909163
1.42433333333333,-0.486274501132042,-0.487052596767435,-0.487809569729624,-0.487833348614393
1.42466666666667,-0.488384620285524,-0.489166934485991,-0.489937492504085,-0.489956267326194
1.425,-0.49050815117112,-0.491294718358639,-0.492079022586946,-0.492092727998297
1.42533333333333,-0.492645203260286,-0.493436058219503,-0.494234271859539,-0.494242841679432
1.42566666666667,-0.494795887110182,-0.495591064992993,-0.496403353322424,-0.496406720526075
1.426,-0.496960314376257,-0.497759850706478,-0.49858638110851,-0.498584477815386
1.42633333333333,-0.499138597824985,-0.499942528503077,-0.50078347049629,-0.500776227958307
1.42666666666667,-0.501330851346786,-0.502139212654652,-0.50299473792334,-0.502982086512824
1.427,-0.503537189969105,-0.504350018574959,-0.505220300999913,-0.505202170197432
1.42733333333333,-0.505757729869661,-0.506575062832971,-0.507460278522771,-0.507436596904739
1.42766666666667,-0.50799258838989,-0.50881446316639,-0.509714790489189,-0.50968548571531
1.428,-0.51024188404854,-0.511068338495323,-0.511983958111118,-0.51194895691164
1.42833333333333,-0.512505736555478,-0.513336808936144,-0.514267903829594,-0.514227131992335
1.42866666666667,-0.514784266825642,-0.515619995815551,-0.516566751329285,-0.516520133686489
1.429,-0.517077596993212,-0.517918021684799,-0.518880625553262,-0.518828085968265
1.42933333333333,-0.519385850425949,-0.520231010334114,-0.521209652717969,-0.521151114071621
1.42966666666667,-0.521709151739741,-0.52255908680734,-0.523553960328395,-0.523489344505311
1.43,-0.524047626813326,-0.524902377416717,-0.525913677193443,-0.525842905068014
1.43033333333333,-0.526401402803227,-0.527261009757919,-0.528288933441502,-0.528211924863711
1.43066666666667,-0.528770608158882,-0.529635112725256,-0.530679860536259,-0.53059653431727
1.431,-0.531155372637971,-0.532024816527101,-0.533086591292696,-0.532996865190216
1.43133333333333,-0.533555827321951,-0.5344302527015,-0.535509259893314,-0.535413050596737
1.43166666666667,-0.535972104631814,-0.536851554132029,-0.537948001904578,-0.537845225019901
1.432,-0.538404338344043,-0.539288855063823,-0.540402954293606,-0.540293524328087
1.43233333333333,-0.54085266360677,-0.541742291119856,-0.542874255445037,-0.542758085791655
1.43266666666667,-0.5433172169562,-0.544211999317421,-0.545362045178194,-0.545239048099835
1.433,-0.545798136333189,-0.546698118084847,-0.547866464764426,-0.547736551377823
1.43333333333333,-0.548295561100106,-0.549200787278414,-0.550387656944719,-0.550250737204169
1.43366666666667,-0.550809632057907,-0.551720148199552,-0.552925765947548,-0.552781748628346
1.434,-0.553340491463408,-0.554256343612215,-0.555480937506955,-0.555329730188582
1.43433333333333,-0.555888283046849,-0.556809517760522,-0.558053318880904,-0.557894827929945
1.43466666666667,-0.558453152029644,-0.559379816386654,-0.56064305886986,-0.560477189422669
1.435,-0.56103524514242,-0.56196738674895,-0.563250307835663,-0.563076963780736
1.43533333333333,-0.563634710643252,-0.564572377640282,-0.56587521772061,-0.565694301680681
1.43566666666667,-0.5662516983362,-0.567194939406699,-0.568517942066858,-0.568329355380746
1.436,-0.56888635959007,-0.569835223966274,-0.571178636036058,-0.57098227874018
1.43633333333333,-0.57153884735742,-0.572493384828252,-0.573857456429274,-0.573653227238899
1.43666666666667,-0.574209316193862,-0.575169577112455,-0.576554561707198,-0.57634235799739
1.437,-0.576897922277617,-0.577863957568944,-0.579270112010602,-0.579049829796868
1.43733333333333,-0.579604823429306,-0.580576684597957,-0.582004269181118,-0.581775803099747
1.43766666666667,-0.582330179132071,-0.583307918270118,-0.584757196782299,-0.584520440070384
1.438,-0.585074150551937,-0.586057820346939,-0.587529060120968,-0.587283904596109
1.43833333333333,-0.587836900558448,-0.588826554301587,-0.590320026268851,-0.590066362308553
1.43866666666667,-0.590618593745636,-0.591614285339962,-0.593130264084564,-0.592867980605276
1.439,-0.593419396453217,-0.594421180422044,-0.595959944235841,-0.59568892867169
1.43933333333333,-0.596239476788123,-0.597247408283546,-0.598809239222139,-0.598529377503305
1.43966666666667,-0.599079004646351,-0.600093139457885,-0.601678323397526,-0.601389499928269
1.44,-0.601938151735051,-0.602958546298435,-0.604567372993907,-0.604269470630254
1.44033333333333,-0.604817091594979,-0.605843803001096,-0.607476566144553,-0.607169466171617
1.44066666666667,-0.607715999623251,-0.608749085627196,-0.610406082908003,-0.610089665016945
1.441,-0.6106350530964,-0.6116745721267,-0.61335610529229,-0.613030247556898
1.44133333333333,-0.613574431193764,-0.614620442361729,-0.616326817279484,-0.615991396132378
1.44166666666667,-0.616534315021213,-0.617586878130452,-0.619318404850639,-0.618973295059101
1.442,-0.619514887635195,-0.620574063191276,-0.622331056011034,-0.621976130652434
1.44233333333333,-0.622516334067118,-0.623582183287381,-0.625364960815827,-0.625000091252659
1.44266666666667,-0.625538841348098,-0.626611426171629,-0.628420311396049,-0.628045367250551
1.443,-0.628582598534023,-0.629661981631789,-0.631497301984971,-0.63111215111335
1.44333333333333,-0.631647796731001,-0.632734041516143,-0.634596128944855,-0.634200637411075
1.44366666666667,-0.634734629121141,-0.635827799759445,-0.63771699079409,-0.637311022843237
1.444,-0.637843290988741,-0.63894345240925,-0.640860088234726,-0.64044350626595
1.44433333333333,-0.640973979746777,-0.642081197652626,-0.64402562418037,-0.643598288719366
1.44466666666667,-0.644126894963851,-0.645241235843212,-0.64721380378454,-0.646775573455588
1.445,-0.647302238391464,-0.64842376952872,-0.650424834469377,-0.649975565966923
1.44533333333333,-0.650500213991674,-0.651629003478764,-0.653658925954792,-0.653198474014567
1.44566666666667,-0.653721027965219,-0.654857144713143,-0.656916290288064,-0.65644450765771
1.446,-0.65696488877995,-0.658108402530494,-0.660197141873804,-0.659713879283049
1.44633333333333,-0.660232007199719,-0.661382988537354,-0.663501697504418,-0.663006803634716
1.44666666666667,-0.66352259631368,-0.664681116677663,-0.666830176390972,-0.666323497844675
1.447,-0.666836871566014,-0.668003003262684,-0.670182800194534,-0.669664181463542
1.44733333333333,-0.670175050786044,-0.671348867001317,-0.673559793057934,-0.673029076491836
1.44766666666667,-0.673537354218834,-0.674718929030916,-0.676961381638061,-0.676418407411713
1.448,-0.676924004556186,-0.678113412948485,-0.680387795138533,-0.679832401219144
1.44833333333333,-0.680335226968097,-0.681532544842354,-0.683839265342932,-0.683271287456573
1.44866666666667,-0.683771249134704,-0.684976553324334,-0.68731602664849,-0.686735298246054
1.449,-0.687232301278623,-0.688445669562295,-0.690818316100271,-0.690224668322861
1.44933333333333,-0.690718616197812,-0.691940127313226,-0.694346373425849,-0.693739635069586
1.44966666666667,-0.694230429298883,-0.695460162956817,-0.69790044107052,-0.697280438550774
1.45,-0.697767978630918,-0.699006015529472,-0.701480764233032,-0.700847321548033
1.45033333333333,-0.701331504919742,-0.70257792675884,-0.705087590901786,-0.704440529595654
1.45066666666667,-0.704921251602741,-0.706176141098869,-0.708721171891684,-0.708060311016796
1.451,-0.708537464864139,-0.709800905765335,-0.712381760881405,-0.711706916960174
1.45133333333333,-0.712180393670817,-0.713452470771907,-0.716069614451311,-0.715380601437283
1.45166666666667,-0.715850289808652,-0.717131088966764,-0.719784992121893,-0.719081621360207
1.452,-0.719547407919402,-0.720837016069711,-0.723528156392785,-0.722810236579967
1.45233333333333,-0.723272005538076,-0.724570510709824,-0.727299372782361,-0.72656670992542
1.45266666666667,-0.727024343130917,-0.728331834463726,-0.73109890986793,-0.730351307242775
1.453,-0.730804684133917,-0.73212125189436,-0.734927039326532,-0.734164297435682
1.45333333333333,-0.734613294991865,-0.735939030590323,-0.738784035976328,-0.738005952505893
1.45366666666667,-0.738450445198046,-0.739785441205842,-0.742670177818639,-0.741876547594576
1.454,-0.742316407334434,-0.743660757501288,-0.746585746080588,-0.74577636102421
1.45433333333333,-0.746211457112543,-0.747565256384299,-0.750531025258394,-0.749705674341117
1.45466666666667,-0.75013587341487,-0.751499217951531,-0.754506303161324,-0.753664772358649
1.455,-0.754089938336932,-0.755462925531017,-0.758511870956318,-0.757653943200999
1.45533333333333,-0.758073937229913,-0.759456665725125,-0.762548023213222,-0.761673478347671
1.45566666666667,-0.762088158744006,-0.763480728454211,-0.766615057950809,-0.765723672678644
1.456,-0.766132894872323,-0.76753540700088,-0.770713276683421,-0.769804824520205
1.45633333333333,-0.770208440995515,-0.771620998054908,-0.774842984468324,-0.773917235691437
1.45666666666667,-0.774315095927011,-0.775737801758861,-0.779004489953812,-0.778061211551489
1.457,-0.778453161958973,-0.779886121754362,-0.783198105428035,-0.782237061047477
1.45733333333333,-0.782622944908892,-0.784066265229067,-0.787424146868524,-0.786445096763156
1.45766666666667,-0.786824754166931,-0.78827854296434,-0.791682933992561,-0.790685634968349
1.458,-0.79105890274393,-0.792523269383664,-0.795974790308223,-0.794958995669064
1.45833333333333,-0.79532570732014,-0.796800762601724,-0.800300043166254,-0.799265502658427
1.45866666666667,-0.799625488294719,-0.801111344474284,-0.804659023812737,-0.803605483568382
1.459,-0.803958569835935,-0.805455340648793,-0.809052067442566,-0.807979269922159
1.45933333333333,-0.808325279932116,-0.809833080615727,-0.813479513253689,-0.81238719718755
1.45966666666667,-0.812725950443426,-0.814244897760767,-0.817941704502285,-0.81682960483103
1.46,-0.817160917154338,-0.818691129417693,-0.822438988558694,-0.821306836372661
1.46033333333333,-0.82163051982696,-0.823172116922118,-0.826971716964242,-0.825819239441855
1.46066666666667,-0.826135102255149,-0.82768820566605,-0.831540245488984,-0.830367165834027
1.461,-0.830675012319436,-0.832239745153231,-0.836144934190268,-0.834950971568061
1.46133333333333,-0.835250602042768,-0.836827089055355,-0.840786147472232,-0.839571016944686
1.46166666666667,-0.839862227647132,-0.841450595269118,-0.845464254146261,-0.844227666605788
1.462,-0.844510249611016,-0.846110625974166,-0.85017962749232,-0.848921289594566
1.46233333333333,-0.849195032727725,-0.850807547691861,-0.854932645321274,-0.853652259416668
1.46266666666667,-0.853916946164622,-0.855541731345038,-0.859723690038175,-0.858420954102275
1.463,-0.858676363523238,-0.860313552318574,-0.864553148706518,-0.863227756269112
1.46333333333333,-0.863473662900295,-0.865123390520943,-0.869421413113516,-0.868073053186456
1.46366666666667,-0.868309226949716,-0.8699716304467,-0.874328879836372,-0.872957236840156
1.464,-0.873183442945493,-0.87485866123992,-0.87927595030963,-0.877880703998634
1.46433333333333,-0.878096702845587,-0.879784876758584,-0.884263030893506,-0.882843856279916
1.46466666666667,-0.883049403356764,-0.884750675639999,-0.889290532943371,-0.88784710021973
1.465,-0.888041946000461,-0.889756461367185,-0.894358872880258,-0.892890847340666
1.46533333333333,-0.893074737179611,-0.894802642336291,-0.899468472262508,-0.897975514222367
1.46566666666667,-0.898148188246564,-0.899889631925078,-0.904619757858556,-0.90310152257289
1.466,-0.903262715571964,-0.905017848562391,-0.909813161720812,-0.908269299301143
1.46633333333333,-0.908418740614752,-0.910187715798767,-0.915049121260746,-0.91347927659045
1.46666666666667,-0.913616689993251,-0.915399662378104,-0.920328079325168,-0.918731891973308
1.467,-0.918856995557281,-0.92065412231046,-0.925650484273674,-0.924027588407291
1.46733333333333,-0.924140094461442,-0.925951534945903,-0.931016790057325,-0.929366814352131
1.46766666666667,-0.929466429239513,-0.931292345049624,-0.936427456298613,-0.934750023848071
1.468,-0.934836447880025,-0.936677002878128,-0.941882948372648,-0.940177676595425
1.46833333333333,-0.940250603902927,-0.942105964256609,-0.947383737489633,-0.945650238035343
1.46866666666667,-0.945709356437548,-0.947579690657571,-0.952930300778696,-0.951168179431953
1.469,-0.951213170301678,-0.953098649280654,-0.958523121373003,-0.956731977955725
1.46933333333333,-0.956762516081908,-0.95866331313367,-0.964162688496259,-0.96234211676818
1.46966666666667,-0.962357870215239,-0.96427416111494,-0.969849497550568,-0.967999085107955
1.47,-0.967999715071933,-0.969931678096915,-0.975584050205735,-0.973703378378222
1.47033333333333,-0.973688539039644,-0.975636355011067,-0.981366854489911,-0.979455498235504
1.47066666666667,-0.979424836608889,-0.981388688934134,-0.987198424881782,-0.985255952679885
1.471,-0.985209108459854,-0.98718918317572,-0.993079282404206,-0.991105256146701
1.47133333333333,-0.991041861550486,-0.993038347367224,-0.999009954719296,-0.997003929599631
1.47166666666667,-0.996923609206084,-0.998936697552228,-1.00499097622512,-1.00295250062535
1.472,-1.00285487121015,-1.00488475627823,-1.01102288815387,-1.00895150352964
1.47233333333333,-1.00883617389677,-1.01088305268989,-1.01710623867167,-1.01500147943502
1.47266666666667,-1.0148680502444,-1.01693212262362,-1.02324158297997,-1.02110297638003
1.473,-1.0209510399711,-1.02303250870388,-1.02942948341857,-1.02725654942006
1.47333333333333,-1.0270856896313,-1.0291847604407,-1.0356705095703,-1.03346276072971
1.47366666666667,-1.03327255271408,-1.03538943432898,-1.04196523836742,-1.03972217970694
1.474,-1.03951218974295,-1.04164709394926,-1.04831425419974,-1.04603538307886
1.47433333333333,-1.04580516837724,-1.04795831007002,-1.05471814902441,-1.05240295500911
1.47466666666667,-1.05215206351512,-1.05432366075172,-1.06117752247761,-1.05882548720712
1.475,-1.05855345739812,-1.06074373145241,-1.06769298198799,-1.06530357903905
1.47533333333333,-1.06500993971744,-1.06721911513497,-1.07426514289191,-1.07183783764057
1.47566666666667,-1.07152210772183,-1.07375041237615,-1.08089462855068,-1.07842887803137
1.476,-1.07809056632724,-1.08033823147726,-1.08758207046955,-1.08507732323167
1.47633333333333,-1.08471592822812,-1.0869831885766,-1.09432810841874,-1.09178380438046
1.47666666666667,-1.09139881401062,-1.09368590776378,-1.10113339055642,-1.09854896085579
1.477,-1.0981398522674,-1.10044702119573,-1.10799857355373,-1.10537344039696
1.47733333333333,-1.10493967971438,-1.10726716921456,-1.11492432272174,-1.11225789922862
1.47766666666667,-1.11179894130935,-1.11414700046746,-1.12191131214058,-1.11920300218704
1.478,-1.11871829037233,-1.12108717202822,-1.12896022479069,-1.12620942284829
1.47833333333333,-1.12569838870795,-1.12808834952097,-1.13607175268611,-1.13327784365865
1.47866666666667,-1.13273990672979,-1.13515120724568,-1.14324659701008,-1.14040895606694
1.479,-1.13984352358657,-1.14227642830581,-1.15048546825284,-1.1476034606593
1.47933333333333,-1.14700992729046,-1.1494647047378,-1.15778908635158,-1.15486206729585
1.47966666666667,-1.15423981484735,-1.15671673764288,-1.16515818083281,-1.16218549524983
1.48,-1.16153389238926,-1.16403323732078,-1.17259349095711,-1.16957447334894
1.48033333333333,-1.16889287530877,-1.17141492340565,-1.18009576586603,-1.17702974011887
1.48066666666667,-1.17631748839571,-1.17886252500412,-1.18766576473176,-1.18455204392944
1.481,-1.18380846597585,-1.18637678083562,-1.19530425690891,-1.19214214314285
1.48133333333333,-1.19136655205196,-1.1939584393749,-1.20301202208905,-1.19980080626458
1.48166666666667,-1.19899250044706,-1.20160825899679,-1.21078985045767,-1.20752881209666
1.482,-1.2066870749499,-1.20932700812341,-1.21863854285382,-1.21532694989347
1.48233333333333,-1.21445104946282,-1.21711546537354,-1.22655891093228,-1.22319601952013
1.48266666666667,-1.22228520815197,-1.22497441971455,-1.23455177732853,-1.23113683161348
1.483,-1.23019034559987,-1.23290467061671,-1.24261797582637,-1.2391502077457
1.48333333333333,-1.23816726696045,-1.24090702820988,-1.25075835152834,-1.24723698059062
1.48366666666667,-1.24621678811656,-1.24898231344286,-1.258973761029,-1.25539799409283
1.484,-1.25433973583994,-1.25713135824521,-1.26726507259103,-1.26363410363946
1.48433333333333,-1.26253694795384,-1.26535500569163,-1.27563316632427,-1.27194617623497
1.48466666666667,-1.27080927349811,-1.27365411016906,-1.28407893436776,-1.28033509067862
1.485,-1.27915757289708,-1.28202953754641,-1.29260328107479,-1.28880173774505
1.48533333333333,-1.28758271812994,-1.29048216534697,-1.30120712320098,-1.2973470203677
1.48566666666667,-1.29608559290397,-1.2990128829237,-1.30989139009557,-1.30597185382542
1.486,-1.30466709283054,-1.30762259163724,-1.31865702389588,-1.31467716593201
1.48633333333333,-1.31332812560379,-1.31631220503675,-1.32750497972488,-1.32346389722897
1.48666666666667,-1.32206961118233,-1.32508264904376,-1.33643622589229,-1.3323330011815
1.487,-1.3308924819737,-1.33393486213889,-1.34545174409879,-1.34128544437761
1.48733333333333,-1.33979768302188,-1.34286979555152,-1.35455252964378,-1.35032220673062
1.48766666666667,-1.34878617219766,-1.35188841345264,-1.36373959163655,-1.35944428168505
1.488,-1.35785892039227,-1.36099169315069,-1.37301395321105,-1.36865267642582
1.48833333333333,-1.3670169117138,-1.37018062529052,-1.38237665174406,-1.37794841209098
1.48866666666667,-1.37626114368705,-1.37945621405563,-1.39182873907728,-1.387332523988
1.489,-1.38559262745634,-1.38881947737355,-1.40137128174287,-1.39680606181356
1.48933333333333,-1.39501238799164,-1.39827144712462,-1.41100536119284,-1.40637008987709
1.48966666666667,-1.40452146429807,-1.40781316935399,-1.42073207403242,-1.41602568732791
1.49,-1.41412090962856,-1.41744570448715,-1.4305525322571,-1.42577394838631
1.49033333333333,-1.42381179170001,-1.42717012754875,-1.44046786349377,-1.43561598257822
1.49066666666667,-1.43359519291285,-1.43698752838507,-1.45047921124587,-1.44555291497402
1.491,-1.44347221057419,-1.44689901188997,-1.46058773514262,-1.4555858864312
1.49133333333333,-1.45344395712427,-1.45690569823443,-1.47079461119242,-1.46571605384101
1.49166666666667,-1.46351156036683,-1.46700872309982,-1.4811010320405,-1.47594459037933
1.492,-1.47367616370289,-1.4772092379149,-1.49150820723089,-1.48627268576158
1.49233333333333,-1.48393892636828,-1.48750841009644,-1.50201736347267,-1.49670154650195
1.49266666666667,-1.49430102367509,-1.49790742329393,-1.51262974491089,-1.50723239617693
1.493,-1.5047636472567,-1.50840747763799,-1.52334661340176,-1.51786647569312
1.49333333333333,-1.51532800531691,-1.51900978999277,-1.53416924879261,-1.52860504355961
1.49366666666667,-1.52599532288284,-1.52971559421244,-1.54509894920648,-1.53944937616481
1.494,-1.53676684206191,-1.54052614140173,-1.55613703133149,-1.55040076805792
1.49433333333333,-1.54764382230284,-1.55144270018046,-1.56728483071493,-1.56146053223495
1.49466666666667,-1.55862754066082,-1.56246655695248,-1.57854370206247,-1.57263000042968
1.495,-1.56971929206673,-1.57359901617876,-1.58991501954216,-1.58391052340927
1.49533333333333,-1.58092038960068,-1.58484140065473,-1.60140017709361,-1.59530347127477
1.49566666666667,-1.59223216476987,-1.59619505179219,-1.6130005887423,-1.60681023376681
1.496,-1.60365596779068,-1.60766132990544,-1.62471768891917,-1.61843222057608
1.49633333333333,-1.61519316787528,-1.61924161450211,-1.63655293278544,-1.63017086165911
1.49666666666667,-1.62684515352269,-1.63093730457842,-1.64850779656291,-1.64202760755919
1.497,-1.63861333281434,-1.64274981891918,-1.66058377786978,-1.6540039297327
1.49733333333333,-1.65049913371425,-1.65468059640242,-1.67278239606198,-1.66610132088065
1.49766666666667,-1.66250400437392,-1.66673109630883,-1.68510519258021,-1.67832129528586
1.498,-1.67462941344186,-1.67890279863603,-1.69755373130277,-1.69066538915558
1.49833333333333,-1.68687685037792,-1.69119720441768,-1.71012959890414,-1.70313516096979
1.49866666666667,-1.69924782577261,-1.70361583604762,-1.72283440521965,-1.71573219183523
1.499,-1.71174387167111,-1.71616023760909,-1.7356697836161,-1.72845808584526
1.49933333333333,-1.7243665419024,-1.72883197520885,-1.74863739136842,-1.7413144704455
1.49966666666667,-1.73711741241347,-1.74163263731669,-1.76173891004276,-1.75430299680567
1.5,-1.74999808160851,-1.75456383511007,-1.77497604588576,-1.76742534019736
1.50033333333333,-1.76301017069333,-1.767627202824,-1.7883505302202,-1.78068320037797
1.50066666666667,-1.77615532402506,-1.7808243981064,-1.80186411984726,-1.79407830198099
1.501,-1.78943520946711,-1.79415710237889,-1.8155185974554,-1.80761239491264
1.50133333333333,-1.80285151874942,-1.8076270212029,-1.82931577203574,-1.82128725475479
1.50166666666667,-1.8164059678342,-1.82123588465156,-1.84325747930449,-1.83510468317462
1.502,-1.83010029728731,-1.83498544768718,-1.85734558213222,-1.84906650834093
1.50233333333333,-1.84393627265479,-1.84887749054425,-1.87158197097996,-1.86317458534689
1.50266666666667,-1.85791568484546,-1.8629138191185,-1.88596856434266,-1.87743079664
1.503,-1.87204035051889,-1.87709626536152,-1.90050730919969,-1.89183705245866
1.50333333333333,-1.88631211247911,-1.89142668768138,-1.91520018147259,-1.90639529127592
1.50366666666667,-1.90073284007431,-1.90590697134925,-1.93004918649042,-1.92110748025026
1.504,-1.91530442960225,-1.920539028912,-1.94505635946251,-1.93597561568366
1.50433333333333,-1.93002880472149,-1.9353248006108,-1.96022376595873,-1.95100172348687
1.50466666666667,-1.94490791686879,-1.95026625480599,-1.97555350239757,-1.96618785965207
1.505,-1.95994374568241,-1.96536538840812,-1.99104769654213,-1.98153611073322
1.50533333333333,-1.97513829943141,-1.98062422731512,-2.00670850800372,-1.99704859433362
1.50566666666667,-1.99049361545128,-1.99604482685601,-2.0225381287538,-2.01272745960159
1.506,-2.00601176058554,-2.01162927224081,-2.03853878364385,-2.02857488773356
1.50633333333333,-2.02169483163363,-2.02737967901685,-2.05471273093343,-2.04459309248515
1.50666666666667,-2.0375449558051,-2.04329819353172,-2.07106226282668,-2.06078432069035
1.507,-2.05356429118015,-2.05938699340266,-2.08758970601717,-2.07715085278852
1.50733333333333,-2.06975502717631,-2.07564828799238,-2.10429742224117,-2.09369500335961
1.50766666666667,-2.08611938502172,-2.09208431889173,-2.12118780883963,-2.11041912166767
1.508,-2.10265961823489,-2.10869736040892,-2.13826329932891,-2.12732559221269
1.50833333333333,-2.11937801311054,-2.12548972006534,-2.15552636398006,-2.14441683529061
1.50866666666667,-2.13627688921244,-2.14246373909832,-2.17297951040733,-2.1616953075622
1.509,-2.15335859987232,-2.15962179297041,-2.19062528416527,-2.17916350263009
1.50933333333333,-2.17062553269555,-2.17696629188563,-2.20846626935519,-2.19682395162474
1.50966666666667,-2.18808011007328,-2.19449968131242,-2.22650508924062,-2.21467922379904
1.51,-2.20572478970122,-2.21222444251352,-2.24474440687201,-2.23273192713167
1.51033333333333,-2.22356206510483,-2.2301430930825,-2.26318692572071,-2.25098470893928
1.51066666666667,-2.24159446617119,-2.2482581874874,-2.28183539032238,-2.26944025649778
1.511,-2.25982455968749,-2.26657231762107,-2.30069258692983,-2.28810129767244
1.51133333333333,-2.27825494988584,-2.28508811335825,-2.31976134417526,-2.30697060155708
1.51166666666667,-2.29688827899489,-2.30380824311981,-2.33904453374233,-2.32605097912244
1.512,-2.31572722779775,-2.32273541444348,-2.35854507104753,-2.34534528387364
1.51233333333333,-2.33477451619638,-2.34187237456149,-2.37826591593141,-2.36485641251674
1.51266666666667,-2.35403290378264,-2.36122191098519,-2.39821007335961,-2.38458730563474
1.513,-2.37350519041546,-2.38078685209601,-2.41838059413346,-2.40454094837269
1.51333333333333,-2.39319421680441,-2.40057006774336,-2.43878057561048,-2.42472037113202
1.51366666666667,-2.41310286509951,-2.42057446984903,-2.45941316243459,-2.4451286502743
1.514,-2.43323405948747,-2.44080301301835,-2.48028154727648,-2.46576890883434
1.51433333333333,-2.45359076679346,-2.46125869515738,-2.50138897158321,-2.48664431724229
1.51466666666667,-2.4741759970894,-2.48194455809694,-2.52273872633826,-2.50775809405541
1.515,-2.49499280430786,-2.50286368822265,-2.54433415283101,-2.52911350669884
1.51533333333333,-2.51604428686158,-2.52401921711103,-2.56617864343609,-2.55071387221557
1.51566666666667,-2.53733358826881,-2.54541432217191,-2.58827564240253,-2.57256255802578
1.516,-2.55886389778402,-2.56705222729647,-2.61062864665262,-2.59466298269522
1.51633333333333,-2.58063845103358,-2.5889362035109,-2.63324120659019,-2.61701861671238
1.51666666666667,-2.60266053065691,-2.61106956963593,-2.65611692691875,-2.63963298327508
1.517,-2.6249334669521,-2.6334556929512,-2.6792594674688,-2.66250965908547
1.51733333333333,-2.64746063852623,-2.65609798986508,-2.70267254403453,-2.68565227515384
1.51766666666667,-2.67024547295024,-2.67899992658916,-2.72635992921992,-2.7090645176113
1.518,-2.69329144741745,-2.70216501981735,-2.7503254532935,-2.73275012853044
1.51833333333333,-2.71660208940607,-2.72559683740915,-2.7745730050522,-2.75671290675437
1.51866666666667,-2.74018097734507,-2.74929899907708,-2.79910653269382,-2.78095670873386
1.519,-2.76403174128324,-2.77327517707767,-2.82393004469793,-2.80548544937224
1.51933333333333,-2.78815806356043,-2.79752909690537,-2.84904761071464,-2.83030310287746
1.51966666666667,-2.81256367948179,-2.82206453798997,-2.87446336246189,-2.85541370362204
1.52,-2.8372523779929,-2.84688533439554,-2.90018149462939,-2.88082134700906
1.52033333333333,-2.86222800235686,-2.8719953755221,-2.92620626579059,-2.90653019034548
1.52066666666667,-2.88749445083194,-2.89739860680823,-2.95254199932101,-2.93254445372106
1.521,-2.9130556773492,-2.92309903043464,-2.97919308432302,-2.95886842089327
1.52133333333333,-2.93891569218984,-2.94910070602787,-3.00616397655646,-2.98550644017716
1.52166666666667,-2.96507856266147,-2.97540775136395,-3.03345919937493,-3.01246292534032
1.522,-2.99154841377249,-3.00202434307059,-3.06108334466661,-3.03974235650175
1.52233333333333,-3.01832942890384,-3.02895471732769,-3.08904107379936,-3.06734928103418
1.52266666666667,-3.04542585047743,-3.05620317056532,-3.11733711856948,-3.09528831446955
1.523,-3.0728419806202,-3.08377406015803,-3.14597628215315,-3.12356414140635
1.52333333333333,-3.10058218182294,-3.11167180511483,-3.17496344005988,-3.15218151641852
1.52366666666667,-3.12865087759298,-3.1399008867639,-3.20430354108735,-3.18114526496482
1.524,-3.15705255309938,-3.16846584943062,-3.23400160827615,-3.21046028429768
1.52433333333333,-3.18579175580952,-3.19737130110802,-3.26406273986383,-3.24013154437054
1.52466666666667,-3.21487309611623,-3.22662191411861,-3.29449211023725,-3.27016408874307
1.525,-3.24430124795363,-3.25622242576596,-3.32529497088164,-3.30056303548236
1.52533333333333,-3.27408094940036,-3.28617763897459,-3.35647665132535,-3.33133357805914
1.52566666666667,-3.30421700326904,-3.31649242291726,-3.388042560079,-3.36248098623811
1.526,-3.33471427767967,-3.34717171362706,-3.41999818556719,-3.39401060695989
1.52633333333333,-3.36557770661585,-3.3782205145937,-3.45234909705154,-3.42592786521416
1.52666666666667,-3.39681229046178,-3.40964389734137,-3.48510094554319,-3.4582382649015
1.527,-3.42842309651765,-3.4414470019865,-3.51825946470269,-3.49094738968237
1.52733333333333,-3.46041525949173,-3.47363503777315,-3.55183047172549,-3.52406090381106
1.52766666666667,-3.49279398196683,-3.50621328358424,-3.58581986821088,-3.55758455295291
1.528,-3.5255645348386,-3.53918708842571,-3.62023364101207,-3.5915241649822
1.52833333333333,-3.5587322577228,-3.57256187188108,-3.65507786306436,-3.62588565075797
1.52866666666667,-3.5923025593295,-3.60634312453438,-3.69035869418978,-3.66067500487602
1.529,-3.62628091780023,-3.6405364083573,-3.72608238187401,-3.69589830639307
1.52933333333333,-3.66067288100596,-3.67514735705871,-3.76225526201367,-3.73156171952124
1.52966666666667,-3.69548406680178,-3.71018167639234,-3.7988837596297,-3.76767149428858
1.53,-3.73072016323487,-3.74564514441943,-3.8359743895438,-3.80423396716272
1.53033333333333,-3.76638692870198,-3.78154361172232,-3.87353375701364,-3.84125556163363
1.53066666666667,-3.80249019205235,-3.81788300156532,-3.91156855832311,-3.87874278875164
1.531,-3.83903585263167,-3.85466930999821,-3.95008558132302,-3.91670224761617
1.53133333333333,-3.87602988026186,-3.89190860589734,-3.98909170591688,-3.95514062581042
1.53166666666667,-3.91347831515275,-3.92960703094064,-4.02859390448789,-3.99406469977763
1.532,-3.95138726773923,-3.96777079950961,-4.06859924226018,-4.03348133513273
1.53233333333333,-3.98976291843875,-4.00640619851412,-4.10911487758949,-4.07339748690415
1.53266666666667,-4.02861151732308,-4.04551958713303,-4.15014806217639,-4.11382019969967
1.533,-4.06793938369764,-4.08511739646479,-4.19170614119548,-4.15475660778943
1.53333333333333,-4.10775290558133,-4.12520612908034,-4.2337965533328,-4.19621393509898
1.53366666666667,-4.14805853908013,-4.16579235847253,-4.27642683072466,-4.23819949510538
1.534,-4.1888628076458,-4.20688272839231,-4.31960459878808,-4.28072069062743
1.53433333333333,-4.23017230121171,-4.24848395206489,-4.3633375759352,-4.32378501350182
1.53466666666667,-4.27199367519681,-4.29060281127627,-4.40763357316108,-4.367400044136
1.535,-4.31433364936785,-4.33324615532058,-4.45250049349496,-4.41157345092697
1.53533333333333,-4.35719900655009,-4.37642089979844,-4.49794633130379,-4.4563129895365
1.53566666666667,-4.40059659117541,-4.42013402525551,-4.54397917143645,-4.50162650201033
1.536,-4.44453330765578,-4.46439257564904,-4.59060718819521,-4.54752191572939
1.53633333333333,-4.48901611857045,-4.50920365663103,-4.63783864412166,-4.59400724218002
1.53666666666667,-4.53405204265303,-4.55457443363425,-4.685681888582,-4.6410905755291
1.537,-4.57964815256484,-4.60051212974735,-4.7341453561362,-4.6887800909889
1.53733333333333,-4.62581157243857,-4.64702402336352,-4.78323756467383,-4.73708404295522
1.53766666666667,-4.67254947517795,-4.69411744558832,-4.83296711330008,-4.78601076290291
1.538,-4.71986907949407,-4.74179977738724,-4.88334267995029,-4.83556865701789
1.53833333333333,-4.76777764666205,-4.79007844645715,-4.93437301871495,-4.88576620354849
1.53866666666667,-4.81628247697785,-4.83896092380111,-4.98606695685168,-4.93661194985349
1.539,-4.86539090589416,-4.88845471998579,-5.0384333914608,-4.98811450912425
1.53933333333333,-4.91511029981393,-4.93856738106007,-5.09148128579954,-5.04028255675713
1.53966666666667,-4.96544805151777,-4.98930648411121,-5.14521966520791,-5.0931248263507
1.54,-5.01641157520044,-5.04067963243337,-5.19965761261722,-5.14665010529909
1.54033333333333,-5.06800830108878,-5.09269445028199,-5.25480426361013,-5.20086722995261
1.54066666666667,-5.12024566961454,-5.14535857718609,-5.31066880099997,-5.25578508031432
1.541,-5.17313112510968,-5.19867966178711,-5.3672604488929,-5.31141257423762
1.54133333333333,-5.22667210899375,-5.25266535517384,-5.42458846619638,-5.36775866109041
1.54166666666667,-5.28087605241835,-5.30732330367774,-5.48266213953263,-5.42483231484595
1.542,-5.33575036833211,-5.36266114109293,-5.54149077551474,-5.48264252656021
1.54233333333333,-5.39130244292776,-5.41868648028182,-5.60108369233861,-5.54119829619124
1.54266666666667,-5.44753962643044,-5.47540690412554,-5.66145021064263,-5.60050862371446
1.543,-5.50446922318315,-5.53282995577532,-5.72259964358221,-5.66058249948361
1.54333333333333,-5.5620984809825,-5.59096312815723,-5.78454128606235,-5.72142889378366
1.54366666666667,-5.62043457961702,-5.64981385268303,-5.84728440307077,-5.78305674552058
1.544,-5.67948461855377,-5.70938948711207,-5.91083821704577,-5.84547494998559
1.54433333333333,-5.73925560371972,-5.76969730251097,-5.97521189421285,-5.90869234563173
1.54466666666667,-5.79975443331799,-5.83074446925024,-6.04041452981708,-5.97271769979301
1.545,-5.86098788261745,-5.8925380419766,-6.1064551321753,-6.03755969327425
1.54533333333333,-5.92296258764905,-5.95508494349327,-6.17334260546535,-6.1032269037337
1.54566666666667,-5.98568502774091,-6.01839194748028,-6.24108573116751,-6.16972778777784
1.546,-6.04916150681759,-6.08246565997889,-6.30969314806517,-6.2370706616808
1.54633333333333,-6.11339813338555,-6.14731249956223,-6.37917333070641,-6.30526368063497
1.54666666666667,-6.17840079912541,-6.21293867611091,-6.44953456622549,-6.37431481643873
1.547,-6.24417515600217,-6.27935016810446,-6.52078492941157,-6.44423183351391
1.54733333333333,-6.31072659180485,-6.3465526983386,-6.59293225591132,-6.5150222631473
1.54766666666667,-6.37806020402078,-6.41455170797206,-6.66598411344283,-6.58669337584007
1.548,-6.44618077194298,-6.48335232880008,-6.73994777088952,-6.65925215164291
1.54833333333333,-6.51509272690859,-6.55295935365067,-6.81483016514075,-6.73270524835048
1.54866666666667,-6.58480012055831,-6.6233772047914,-6.89063786553431,-6.80705896742068
1.549,-6.65530659100348,-6.69460990023138,-6.96737703575084,-6.88231921747765
1.54933333333333,-6.72661532678204,-6.76666101779652,-7.04505339300197,-6.95849147525098
1.54966666666667,-6.79872902848247,-6.83953365685514,-7.12367216434911,-7.03558074379848
1.55,-6.87164986790578,-6.91323039755939,-7.20323803997737,-7.11359150784925
1.55033333333333,-6.94537944463732,-6.98775325747191,-7.28375512324868,-7.19252768610277
1.55066666666667,-7.01991873989232,-7.06310364543631,-7.36522687734602,-7.27239258030927
1.551,-7.09526806749628,-7.13928231254877,-7.44765606831549,-7.3531888209521
1.55133333333333,-7.17142702186126,-7.21628930008576,-7.53104470430941,-7.43491830934869
1.55166666666667,-7.24839442281372,-7.29412388423885,-7.61539397082407,-7.51758215598043
1.552,-7.32616825713048,-7.37278451750539,-7.70070416172469,-7.6011806148577
1.55233333333333,-7.40474561663784,-7.45226876658417,-7.78697460584377,-7.68571301372468
1.55266666666667,-7.48412263273197,-7.53257324662528,-7.87420358893973,-7.77117767990607
1.553,-7.56429440717713,-7.61369355168285,-7.96238827079774,-7.85757186159583
1.55333333333333,-7.64525493904725,-7.6956241812259,-8.05152459726056,-7.94489164439289
1.55366666666667,-7.72699704767867,-7.77835846256492,-8.14160720697633,-8.03313186288902
1.554,-7.80951229151028,-7.86188846905923,-8.23262933265815,-8.12228600712095
1.55433333333333,-7.89279088270046,-7.94620493398078,-8.32458269665835,-8.21234612370748
1.55466666666667,-7.9768215974208,-8.03129715992256,-8.41745740067382,-8.30330271150487
1.555,-8.061591681746,-8.11715292365434,-8.51124180941402,-8.39514461162793
1.55533333333333,-8.14708675307683,-8.20375837634795,-8.60592242808361,-8.48785889170412
1.55566666666667,-8.23329069706226,-8.29109793912081,-8.70148377356241,-8.58143072425578
1.556,-8.32018556001131,-8.37915419386901,-8.79790823919126,-8.67584325913009
1.55633333333333,-8.40775143682449,-8.46790776940197,-8.89517595311927,-8.77107748993991
1.55666666666667,-8.49596635451182,-8.55733722292344,-8.99326463020886,-8.86711211451598
1.557,-8.58480615141294,-8.64741891695363,-9.09214941755483,-8.96392338942611
1.55733333333333,-8.67424435228863,-8.73812689183804,-9.1918027337377,-9.0614849786752
1.55766666666667,-8.76425203951431,-8.82943273405189,-9.29219410200874,-9.15976779677138
1.558,-8.85479772067529,-8.92130544057285,-9.39328997769005,-9.25873984641959
1.55833333333333,-8.94584719294261,-9.01371127967985,-9.49505357017513,-9.35836605120037
1.55866666666667,-9.03736340469653,-9.10661364861713,-9.59744466003076,-9.458608083691
1.559,-9.1293063149611,-9.19997292866477,-9.70041941182524,-9.55942418960352
1.55933333333333,-9.22163275132201,-9.29374633826377,-9.80393018345926,-9.6607690086469
1.55966666666667,-9.31429626712037,-9.38788778496563,-9.90792533293164,-9.76259339296348
1.56,-9.40724699883918,-9.48234771710346,-10.0123490236513,-9.8648442241487
1.56033333333333,-9.50043152474559,-9.57707297623009,-10.1171410296038,-9.96746423004216
1.56066666666667,-9.59379272599885,-9.67200665151901,-10.2222365418939,-10.0703918026678
1.561,-9.68726965159478,-9.76708793748908,-10.3275659784119,-10.1735608189041
1.56133333333333,-9.78079738868616,-9.86225199658947,-10.4330547986224,-10.2769004656898
1.56166666666667,-9.87430693999979,-9.95742982836731,-10.5386233257345,-10.3803350718056
1.562,-9.96772511024584,-10.0525481471252,-10.6441865787824,-10.4837839485105
1.56233333333333,-10.0609744036101,-10.1475292701788,-10.7496541174351,-10.5871612415747
1.56266666666667,-10.1539729346005,-10.2422910190167,-10.8549299026394,-10.6903757975062
1.563,-10.2466343547045,-10.3367466358629,-10.9599121764885,-10.7933310470298
1.56333333333333,-10.338867797492,-10.430804718331,-11.0644933650009,-10.8959249091347
1.56366666666667,-10.430577844961,-10.5243691750404,-11.1685600077562,-10.9980497192586
1.564,-10.5216645180669,-10.6173392052215,-11.271992718589,-11.0995921853954
1.56433333333333,-10.612023294499,-10.7096093054776,-11.3746661817585,-11.2004333761285
1.56466666666667,-10.7015451568554,-10.8010693069777,-11.4764491881834,-11.3004487447502
1.565,-10.790116674412,-10.8916044464147,-11.5772047164452,-11.3995081937467
1.56533333333333,-10.8776201216824,-10.981095474086,-11.6767900633129,-11.4974761839929
1.56566666666667,-10.9639336369037,-11.0694188024069,-11.7750570284898,-11.5942118929795
1.566,-11.0489314234554,-11.1564466980578,-11.8718521581524,-11.6895694263037
1.56633333333333,-11.1324839970164,-11.2420475207776,-11.9670170515757,-11.7833980864476
1.56666666666667,-11.2144584809751,-11.3260860115415,-12.0603887347564,-11.8755427025638
1.567,-11.2947189522309,-11.4084236324872,-12.1518001044014,-11.9658440245437
1.56733333333333,-11.3731268390417,-11.4889189604853,-12.2410804449529,-12.0541391840755
1.56766666666667,-11.4495413720006,-11.5674281356672,-12.3280560204663,-12.1402622246838
1.568,-11.5238200885346,-11.6438053655382,-12.4125507421254,-12.2240447018709
1.56833333333333,-11.5958193905413,-11.7179034845088,-12.4943869109922,-12.3053163534778
1.56866666666667,-11.6653951538971,-11.7895745677789,-12.5733860342414,-12.3839058392168
1.569,-11.7324033876084,-11.8586705975238,-12.6493697116398,-12.4596415470458
1.56933333333333,-11.7967009393392,-11.9250441782573,-12.7221605874349,-12.5323524626475
1.56966666666667,-11.8581462429649,-11.988549297127,-12.7915833611289,-12.6018690967857
1.57,-11.9166001026809,-12.0490421237294,-12.8574658488925,-12.6680244637597
1.57033333333333,-11.971926507081,-12.106381842867,-12.9196400856568,-12.7306551026098
1.57066666666667,-12.0239934655353,-12.1604315125289,-12.9779434562663,-12.7896021311883
1.571,-12.0726738581751,-12.2110589382959,-13.0322198425515,-12.8447123217442
1.57133333333333,-12.1178462898821,-12.2581375544006,-13.0823207718351,-12.895839185349
1.57166666666667,-12.1593959379002,-12.3015473008326,-13.1281065512979,-12.942844051344
1.572,-12.1972153820959,-12.3411754852332,-13.1694473718471,-12.985597127105
1.57233333333333,-12.2312054065013,-12.376917617875,-13.2062243647122,-13.0239785228146
1.57266666666667,-12.2612757606343,-12.4086782078371,-13.2383305939793,-13.0578792256784
1.573,-12.2873458691964,-12.4363715085563,-13.2656719686913,-13.0872020081366
1.57333333333333,-12.3093454791448,-12.4599222012956,-13.2881680590093,-13.1118622551357
1.57366666666667,-12.3272152338006,-12.4792660057232,-13.3057528022346,-13.1317886964402
1.574,-12.3409071645975,-12.4943502077247,-13.3183750862105,-13.1469240312749
1.57433333333333,-12.3503850922741,-12.5051340957744,-13.3259991997249,-13.1572254342731
1.57466666666667,-12.3556249307423,-12.5115892986325,-13.3286051419401,-13.1626649337103
1.575,-12.3566148884812,-12.5137000187763,-13.32618878553,-13.1632296552879
1.57533333333333,-12.3533555640765,-12.5114631577724,-13.3187618910085,-13.1589219272165
1.57566666666667,-12.3458599343862,-12.5048883317008,-13.3063519726004,-13.1497592449536
1.576,-12.3341532357154,-12.4939977766854,-13.2890020188392,-13.1357740966075
1.57633333333333,-12.3182727402694,-12.4788261465221,-13.2667700737866,-13.1170136526206
1.57666666666667,-12.2982674319624,-12.459420206258,-13.2397286872663,-13.0935393258271
1.577,-12.2741975873465,-12.4358384273134,-13.2079642447222,-13.0654262102566
1.57733333333333,-12.2461342689334,-12.4081504913056,-13.1715761891823,-13.0327624090635
1.57766666666667,-12.2141587394839,-12.3764367110836,-13.1306761492993,-12.9956482636499
1.578,-12.1783618068947,-12.3407873785975,-13.0853869885141,-12.9541954973743
1.57833333333333,-12.1388431101123,-12.3013020500691,-13.0358417910445,-12.9085262881895
1.57866666666667,-12.0957103570282,-12.2580887795071,-12.9821828006535,-12.8587722851067
1.579,-12.0490785255667,-12.2112633119126,-12.9245603280075,-12.8050735835658
1.57933333333333,-11.999069039179,-12.1609482475579,-12.8631316419503,-12.7475776746112
1.57966666666667,-11.9458089277114,-12.1072721885192,-12.7980598592184,-12.6864383822719
1.58,-11.8894299841609,-12.0503688782204,-12.7295128460784,-12.6218148027588
1.58033333333333,-11.8300679271892,-11.9903763441264,-12.657662144112,-12.5538702580732
1.58066666666667,-11.7678615784699,-11.9274360529611,-12.5826819309852,-12.4827712754156
1.581,-11.7029520630327,-11.8616920869244,-12.5047480255485,-12.4086866024474
1.58133333333333,-11.6354820397748,-11.7932903484085,-12.4240369450901,-12.3317862670397
1.58166666666667,-11.5655949682645,-11.7223777996734,-12.34072502104,-12.2522406886854
1.582,-11.4934344169012,-11.6491017428881,-12.254987577941,-12.1702198473022
1.58233333333333,-11.419143416448,-11.573609144887,-12.1669981790916,-12.0858925137476
1.58266666666667,-11.3428638619295,-11.4960460099687,-12.0769279409569,-11.9994255450258
1.583,-11.2647359649317,-11.4165568030896,-11.9849449172495,-11.9109832459322
1.58333333333333,-11.1848977574426,-11.3352839248918,-11.8912135525105,-11.8207267977466
1.58366666666667,-11.1034846475623,-11.2523672391761,-11.7958942040987,-11.7288137535895
1.584,-11.0206290266867,-11.167943652679,-11.6991427306911,-11.6353975991749
1.58433333333333,-10.9364599271409,-11.0821467463602,-11.6011101447458,-11.5406273769593
1.58466666666667,-10.8511027286984,-10.9951064568354,-11.5019423258413,-11.4446473710681
1.585,-10.7646789119817,-10.9069488061231,-11.4017797914003,-11.3475968498988
1.58533333333333,-10.6773058563831,-10.8177956774787,-11.3007575210027,-11.2496098629231
1.58566666666667,-10.5890966798697,-10.7277646347928,-11.1990048302989,-11.1508150879498
1.586,-10.5001601178477,-10.6369687828029,-11.0966452904199,-11.0513357249398
1.58633333333333,-10.4106004381245,-10.5455166652103,-10.9937966887532,-10.9512894323784
1.58666666666667,-10.3205173889541,-10.4535121977059,-10.890571026986,-10.8507883022029
1.587,-10.2300061771283,-10.3610546328679,-10.7870745524036,-10.74993886933
1.58733333333333,-10.13915747312,-10.2682385539103,-10.6834078185718,-10.6488421519353
1.58766666666667,-10.0480574403496,-10.1751538943094,-10.5796657716927,-10.547593718775
1.588,-9.95678778575273,-10.0818859804242,-10.475937859129,-10.4462837800214
1.58833333333333,-9.86542582895466,-9.98851559433862,-10.3723081567993,-10.3449972982802
1.58866666666667,-9.77404458749991,-9.89511905428618,-10.2688555123813,-10.2438141166754
1.589,-9.682712875748,-9.80176831017162,-10.1656537014913,-10.1428091011157
1.58933333333333,-9.59149541520912,-9.70853105185795,-10.0627715942467,-10.0420522940846
1.58966666666667,-9.50045295427114,-9.61547082806385,-9.96027332985513,-9.94160907753379
1.59,-9.40964239543404,-9.52264717387575,-9.85821849709874,-9.84154034268151
1.59033333333333,-9.31911692834742,-9.43011574506075,-9.75666231881117,-9.74190266474628
1.59066666666667,-9.22892616710481,-9.33792845752454,-9.65565583864949,-9.64274848085342
1.591,-9.13911629041595,-9.24613363042843,-9.55524610866943,-9.54412626955993
1.59133333333333,-9.04973018342787,-9.15477613163371,-9.45547637639819,-9.44608073063067
1.59166666666667,-8.96080758011035,-9.06389752429087,-9.35638627027337,-9.3486529638774
1.592,-8.8723852052603,-8.97353621353498,-9.2580119824817,-9.25188064604043
1.59233333333333,-8.78449691530134,-8.88372759237692,-9.1603864483749,-9.15579820483827
1.59266666666667,-8.69717383717675,-8.79450418600794,-9.06353952178207,-9.0604369894581
1.593,-8.6104445047363,-8.70589579384352,-8.96749814565251,-8.96582543687646
1.59333333333333,-8.52433499211922,-8.61792962874141,-8.87228651758186,-8.87198923352143
1.59366666666667,-8.43886904372021,-8.53063045291998,-8.77792624986574,-8.77895147188274
1.594,-8.3540682004081,-8.44402071019033,-8.68443652381714,-8.68673280177163
1.59433333333333,-8.26995192173712,-8.35812065419488,-8.59183423816155,-8.59535157601016
1.59466666666667,-8.18653770395125,-8.27294847240904,-8.50013415138682,-8.50482399039883
1.595,-8.10384119364352,-8.18852040573104,-8.40934901799055,-8.41516421787648
1.59533333333333,-8.02187629697656,-8.10485086353356,-8.3194897186147,-8.32638453683736
1.59566666666667,-7.94065528441464,-8.02195253410134,-8.23056538409981,-8.23849545361368
1.596,-7.86018889095613,-7.9398364904192,-8.14258351353251,-8.15150581917634
1.59633333333333,-7.78048641188572,-7.85851229131284,-8.05555008638821,-8.06542294013524
1.59666666666667,-7.70155579409139,-7.77798807797108,-7.9694696688946,-7.98025268414709
1.597,-7.62340372301726,-7.69827066591021,-7.88434551476812,-7.89599957986517
1.59733333333333,-7.54603570533959,-7.61936563245827,-7.80017966048726,-7.81266691158018
1.59766666666667,-7.46945614746818,-7.54127739985598,-7.71697301528,-7.73025680871459
1.598,-7.39366842999109,-7.4640093140887,-7.63472544601569,-7.64877033034763
1.59833333333333,-7.31867497818678,-7.387563719572,-7.55343585719489,-7.56820754495271
1.59866666666667,-7.24447732873629,-7.31194202982353,-7.47310226623579,-7.48856760553391
1.599,-7.17107619277466,-7.2371447942625,-7.39372187425946,-7.40984882035423
1.59933333333333,-7.09847151542246,-7.16317176128051,-7.31529113257561,-7.33204871944737
1.59966666666667,-7.02666253194078,-7.09002193773154,-7.23780580506776,-7.25516411710324
1.6,-6.95564782065433,-7.01769364499051,-7.16126102667778,-7.17919117051911
1.60033333333333,-6.8854253527864,-6.94618457173073,-7.08565135818345,-7.10412543480287
1.60066666666667,-6.81599253934726,-6.87549182356654,-7.01097083745812,-7.02996191451032
1.601,-6.74734627521636,-6.80561196971102,-6.93721302739882,-6.95669511189705
1.60133333333333,-6.67948298055674,-6.73654108679149,-6.86437106070256,-6.88431907205836
1.60166666666667,-6.61239863969294,-6.66827479996375,-6.79243768166176,-6.8128274251236
1.602,-6.54608883758473,-6.60080832146346,-6.72140528514773,-6.74221342566879
1.60233333333333,-6.48054879402229,-6.53413648672845,-6.65126595294312,-6.67246998950343
1.60266666666667,-6.41577339566291,-6.4682537882197,-6.58201148757426,-6.6035897279797
1.603,-6.35175722602816,-6.40315440706705,-6.51363344379324,-6.53556497996938
1.60333333333333,-6.2884945935733,-6.33883224265893,-6.4461231578488,-6.46838784164392
1.60366666666667,-6.22597955793629,-6.27528094029087,-6.37947177467886,-6.402050194189
1.604,-6.16420595447034,-6.21249391698317,-6.31367027315317,-6.33654372957736
1.60433333333333,-6.10316741715816,-6.15046438557364,-6.24870948948582,-6.27185997451876
1.60466666666667,-6.04285740000152,-6.0891853771845,-6.1845801389319,-6.20799031269852
1.605,-5.98326919697571,-6.02864976216027,-6.12127283587652,-6.14492600541057
1.60533333333333,-5.92439596063435,-5.96885026956745,-6.05877811241951,-6.08265821068714
1.60566666666667,-5.86623071944383,-5.90977950534183,-5.99708643555093,-6.02117800101812
1.606,-5.80876639392541,-5.85142996916596,-5.93618822300943,-5.96047637975118
1.60633333333333,-5.7519958116763,-5.79379407015452,-5.87607385791021,-5.90054429625745
1.60666666666667,-5.69591172133829,-5.7368641414203,-5.81673370222141,-5.84137265994111
1.607,-5.64050680557948,-5.68063245359141,-5.75815810916767,-5.78295235317054
1.60733333333333,-5.58577369314933,-5.62509122734453,-5.70033743463073,-5.72527424319948
1.60766666666667,-5.53170497006555,-5.57023264501649,-5.64326204761506,-5.66832919314607
1.608,-5.47829318998634,-5.51604886135233,-5.58692233984146,-5.61210807209201
1.60833333333333,-5.42553088382071,-5.46253201344579,-5.53130873452894,-5.55660176436089
1.60866666666667,-5.37341056862337,-5.40967422992241,-5.47641169441838,-5.50180117802994
1.609,-5.32192475582158,-5.35746763941596,-5.42222172909274,-5.44769725272812
1.60933333333333,-5.27106595881565,-5.30590437838292,-5.36872940164084,-5.39428096676858
1.60966666666667,-5.22082669999309,-5.25497659829816,-5.31592533471062,-5.34154334366037
1.61,-5.17119951719548,-5.20467647227295,-5.26380021599578,-5.28947545804308
1.61033333333333,-5.12217696967245,-5.1549962011331,-5.21234480319462,-5.23806844108364
1.61066666666667,-5.07375164355692,-5.10592801899296,-5.16154992847925,-5.18731348537289
1.611,-5.02591615689214,-5.05746419835846,-5.11140650250975,-5.13720184935614
1.61133333333333,-4.97866316424124,-5.00959705479159,-5.06190551802647,-5.08772486133202
1.61166666666667,-4.9319853609053,-4.96231895116487,-5.01303805305034,-5.03887392304821
1.612,-4.88587548677727,-4.91562230153384,-4.96479527372057,-4.99064051292416
1.61233333333333,-4.84032632985536,-4.86949957465403,-4.9171684367958,-4.94301618892694
1.61266666666667,-4.79533072943835,-4.82394329716521,-4.87014889184325,-4.89599259112455
1.613,-4.75088157902491,-4.77894605646744,-4.82372808314009,-4.84956144394134
1.61333333333333,-4.70697182893646,-4.73450050330894,-4.77789755130769,-4.80371455813601
1.61366666666667,-4.66359448868245,-4.69059935410642,-4.73264893469946,-4.75844383252337
1.614,-4.6207426290853,-4.6472353930156,-4.68797397056041,-4.7137412554579
1.61433333333333,-4.57840938418217,-4.60440147377093,-4.64386449597728,-4.66959890609822
1.61466666666667,-4.53658795291801,-4.56209052130897,-4.60031244863376,-4.62600895546719
1.615,-4.49527160064489,-4.52029553319213,-4.55730986738753,-4.58296366732452
1.61533333333333,-4.45445366044138,-4.47900958084667,-4.51484889268257,-4.54045539886569
1.61566666666667,-4.41412753426332,-4.43822581062739,-4.47292176680972,-4.49847660125984
1.616,-4.37428669393943,-4.39793744472311,-4.43152083402853,-4.45701982004062
1.61633333333333,-4.33492468202179,-4.35813778191331,-4.39063854056095,-4.41607769536023
1.61666666666667,-4.29603511250155,-4.3188201981872,-4.35026743446805,-4.37564296211826
1.617,-4.25761167139987,-4.27997814723542,-4.31040016541935,-4.33570844997485
1.61733333333333,-4.21964811724334,-4.24160516082436,-4.27102948436423,-4.29626708325837
1.61766666666667,-4.18213828143141,-4.20369484906076,-4.23214824311353,-4.25731188077538
1.618,-4.14507606850478,-4.16624090055618,-4.19374939383967,-4.21883595553174
1.61833333333333,-4.10845545632173,-4.12923708249845,-4.15582598850259,-4.18083251437224
1.61866666666667,-4.07227049614883,-4.09267724063706,-4.11837117820794,-4.14329485754556
1.619,-4.03651531267342,-4.05655529919002,-4.08137821250451,-4.10621637820139
1.61933333333333,-4.00118410394325,-4.02086526067785,-4.04484043862647,-4.06959056182589
1.61966666666667,-3.96627114123893,-3.98560120569072,-4.00875130068569,-4.0334109856208
1.62,-3.93177076888473,-3.95075729259416,-3.97310433881956,-3.99767131783156
1.62033333333333,-3.89767740400261,-3.91632775717895,-3.93789318829896,-3.96236531702978
1.62066666666667,-3.863985536214,-3.88230691225906,-3.90311157860068,-3.92748683135406
1.621,-3.83068972729329,-3.84868914722285,-3.868753332448,-3.89302979771344
1.62133333333333,-3.79778461077806,-3.81546892754155,-3.83481236482418,-3.85898824095799
1.62166666666667,-3.76526489153839,-3.78264079423825,-3.80128268196081,-3.82535627301922
1.622,-3.73312534530999,-3.75019936332194,-3.76815838030571,-3.79212809202462
1.62233333333333,-3.70136081819366,-3.7181393251892,-3.73543364547242,-3.7592979813888
1.62266666666667,-3.66996622612448,-3.68645544399715,-3.70310275117433,-3.72686030888451
1.623,-3.63893655431327,-3.65514255701003,-3.67116005814585,-3.69480952569596
1.62333333333333,-3.60826685666339,-3.62419557392293,-3.63960001305331,-3.66314016545721
1.62366666666667,-3.57795225516495,-3.59360947616422,-3.60841714739718,-3.63184684327772
1.624,-3.54798793926891,-3.56337931617959,-3.57760607640805,-3.60092425475706
1.62433333333333,-3.51836916524332,-3.53350021670026,-3.54716149793811,-3.5703671749915
1.62466666666667,-3.48909125551334,-3.5039673699961,-3.51707819134953,-3.54017045757298
1.625,-3.46014959798734,-3.47477603711696,-3.48735101640165,-3.51032903358349
1.62533333333333,-3.4315396453706,-3.44592154712308,-3.45797491213833,-3.48083791058554
1.62566666666667,-3.40325691446816,-3.41739929630657,-3.42894489577654,-3.45169217161066
1.626,-3.37529698547823,-3.38920474740502,-3.40025606159732,-3.42288697414644
1.62633333333333,-3.3476555012782,-3.36133342880953,-3.37190357984108,-3.39441754912481
1.62666666666667,-3.32032816670351,-3.33378093376724,-3.34388269560668,-3.36627919991077
1.627,-3.29331074782149,-3.30654291958066,-3.31618872775677,-3.33846730129424
1.62733333333333,-3.26659907120082,-3.27961510680423,-3.2888170678292,-3.31097729848501
1.62766666666667,-3.24018902317778,-3.25299327843935,-3.26176317895562,-3.28380470611192
1.628,-3.21407654912014,-3.22667327912876,-3.2350225947879,-3.25694510722712
1.62833333333333,-3.18825765268992,-3.20065101435145,-3.20859091843303,-3.23039415231598
1.62866666666667,-3.16272839510526,-3.17492244961826,-3.18246382139702,-3.20414755831353
1.629,-3.13748489440272,-3.14948360966952,-3.15663704253808,-3.17820110762745
1.62933333333333,-3.11252332470056,-3.12433057767532,-3.13110638703017,-3.15255064716918
1.62966666666667,-3.08783991546332,-3.09945949443855,-3.10586772533639,-3.1271920873924
1.63,-3.06343095076877,-3.07486655760189,-3.08091699219329,-3.10212140134017
1.63033333333333,-3.03929276857763,-3.05054802085906,-3.05625018560631,-3.07733462370101
1.63066666666667,-3.01542176000626,-3.02650019317055,-3.03186336585619,-3.05282784987382
1.631,-2.99181436860323,-3.00271943798464,-3.00775265451697,-3.02859723504236
1.63133333333333,-2.96846708963014,-2.97920217246407,-2.98391423348588,-3.00463899325965
1.63166666666667,-2.94537646934664,-2.9559448667184,-2.96034434402493,-2.98094939654205
1.632,-2.9225391043005,-2.93294404304268,-2.93703928581444,-2.95752477397368
1.63233333333333,-2.89995164062294,-2.91019627516281,-2.91399541601893,-2.93436151082111
1.63266666666667,-2.87761077332929,-2.88769818748745,-2.89120914836506,-2.91145604765868
1.633,-2.85551324562556,-2.86544645436718,-2.86867695223195,-2.88880487950435
1.63333333333333,-2.83365584822105,-2.84343779936087,-2.84639535175395,-2.86640455496644
1.63366666666667,-2.81203541864697,-2.82166899450946,-2.82436092493552,-2.84425167540101
1.634,-2.79064884058165,-2.80013685961732,-2.80257030277875,-2.82234289408037
1.63433333333333,-2.76949304318251,-2.77883826154162,-2.78102016842335,-2.8006749153725
1.63466666666667,-2.74856500042446,-2.7577701134893,-2.75970725629872,-2.77924449393135
1.635,-2.72786173044539,-2.73692937432219,-2.73862835128857,-2.75804843389824
1.63533333333333,-2.70738029489873,-2.71631304787029,-2.71778028790798,-2.73708358811445
1.63566666666667,-2.68711779831299,-2.69591818225312,-2.69715994949242,-2.71634685734449
1.636,-2.66707138745863,-2.67574186920943,-2.67676426739922,-2.69583518951064
1.63633333333333,-2.64723825072225,-2.65578124343514,-2.65659022022114,-2.67554557893846
1.63666666666667,-2.62761561748804,-2.63603348192961,-2.63663483301182,-2.65547506561301
1.637,-2.60820075752667,-2.61649580335037,-2.61689517652339,-2.63562073444618
1.63733333333333,-2.58899098039174,-2.5971654673761,-2.59736836645592,-2.61597971455479
1.63766666666667,-2.56998363482364,-2.57803977407823,-2.57805156271851,-2.59654917854941
1.638,-2.55117610816083,-2.55911606330057,-2.55894196870214,-2.57732634183381
1.63833333333333,-2.53256582575889,-2.54039171404772,-2.54003683056415,-2.55830846191526
1.63866666666667,-2.51415025041679,-2.52186414388152,-2.52133343652387,-2.53949283772506
1.639,-2.49592688181093,-2.50353080832605,-2.50282911616994,-2.52087680894969
1.63933333333333,-2.47789325593666,-2.48538920028089,-2.48452123977858,-2.50245775537241
1.63966666666667,-2.4600469445571,-2.46743684944255,-2.46640721764292,-2.48423309622476
1.64,-2.4423855546597,-2.44967132173416,-2.44848449941332,-2.46620028954857
1.64033333333333,-2.42490672792013,-2.43209021874352,-2.43075057344863,-2.44835683156784
1.64066666666667,-2.40760814017347,-2.41469117716898,-2.41320296617775,-2.43070025607052
1.641,-2.39048750089306,-2.39747186827358,-2.39583924147216,-2.41322813380031
1.64133333333333,-2.37354255267639,-2.3804299973472,-2.37865700002854,-2.39593807185795
1.64166666666667,-2.35677107073845,-2.36356330317648,-2.36165387876168,-2.37882771311221
1.642,-2.34017086241225,-2.34686955752283,-2.34482755020768,-2.36189473562039
1.64233333333333,-2.32373976665661,-2.3303465646081,-2.32817572193699,-2.3451368520582
1.64266666666667,-2.30747565357095,-2.31399216060804,-2.31169613597728,-2.32855180915875
1.643,-2.2913764239172,-2.29780421315331,-2.29538656824601,-2.31213738716084
1.64333333333333,-2.27544000864884,-2.28178062083829,-2.27924482799273,-2.2958913992662
1.64366666666667,-2.25966436844669,-2.26591931273713,-2.2632687572505,-2.27981169110548
1.644,-2.24404749326168,-2.25021824792735,-2.24745623029684,-2.2638961402133
1.64433333333333,-2.22858740186446,-2.23467541502082,-2.23180515312375,-2.24814265551167
1.64466666666667,-2.21328214140162,-2.21928883170174,-2.2163134629166,-2.232549176802
1.645,-2.19812978695875,-2.20405654427217,-2.20097912754203,-2.21711367426564
1.64533333333333,-2.18312844113001,-2.18897662720426,-2.18580014504465,-2.20183414797255
1.64566666666667,-2.16827623359421,-2.17404718269976,-2.17077454315204,-2.1867086273982
1.646,-2.15357132069733,-2.15926634025619,-2.15590037878846,-2.17173517094848
1.64633333333333,-2.13901188504154,-2.14463225624007,-2.14117573759682,-2.15691186549259
1.64666666666667,-2.12459613508036,-2.13014311346662,-2.12659873346872,-2.14223682590362
1.647,-2.11032230472011,-2.11579712078635,-2.11216750808277,-2.12770819460689
1.64733333333333,-2.0961886529276,-2.10159251267801,-2.09788023045055,-2.1133241411359
1.64766666666667,-2.08219346334371,-2.08752754884811,-2.08373509647061,-2.09908286169558
1.648,-2.06833504390304,-2.07360051383671,-2.06973032848997,-2.08498257873294
1.64833333333333,-2.05461172645964,-2.05980971662972,-2.0558641748733,-2.07102154051506
1.64866666666667,-2.04102186641825,-2.04615349027707,-2.04213490957936,-2.05719802071397
1.649,-2.02756384237164,-2.0326301915173,-2.02854083174486,-2.04351031799864
1.64933333333333,-2.01423605574338,-2.01923820040794,-2.01508026527542,-2.02995675563382
1.64966666666667,-2.00103693043631,-2.00597591996203,-2.00175155844355,-2.01653568108567
1.65,-1.98796491248663,-1.9928417757903,-1.98855308349371,-2.00324546563402
1.65033333333333,-1.97501846972331,-1.97983421574926,-1.97548323625395,-1.99008450399114
1.65066666666667,-1.96219609143282,-1.96695170959487,-1.96254043575439,-1.97705121392702
1.651,-1.94949628802946,-1.95419274864189,-1.94972312385232,-1.96414403590097
1.65133333333333,-1.93691759073059,-1.94155584542868,-1.93702976486362,-1.9513614326994
1.65166666666667,-1.92445855123715,-1.92903953338745,-1.92445884520063,-1.93870188907984
1.652,-1.91211774141922,-1.91664236651983,-1.91200887301629,-1.92616391142074
1.65233333333333,-1.89989375300674,-1.90436291907785,-1.89967837785437,-1.91374602737763
1.65266666666667,-1.88778519728482,-1.89219978524975,-1.88746591030563,-1.90144678554455
1.653,-1.87579070479425,-1.88015157885137,-1.87537004167018,-1.88926475512171
1.65333333333333,-1.86390892503659,-1.86821693302216,-1.86338936362539,-1.87719852558849
1.65366666666667,-1.85213852618405,-1.85639449992635,-1.85152248789959,-1.86524670638202
1.654,-1.8404781947939,-1.84468295045893,-1.83976804595153,-1.85340792658127
1.65433333333333,-1.82892663552767,-1.83308097395638,-1.82812468865521,-1.84168083459648
1.65466666666667,-1.81748257087462,-1.82158727791224,-1.81659108599015,-1.8300640978638
1.655,-1.80614474087972,-1.81020058769714,-1.80516592673704,-1.81855640254508
1.65533333333333,-1.79491190287609,-1.79891964628358,-1.79384791817868,-1.8071564532329
1.65566666666667,-1.78378283122152,-1.78774321397502,-1.7826357858058,-1.79586297266032
1.656,-1.77275631703948,-1.77667006813958,-1.77152827302839,-1.78467470141584
1.65633333333333,-1.76183116796406,-1.76569900294796,-1.76052414089147,-1.77359039766295
1.65666666666667,-1.75100620788913,-1.75482882911562,-1.74962216779613,-1.7626088368645
1.657,-1.7402802767215,-1.7440583736493,-1.73882114922515,-1.7517288115118
1.65733333333333,-1.72965223013809,-1.73338647959757,-1.72811989747347,-1.7409491308582
1.65766666666667,-1.71912093934692,-1.72281200580551,-1.7175172413831,-1.73026862065717
1.658,-1.70868529085199,-1.71233382667331,-1.70701202608271,-1.71968612290485
1.65833333333333,-1.69834418622201,-1.70195083191899,-1.69660311273165,-1.70920049558697
1.65866666666667,-1.68809654186269,-1.69166192634477,-1.68628937826828,-1.6988106124299
1.659,-1.67794128879288,-1.68146602960742,-1.67606971516269,-1.68851536265611
1.65933333333333,-1.66787737242419,-1.67136207599236,-1.66594303117361,-1.67831365074348
1.65966666666667,-1.65790375234415,-1.66134901419126,-1.65590824910937,-1.66820439618891
1.66,-1.64801940210294,-1.6514258070835,-1.64596430659309,-1.65818653327577
1.66033333333333,-1.63822330900352,-1.64159143152113,-1.63611015583183,-1.64825901084531
1.66066666666667,-1.6285144738951,-1.63184487811717,-1.62634476338956,-1.63842079207185
1.661,-1.61889191096994,-1.62218515103765,-1.61666710996408,-1.62867085424181
1.66133333333333,-1.6093546475635,-1.61261126779677,-1.60707619016778,-1.61900818853644
1.66166666666667,-1.59990172395768,-1.60312225905557,-1.59757101231196,-1.60943179981817
1.662,-1.59053219318731,-1.59371716842382,-1.588150598195,-1.59994070642048
1.66233333333333,-1.58124512084973,-1.58439505226513,-1.57881398289396,-1.5905339399415
1.66266666666667,-1.57203958491739,-1.57515497950522,-1.56956021455977,-1.58121054504071
1.663,-1.56291467555351,-1.56599603144331,-1.56038835421588,-1.57196957923938
1.66333333333333,-1.55386949493073,-1.55691730156668,-1.55129747556039,-1.56281011272421
1.66366666666667,-1.54490315705255,-1.54791789536803,-1.54228666477129,-1.55373122815413
1.664,-1.53601478757771,-1.53899693016604,-1.53335502031526,-1.54473202047052
1.66433333333333,-1.52720352364746,-1.53015353492865,-1.52450165275953,-1.53581159671047
1.66466666666667,-1.51846851371544,-1.5213868500993,-1.5157256845869,-1.52696907582314
1.665,-1.50980891738042,-1.51269602742601,-1.50702625001394,-1.51820358848926
1.66533333333333,-1.50122390522164,-1.50408022979316,-1.49840249481219,-1.50951427694356
1.66566666666667,-1.4927126586368,-1.495538631056,-1.48985357613238,-1.50090029480011
1.666,-1.48427436968269,-1.48707041587789,-1.48137866233156,-1.49236080688066
1.66633333333333,-1.47590824091832,-1.47867477957014,-1.47297693280323,-1.48389498904575
1.66666666666667,-1.46761348525054,-1.47035092793442,-1.46464757781012,-1.47550202802864
1.667,-1.45938932578214,-1.46209807710768,-1.45638979831994,-1.46718112127192
1.66733333333333,-1.45123499566247,-1.45391545340974,-1.44820280584378,-1.45893147676696
1.66766666666667,-1.44314973794025,-1.44580229319306,-1.44008582227721,-1.45075231289583
1.668,-1.43513280541889,-1.43775784269523,-1.43203807974403,-1.442642858276
1.66833333333333,-1.42718346051408,-1.42978135789357,-1.42405882044265,-1.43460235160742
1.66866666666667,-1.41930097511354,-1.42187210436222,-1.41614729649492,-1.42663004152226
1.669,-1.41148463043913,-1.41402935713148,-1.40830276979759,-1.41872518643703
1.66933333333333,-1.40373371691115,-1.40625240054947,-1.40052451187617,-1.41088705440721
1.66966666666667,-1.39604753401464,-1.39854052814584,-1.39281180374116,-1.4031149229841
1.67,-1.38842539016798,-1.39089304249785,-1.38516393574672,-1.39540807907422
1.67033333333333,-1.38086660259351,-1.38330925509851,-1.37758020745169,-1.38776581880087
1.67066666666667,-1.37337049719012,-1.3757884862268,-1.37005992748281,-1.38018744736797
1.671,-1.36593640840801,-1.36833006482,-1.36260241340027,-1.37267227892617
1.67133333333333,-1.35856367912528,-1.36093332834812,-1.35520699156542,-1.36521963644108
1.67166666666667,-1.35125166052655,-1.35359762269015,-1.34787299701071,-1.3578288515637
1.672,-1.34399971198351,-1.34632230201247,-1.34059977331164,-1.35049926450288
1.67233333333333,-1.33680720093729,-1.33910672864911,-1.33338667246099,-1.3432302239
1.67266666666667,-1.32967350278273,-1.33195027298393,-1.32623305474496,-1.33602108670545
1.673,-1.32259800075446,-1.32485231333459,-1.31913828862133,-1.32887121805735
1.67333333333333,-1.31558008581477,-1.31781223583855,-1.31210175059974,-1.32177999116207
1.67366666666667,-1.30861915654325,-1.31082943434066,-1.30512282512378,-1.31474678717673
1.674,-1.30171461902813,-1.30390331028267,-1.29820090445503,-1.30777099509363
1.67433333333333,-1.29486588675939,-1.29703327259445,-1.29133538855907,-1.30085201162649
1.67466666666667,-1.28807238052344,-1.29021873758691,-1.28452568499324,-1.29398924109854
1.675,-1.28133352829956,-1.28345912884659,-1.27777120879618,-1.2871820953324
1.67533333333333,-1.27464876515792,-1.27675387713203,-1.27107138237935,-1.2804299935418
1.67566666666667,-1.26801753315912,-1.27010242027158,-1.26442563542011,-1.27373236222489
1.676,-1.26143928125542,-1.26350420306298,-1.25783340475656,-1.26708863505939
1.67633333333333,-1.25491346519344,-1.2569586771745,-1.25129413428421,-1.26049825279939
1.67666666666667,-1.24843954741835,-1.25046530104745,-1.24480727485409,-1.25396066317371
1.677,-1.2420169969796,-1.24402353980052,-1.23837228417271,-1.24747532078601
1.67733333333333,-1.23564528943814,-1.23763286513534,-1.23198862670349,-1.24104168701644
1.67766666666667,-1.22932390677497,-1.23129275524369,-1.2256557735698,-1.23465922992477
1.678,-1.22305233730122,-1.22500269471606,-1.21937320245959,-1.22832742415519
1.67833333333333,-1.21683007556958,-1.21876217445171,-1.2131403975315,-1.2220457508426
1.67866666666667,-1.21065662228706,-1.21257069157008,-1.20695684932249,-1.21581369752026
1.679,-1.20453148422919,-1.2064277493236,-1.20082205465691,-1.20963075802907
1.67933333333333,-1.19845417415547,-1.20033285701186,-1.19473551655708,-1.20349643242815
1.67966666666667,-1.19242421072611,-1.19428552989708,-1.18869674415524,-1.19741022690694
1.68,-1.18644111842014,-1.18828528912094,-1.18270525260689,-1.19137165369858
1.68033333333333,-1.18050442745471,-1.18233166162267,-1.17676056300554,-1.18538023099474
1.68066666666667,-1.17461367370563,-1.17642418005839,-1.17086220229877,-1.17943548286177
1.681,-1.16876839862913,-1.17056238272173,-1.16500970320566,-1.17353693915808
1.68133333333333,-1.16296814918494,-1.16474581346567,-1.1592026041355,-1.16768413545297
1.68166666666667,-1.15721247776027,-1.15897402162555,-1.15344044910775,-1.16187661294659
1.682,-1.15150094209527,-1.15324656194332,-1.1477227876733,-1.15611391839124
1.68233333333333,-1.14583310520943,-1.1475629944929,-1.142049174837,-1.15039560401385
1.68266666666667,-1.14020853532916,-1.14192288460673,-1.13641917098126,-1.14472122743969
1.683,-1.13462680581645,-1.1363258028034,-1.13083234179107,-1.13909035161727
1.68333333333333,-1.12908749509869,-1.13077132471646,-1.12528825817997,-1.1335025447444
1.68366666666667,-1.12359018659943,-1.12525903102423,-1.1197864962173,-1.12795738019537
1.684,-1.11813446867032,-1.11978850738073,-1.11432663705657,-1.12245443644933
1.68433333333333,-1.11271993452402,-1.1143593443477,-1.10890826686497,-1.11699329701973
1.68466666666667,-1.10734618216809,-1.10897113732758,-1.10353097675387,-1.11157355038482
1.685,-1.10201281433998,-1.10362348649756,-1.09819436271049,-1.1061947899193
1.68533333333333,-1.0967194384429,-1.09831599674459,-1.09289802553066,-1.10085661382698
1.68566666666667,-1.09146566648271,-1.09304827760146,-1.08764157075249,-1.09555862507445
1.686,-1.08625111500578,-1.08781994318373,-1.08242460859121,-1.09030043132584
1.68633333333333,-1.08107540503773,-1.08263061212775,-1.07724675387492,-1.08508164487853
1.68666666666667,-1.0759381620231,-1.07747990752945,-1.07210762598133,-1.07990188259983
1.687,-1.070839015766,-1.07236745688423,-1.06700684877557,-1.0747607658647
1.68733333333333,-1.06577760037155,-1.06729289202766,-1.06194405054886,-1.06965792049435
1.68766666666667,-1.06075355418825,-1.06225584907703,-1.05691886395811,-1.06459297669581
1.688,-1.05576651975122,-1.05725596837392,-1.05193092596655,-1.05956556900243
1.68833333333333,-1.05081614372624,-1.05229289442751,-1.04697987778515,-1.05457533621526
1.68866666666667,-1.04590207685469,-1.04736627585874,-1.04206536481502,-1.04962192134534
1.689,-1.04102397389924,-1.04247576534544,-1.03718703659065,-1.04470497155685
1.68933333333333,-1.03618149359041,-1.03762101956808,-1.032344546724,-1.03982413811114
1.68966666666667,-1.03137429857389,-1.03280169915653,-1.02753755284949,-1.03497907631162
1.69,-1.02660205535862,-1.02801746863743,-1.02276571656978,-1.03016944544938
1.69033333333333,-1.02186443426573,-1.02326799638254,-1.01802870340239,-1.02539490874982
1.69066666666667,-1.0171611093781,-1.01855295455764,-1.0133261827271,-1.02065513331988
1.691,-1.01249175849082,-1.01387201907239,-1.00865782773424,-1.01594979009624
1.69133333333333,-1.00785606306221,-1.0092248695308,-1.0040233153736,-1.01127855379415
1.69166666666667,-1.00325370816573,-1.00461118918249,-0.99942232630426,-1.00664110285711
1.692,-0.998684382442488,-1.00003066487469,-0.994854544845122,-1.00203711940733
1.69233333333333,-0.994147778054453,-0.995482987004821,-0.990319658926119,-0.997466289196825
1.69266666666667,-0.98964359063843,-0.990967849474023,-0.985817360040288,-0.992928301559361
1.693,-0.985171519260623,-0.986484949641088,-0.981347343196429,-0.98842284936302
1.69333333333333,-0.980731266371923,-0.982033988277273,-0.976909306872563,-0.983949628963528
1.69366666666667,-0.976322537763804,-0.97761466952167,-0.972502952970039,-0.979508340158274
1.694,-0.971945042524905,-0.97322670083729,-0.968127986768344,-0.975098686140955
1.69433333333333,-0.967598492998221,-0.968869792967753,-0.963784116880587,-0.970720373456997
1.69466666666667,-0.963282604738897,-0.964543659894617,-0.959471055209615,-0.966373111959514
1.695,-0.958997096472725,-0.960248018795369,-0.955188516904843,-0.96205661476604
1.69533333333333,-0.954741690055094,-0.955982590001945,-0.950936220319634,-0.957770598215775
1.69566666666667,-0.950516110430696,-0.951747096959964,-0.946713886969401,-0.953514781827588
1.696,-0.946320085593685,-0.947541266188457,-0.942521241490264,-0.949288888258514
1.69633333333333,-0.942153346548511,-0.943364827240242,-0.938358011598356,-0.945092643262976
1.69666666666667,-0.938015627271246,-0.939217512662851,-0.934223928049687,-0.94092577565251
1.697,-0.933906664671495,-0.935099057960009,-0.930118724600645,-0.936788017256129
1.69733333333333,-0.929826198554899,-0.931009201553725,-0.92604213796905,-0.932679102881292
1.69766666666667,-0.925773971586081,-0.926947684746837,-0.92199390779577,-0.928598770275354
1.698,-0.921749729252228,-0.922914251686209,-0.917973776606933,-0.924546760087676
1.69833333333333,-0.91775321982711,-0.918908649326351,-0.91398148977665,-0.920522815832217
1.69866666666667,-0.913784194335674,-0.914930627393671,-0.910016795490319,-0.916526683850722
1.699,-0.909842406519115,-0.910979938351108,-0.906079444708436,-0.912558113276387
1.69933333333333,-0.905927612800453,-0.907056337363428,-0.902169191130957,-0.908616855998122
1.69966666666667,-0.902039572250598,-0.903159582262856,-0.898285791162143,-0.904702666625251
1.7,-0.89817804655489,-0.899289433515342,-0.894429003875952,-0.900815302452786
1.70033333333333,-0.894342799980158,-0.895445654187205,-0.890598590981916,-0.896954523427189
1.70066666666667,-0.890533599342178,-0.891628009912316,-0.886794316791497,-0.893120092112583
1.701,-0.88675021397365,-0.887836268859727,-0.883015948184977,-0.88931177365752
1.70133333333333,-0.882992415692602,-0.884070201701723,-0.879263254578741,-0.885529335762161
1.70166666666667,-0.879259978771249,-0.880329581582414,-0.875536007893126,-0.88177254864598
1.702,-0.875552679905268,-0.876614184086671,-0.871833982520658,-0.878041185015869
1.70233333333333,-0.871870298183568,-0.872923787209605,-0.868156955294793,-0.874335020034796
1.70266666666667,-0.868212615058397,-0.869258171326373,-0.864504705459079,-0.870653831290778
1.703,-0.864579414315951,-0.865617119162497,-0.860877014636757,-0.866997398766417
1.70333333333333,-0.86097048204736,-0.862000415764545,-0.857273666800829,-0.863365504808824
1.70366666666667,-0.857385606620054,-0.858407848471261,-0.853694448244498,-0.859757934099923
1.704,-0.853824578649594,-0.85483920688508,-0.850139147552095,-0.856174473627281
1.70433333333333,-0.850287190971834,-0.851294282844034,-0.846607555570358,-0.852614912655234
1.70466666666667,-0.846773238615519,-0.847772870394097,-0.843099465380164,-0.84907904269652
1.705,-0.843282518775218,-0.844274765761843,-0.839614672268613,-0.845566657484245
1.70533333333333,-0.839814830784701,-0.840799767327569,-0.836152973701578,-0.842077552944296
1.70566666666667,-0.836369976090606,-0.837347675598731,-0.832714169296573,-0.8386115271681
1.706,-0.832947758226528,-0.83391829318377,-0.829298060796036,-0.835168380385771
1.70633333333333,-0.829547982787457,-0.830511424766315,-0.825904452040997,-0.831747914939691
1.70666666666667,-0.826170457404549,-0.827126877079728,-0.822533148945084,-0.828349935258358
1.707,-0.822814991720272,-0.823764458882005,-0.819183959468935,-0.824974247830711
1.70733333333333,-0.819481397363872,-0.820423980931021,-0.815856693594927,-0.821620661180732
1.70766666666667,-0.8161694879272,-0.817105255960146,-0.812551163302298,-0.818288985842446
1.708,-0.812879078940844,-0.813808098654141,-0.809267182542583,-0.814979034335236
1.70833333333333,-0.809609987850625,-0.810532325625441,-0.806004567215415,-0.811690621139548
1.70866666666667,-0.80636203399437,-0.807277755390752,-0.802763135144649,-0.80842356267289
1.709,-0.803135038579044,-0.804044208347936,-0.799542706054833,-0.805177677266176
1.70933333333333,-0.799928824658194,-0.800831506753258,-0.796343101547997,-0.801952785140426
1.70966666666667,-0.796743217109648,-0.797639474698912,-0.793164145080753,-0.79874870838373
1.71,-0.793578042613587,-0.794467938090887,-0.790005661941732,-0.795565270928589
1.71033333333333,-0.790433129630882,-0.791316724627098,-0.786867479229328,-0.792402298529538
1.71066666666667,-0.787308308381709,-0.788185663775842,-0.783749425829741,-0.789259618741089
1.711,-0.784203410824504,-0.785074586754532,-0.780651332395318,-0.786137060895943
1.71133333333333,-0.781118270635151,-0.781983326508755,-0.777573031323217,-0.783034456083569
1.71166666666667,-0.778052723186484,-0.778911717691535,-0.774514356734344,-0.779951637129008
1.712,-0.77500660552805,-0.77585959664299,-0.771475144452564,-0.776888438571996
1.71233333333333,-0.771979756366172,-0.772826801370169,-0.768455231984248,-0.773844696646396
1.71266666666667,-0.768972016044231,-0.769813171527191,-0.765454458498045,-0.770820249259861
1.713,-0.765983226523278,-0.766818548395697,-0.762472664804961,-0.767814935973805
1.71333333333333,-0.763013231362835,-0.763842774865478,-0.759509693338694,-0.764828597983649
1.71366666666667,-0.760061875702028,-0.760885695415455,-0.756565388136258,-0.761861078099312
1.714,-0.757129006240903,-0.757947156094844,-0.75363959481883,-0.758912220726001
1.71433333333333,-0.754214471222061,-0.755027004504625,-0.750732160572928,-0.755981871845229
1.71466666666667,-0.75131812041246,-0.752125089779215,-0.747842934131744,-0.753069878996091
1.715,-0.748439805085541,-0.749241262568418,-0.744971765756826,-0.750176091256828
1.71533333333333,-0.745579378003531,-0.746375375019625,-0.742118507219956,-0.747300359226598
1.71566666666667,-0.742736693400016,-0.743527280760196,-0.739283011785275,-0.744442535007513
1.716,-0.739911606962733,-0.740696834880152,-0.736465134191654,-0.741602472186916
1.71633333333333,-0.737103975816579,-0.737883893915031,-0.733664730635321,-0.738780025819891
1.71666666666667,-0.734313658506873,-0.735088315829024,-0.730881658752697,-0.73597505241201
1.717,-0.731540514982815,-0.73230995999829,-0.728115777603451,-0.733187409902307
1.71733333333333,-0.728784406581186,-0.729548687194524,-0.725366947653836,-0.730416957646489
1.71766666666667,-0.726045196010225,-0.726804359568732,-0.722635030760174,-0.727663556400367
1.718,-0.723322747333758,-0.724076840635216,-0.71991989015263,-0.724927068303483
1.71833333333333,-0.720616925955537,-0.721365995255782,-0.71722139041916,-0.722207356863006
1.71866666666667,-0.717927598603733,-0.718671689624143,-0.714539397489674,-0.719504286937795
1.719,-0.715254633315692,-0.715993791250526,-0.711873778620433,-0.71681772472269
1.71933333333333,-0.712597899422868,-0.713332168946497,-0.709224402378643,-0.714147537733024
1.71966666666667,-0.70995726753595,-0.710686692809986,-0.706591138627232,-0.711493594789316
1.72,-0.707332609530151,-0.708057234210459,-0.703973858509857,-0.708855766002181
1.72033333333333,-0.704723798530785,-0.705443665774378,-0.701372434436093,-0.706233922757423
1.72066666666667,-0.70213070889893,-0.702845861370742,-0.698786740066832,-0.703627937701362
1.721,-0.6995532162173,-0.70026369609691,-0.696216650299844,-0.701037684726296
1.72133333333333,-0.696991197276366,-0.697697046264541,-0.693662041255567,-0.698463038956222
1.72166666666667,-0.694444530060583,-0.695145789385767,-0.691122790263054,-0.695903876732663
1.722,-0.691913093734796,-0.6926098041595,-0.688598775846118,-0.693360075600753
1.72233333333333,-0.689396768630901,-0.69008897045796,-0.686089877709636,-0.690831514295474
1.72266666666667,-0.686895436234581,-0.68758316931335,-0.683595976726095,-0.688318072728074
1.723,-0.684408979172263,-0.685092282904693,-0.681116954922206,-0.685819631972637
1.72333333333333,-0.681937281198253,-0.682616194544886,-0.678652695465813,-0.683336074252887
1.72366666666667,-0.679480227181994,-0.680154788667862,-0.676203082652882,-0.680867282929102
1.724,-0.677037703095532,-0.677707950815965,-0.673768001894684,-0.678413142485222
1.72433333333333,-0.674609596001118,-0.675275567627458,-0.671347339705183,-0.675973538516155
1.72466666666667,-0.672195794038964,-0.672857526824202,-0.668940983688521,-0.673548357715181
1.725,-0.669796186415172,-0.6704537171995,-0.666548822526724,-0.671137487861577
1.72533333333333,-0.667410663389818,-0.66806402860607,-0.664170745967523,-0.668740817808367
1.72566666666667,-0.665039116265169,-0.665688351944216,-0.661806644812365,-0.666358237470243
1.726,-0.662681437374057,-0.663326579150091,-0.659456410904549,-0.663989637811653
1.72633333333333,-0.660337520068415,-0.660978603184179,-0.65711993711754,-0.661634910835012
1.72666666666667,-0.658007258707946,-0.658644318019857,-0.654797117343419,-0.659293949569073
1.727,-0.655690548648922,-0.656323618632139,-0.652487846481477,-0.656966648057475
1.72733333333333,-0.65338728623317,-0.654016400986571,-0.650192020426971,-0.654652901347413
1.72766666666667,-0.651097368777139,-0.651722562028225,-0.647909536060002,-0.652352605478433
1.728,-0.648820694561145,-0.649441999670882,-0.645640291234561,-0.650065657471414
1.72833333333333,-0.646557162818731,-0.647174612786317,-0.643384184767683,-0.647791955317658
1.72866666666667,-0.644306673726194,-0.644920301193728,-0.64114111642878,-0.645531397968128
1.729,-0.64206912839217,-0.642678965649299,-0.63891098692905,-0.643283885322826
1.72933333333333,-0.639844428847461,-0.640450507835904,-0.636693697911084,-0.641049318220299
1.72966666666667,-0.637632478034873,-0.638234830352924,-0.63448915193857,-0.638827598427277
1.73,-0.63543317979925,-0.636031836706193,-0.632297252486121,-0.636618628628446
1.73033333333333,-0.633246438877643,-0.633841431298098,-0.630117903929256,-0.634422312416356
1.73066666666667,-0.631072160889543,-0.631663519417746,-0.627951011534486,-0.632238554281443
1.731,-0.628910252327265,-0.629498007231311,-0.625796481449531,-0.630067259602171
1.73133333333333,-0.626760620546496,-0.627344801772485,-0.623654220693676,-0.627908334635322
1.73166666666667,-0.624623173756875,-0.62520381093301,-0.62152413714822,-0.6257616865064
1.732,-0.622497821012747,-0.623074943453394,-0.619406139547048,-0.623627223200118
1.73233333333333,-0.620384472204037,-0.620958108913686,-0.617300137467361,-0.621504853551077
1.73266666666667,-0.618283038047184,-0.618853217724379,-0.615206041320469,-0.619394487234474
1.733,-0.616193430076241,-0.616760181117449,-0.613123762342713,-0.617296034756999
1.73333333333333,-0.61411556063408,-0.614678911137485,-0.611053212586543,-0.615209407447815
1.73366666666667,-0.612049342863647,-0.612609320632923,-0.608994304911628,-0.613134517449633
1.734,-0.609994690699404,-0.610551323247401,-0.606946952976159,-0.611071277709927
1.73433333333333,-0.607951518858818,-0.608504833411219,-0.604911071228193,-0.609019601972259
1.73466666666667,-0.605919742833992,-0.606469766332894,-0.602886574897146,-0.606979404767672
1.735,-0.603899278883367,-0.604446037990816,-0.600873379985379,-0.604950601406222
1.73533333333333,-0.601890044023545,-0.602433565125055,-0.598871403259865,-0.602933107968637
1.73566666666667,-0.599891956021203,-0.600432265229164,-0.596880562244008,-0.600926841297993
1.736,-0.597904933385122,-0.5984420565422,-0.594900775209517,-0.598931718991605
1.73633333333333,-0.595928895358279,-0.596462858040773,-0.592931961168393,-0.596947659392927
1.73666666666667,-0.593963761910075,-0.594494589431189,-0.590974039865034,-0.594974581583588
1.737,-0.59200945372863,-0.592537171141728,-0.589026931768397,-0.593012405375543
1.73733333333333,-0.590065892213178,-0.590590524314989,-0.587090558064303,-0.591061051303267
1.73766666666667,-0.588132999466563,-0.588654570800329,-0.585164840647805,-0.589120440616105
1.738,-0.586210698287802,-0.586729233146392,-0.583249702115637,-0.587190495270662
1.73833333333333,-0.584298912164781,-0.584814434593753,-0.581345065758804,-0.585271137923336
1.73866666666667,-0.58239756526698,-0.582910099067612,-0.57945085555521,-0.583362291922883
1.739,-0.580506582438338,-0.581016151170599,-0.577566996162397,-0.581463881303129
1.73933333333333,-0.57862588919018,-0.579132516175675,-0.575693412910395,-0.579575830775742
1.73966666666667,-0.576755411694228,-0.577259120019089,-0.573830031794614,-0.577698065723085
1.74,-0.574895076775697,-0.575395889293439,-0.57197677946884,-0.575830512191164
1.74033333333333,-0.573044811906484,-0.573542751240824,-0.57013358323834,-0.573973096882677
1.74066666666667,-0.571204545198425,-0.571699633746055,-0.568300371053012,-0.572125747150117
1.741,-0.569374205396629,-0.569866465329961,-0.566477071500641,-0.570288390988978
1.74133333333333,-0.567553721872928,-0.568043175142779,-0.564663613800225,-0.568460957031037
1.74166666666667,-0.565743024619334,-0.566229692957603,-0.562859927795393,-0.566643374537704
1.742,-0.563942044241646,-0.56442594916394,-0.561065943947878,-0.564835573393482
1.74233333333333,-0.562150711953111,-0.562631874761318,-0.559281593331111,-0.563037484099479
1.74266666666667,-0.560368959568124,-0.560847401352974,-0.557506807623833,-0.561249037767001
1.743,-0.55859671949605,-0.559072461139627,-0.555741519103838,-0.55947016611122
1.74333333333333,-0.556833924735083,-0.557306986913326,-0.553985660641757,-0.557700801444943
1.74366666666667,-0.555080508866222,-0.555550912051352,-0.552239165694928,-0.555940876672419
1.744,-0.553336406047259,-0.553804170510207,-0.550501968301332,-0.554190325283227
1.74433333333333,-0.551601551006891,-0.552066696819666,-0.548774003073617,-0.552449081346264
1.74466666666667,-0.549875879038855,-0.550338426076914,-0.547055205193169,-0.550717079503768
1.745,-0.548159325996187,-0.548619293940732,-0.545345510404264,-0.548994254965434
1.74533333333333,-0.546451828285485,-0.546909236625757,-0.543644855008306,-0.547280543502598
1.74566666666667,-0.54475332286129,-0.545208190896826,-0.541953175858104,-0.545575881442471
1.746,-0.543063747220504,-0.543516094063356,-0.540270410352224,-0.543880205662463
1.74633333333333,-0.541383039396889,-0.541832883973813,-0.538596496429438,-0.542193453584569
1.74666666666667,-0.539711137955613,-0.540158499010247,-0.536931372563176,-0.540515563169804
1.747,-0.538047981987877,-0.53849287808286,-0.535274977756104,-0.53884647291272
1.74733333333333,-0.5363935111056,-0.536835960624689,-0.533627251534747,-0.537186121835989
1.74766666666667,-0.534747665436153,-0.53518768658629,-0.531988133944143,-0.535534449485041
1.748,-0.533110385617164,-0.533547996430525,-0.530357565542609,-0.533891395922748
1.74833333333333,-0.531481612791383,-0.531916831127425,-0.52873548739653,-0.532256901724221
1.74866666666667,-0.52986128860162,-0.530294132149036,-0.527121841075228,-0.530630907971603
1.749,-0.528249355185698,-0.528679841464416,-0.525516568645884,-0.529013356248971
1.74933333333333,-0.526645755171527,-0.527073901534633,-0.523919612668522,-0.52740418863728
1.74966666666667,-0.525050431672167,-0.525476255307833,-0.522330916191049,-0.525803347709351
1.75,-0.523463328280999,-0.523886846214369,-0.520750422744349,-0.524210776524944
1.75033333333333,-0.52188438906694,-0.522305618161994,-0.519178076337436,-0.522626418625875
1.75066666666667,-0.520313558569691,-0.520732515531078,-0.517613821452671,-0.521050218031182
1.751,-0.518750781795048,-0.519167483169921,-0.516057603041014,-0.519482119232358
1.75133333333333,-0.5171960042103,-0.517610466390097,-0.514509366517365,-0.517922067188632
1.75166666666667,-0.515649171739638,-0.516061410961839,-0.512969057755919,-0.516370007322306
1.752,-0.514110230759618,-0.514520263109512,-0.511436623085589,-0.514825885514151
1.75233333333333,-0.512579128094709,-0.512986969507101,-0.509912009285501,-0.513289648098846
1.75266666666667,-0.51105581101285,-0.511461477273771,-0.508395163580515,-0.511761241860471
1.753,-0.509540227221098,-0.509943733969469,-0.506886033636799,-0.510240614028058
1.75333333333333,-0.508032324861295,-0.50843368759059,-0.50538456755748,-0.508727712271197
1.75366666666667,-0.506532052505789,-0.506931286565676,-0.503890713878299,-0.507222484695656
1.754,-0.505039359153212,-0.505436479751155,-0.502404421563363,-0.505724879839111
1.75433333333333,-0.503554194224313,-0.503949216427165,-0.50092564000092,-0.504234846666873
1.75466666666667,-0.50207650755781,-0.502469446293381,-0.499454318999168,-0.502752334567679
1.755,-0.500606249406311,-0.500997119464936,-0.497990408782152,-0.501277293349541
1.75533333333333,-0.499143370432281,-0.499532186468323,-0.496533859985665,-0.499809673235645
1.75566666666667,-0.497687821704043,-0.498074598237425,-0.495084623653233,-0.498349424860257
1.756,-0.496239554691818,-0.496624306109508,-0.493642651232109,-0.496896499264735
1.75633333333333,-0.494798521263853,-0.49518126182133,-0.49220789456934,-0.495450847893529
1.75666666666667,-0.493364673682519,-0.493745417505231,-0.490780305907863,-0.494012422590265
1.757,-0.491937964600514,-0.492316725685317,-0.489359837882647,-0.492581175593853
1.75733333333333,-0.490518347057095,-0.490895139273658,-0.487946443516891,-0.491157059534656
1.75766666666667,-0.489105774474325,-0.489480611566538,-0.486540076218253,-0.48974002743067
1.758,-0.487700200653381,-0.488073096240737,-0.4851406897751,-0.488330032683784
1.75833333333333,-0.48630157977093,-0.486672547349867,-0.483748238352854,-0.486927029076066
1.75866666666667,-0.484909866375482,-0.485278919320752,-0.482362676490331,-0.485530970766076
1.759,-0.483525015383839,-0.483892166949829,-0.480983959096132,-0.484141812285242
1.75933333333333,-0.482146982077564,-0.482512245399595,-0.479612041445088,-0.482759508534258
1.75966666666667,-0.480775722099471,-0.481139110195107,-0.478246879174733,-0.481384014779558
1.76,-0.479411191450187,-0.479772717220513,-0.47688842828181,-0.480015286649753
1.76033333333333,-0.478053346484734,-0.478413022715607,-0.47553664511884,-0.478653280132216
1.76066666666667,-0.476702143909139,-0.477059983272448,-0.474191486390693,-0.477297951569594
1.761,-0.475357540777104,-0.475713555831985,-0.472852909151232,-0.47594925765644
1.76133333333333,-0.474019494486691,-0.474373697680751,-0.471520870799974,-0.474607155435844
1.76166666666667,-0.472687962777061,-0.473040366447584,-0.470195329078787,-0.473271602296098
1.762,-0.471362903725226,-0.471713520100348,-0.468876242068635,-0.471942555967434
1.76233333333333,-0.470044275742871,-0.470393116942755,-0.467563568186343,-0.470619974518737
1.76266666666667,-0.468732037573179,-0.469079115611158,-0.466257266181423,-0.469303816354361
1.763,-0.467426148287682,-0.467771475071433,-0.464957295132899,-0.46799404021093
1.76333333333333,-0.466126567283213,-0.466470154615842,-0.463663614446193,-0.466690605154197
1.76366666666667,-0.464833254278803,-0.465175113859983,-0.46237618385005,-0.465393470575928
1.764,-0.463546169312658,-0.463886312739726,-0.461094963393465,-0.464102596190835
1.76433333333333,-0.462265272739185,-0.462603711508222,-0.459819913442671,-0.462817942033514
1.76466666666667,-0.460990525226006,-0.461327270732911,-0.458550994678159,-0.461539468455449
1.765,-0.459721887751033,-0.460056951292587,-0.457288168091705,-0.46026713612202
1.76533333333333,-0.458459321599573,-0.458792714374478,-0.456031394983465,-0.459000906009576
1.76566666666667,-0.457202788361451,-0.457534521471369,-0.454780636959077,-0.45774073940249
1.766,-0.455952249928179,-0.456282334378739,-0.453535855926784,-0.456486597890301
1.76633333333333,-0.454707668490143,-0.455036115191972,-0.452297014094639,-0.455238443364854
1.76666666666667,-0.453469006533825,-0.453795826303524,-0.451064073967674,-0.453996238017474
1.767,-0.452236226839056,-0.452561430400193,-0.449836998345152,-0.452759944336177
1.76733333333333,-0.451009292476305,-0.451332890460385,-0.448615750317809,-0.451529525102908
1.76766666666667,-0.449788166803976,-0.450110169751395,-0.447400293265157,-0.450304943390817
1.768,-0.448572813465753,-0.448893231826756,-0.446190590852806,-0.44908616256154
1.76833333333333,-0.447363196387975,-0.447682040523583,-0.444986607029809,-0.447873146262544
1.76866666666667,-0.446159279777014,-0.446476559959955,-0.443788306026022,-0.446665858424462
1.769,-0.44496102811671,-0.445276754532339,-0.442595652349529,-0.445464263258493
1.76933333333333,-0.443768406165825,-0.44408258891301,-0.441408610784073,-0.444268325253808
1.76966666666667,-0.442581378955504,-0.44289402804753,-0.44022714638649,-0.443078009174985
1.77,-0.44139991178679,-0.441711037152246,-0.439051224484227,-0.44189328005947
1.77033333333333,-0.440223970228158,-0.440533581711795,-0.437880810672845,-0.44071410321508
1.77066666666667,-0.439053520113062,-0.439361627476657,-0.43671587081354,-0.43954044421752
1.771,-0.437888527537521,-0.438195140460728,-0.435556371030735,-0.43837226890792
1.77133333333333,-0.436728958857716,-0.437034086938913,-0.434402277709648,-0.437209543390422
1.77166666666667,-0.435574780687641,-0.435878433444759,-0.433253557493929,-0.436052234029751
1.772,-0.434425959896753,-0.434728146768076,-0.432110177283276,-0.434900307448863
1.77233333333333,-0.433282463607638,-0.433583193952647,-0.430972104231129,-0.433753730526578
1.77266666666667,-0.432144259193741,-0.432443542293881,-0.42983930574234,-0.432612470395257
1.773,-0.431011314277078,-0.431309159336572,-0.428711749470903,-0.431476494438491
1.77333333333333,-0.429883596725999,-0.430180012872624,-0.42758940331767,-0.430345770288834
1.77366666666667,-0.428761074652958,-0.429056070938817,-0.426472235428148,-0.429220265825531
1.774,-0.427643716412318,-0.4279373018146,-0.425360214190245,-0.428099949172306
1.77433333333333,-0.426531490598175,-0.426823674019919,-0.424253308232125,-0.426984788695124
1.77466666666667,-0.425424366042201,-0.425715156313025,-0.423151486419984,-0.425874753000038
1.775,-0.424322311811496,-0.424611717688359,-0.422054717855962,-0.424769810930999
1.77533333333333,-0.423225297206511,-0.423513327374419,-0.420962971875975,-0.423669931567736
1.77566666666667,-0.422133291758937,-0.422419954831672,-0.419876218047636,-0.422575084223613
1.776,-0.421046265229629,-0.421331569750465,-0.418794426168174,-0.421485238443557
1.77633333333333,-0.419964187606588,-0.420248142048982,-0.417717566262366,-0.420400364001968
1.77666666666667,-0.418887029102912,-0.419169641871215,-0.416645608580511,-0.419320430900676
1.777,-0.417814760154809,-0.418096039584932,-0.415578523596414,-0.418245409366898
1.77733333333333,-0.4167473514196,-0.417027305779716,-0.414516282005381,-0.417175269851225
1.77766666666667,-0.415684773773761,-0.415963411264963,-0.413458854722252,-0.416109983025647
1.778,-0.414626998310986,-0.414904327067948,-0.412406212879445,-0.415049519781565
1.77833333333333,-0.413573996340255,-0.413850024431899,-0.411358327825027,-0.413993851227859
1.77866666666667,-0.412525739383938,-0.412800474814072,-0.410315171120793,-0.412942948688941
1.779,-0.411482199175898,-0.411755649883859,-0.409276714540369,-0.411896783702844
1.77933333333333,-0.410443347659649,-0.410715521520942,-0.408242930067357,-0.410855328019356
1.77966666666667,-0.409409156986484,-0.409680061813403,-0.407213789893447,-0.40981855359812
1.78,-0.408379599513663,-0.40864924305591,-0.406189266416603,-0.408786432606793
1.78033333333333,-0.407354647802604,-0.407623037747905,-0.405169332239245,-0.407758937419218
1.78066666666667,-0.406334274617092,-0.406601418591797,-0.404153960166431,-0.406736040613595
1.781,-0.4053184529215,-0.405584358491173,-0.403143123204092,-0.405717714970699
1.78133333333333,-0.404307155879037,-0.404571830549073,-0.40213679455727,-0.404703933472096
1.78166666666667,-0.403300356850014,-0.403563808066204,-0.401134947628351,-0.40369466929838
1.782,-0.402298029390131,-0.40256026453923,-0.400137556015363,-0.402689895827433
1.78233333333333,-0.401300147248758,-0.401561173659089,-0.399144593510252,-0.401689586632702
1.78266666666667,-0.400306684367269,-0.400566509309255,-0.398156034097186,-0.400693715481486
1.783,-0.399317614877357,-0.399576245564102,-0.397171851950889,-0.39970225633325
1.78333333333333,-0.398332913099395,-0.398590356687222,-0.396192021434976,-0.39871518333796
1.78366666666667,-0.3973525535408,-0.397608817129805,-0.395216517100304,-0.397732470834405
1.784,-0.396376510894407,-0.396631601528992,-0.394245313683363,-0.396754093348576
1.78433333333333,-0.395404760036872,-0.39565868470629,-0.393278386104647,-0.39578002559204
1.78466666666667,-0.394437276027089,-0.39469004166596,-0.392315709467066,-0.394810242460323
1.785,-0.393474034104607,-0.393725647593449,-0.391357259054384,-0.393844719031331
1.78533333333333,-0.392515009688097,-0.392765477853834,-0.390403010329633,-0.392883430563761
1.78566666666667,-0.391560178373789,-0.391809507990263,-0.389452938933577,-0.391926352495563
1.786,-0.390609515933956,-0.390857713722446,-0.388507020683188,-0.390973460442368
1.78633333333333,-0.389662998315421,-0.389910070945119,-0.387565231570118,-0.390024730195991
1.78666666666667,-0.388720601638033,-0.388966555726552,-0.386627547759207,-0.389080137722879
1.787,-0.387782302193212,-0.388027144307077,-0.385693945586994,-0.388139659162655
1.78733333333333,-0.386848076442474,-0.387091813097594,-0.384764401560239,-0.387203270826611
1.78766666666667,-0.385917901015989,-0.38616053867813,-0.383838892354479,-0.386270949196226
1.788,-0.384991752711119,-0.385233297796401,-0.382917394812581,-0.385342670921745
1.78833333333333,-0.384069608491037,-0.384310067366374,-0.381999885943311,-0.384418412820716
1.78866666666667,-0.383151445483284,-0.383390824466862,-0.381086342919919,-0.383498151876568
1.789,-0.382237240978386,-0.382475546340118,-0.380176743078741,-0.382581865237202
1.78933333333333,-0.381326972428494,-0.381564210390456,-0.379271063917821,-0.381669530213593
1.78966666666667,-0.380420617445972,-0.380656794182874,-0.378369283095526,-0.380761124278407
1.79,-0.379518153802082,-0.379753275441695,-0.37747137842919,-0.379856625064627
1.79033333333333,-0.378619559425636,-0.378853632049233,-0.376577327893773,-0.378956010364185
1.79066666666667,-0.37772481240166,-0.377957842044444,-0.375687109620527,-0.37805925812666
1.791,-0.37683389097007,-0.377065883621608,-0.374800701895666,-0.377166346457886
1.79133333333333,-0.375946773524404,-0.376177735129043,-0.373918083159082,-0.37627725361868
1.79166666666667,-0.375063438610491,-0.375293375067785,-0.373039232003023,-0.375391958023519
1.792,-0.374183864925211,-0.374412782090328,-0.372164127170833,-0.374510438239262
1.79233333333333,-0.373308031315207,-0.373535934999343,-0.37129274755567,-0.373632672983844
1.79266666666667,-0.37243591677564,-0.37266281274642,-0.370425072199263,-0.37275864112503
1.793,-0.37156750044895,-0.371793394430832,-0.369561080290652,-0.371888321679161
1.79333333333333,-0.370702761623628,-0.3709276592983,-0.368700751164962,-0.371021693809893
1.79366666666667,-0.369841679733003,-0.370065586739764,-0.367844064302189,-0.370158736826983
1.794,-0.368984234354024,-0.369207156290193,-0.36699099932598,-0.369299430185068
1.79433333333333,-0.368130405206087,-0.368352347627361,-0.366141536002445,-0.368443753482447
1.79466666666667,-0.367280172149833,-0.367501140570694,-0.365295654238964,-0.367591686459896
1.795,-0.366433515185995,-0.366653515080061,-0.364453334083019,-0.366743208999477
1.79533333333333,-0.365590414454232,-0.36580945125464,-0.363614555721028,-0.365898301123379
1.79566666666667,-0.364750850231968,-0.364968929331752,-0.362779299477192,-0.365056942992732
1.796,-0.363914802933286,-0.364131929685718,-0.361947545812355,-0.364219114906481
1.79633333333333,-0.363082253107774,-0.363298432826737,-0.361119275322886,-0.363384797300229
1.79666666666667,-0.362253181439414,-0.362468419399764,-0.360294468739532,-0.362553970745121
1.797,-0.361427568745491,-0.361641870183394,-0.359473106926342,-0.361726615946718
1.79733333333333,-0.360605395975489,-0.360818766088776,-0.358655170879547,-0.3609027137439
1.79766666666667,-0.359786644209999,-0.359999088158522,-0.357840641726482,-0.360082245107752
1.798,-0.358971294659662,-0.359182817565619,-0.357029500724504,-0.359265191140497
1.79833333333333,-0.358159328664105,-0.358369935612381,-0.356221729259934,-0.3584515330744
1.79866666666667,-0.35735072769086,-0.35756042372937,-0.355417308846992,-0.357641252270735
1.799,-0.356545473334353,-0.356754263474368,-0.354616221126752,-0.356834330218687
1.79933333333333,-0.355743547314862,-0.355951436531325,-0.353818447866106,-0.356030748534341
1.79966666666667,-0.354944931477473,-0.355151924709349,-0.353023970956744,-0.355230488959628
1.8,-0.354149607791102,-0.354355709941666,-0.352232772414117,-0.354433533361303
1.80033333333333,-0.353357558347451,-0.353562774284634,-0.35144483437646,-0.353639863729941
1.80066666666667,-0.352568765360045,-0.352773099916724,-0.350660139103763,-0.352849462178903
1.801,-0.351783211163219,-0.351986669137553,-0.349878668976803,-0.35206231094337
1.80133333333333,-0.351000878211169,-0.351203464366874,-0.349100406496153,-0.351278392379338
1.80166666666667,-0.350221749076958,-0.35042346814364,-0.348325334281224,-0.350497688962635
1.802,-0.349445806451568,-0.349646663125014,-0.347553435069286,-0.34972018328797
1.80233333333333,-0.348673033142964,-0.348873032085433,-0.346784691714532,-0.348945858067953
1.80266666666667,-0.347903412075128,-0.348102557915653,-0.346019087187134,-0.348174696132158
1.803,-0.347136926287137,-0.347335223621818,-0.345256604572287,-0.347406680426167
1.80333333333333,-0.346373558932257,-0.346571012324539,-0.344497227069318,-0.346641794010652
1.80366666666667,-0.345613293276992,-0.345809907257971,-0.343740937990735,-0.345880020060444
1.804,-0.344856112700217,-0.345051891768898,-0.342987720761345,-0.345121341863606
1.80433333333333,-0.344102000692246,-0.344296949315843,-0.342237558917336,-0.344365742820539
1.80466666666667,-0.343350940853963,-0.343545063468172,-0.341490436105394,-0.343613206443083
1.805,-0.342602916895939,-0.342796217905197,-0.340746336081813,-0.34286371635361
1.80533333333333,-0.341857912637546,-0.342050396415323,-0.340005242711635,-0.342117256284157
1.80566666666667,-0.341115912006103,-0.341307582895158,-0.339267139967759,-0.341373810075548
1.806,-0.340376899036014,-0.340567761348669,-0.338532011930098,-0.340633361676525
1.80633333333333,-0.33964085786793,-0.33983091588632,-0.337799842784729,-0.339895895142883
1.80666666666667,-0.338907772747876,-0.339097030724231,-0.337070616823036,-0.339161394636634
1.807,-0.338177628026453,-0.338366090183339,-0.336344318440889,-0.338429844425151
1.80733333333333,-0.337450408157998,-0.337638078688571,-0.335620932137803,-0.337701228880341
1.80766666666667,-0.336726097699749,-0.336912980768026,-0.334900442516136,-0.336975532477817
1.808,-0.336004681311064,-0.336190781052152,-0.334182834280245,-0.336252739796061
1.80833333333333,-0.335286143752595,-0.335471464272949,-0.33346809223572,-0.335532835515647
1.80866666666667,-0.334570469885492,-0.334755015263163,-0.332756201288542,-0.3348158044184
1.809,-0.333857644670625,-0.334041418955495,-0.33204714644434,-0.334101631386613
1.80933333333333,-0.333147653167798,-0.333330660381825,-0.331340912807568,-0.333390301402267
1.80966666666667,-0.332440480534961,-0.33262272467242,-0.330637485580741,-0.33268179954623
1.81,-0.331736112027463,-0.331917597055174,-0.329936850063677,-0.331976110997491
1.81033333333333,-0.331034532997277,-0.331215262854842,-0.329238991652721,-0.331273221032391
1.81066666666667,-0.330335728892251,-0.330515707492283,-0.328543895839987,-0.330573115023848
1.811,-0.329639685255342,-0.329818916483708,-0.327851548212622,-0.329875778440623
1.81133333333333,-0.328946387723919,-0.329124875439936,-0.327161934452062,-0.329181196846562
1.81166666666667,-0.328255822028981,-0.328433570065674,-0.326475040333286,-0.328489355899847
1.812,-0.327567973994459,-0.327744986158754,-0.325790851724093,-0.327800241352269
1.81233333333333,-0.32688282953648,-0.327059109609451,-0.32510935458438,-0.327113839048502
1.81266666666667,-0.326200374662664,-0.326375926399725,-0.324430534965437,-0.326430134925369
1.813,-0.325520595471414,-0.325695422602548,-0.323754379009217,-0.325749115011149
1.81333333333333,-0.324843478151202,-0.325017584381171,-0.32308087294765,-0.325070765424841
1.81366666666667,-0.324169008979886,-0.324342397988447,-0.322410003101939,-0.32439507237549
1.814,-0.323497174324017,-0.323669849766125,-0.321741755881874,-0.323722022161461
1.81433333333333,-0.322827960638158,-0.322999926144178,-0.321076117785146,-0.323051601169776
1.81466666666667,-0.322161354464205,-0.322332613640111,-0.320413075396665,-0.32238379587541
1.815,-0.321497342430714,-0.321667898858295,-0.319752615387891,-0.321718592840631
1.81533333333333,-0.320835911252241,-0.321005768489306,-0.319094724516182,-0.321055978714313
1.81566666666667,-0.320177047728678,-0.320346209309249,-0.318439389624104,-0.320395940231278
1.816,-0.319520738744604,-0.319689208179112,-0.317786597638806,-0.319738464211641
1.81633333333333,-0.318866971268632,-0.319034752044122,-0.317136335571355,-0.319083537560144
1.81666666666667,-0.318215732352775,-0.318382827933091,-0.316488590516103,-0.318431147265514
1.817,-0.317567009131802,-0.317733422957782,-0.315843349650037,-0.317781280399828
1.81733333333333,-0.316920788822614,-0.317086524312277,-0.31520060023217,-0.317133924117864
1.81766666666667,-0.316277058723617,-0.31644211927235,-0.314560329602893,-0.316489065656479
1.818,-0.315635806214096,-0.315800195194849,-0.313922525183364,-0.315846692333981
1.81833333333333,-0.314997018753615,-0.315160739517071,-0.313287174474899,-0.315206791549502
1.81866666666667,-0.314360683881396,-0.314523739756166,-0.312654265058351,-0.314569350782403
1.819,-0.313726789215725,-0.313889183508518,-0.31202378459352,-0.313934357591642
1.81933333333333,-0.31309532245334,-0.313257058449153,-0.311395720818537,-0.313301799615186
1.81966666666667,-0.31246627136886,-0.312627352331146,-0.310770061549296,-0.312671664569406
1.82,-0.311839623814174,-0.312000052985021,-0.310146794678836,-0.312043940248485
1.82033333333333,-0.311215367717878,-0.311375148318189,-0.309525908176785,-0.31141861452383
1.82066666666667,-0.310593491084686,-0.310752626314341,-0.308907390088763,-0.310795675343494
1.821,-0.309973981994865,-0.310132475032893,-0.308291228535821,-0.310175110731591
1.82133333333333,-0.309356828603662,-0.309514682608413,-0.307677411713862,-0.309556908787725
1.82166666666667,-0.308742019140741,-0.308899237250055,-0.307065927893097,-0.308941057686431
1.822,-0.308129541909634,-0.308286127241007,-0.306456765417468,-0.308327545676598
1.82233333333333,-0.307519385287176,-0.307675340937919,-0.305849912704102,-0.307716361080926
1.82266666666667,-0.306911537722975,-0.30706686677038,-0.305245358242769,-0.307107492295363
1.823,-0.306305987738843,-0.306460693240345,-0.304643090595327,-0.306500927788556
1.82333333333333,-0.305702723928289,-0.305856808921624,-0.304043098395193,-0.305896656101315
1.82366666666667,-0.305101734955959,-0.30525520245932,-0.303445370346802,-0.305294665846079
1.824,-0.304503009557115,-0.304655862569316,-0.302849895225086,-0.304694945706357
1.82433333333333,-0.303906536537122,-0.304058778037739,-0.302256661874937,-0.304097484436228
1.82466666666667,-0.303312304770904,-0.303463937720451,-0.301665659210702,-0.303502270859807
1.825,-0.302720303202463,-0.302871330542513,-0.301076876215653,-0.302909293870708
1.82533333333333,-0.302130520844321,-0.302280945497694,-0.300490301941478,-0.302318542431552
1.82566666666667,-0.301542946777065,-0.301692771647946,-0.299905925507789,-0.301730005573443
1.826,-0.300957570148799,-0.301106798122905,-0.299323736101598,-0.301143672395465
1.82633333333333,-0.300374380174685,-0.300523014119395,-0.298743722976832,-0.300559532064174
1.82666666666667,-0.299793366136416,-0.299941408900935,-0.298165875453836,-0.299977573813109
1.827,-0.299214517381741,-0.299361971797232,-0.29759018291888,-0.299397786942287
1.82733333333333,-0.298637823323989,-0.29878469220372,-0.297016634823678,-0.298820160817722
1.82766666666667,-0.298063273441572,-0.29820955958105,-0.296445220684907,-0.298244684870939
1.828,-0.297490857277507,-0.297636563454633,-0.29587593008372,-0.297671348598483
1.82833333333333,-0.296920564438961,-0.29706569341415,-0.295308752665288,-0.297100141561453
1.82866666666667,-0.296352384596766,-0.296496939113096,-0.29474367813832,-0.296531053385024
1.829,-0.295786307484949,-0.295930290268301,-0.294180696274593,-0.295964073757975
1.82933333333333,-0.295222322900294,-0.295365736659476,-0.293619796908504,-0.295399192432228
1.82966666666667,-0.294660420701859,-0.294803268128743,-0.293060969936611,-0.294836399222383
1.83,-0.29410059081054,-0.294242874580202,-0.292504205317166,-0.294275684005269
1.83033333333333,-0.293542823208614,-0.293684545979445,-0.291949493069681,-0.293717036719477
1.83066666666667,-0.292987107939289,-0.293128272353156,-0.291396823274472,-0.293160447364924
1.831,-0.292433435106275,-0.292574043788622,-0.290846186072217,-0.292605906002385
1.83133333333333,-0.291881794873329,-0.292021850433323,-0.290297571663527,-0.29205340275309
1.83166666666667,-0.291332177463843,-0.291471682494478,-0.289750970308502,-0.29150292779824
1.832,-0.290784573160377,-0.290923530238631,-0.289206372326305,-0.29095447137861
1.83233333333333,-0.290238972304274,-0.290377383991209,-0.288663768094726,-0.290408023794087
1.83266666666667,-0.289695365295204,-0.289833234136097,-0.288123148049771,-0.28986357540327
1.833,-0.289153742590757,-0.289291071115218,-0.287584502685233,-0.289321116623024
1.83333333333333,-0.288614094706029,-0.288750885428129,-0.287047822552277,-0.288780637928077
1.83366666666667,-0.288076412213195,-0.288212667631582,-0.286513098259028,-0.288242129850588
1.834,-0.287540685741115,-0.287676408339129,-0.285980320470162,-0.287705582979745
1.83433333333333,-0.287006905974918,-0.287142098220714,-0.285449479906491,-0.287170987961348
1.83466666666667,-0.286475063655604,-0.286609728002269,-0.284920567344574,-0.286638335497411
1.835,-0.285945149579634,-0.286079288465299,-0.284393573616308,-0.28610761634574
1.83533333333333,-0.285417154598548,-0.285550770446502,-0.283868489608533,-0.285578821319564
1.83566666666667,-0.284891069618568,-0.285024164837369,-0.283345306262641,-0.28505194128711
1.836,-0.284366885600192,-0.284499462583791,-0.282824014574185,-0.28452696717122
1.83633333333333,-0.283844593557836,-0.283976654685675,-0.282304605592491,-0.284003889948971
1.83666666666667,-0.28332418455942,-0.283455732196551,-0.281787070420271,-0.283482700651268
1.837,-0.282805649726017,-0.282936686223206,-0.28127140021326,-0.282963390362476
1.83733333333333,-0.282288980231443,-0.282419507925289,-0.280757586179815,-0.282445950220041
1.83766666666667,-0.28177416730192,-0.281904188514944,-0.280245619580562,-0.281930371414104
1.838,-0.281261202215676,-0.281390719256443,-0.279735491728008,-0.281416645187121
1.83833333333333,-0.280750076302588,-0.280879091465811,-0.279227193986186,-0.280904762833518
1.83866666666667,-0.280240780943814,-0.280369296510453,-0.278720717770283,-0.280394715699294
1.839,-0.279733307571445,-0.279861325808805,-0.278216054546281,-0.279886495181675
1.83933333333333,-0.27922764766812,-0.279355170829969,-0.277713195830598,-0.279380092728737
1.83966666666667,-0.278723792766688,-0.278850823093353,-0.277212133189734,-0.27887549983907
1.84,-0.278221734449854,-0.278348274168322,-0.276712858239913,-0.27837270806139
1.84033333333333,-0.277721464349826,-0.277847515673835,-0.276215362646734,-0.277871708994225
1.84066666666667,-0.277222974147966,-0.27734853927812,-0.275719638124828,-0.277372494285518
1.841,-0.276726255574445,-0.276851336698297,-0.275225676437515,-0.276875055632326
1.84133333333333,-0.276231300407901,-0.276355899700066,-0.274733469396452,-0.276379384780451
1.84166666666667,-0.27573810047511,-0.275862220097348,-0.274243008861303,-0.275885473524089
1.842,-0.275246647650633,-0.275370289751955,-0.273754286739401,-0.275393313705516
1.84233333333333,-0.274756933856496,-0.274880100573253,-0.273267294985419,-0.274902897214739
1.84266666666667,-0.274268951061857,-0.274391644517829,-0.272782025601026,-0.27441421598916
1.843,-0.273782691282665,-0.273904913589168,-0.272298470634576,-0.273927262013244
1.84333333333333,-0.273298146581352,-0.273419899837323,-0.271816622180768,-0.273442027318209
1.84366666666667,-0.272815309066506,-0.272936595358593,-0.271336472380335,-0.272958503981676
1.844,-0.272334170892536,-0.272454992295192,-0.270858013419718,-0.272476684127362
1.84433333333333,-0.271854724259374,-0.271975082834949,-0.270381237530746,-0.271996559924749
1.84466666666667,-0.271376961412156,-0.271496859210975,-0.26990613699033,-0.271518123588784
1.845,-0.270900874640892,-0.271020313701357,-0.269432704120146,-0.271041367379539
1.84533333333333,-0.270426456280178,-0.270545438628856,-0.268960931286316,-0.270566283601926
1.84566666666667,-0.269953698708876,-0.270072226360575,-0.268490810899115,-0.27009286460536
1.846,-0.269482594349814,-0.269600669307677,-0.26802233541266,-0.269621102783474
1.84633333333333,-0.269013135669477,-0.269130759925067,-0.267555497324612,-0.2691509905738
1.84666666666667,-0.268545315177719,-0.268662490711101,-0.267090289175861,-0.268682520457477
1.847,-0.268079125427452,-0.268195854207279,-0.266626703550249,-0.268215684958931
1.84733333333333,-0.267614559014352,-0.267730842997947,-0.266164733074263,-0.267750476645607
1.84766666666667,-0.267151608576576,-0.267267449710019,-0.26570437041674,-0.267286888127651
1.848,-0.266690266794462,-0.26680566701267,-0.265245608288585,-0.266824912057622
1.84833333333333,-0.266230526390244,-0.266345487617043,-0.264788439442474,-0.266364541130201
1.84866666666667,-0.265772380127759,-0.265886904275981,-0.264332856672578,-0.265905768081911
1.849,-0.265315820812179,-0.26542990978373,-0.263878852814269,-0.26544858569082
1.84933333333333,-0.26486084128971,-0.264974496975657,-0.263426420743844,-0.264992986776266
1.84966666666667,-0.264407434447328,-0.264520658727968,-0.262975553378246,-0.264538964198568
1.85,-0.263955593212492,-0.264068387957437,-0.262526243674788,-0.264086510858743
1.85033333333333,-0.263505310552873,-0.263617677621125,-0.262078484630875,-0.263635619698255
1.85066666666667,-0.263056579476081,-0.263168520716112,-0.26163226928373,-0.263186283698696
1.851,-0.262609393029391,-0.262720910279214,-0.261187590710131,-0.262738495881556
1.85133333333333,-0.262163744299478,-0.262274839386725,-0.260744442026134,-0.262292249307926
1.85166666666667,-0.261719626412155,-0.261830301154148,-0.260302816386815,-0.261847537078241
1.852,-0.261277032532093,-0.261387288735928,-0.259862706985994,-0.261404352332009
1.85233333333333,-0.260835955862578,-0.260945795325183,-0.259424107055991,-0.26096268824755
1.85266666666667,-0.260396389645237,-0.260505814153458,-0.258987009867348,-0.260522538041729
1.853,-0.259958327159781,-0.260067338490446,-0.258551408728584,-0.2600838949697
1.85333333333333,-0.259521761723754,-0.259630361643756,-0.258117296985928,-0.259646752324648
1.85366666666667,-0.259086686692285,-0.259194876958636,-0.257684668023077,-0.259211103437531
1.854,-0.258653095457811,-0.258760877817728,-0.257253515260935,-0.258776941676829
1.85433333333333,-0.258220981449855,-0.258328357640818,-0.256823832157365,-0.25834426044828
1.85466666666667,-0.257790338134765,-0.257897309884592,-0.256395612206946,-0.257913053194652
1.855,-0.257361159015464,-0.257467728042381,-0.255968848940717,-0.257483313395472
1.85533333333333,-0.256933437631211,-0.257039605643919,-0.255543535925943,-0.257055034566797
1.85566666666667,-0.256507167557358,-0.256612936255094,-0.25511966676587,-0.256628210260959
1.856,-0.256082342405105,-0.256187713477724,-0.25469723509948,-0.256202834066325
1.85633333333333,-0.255658955821271,-0.255763930949294,-0.254276234601256,-0.255778899607065
1.85666666666667,-0.255237001488049,-0.255341582342743,-0.253856658980948,-0.255356400542892
1.857,-0.254816473122764,-0.254920661366199,-0.253438501983332,-0.254935330568856
1.85733333333333,-0.254397364477658,-0.254501161762781,-0.253021757387978,-0.25451568341508
1.85766666666667,-0.253979669339644,-0.25408307731033,-0.252606419009032,-0.254097452846543
1.858,-0.253563381530083,-0.253666401821208,-0.252192480694961,-0.253680632662842
1.85833333333333,-0.253148494904549,-0.253251129142056,-0.251779936328349,-0.253265216697966
1.85866666666667,-0.252735003352615,-0.252837253153563,-0.251368779825666,-0.252851198820076
1.859,-0.252322900797612,-0.252424767770256,-0.25095900513702,-0.252438572931253
1.85933333333333,-0.251912181196423,-0.252013666940259,-0.250550606245984,-0.252027332967307
1.85966666666667,-0.251502838539248,-0.251603944645087,-0.250143577169324,-0.251617472897525
1.86,-0.251094866849396,-0.251195594899418,-0.249737911956802,-0.251208986724473
1.86033333333333,-0.250688260183054,-0.250788611750868,-0.249333604690971,-0.25080186848376
1.86066666666667,-0.250283012629089,-0.250382989279797,-0.248930649486937,-0.250396112243835
1.861,-0.249879118308818,-0.249978721599068,-0.248529040492159,-0.249991712105755
1.86133333333333,-0.249476571375798,-0.249575802853849,-0.248128771886231,-0.249588662202988
1.86166666666667,-0.249075366015622,-0.249174227221397,-0.24772983788067,-0.249186956701183
1.862,-0.2486754964457,-0.248773988910852,-0.247332232718711,-0.24878658979797
1.86233333333333,-0.248276956915069,-0.248375082163023,-0.246935950675103,-0.248387555722758
1.86266666666667,-0.247879741704157,-0.247977501250183,-0.246540986055885,-0.247989848736503
1.863,-0.2474838451246,-0.247581240475864,-0.246147333198208,-0.247593463131528
1.86333333333333,-0.24708926151904,-0.247186294174656,-0.24575498647011,-0.247198393231302
1.86366666666667,-0.246695985260911,-0.246792656711995,-0.245363940270323,-0.24680463339024
1.864,-0.246304010754249,-0.246400322483981,-0.244974189028079,-0.246412177993504
1.86433333333333,-0.245913332433478,-0.24600928591716,-0.244585727202895,-0.246021021456809
1.86466666666667,-0.245523944763242,-0.245619541468338,-0.244198549284403,-0.245631158226209
1.865,-0.245135842238175,-0.245231083624376,-0.243812649792125,-0.245242582777916
1.86533333333333,-0.244749019382732,-0.244843906902004,-0.243428023275294,-0.244855289618088
1.86566666666667,-0.244363470750982,-0.244458005847623,-0.243044664312675,-0.244469273282654
1.866,-0.243979190926423,-0.244073375037115,-0.24266256751234,-0.244084528337109
1.86633333333333,-0.243596174521797,-0.243690009075648,-0.242281727511505,-0.243701049376317
1.86666666666667,-0.243214416178888,-0.243307902597499,-0.241902138976345,-0.243318831024345
1.867,-0.242833910568343,-0.242927050265851,-0.241523796601779,-0.242937867934245
1.86733333333333,-0.24245465238949,-0.242547446772619,-0.241146695111321,-0.242558154787894
1.86766666666667,-0.242076636370146,-0.242169086838257,-0.240770829256861,-0.242179686295787
1.868,-0.241699857266443,-0.241791965211589,-0.240396193818516,-0.241802457196867
1.86833333333333,-0.241324309862632,-0.241416076669599,-0.240022783604421,-0.241426462258334
1.86866666666667,-0.240949988970921,-0.241041416017287,-0.239650593450566,-0.241051696275473
1.869,-0.240576889431281,-0.240667978087459,-0.23927961822061,-0.240678154071464
1.86933333333333,-0.240205006111281,-0.240295757740562,-0.238909852805704,-0.240305830497209
1.86966666666667,-0.2398343339059,-0.239924749864515,-0.238541292124324,-0.239934720431151
1.87,-0.239464867737361,-0.239554949374516,-0.238173931122084,-0.239564818779105
1.87033333333333,-0.239096602554948,-0.239186351212882,-0.237807764771566,-0.23919612047407
1.87066666666667,-0.238729533334851,-0.238818950348873,-0.237442788072162,-0.238828620476077
1.871,-0.238363655079971,-0.238452741778515,-0.23707899604988,-0.238462313771993
1.87133333333333,-0.237998962819778,-0.238087720524435,-0.236716383757193,-0.238097195375367
1.87166666666667,-0.237635451610115,-0.2377238816357,-0.236354946272862,-0.237733260326257
1.872,-0.237273116533046,-0.237361220187629,-0.235994678701775,-0.237370503691048
1.87233333333333,-0.236911952696692,-0.236999731281642,-0.235635576174775,-0.237008920562309
1.87266666666667,-0.236551955235054,-0.236639410045101,-0.235277633848495,-0.236648506058616
1.873,-0.236193119307869,-0.23628025163112,-0.234920846905209,-0.23628925532437
1.87333333333333,-0.235835440100423,-0.235922251218432,-0.234565210552647,-0.235931163529664
1.87366666666667,-0.235478912823408,-0.235565404011206,-0.234210720023856,-0.235574225870106
1.874,-0.235123532712758,-0.235209705238902,-0.233857370577023,-0.23521843756665
1.87433333333333,-0.234769295029486,-0.234855150156099,-0.233505157495335,-0.234863793865448
1.87466666666667,-0.234416195059532,-0.234501734042346,-0.233154076086797,-0.234510290037698
1.875,-0.234064228113596,-0.234149452201999,-0.232804121684107,-0.234157921379458
1.87533333333333,-0.233713389526999,-0.233798299964072,-0.232455289644463,-0.233806683211529
1.87566666666667,-0.233363674659516,-0.233448272682074,-0.232107575349452,-0.233456570879257
1.876,-0.233015078895227,-0.233099365733862,-0.231760974204856,-0.233107579752418
1.87633333333333,-0.232667597642362,-0.232751574521489,-0.231415481640537,-0.232759705225041
1.87666666666667,-0.232321226333158,-0.232404894471051,-0.231071093110253,-0.232412942715266
1.877,-0.231975960423701,-0.232059321032531,-0.230727804091537,-0.232067287665189
1.87733333333333,-0.23163179539378,-0.23171484967966,-0.230385610085529,-0.231722735540711
1.87766666666667,-0.231288726746741,-0.231371475909764,-0.230044506616838,-0.231379281831397
1.878,-0.230946750009336,-0.231029195243616,-0.229704489233394,-0.231036922050321
1.87833333333333,-0.230605860731586,-0.230688003225295,-0.229365553506306,-0.230695651733926
1.87866666666667,-0.230266054486627,-0.230347895422035,-0.229027695029711,-0.230355466441871
1.879,-0.229927326870571,-0.230008867424087,-0.228690909420634,-0.230016361756893
1.87933333333333,-0.229589673502365,-0.229670914844572,-0.228355192318842,-0.229678333284659
1.87966666666667,-0.229253090023652,-0.229334033319336,-0.228020539386721,-0.229341376653632
1.88,-0.228917572098613,-0.228998218506829,-0.227686946309111,-0.229005487514921
1.88033333333333,-0.228583115413855,-0.228663466087938,-0.227354408793181,-0.228670661542143
1.88066666666667,-0.22824971567826,-0.228329771765866,-0.227022922568293,-0.228336894431287
1.881,-0.227917368622829,-0.227997131265991,-0.226692483385849,-0.228004181900579
1.88133333333333,-0.227586070000587,-0.227665540335722,-0.226363087019187,-0.227672519690321
1.88166666666667,-0.227255815586406,-0.227334994744377,-0.2260347292634,-0.227341903562801
1.882,-0.226926601176894,-0.227005490283033,-0.225707405935251,-0.22701232930211
1.88233333333333,-0.226598422590266,-0.226677022764409,-0.225381112873001,-0.226683792714031
1.88266666666667,-0.226271275666188,-0.226349588022718,-0.225055845936301,-0.226356289625912
1.883,-0.225945156265664,-0.226023181913542,-0.224731601006044,-0.226029815886518
1.88333333333333,-0.225620060270901,-0.225697800313708,-0.224408373984252,-0.225704367365908
1.88366666666667,-0.225295983585178,-0.22537343912114,-0.224086160793928,-0.225379939955302
1.884,-0.224972922132724,-0.225050094254745,-0.223764957378947,-0.225056529566949
1.88433333333333,-0.224650871858576,-0.224727761654282,-0.223444759703908,-0.224734132134012
1.88466666666667,-0.224329828728462,-0.224406437280231,-0.223125563754031,-0.224412743610419
1.885,-0.224009788728679,-0.224086117113677,-0.222807365535004,-0.224092359970752
1.88533333333333,-0.22369074786596,-0.223766797156165,-0.222490161072885,-0.223772977210124
1.88566666666667,-0.223372702167345,-0.223448473429597,-0.222173946413959,-0.223454591344027
1.886,-0.223055647680076,-0.223131141976089,-0.22185871762462,-0.22313719840825
1.88633333333333,-0.222739580471453,-0.222814798857867,-0.221544470791256,-0.222820794458718
1.88666666666667,-0.222424496628732,-0.222499440157137,-0.221231202020119,-0.222505375571394
1.887,-0.222110392258986,-0.222185061975954,-0.220918907437209,-0.222190937842143
1.88733333333333,-0.221797263489004,-0.221871660436118,-0.220607583188152,-0.22187747738662
1.88766666666667,-0.221485106465146,-0.221559231679047,-0.220297225438082,-0.221564990340146
1.888,-0.221173917353261,-0.221247771865653,-0.219987830371527,-0.221253472857587
1.88833333333333,-0.220863692338532,-0.220937277176243,-0.219679394192284,-0.22094292111325
1.88866666666667,-0.220554427625389,-0.220627743810375,-0.219371913123306,-0.220633331300743
1.889,-0.220246119437365,-0.220319167986769,-0.219065383406598,-0.220324699632877
1.88933333333333,-0.219938764017018,-0.220011545943173,-0.218759801303081,-0.220017022341541
1.88966666666667,-0.219632357625777,-0.219704873936254,-0.21845516309249,-0.219710295677594
1.89,-0.21932689654386,-0.219399148241496,-0.218151465073267,-0.219404515910742
1.89033333333333,-0.219022377070143,-0.219094365153064,-0.217848703562443,-0.21909967932944
1.89066666666667,-0.218718795522053,-0.218790520983713,-0.217546874895514,-0.218795782240756
1.891,-0.218416148235466,-0.218487612064658,-0.217245975426349,-0.218492820970285
1.89133333333333,-0.218114431564574,-0.218185634745492,-0.216946001527076,-0.218190791862018
1.89166666666667,-0.217813641881806,-0.217884585394046,-0.216646949587969,-0.217889691278245
1.892,-0.217513775577694,-0.217584460396297,-0.216348816017333,-0.217589515599442
1.89233333333333,-0.217214829060782,-0.21728525615625,-0.216051597241413,-0.217290261224155
1.89266666666667,-0.216916798757503,-0.216986969095841,-0.215755289704275,-0.216991924568902
1.893,-0.216619681112089,-0.216689595654827,-0.215459889867697,-0.21669450206807
1.89333333333333,-0.216323472586455,-0.216393132290675,-0.215165394211081,-0.216397990173788
1.89366666666667,-0.21602816966009,-0.216097575478463,-0.214871799231327,-0.216102385355845
1.894,-0.215733768829974,-0.21580292171077,-0.21457910144274,-0.21580768410157
1.89433333333333,-0.215440266610442,-0.215509167497579,-0.214287297376932,-0.215513882915736
1.89466666666667,-0.215147659533114,-0.215216309366162,-0.213996383582709,-0.215220978320446
1.895,-0.214855944146767,-0.214924343861,-0.213706356625972,-0.214928966855052
1.89533333333333,-0.214565117017251,-0.214633267543655,-0.213417213089615,-0.214637845076024
1.89566666666667,-0.21427517472738,-0.214343076992685,-0.213128949573439,-0.214347609556873
1.896,-0.21398611387683,-0.214053768803544,-0.212841562694025,-0.21405825688804
1.89633333333333,-0.213697931082051,-0.213765339588475,-0.212555049084659,-0.21376978367679
1.89666666666667,-0.213410622976149,-0.213477785976412,-0.212269405395221,-0.21348218654713
1.897,-0.213124186208814,-0.213191104612889,-0.211984628292091,-0.213195462139698
1.89733333333333,-0.212838617446198,-0.212905292159941,-0.211700714458061,-0.212909607111661
1.89766666666667,-0.212553913370832,-0.212620345295999,-0.211417660592216,-0.212624618136631
1.898,-0.212270070681527,-0.2123362607158,-0.211135463409856,-0.212340491904563
1.89833333333333,-0.211987086093277,-0.212053035130292,-0.210854119642407,-0.21205722512165
1.89866666666667,-0.211704956337173,-0.211770665266536,-0.210573626037303,-0.211774814510254
1.899,-0.211423678160287,-0.211489147867621,-0.210293979357915,-0.21149325680877
1.89933333333333,-0.211143248325607,-0.211208479692553,-0.210015176383447,-0.211212548771573
1.89966666666667,-0.210863663611925,-0.210928657516173,-0.209737213908841,-0.210932687168901
1.9,-0.210584920813753,-0.210649678129075,-0.209460088744693,-0.210653668786773
1.90033333333333,-0.210307016741224,-0.210371538337494,-0.20918379771716,-0.210375490426884
1.90066666666667,-0.210029948220013,-0.210094234963221,-0.208908337667867,-0.210098148906534
1.901,-0.209753712091236,-0.209817764843523,-0.208633705453812,-0.209821641058514
1.90133333333333,-0.209478305211364,-0.209542124831051,-0.208359897947293,-0.209545963731044
1.90166666666667,-0.209203724452135,-0.209267311793731,-0.208086912035799,-0.209271113787648
1.902,-0.208929966700466,-0.208993322614696,-0.207814744621937,-0.2089970881071
1.90233333333333,-0.208657028858361,-0.208720154192202,-0.207543392623337,-0.208723883583315
1.90266666666667,-0.208384907842829,-0.208447803439515,-0.207272852972566,-0.208451497125259
1.903,-0.208113600585795,-0.208176267284851,-0.207003122617046,-0.208179925656882
1.90333333333333,-0.207843104034013,-0.207905542671273,-0.206734198518961,-0.207909166117008
1.90366666666667,-0.207573415148987,-0.207635626556616,-0.206466077655177,-0.207639215459266
1.904,-0.207304530906865,-0.207366515913396,-0.206198757017161,-0.207370070651998
1.90433333333333,-0.207036448298391,-0.207098207728718,-0.20593223361088,-0.207101728678176
1.90466666666667,-0.206769164328785,-0.206830699004212,-0.20566650445674,-0.206834186535307
1.905,-0.206502676017678,-0.206563986755932,-0.205401566589492,-0.206567441235371
1.90533333333333,-0.206236980399036,-0.206298068014283,-0.205137417058143,-0.206301489804719
1.90566666666667,-0.205972074521054,-0.206032939823928,-0.204874052925885,-0.206036329284
1.906,-0.205707955446101,-0.20576859924372,-0.204611471270013,-0.205771956728072
1.90633333333333,-0.20544462025062,-0.205505043346612,-0.204349669181832,-0.205508369205933
1.90666666666667,-0.205182066025053,-0.205242269219577,-0.204088643766601,-0.205245563800622
1.907,-0.20492028987377,-0.204980273963538,-0.203828392143423,-0.204983537609158
1.90733333333333,-0.204659288914975,-0.204719054693266,-0.203568911445187,-0.204722287742443
1.90766666666667,-0.204399060280636,-0.204458608537319,-0.203310198818486,-0.204461811325195
1.908,-0.204139601116405,-0.204198932637967,-0.203052251423531,-0.204202105495861
1.90833333333333,-0.203880908581545,-0.203940024151103,-0.202795066434088,-0.203943167406551
1.90866666666667,-0.203622979848834,-0.203681880246164,-0.202538641037379,-0.203684994222937
1.909,-0.203365812104518,-0.203424498106061,-0.202282972434025,-0.203427583124209
1.90933333333333,-0.203109402548201,-0.203167874927103,-0.202028057837968,-0.203170931302963
1.90966666666667,-0.202853748392806,-0.202912007918916,-0.20177389447638,-0.202915035965151
1.91,-0.202598846864464,-0.202656894304375,-0.201520479589606,-0.20265989433
1.91033333333333,-0.202344695202466,-0.202402531319516,-0.201267810431077,-0.202405503629915
1.91066666666667,-0.20209129065917,-0.202148916213477,-0.201015884267249,-0.202151861110445
1.911,-0.201838630499945,-0.201896046248405,-0.200764698377511,-0.201898964030172
1.91133333333333,-0.201586712003075,-0.201643918699417,-0.20051425005413,-0.201646809660652
1.91166666666667,-0.201335532459711,-0.201392530854482,-0.200264536602164,-0.201395395286349
1.912,-0.201085089173784,-0.201141880014374,-0.200015555339404,-0.201144718204548
1.91233333333333,-0.20083537946193,-0.200891963492616,-0.199767303596289,-0.200894775725286
1.91266666666667,-0.200586400653432,-0.200642778615363,-0.199519778715845,-0.200645565171294
1.913,-0.200338150090135,-0.200394322721374,-0.199272978053608,-0.200397083877907
1.91333333333333,-0.200090625126389,-0.200146593161919,-0.19902689897755,-0.200149329193002
1.91366666666667,-0.199843823128966,-0.199899587300718,-0.198781538868031,-0.19990229847693
1.914,-0.199597741476998,-0.199653302513859,-0.198536895117696,-0.19965598910244
1.91433333333333,-0.199352377561911,-0.199407736189749,-0.198292965131432,-0.199410398454618
1.91466666666667,-0.199107728787342,-0.19916288572902,-0.19804974632629,-0.199165523930803
1.915,-0.198863792569088,-0.198918748544492,-0.197807236131419,-0.198921362940535
1.91533333333333,-0.198620566335032,-0.198675322061067,-0.197565431987997,-0.198677912905482
1.91566666666667,-0.198378047525066,-0.198432603715701,-0.197324331349167,-0.198435171259366
1.916,-0.198136233591037,-0.198190590957306,-0.197083931679965,-0.198193135447898
1.91633333333333,-0.197895121996676,-0.1979492812467,-0.19684423045726,-0.197951802928717
1.91666666666667,-0.197654710217539,-0.19770867205653,-0.196605225169678,-0.197711171171318
1.917,-0.197414995740919,-0.19746876087122,-0.196366913317554,-0.197471237656995
1.91733333333333,-0.19717597606581,-0.197229545186901,-0.196129292412846,-0.197231999878756
1.91766666666667,-0.196937648702816,-0.19699102251133,-0.195892359979093,-0.196993455341276
1.918,-0.196700011174113,-0.196753190363847,-0.195656113551328,-0.196755601560835
1.91833333333333,-0.196463061013357,-0.196516046275305,-0.19542055067603,-0.196518436065235
1.91866666666667,-0.196226795765644,-0.196279587788,-0.195185668911057,-0.196281956393749
1.919,-0.195991212987433,-0.196043812455614,-0.194951465825583,-0.196046160097058
1.91933333333333,-0.195756310246493,-0.19580871784315,-0.194717939000035,-0.195811044737186
1.91966666666667,-0.195522085121829,-0.19557430152687,-0.194485086026021,-0.195576607887432
1.92,-0.195288535203629,-0.195340561094229,-0.194252904506292,-0.195342847132317
1.92033333333333,-0.195055658093203,-0.195107494143822,-0.194021392054655,-0.195109760067516
1.92066666666667,-0.194823451402912,-0.194875098285313,-0.193790546295935,-0.1948773442998
1.921,-0.194591912756123,-0.194643371139388,-0.193560364865893,-0.194645597446968
1.92133333333333,-0.194361039787132,-0.194412310337673,-0.193330845411186,-0.194414517137804
1.92166666666667,-0.194130830141117,-0.194181913522704,-0.193101985589292,-0.194184101011993
1.922,-0.193901281474072,-0.193952178347828,-0.192873783068453,-0.193954346720078
1.92233333333333,-0.19367239145275,-0.193723102477182,-0.192646235527623,-0.193725251923395
1.92266666666667,-0.193444157754599,-0.193494683585614,-0.192419340656406,-0.193496814294008
1.923,-0.193216578067714,-0.193266919358628,-0.192193096155002,-0.193269031514672
1.92333333333333,-0.192989650090771,-0.193039807492322,-0.191967499734135,-0.193041901278744
1.92366666666667,-0.192763371532971,-0.192813345693339,-0.191742549115014,-0.192815421290151
1.924,-0.192537740113982,-0.192587531678808,-0.191518242029262,-0.19258958926331
1.92433333333333,-0.192312753563884,-0.192362363176276,-0.191294576218863,-0.192364402923096
1.92466666666667,-0.192088409623112,-0.192137837923665,-0.191071549436114,-0.192139860004765
1.925,-0.1918647060424,-0.191913953669207,-0.190849159443553,-0.191915958253906
1.92533333333333,-0.191641640582723,-0.19169070817139,-0.190627404013924,-0.191692695426381
1.92566666666667,-0.191419211015241,-0.191468099198912,-0.190406280930096,-0.191470069288271
1.926,-0.191197415121251,-0.191246124530603,-0.190185787985035,-0.191248077615832
1.92633333333333,-0.190976250692121,-0.191024781955397,-0.189965922981729,-0.191026718195409
1.92666666666667,-0.190755715529244,-0.190804069272261,-0.189746683733141,-0.190805988823418
1.927,-0.190535807443985,-0.190583984290137,-0.18952806806216,-0.19058588730627
1.92733333333333,-0.190316524257618,-0.190364524827907,-0.189310073801537,-0.190366411460323
1.92766666666667,-0.190097863801279,-0.190145688714319,-0.189092698793847,-0.190147559111821
1.928,-0.189879823915913,-0.189927473787947,-0.188875940891414,-0.189929328096856
1.92833333333333,-0.189662402452219,-0.189709877897133,-0.18865979795628,-0.1897117162613
1.92866666666667,-0.189445597270607,-0.189492898899942,-0.188444267860143,-0.189494721460761
1.929,-0.189229406241123,-0.189276534664088,-0.188229348484297,-0.189278341560526
1.92933333333333,-0.189013827243422,-0.189060783066913,-0.188015037719607,-0.189062574435512
1.92966666666667,-0.188798858166708,-0.18884564199531,-0.187801333466418,-0.188847417970213
1.93,-0.188584496909673,-0.188631109345683,-0.187588233634547,-0.188632870058651
1.93033333333333,-0.188370741380461,-0.188417183023905,-0.187375736143197,-0.188418928604315
1.93066666666667,-0.188157589496607,-0.188203860945239,-0.187163838920927,-0.18820559152013
1.931,-0.187945039184991,-0.18799114103432,-0.186952539905596,-0.187992856728386
1.93133333333333,-0.187733088381791,-0.187779021225087,-0.186741837044313,-0.187780722160699
1.93166666666667,-0.187521735032429,-0.187567499460736,-0.186531728293385,-0.187569185757962
1.932,-0.187310977091525,-0.187356573693671,-0.186322211618278,-0.187358245470287
1.93233333333333,-0.187100812522838,-0.187146241885457,-0.186113284993553,-0.187147899256962
1.93266666666667,-0.186891239299234,-0.186936502006776,-0.185904946402835,-0.186938145086403
1.933,-0.186682255402631,-0.186727352037367,-0.18569719383875,-0.186728980936108
1.93333333333333,-0.186473858823937,-0.186518789965976,-0.185490025302882,-0.186520404792597
1.93366666666667,-0.186266047563027,-0.18631081379033,-0.185283438805726,-0.186312414651377
1.934,-0.186058819628675,-0.186103421517066,-0.185077432366648,-0.186105008516886
1.93433333333333,-0.185852173038518,-0.185896611161701,-0.184872004013822,-0.18589818440245
1.93466666666667,-0.185646105819008,-0.185690380748565,-0.1846671517842,-0.185691940330234
1.935,-0.185440616005358,-0.185484728310781,-0.184462873723452,-0.185486274331195
1.93533333333333,-0.185235701641503,-0.185279651890191,-0.18425916788593,-0.18528118444504
1.93566666666667,-0.185031360780055,-0.185075149537332,-0.18405603233462,-0.185076668720174
1.936,-0.184827591482251,-0.184871219311377,-0.183853465141085,-0.184872725213652
1.93633333333333,-0.184624391817913,-0.184667859280093,-0.183651464385438,-0.184669351991144
1.93666666666667,-0.184421759865401,-0.184465067519801,-0.18345002815629,-0.184466547126879
1.937,-0.184219693711562,-0.184262842115323,-0.183249154550689,-0.184264308703608
1.93733333333333,-0.184018191451696,-0.184061181159941,-0.183048841674114,-0.184062634812555
1.93766666666667,-0.183817251189512,-0.183860082755354,-0.182849087640386,-0.183861523553369
1.938,-0.183616871037072,-0.18365954501163,-0.182649890571655,-0.183660973034081
1.93833333333333,-0.183417049114753,-0.183459566047165,-0.182451248598346,-0.183460981371077
1.93866666666667,-0.183217783551208,-0.183260143988642,-0.182253159859114,-0.183261546689027
1.939,-0.183019072483321,-0.183061276970982,-0.182055622500804,-0.183062667120853
1.93933333333333,-0.182820914056157,-0.182862963137301,-0.181858634678406,-0.182864340807701
1.93966666666667,-0.182623306422929,-0.18266520063888,-0.18166219455502,-0.18266656589887
1.94,-0.18242624774495,-0.182467987635096,-0.181466300301801,-0.182469340551794
1.94033333333333,-0.182229736191588,-0.182271322293411,-0.181270950097922,-0.182272662931983
1.94066666666667,-0.182033769940238,-0.182075202789306,-0.181076142130542,-0.182076531212993
1.941,-0.181838347176256,-0.181879627306249,-0.180881874594749,-0.181880943576373
1.94133333333333,-0.181643466092947,-0.181684594035658,-0.180688145693527,-0.18168589821163
1.94166666666667,-0.181449124891497,-0.181490101176848,-0.180494953637721,-0.181491393316192
1.942,-0.181255321780952,-0.181296146937001,-0.180302296645976,-0.181297427095353
1.94233333333333,-0.181062054978161,-0.18110272953112,-0.180110172944723,-0.181103997762248
1.94266666666667,-0.18086932270775,-0.180909847181985,-0.179918580768115,-0.180911103537804
1.943,-0.18067712320207,-0.180717498120121,-0.179727518358005,-0.180718742650695
1.94333333333333,-0.180485454701171,-0.180525680583753,-0.179536983963895,-0.180526913337313
1.94366666666667,-0.180294315452744,-0.180334392818767,-0.179346975842895,-0.180335613841721
1.944,-0.180103703712096,-0.180143633078669,-0.179157492259703,-0.180144842415612
1.94433333333333,-0.179913617742107,-0.179953399624551,-0.178968531486534,-0.179954597318281
1.94466666666667,-0.179724055813191,-0.179763690725045,-0.178780091803116,-0.179764876816569
1.945,-0.179535016203249,-0.179574504656284,-0.178592171496617,-0.179575679184836
1.94533333333333,-0.179346497197644,-0.179385839701875,-0.178404768861636,-0.17938700270492
1.94566666666667,-0.179158497089154,-0.179197694152848,-0.178217882200149,-0.179198845666093
1.946,-0.178971014177942,-0.179010066307624,-0.178031509821475,-0.179011206365032
1.94633333333333,-0.178784046771503,-0.178822954471969,-0.177845650042237,-0.178824083105775
1.94666666666667,-0.178597593184646,-0.178636356958971,-0.177660301186327,-0.178637474199683
1.947,-0.178411651739435,-0.178450272088988,-0.177475461584864,-0.178451377965408
1.94733333333333,-0.178226220765174,-0.178264698189627,-0.177291129576168,-0.178265792728842
1.94766666666667,-0.178041298598354,-0.178079633595682,-0.177107303505708,-0.1780807168231
1.948,-0.177856883582623,-0.177895076649123,-0.176923981726073,-0.177896148588469
1.94833333333333,-0.17767297406875,-0.177711025699046,-0.176741162596946,-0.177712086372378
1.94866666666667,-0.17748956841458,-0.177527479101639,-0.17655884448504,-0.177528528529347
1.949,-0.177306664985013,-0.177344435220148,-0.176377025764099,-0.177345473420979
1.94933333333333,-0.177124262151956,-0.177161892424837,-0.176195704814828,-0.177162919415895
1.94966666666667,-0.176942358294294,-0.176979849092955,-0.176014880024879,-0.176980864889715
1.95,-0.176760951797851,-0.176798303608699,-0.17583454978881,-0.176799308225019
1.95033333333333,-0.17658004105535,-0.176617254363185,-0.175654712508046,-0.176618247811308
1.95066666666667,-0.176399624466392,-0.176436699754401,-0.175475366590847,-0.176437682044977
1.951,-0.176219700437406,-0.176256638187184,-0.175296510452276,-0.176257609329268
1.95133333333333,-0.176040267381629,-0.176077068073181,-0.175118142514163,-0.176078028074245
1.95166666666667,-0.175861323719057,-0.175897987830809,-0.174940261205066,-0.175898936696756
1.952,-0.175682867876424,-0.175719395885224,-0.174762864960247,-0.1757203336204
1.95233333333333,-0.175504898287154,-0.175541290668299,-0.174585952221623,-0.175542217275493
1.95266666666667,-0.175327413391341,-0.175363670618573,-0.174409521437751,-0.17536458609903
1.953,-0.175150411635707,-0.175186534181223,-0.174233571063775,-0.175187438534653
1.95333333333333,-0.174973891473571,-0.175009879808033,-0.174058099561412,-0.175010773032627
1.95366666666667,-0.174797851364815,-0.174833705957361,-0.173883105398908,-0.174834588049788
1.954,-0.174622289775859,-0.174658011094102,-0.173708587051003,-0.174658882049531
1.95433333333333,-0.174447205179613,-0.174482793689661,-0.173534542998902,-0.174483653501755
1.95466666666667,-0.174272596055449,-0.174308052221915,-0.173360971730245,-0.174308900882854
1.955,-0.174098460889184,-0.174133785175179,-0.173187871739077,-0.174134622675662
1.95533333333333,-0.173924798173027,-0.173959991040187,-0.173015241525801,-0.173960817369435
1.95566666666667,-0.173751606405561,-0.173786668314034,-0.172843079597162,-0.173787483459818
1.956,-0.173578884091698,-0.173613815500173,-0.172671384466211,-0.173614619448806
1.95633333333333,-0.17340662974267,-0.173441431108377,-0.172500154652274,-0.173442223844712
1.95666666666667,-0.17323484187596,-0.173269513654682,-0.172329388680913,-0.173270295162151
1.957,-0.173063519015317,-0.173098061661385,-0.172159085083903,-0.173098831921985
1.95733333333333,-0.172892659690685,-0.172927073657001,-0.171989242399203,-0.172927832651315
1.95766666666667,-0.172722262438199,-0.17275654817624,-0.171819859170911,-0.17275729588342
1.958,-0.17255232580014,-0.172586483759958,-0.171650933949256,-0.172587220157773
1.95833333333333,-0.172382848324905,-0.172416878955143,-0.171482465290547,-0.172417604019958
1.95866666666667,-0.172213828566984,-0.172247732314887,-0.171314451757152,-0.17224844602167
1.959,-0.17204526508692,-0.172079042398336,-0.171146891917462,-0.17207974472069
1.95933333333333,-0.171877156451291,-0.171910807770684,-0.170979784345882,-0.171911498680826
1.95966666666667,-0.171709501232675,-0.171743027003118,-0.170813127622767,-0.171743706471913
1.96,-0.171542298009608,-0.171575698672816,-0.170646920334415,-0.171576366669762
1.96033333333333,-0.171375545366574,-0.171408821362897,-0.170481161073038,-0.171409477856147
1.96066666666667,-0.171209241893967,-0.171242393662394,-0.170315848436729,-0.171243038618764
1.961,-0.171043386188066,-0.171076414166234,-0.170150981029421,-0.171077047551196
1.96133333333333,-0.170877976850985,-0.170910881475203,-0.169986557460883,-0.170911503252909
1.96166666666667,-0.17071301249068,-0.170745794195912,-0.169822576346664,-0.170746404329201
1.962,-0.170548491720894,-0.170581150940785,-0.169659036308082,-0.170581749391167
1.96233333333333,-0.170384413161132,-0.170416950328003,-0.169495935972199,-0.170417537055705
1.96266666666667,-0.170220775436644,-0.170253190981508,-0.169333273971778,-0.170253765945447
1.963,-0.170057577178388,-0.170089871530954,-0.169171048945261,-0.17009043468876
1.96333333333333,-0.169894817022993,-0.169926990611677,-0.169009259536746,-0.169927541919698
1.96366666666667,-0.169732493612757,-0.169764546864681,-0.168847904395945,-0.16976508627799
1.964,-0.169570605595593,-0.169602538936598,-0.168686982178191,-0.169603066409004
1.96433333333333,-0.169409151625016,-0.169440965479675,-0.168526491544357,-0.169441480963715
1.96466666666667,-0.169248130360114,-0.169279825151722,-0.168366431160879,-0.169280328598689
1.965,-0.169087540465516,-0.169119116616114,-0.168206799699698,-0.169119607976048
1.96533333333333,-0.168927380611368,-0.168958838541741,-0.168047595838247,-0.168959317763445
1.96566666666667,-0.168767649473302,-0.168798989602997,-0.16788881825942,-0.168799456634033
1.966,-0.168608345732423,-0.168639568479735,-0.167730465651544,-0.168640023266448
1.96633333333333,-0.168449468075261,-0.168480573857262,-0.167572536708354,-0.168481016344769
1.96666666666667,-0.168291015193765,-0.168322004426297,-0.167415030128967,-0.168322434558502
1.967,-0.16813298578526,-0.16816385888295,-0.167257944617864,-0.16816427660255
1.96733333333333,-0.167975378552433,-0.168006135928695,-0.16710127888484,-0.168006541177191
1.96766666666667,-0.167818192203304,-0.167848834270345,-0.166945031645006,-0.167849226988035
1.968,-0.167661425451195,-0.167691952620026,-0.166789201618748,-0.167692332746027
1.96833333333333,-0.167505077014708,-0.167535489695148,-0.166633787531702,-0.167535857167392
1.96866666666667,-0.167349145617698,-0.167379444218387,-0.166478788114733,-0.167379798973632
1.969,-0.167193629989257,-0.167223814917649,-0.166324202103905,-0.167224156891479
1.96933333333333,-0.167038528863675,-0.167068600526053,-0.166170028240466,-0.167068929652896
1.96966666666667,-0.166883840980413,-0.166913799781899,-0.166016265270809,-0.166914115995023
1.97,-0.166729565084101,-0.166759411428659,-0.165862911946448,-0.166759714660179
1.97033333333333,-0.166575699924484,-0.166605434214925,-0.165709967024015,-0.166605724395813
1.97066666666667,-0.166422244256421,-0.166451866894408,-0.165557429265206,-0.1664521439545
1.971,-0.166269196839842,-0.166298708225906,-0.165405297436773,-0.166298972093899
1.97133333333333,-0.166116556439741,-0.166145956973272,-0.165253570310502,-0.166146207576745
1.97166666666667,-0.165964321826134,-0.165993611905402,-0.165102246663176,-0.165993849170804
1.972,-0.16581249177405,-0.165841671796206,-0.164951325276563,-0.16584189564887
1.97233333333333,-0.165661065063498,-0.165690135424575,-0.164800804937386,-0.165690345788731
1.97266666666667,-0.165510040479439,-0.165539001574368,-0.164650684437295,-0.165539198373141
1.973,-0.165359416811787,-0.165388269034391,-0.164500962572862,-0.165388452189804
1.97333333333333,-0.165209192855347,-0.16523793659836,-0.164351638145538,-0.165238106031347
1.97366666666667,-0.165059367409825,-0.165088003064891,-0.164202709961629,-0.165088158695296
1.974,-0.164909939279785,-0.164938467237465,-0.164054176832287,-0.164938608984054
1.97433333333333,-0.164760907274635,-0.164789327924415,-0.163906037573487,-0.164789455704873
1.97466666666667,-0.164612270208606,-0.1646405839389,-0.163758291005981,-0.164640697669842
1.975,-0.16446402690071,-0.164492234098867,-0.163610935955301,-0.164492333695848
1.97533333333333,-0.164316176174746,-0.164344277227061,-0.163463971251726,-0.164344362604571
1.97566666666667,-0.164168716859254,-0.164196712150968,-0.163317395730259,-0.164196783222445
1.976,-0.164021647787506,-0.164049537702811,-0.163171208230603,-0.164049594380639
1.97633333333333,-0.163874967797479,-0.163902752719526,-0.163025407597137,-0.163902794915051
1.97666666666667,-0.163728675731825,-0.163756356042737,-0.162879992678907,-0.163756383666263
1.977,-0.163582770437867,-0.163610346518731,-0.162734962329593,-0.163610359479527
1.97733333333333,-0.163437250767559,-0.163464722998443,-0.162590315407486,-0.16346472120475
1.97766666666667,-0.163292115577469,-0.163319484337424,-0.162446050775462,-0.163319467696457
1.978,-0.163147363728768,-0.16317462939583,-0.162302167300978,-0.163174597813792
1.97833333333333,-0.163002994087192,-0.163030157038395,-0.162158663856036,-0.163030110420468
1.97866666666667,-0.162859005523034,-0.162886066134408,-0.162015539317164,-0.162886004384768
1.979,-0.162715396911108,-0.162742355557691,-0.161872792565392,-0.162742278579511
1.97933333333333,-0.162572167130746,-0.16259902418659,-0.161730422486241,-0.162598931882038
1.97966666666667,-0.162429315065757,-0.16245607090393,-0.161588427969691,-0.162455963174182
1.98,-0.162286839604427,-0.162313494597015,-0.161446807910168,-0.162313371342265
1.98033333333333,-0.162144739639479,-0.162171294157597,-0.161305561206508,-0.162171155277044
1.98066666666667,-0.162003014068064,-0.162029468481863,-0.161164686761967,-0.162029313873731
1.981,-0.161861661791731,-0.1618880164704,-0.161024183484166,-0.161887846031934
1.98133333333333,-0.161720681716417,-0.161746937028185,-0.160884050285084,-0.161746750655667
1.98166666666667,-0.161580072752417,-0.161606229064575,-0.160744286081049,-0.161606026653307
1.982,-0.161439833814371,-0.161465891493253,-0.160604889792699,-0.161465672937588
1.98233333333333,-0.161299963821239,-0.161325923232245,-0.160465860344977,-0.161325688425564
1.98266666666667,-0.161160461696286,-0.161186323203877,-0.160327196667099,-0.161186072038622
1.983,-0.161021326367048,-0.16104709033476,-0.160188897692543,-0.161046822702419
1.98333333333333,-0.16088255676533,-0.160908223555773,-0.16005096235902,-0.160907939346893
1.98366666666667,-0.160744151827173,-0.16076972180205,-0.159913389608464,-0.160769420906226
1.984,-0.160606110492853,-0.160631584012933,-0.15977617838701,-0.16063126631884
1.98433333333333,-0.160468431706826,-0.160493809131987,-0.159639327644963,-0.160493474527361
1.98466666666667,-0.16033111441775,-0.160356396106959,-0.159502836336798,-0.16035604447861
1.985,-0.16019415757843,-0.160219343889763,-0.159366703421124,-0.160218975123576
1.98533333333333,-0.16005756014583,-0.160082651436464,-0.159230927860677,-0.160082265417408
1.98566666666667,-0.159921321081025,-0.159946317707251,-0.159095508622289,-0.159945914319377
1.986,-0.1597854393492,-0.159810341666431,-0.15896044467688,-0.159809920792882
1.98633333333333,-0.159649913919628,-0.159674722282393,-0.158825734999429,-0.159674283805412
1.98666666666667,-0.159514743765648,-0.159539458527609,-0.158691378568966,-0.159539002328524
1.987,-0.159379927864648,-0.159404549378598,-0.158557374368545,-0.159404075337845
1.98733333333333,-0.15924546519804,-0.159269993815909,-0.158423721385227,-0.159269501813032
1.98766666666667,-0.159111354751258,-0.159135790824119,-0.158290418610064,-0.159135280737764
1.988,-0.158977595513718,-0.159001939391791,-0.158157465038081,-0.159001411099725
1.98833333333333,-0.158844186478816,-0.158868438511474,-0.158024859668246,-0.158867891890575
1.98866666666667,-0.158711126643903,-0.158735287179672,-0.157892601503477,-0.158734722105946
1.989,-0.158578415010266,-0.158602484396839,-0.157760689550601,-0.158601900745415
1.98933333333333,-0.15844605058311,-0.158470029167348,-0.157629122820336,-0.158469426812479
1.98966666666667,-0.158314032371549,-0.158337920499482,-0.157497900327297,-0.158337299314554
1.99,-0.158182359388574,-0.158206157405404,-0.157367021089941,-0.158205517262943
1.99033333333333,-0.158051030651042,-0.158074738901162,-0.157236484130594,-0.158074079672832
1.99066666666667,-0.15792004517966,-0.157943664006642,-0.157106288475384,-0.157942985563247
1.991,-0.157789401998967,-0.157812931745574,-0.156976433154267,-0.157812233957072
1.99133333333333,-0.157659100137313,-0.1576825411455,-0.156846917200987,-0.157681823880999
1.99166666666667,-0.157529138626842,-0.157552491237771,-0.156717739653061,-0.157551754365526
1.992,-0.157399516503479,-0.157422781057513,-0.156588899551763,-0.157422024444942
1.99233333333333,-0.157270232806908,-0.15729340964362,-0.156460395942112,-0.157292633157296
1.99266666666667,-0.157141286580556,-0.157164376038734,-0.156332227872845,-0.157163579544404
1.993,-0.157012676871589,-0.157035679289226,-0.156204394396408,-0.157034862651801
1.99333333333333,-0.156884402730854,-0.156907318445184,-0.156076894568936,-0.156906481528744
1.99366666666667,-0.156756463212922,-0.156779292560398,-0.15594972745024,-0.156778435228203
1.994,-0.156628857376025,-0.156651600692332,-0.155822892103784,-0.156650722806812
1.99433333333333,-0.156501584282056,-0.156524241902112,-0.155696387596672,-0.156523343324888
1.99466666666667,-0.156374642996552,-0.156397215254516,-0.155570212999637,-0.156396295846388
1.995,-0.156248032588674,-0.156270519817955,-0.155444367387002,-0.156269579438913
1.99533333333333,-0.156121752131197,-0.156144154664448,-0.155318849836697,-0.156143193173672
1.99566666666667,-0.155995800700482,-0.156018118869614,-0.155193659430223,-0.15601713612548
1.996,-0.155870177376479,-0.155892411512657,-0.155068795252633,-0.155891407372736
1.99633333333333,-0.155744881242688,-0.155767031676342,-0.154944256392526,-0.155766005997411
1.99666666666667,-0.155619911386162,-0.155641978446983,-0.154820041942023,-0.155640931085022
1.997,-0.155495266897472,-0.155517250914436,-0.154696150996759,-0.155516181724622
1.99733333333333,-0.155370946870721,-0.155392848172061,-0.15457258265586,-0.155391757008796
1.99766666666667,-0.155246950403491,-0.155268769316727,-0.15444933602194,-0.155267656033618
1.998,-0.155123276596852,-0.155145013448791,-0.154326410201052,-0.155143877898662
1.99833333333333,-0.154999924555344,-0.155021579672074,-0.15420380430272,-0.155020421706971
1.99866666666667,-0.15487689338695,-0.15489846709386,-0.154081517439888,-0.154897286565045
1.999,-0.154754182203093,-0.154775674824862,-0.153959548728922,-0.154774471582827
1.99933333333333,-0.154631790118617,-0.154653201979216,-0.15383789728958,-0.154651975873687
1.99966666666667,-0.154509716251762,-0.154531047674482,-0.153716562245015,-0.154529798554403
2,-0.154387959724162,-0.154409211031597,-0.153595542721741,-0.154407938745154
