"Freq [GHz]","dB(S(1,1)) []","dB(S(2,2)) []","dB(S(3,3)) []","dB(S(4,4)) []"
1,-0.0468420475888173,-0.0466395299025853,-0.0464656455272719,-0.04664663818239
1.00033333333333,-0.0468695249402224,-0.0466669322451725,-0.0464926688986299,-0.046673899571203
1.00066666666667,-0.0468970686329176,-0.0466944010995251,-0.0465197585067413,-0.0467012273198672
1.001,-0.0469246788236217,-0.0467219366221225,-0.0465469145047109,-0.0467286215836571
1.00133333333333,-0.0469523556695255,-0.046749538969921,-0.0465741370461143,-0.0467560825183194
1.00166666666667,-0.046980099328306,-0.0467772083003632,-0.0466014262850007,-0.0467836102800801
1.002,-0.0470079099581112,-0.0468049447713732,-0.0466287823758969,-0.0468112050256457
1.00233333333333,-0.0470357877175813,-0.0468327485413527,-0.0466562054738073,-0.0468388669122014
1.00266666666667,-0.0470637327658313,-0.0468606197691947,-0.0466836957342149,-0.0468665960974189
1.003,-0.0470917452624733,-0.0468885586142789,-0.0467112533130782,-0.0468943927394531
1.00333333333333,-0.0471198253675981,-0.0469165652364701,-0.046738878366849,-0.0469222569969446
1.00366666666667,-0.0471479732417888,-0.0469446397961266,-0.0467665710524549,-0.0469501890290243
1.004,-0.0471761890461229,-0.0469727824541018,-0.0467943315273097,-0.0469781889953095
1.00433333333333,-0.0472044729421661,-0.0470009933717348,-0.0468221599493224,-0.0470062570559126
1.00466666666667,-0.0472328250919786,-0.0470292727108667,-0.046850056476878,-0.0470343933714406
1.005,-0.0472612456581238,-0.0470576206338405,-0.0468780212688632,-0.0470625981029876
1.00533333333333,-0.0472897348036523,-0.0470860373034899,-0.0469060544846571,-0.0470908714121529
1.00566666666667,-0.0473182926921268,-0.0471145228831535,-0.0469341562841272,-0.047119213461035
1.006,-0.0473469194876004,-0.0471430775366702,-0.0469623268276423,-0.0471476244122258
1.00633333333333,-0.0473756153546411,-0.0471717014283906,-0.0469905662760632,-0.0471761044288248
1.00666666666667,-0.0474043804583092,-0.0472003947231667,-0.0470188747907588,-0.0472046536744321
1.007,-0.0474332149641848,-0.0472291575863573,-0.0470472525335944,-0.0472332723131557
1.00733333333333,-0.0474621190383502,-0.0472579901838353,-0.047075699666939,-0.0472619605096162
1.00766666666667,-0.0474910928473978,-0.0472868926819825,-0.0471042163536652,-0.0472907184289291
1.008,-0.0475201365584347,-0.0473158652476965,-0.047132802757155,-0.0473195462367349
1.00833333333333,-0.0475492503390811,-0.0473449080483901,-0.0471614590412998,-0.0473484440991836
1.00866666666667,-0.0475784343574779,-0.0473740212519934,-0.0471901853704959,-0.0473774121829348
1.009,-0.0476076887822732,-0.0474032050269549,-0.0472189819096603,-0.0474064506551731
1.00933333333333,-0.0476370137826476,-0.0474324595422435,-0.0472478488242141,-0.0474355596835939
1.00966666666667,-0.0476664095282986,-0.0474617849673587,-0.0472767862801022,-0.0474647394364182
1.01,-0.0476958761894463,-0.047491181472313,-0.0473057944437881,-0.047493990082387
1.01033333333333,-0.0477254139368319,-0.0475206492276536,-0.0473348734822445,-0.0475233117907658
1.01066666666667,-0.0477550229417338,-0.047550188404455,-0.0473640235629765,-0.047552704731343
1.011,-0.0477847033759514,-0.0475797991743216,-0.0473932448540069,-0.0475821690744432
1.01133333333333,-0.0478144554118215,-0.0476094817093901,-0.0474225375238854,-0.0476117049909101
1.01166666666667,-0.0478442792222086,-0.0476392361823319,-0.0474519017416872,-0.0476413126521306
1.012,-0.0478741749805176,-0.0476690627663547,-0.04748133767702,-0.0476709922300105
1.01233333333333,-0.0479041428606841,-0.0476989616352039,-0.0475108455000182,-0.0477007438970046
1.01266666666667,-0.0479341830371888,-0.0477289329631681,-0.0475404253813458,-0.0477305678260986
1.013,-0.0479642956850502,-0.0477589769250714,-0.0475700774922141,-0.0477604641908213
1.01333333333333,-0.047994480979826,-0.04778909369629,-0.047599802004355,-0.0477904331652351
1.01366666666667,-0.0480247390976245,-0.0478192834527427,-0.0476295990900517,-0.0478204749239556
1.014,-0.0480550702150998,-0.0478495463708924,-0.0476594689221198,-0.0478505896421368
1.01433333333333,-0.0480854745094527,-0.0478798826277563,-0.0476894116739205,-0.047880777495479
1.01466666666667,-0.0481159521584314,-0.0479102924009037,-0.047719427519357,-0.0479110386602356
1.015,-0.0481465033403466,-0.047940775868457,-0.0477495166328819,-0.0479413733132114
1.01533333333333,-0.048177128234053,-0.0479713332090959,-0.0477796791894949,-0.0479717816317621
1.01566666666667,-0.0482078270189678,-0.048001964602054,-0.0478099153647403,-0.0480022637937978
1.016,-0.0482385998750647,-0.0480326702271282,-0.047840225334726,-0.0480328199777864
1.01633333333333,-0.0482694469828821,-0.0480634502646771,-0.0478706092761035,-0.0480634503627562
1.01666666666667,-0.0483003685235138,-0.0480943048956253,-0.0479010673660803,-0.0480941551282941
1.017,-0.0483313646786234,-0.0481252343014594,-0.0479315997824374,-0.0481249344545515
1.01733333333333,-0.0483624356304442,-0.0481562386642361,-0.0479622067034899,-0.0481557885222481
1.01766666666667,-0.048393581561767,-0.0481873181665845,-0.0479928883081378,-0.0481867175126651
1.018,-0.0484248026559679,-0.0482184729916999,-0.0480236447758348,-0.048217721607658
1.01833333333333,-0.0484560990969841,-0.0482497033233602,-0.048054476286602,-0.0482488009896468
1.01866666666667,-0.0484874710693355,-0.0482810093459121,-0.0480853830210307,-0.0482799558416327
1.019,-0.0485189187581179,-0.0483123912442878,-0.0481163651602788,-0.0483111863471878
1.01933333333333,-0.0485504423489996,-0.0483438492039926,-0.0481474228860831,-0.0483424926904651
1.01966666666667,-0.0485820420282418,-0.0483753834111229,-0.0481785563807473,-0.0483738750561921
1.02,-0.0486137179826772,-0.0484069940523559,-0.0482097658271535,-0.048405333629683
1.02033333333333,-0.0486454703997341,-0.0484386813149545,-0.0482410514087647,-0.0484368685968364
1.02066666666667,-0.0486772994674254,-0.0484704453867719,-0.0482724133096255,-0.0484684801441288
1.021,-0.0487092053743485,-0.0485022864562548,-0.0483038517143639,-0.0485001684586351
1.02133333333333,-0.0487411883097014,-0.0485342047124375,-0.0483353668081819,-0.0485319337280135
1.02166666666667,-0.0487732484632674,-0.0485662003449623,-0.0483669587768855,-0.0485637761405217
1.022,-0.0488053860254362,-0.0485982735440532,-0.0483986278068537,-0.0485956958850039
1.02233333333333,-0.048837601187189,-0.0486304245005464,-0.0484303740850714,-0.0486276931509086
1.02266666666667,-0.0488698941401121,-0.0486626534058783,-0.0484621977991064,-0.0486597681282748
1.023,-0.0489022650763883,-0.0486949604520856,-0.0484940991371276,-0.0486919210077514
1.02333333333333,-0.0489347141888127,-0.0487273458318132,-0.0485260782878972,-0.0487241519805858
1.02366666666667,-0.0489672416707825,-0.0487598097383161,-0.0485581354407818,-0.0487564612386327
1.024,-0.0489998477163137,-0.0487923523654634,-0.0485902707857492,-0.0487888489743536
1.02433333333333,-0.0490325325200193,-0.0488249739077312,-0.0486224845133715,-0.0488213153808235
1.02466666666667,-0.0490652962771385,-0.0488576745602178,-0.0486547768148238,-0.0488538606517212
1.025,-0.0490981391835259,-0.0488904545186324,-0.0486871478818974,-0.0488864849813498
1.02533333333333,-0.0491310614356484,-0.0489233139793131,-0.0487195979069857,-0.0489191885646232
1.02566666666667,-0.0491640632305994,-0.0489562531392148,-0.0487521270831013,-0.0489519715970783
1.026,-0.0491971447660934,-0.0489892721959127,-0.0487847356038725,-0.04898483427487
1.02633333333333,-0.0492303062404728,-0.0490223713476233,-0.0488174236635447,-0.0490177767947779
1.02666666666667,-0.0492635478527019,-0.0490555507931791,-0.0488501914569813,-0.0490507993542126
1.027,-0.0492968698023828,-0.0490888107320514,-0.0488830391796695,-0.0490839021512054
1.02733333333333,-0.0493302722897481,-0.0491221513643412,-0.0489159670277195,-0.0491170853844175
1.02766666666667,-0.0493637555156615,-0.0491555728907909,-0.0489489751978759,-0.0491503492531547
1.028,-0.0493973196816261,-0.0491890755127789,-0.0489820638875016,-0.0491836939573434
1.02833333333333,-0.0494309649897839,-0.0492226594323219,-0.0490152332945949,-0.0492171196975607
1.02866666666667,-0.0494646916429231,-0.0492563248520872,-0.0490484836177938,-0.0492506266750095
1.029,-0.0494984998444728,-0.0492900719753846,-0.049081815056366,-0.0492842150915519
1.02933333333333,-0.0495323897985085,-0.0493239010061713,-0.0491152278102217,-0.0493178851496796
1.02966666666667,-0.0495663617097551,-0.0493578121490559,-0.0491487220799088,-0.0493516370525409
1.03,-0.0496004157835882,-0.0493918056093015,-0.0491822980666197,-0.0493854710039315
1.03033333333333,-0.0496345522260423,-0.0494258815928244,-0.0492159559721931,-0.0494193872082943
1.03066666666667,-0.0496687712438016,-0.0494600403062003,-0.0492496959991164,-0.0494533858707327
1.031,-0.0497030730442146,-0.0494942819566658,-0.049283518350525,-0.0494874671970063
1.03133333333333,-0.049737457835286,-0.0495286067521231,-0.0493174232302121,-0.0495216313935301
1.03166666666667,-0.0497719258256906,-0.0495630149011332,-0.0493514108426208,-0.0495558786673831
1.032,-0.0498064772247635,-0.0495975066129296,-0.0493854813928518,-0.0495902092263115
1.03233333333333,-0.0498411122425138,-0.0496320820974194,-0.0494196350866756,-0.0496246232787209
1.03266666666667,-0.0498758310896178,-0.0496667415651732,-0.0494538721305115,-0.0496591210336936
1.033,-0.049910633977425,-0.0497014852274481,-0.0494881927314562,-0.049693702700981
1.03333333333333,-0.0499455211179675,-0.0497363132961694,-0.049522597097265,-0.0497283684910059
1.03366666666667,-0.0499804927239505,-0.0497712259839542,-0.0495570854363672,-0.0497631186148675
1.034,-0.0500155490087605,-0.0498062235040896,-0.0495916579578658,-0.0497979532843522
1.03433333333333,-0.0500506901864722,-0.0498413060705603,-0.0496263148715381,-0.0498328727119203
1.03466666666667,-0.0500859164718408,-0.0498764738980278,-0.0496610563878351,-0.0498678771107157
1.035,-0.0501212280803177,-0.0499117272018545,-0.0496958827178947,-0.0499029666945762
1.03533333333333,-0.0501566252280384,-0.0499470661980911,-0.0497307940735347,-0.0499381416780253
1.03566666666667,-0.0501921081318399,-0.0499824911034872,-0.0497657906672518,-0.0499734022762743
1.036,-0.0502276770092519,-0.0500180021354869,-0.0498008727122431,-0.0500087487052389
1.03633333333333,-0.0502633320785018,-0.0500535995122408,-0.0498360404223876,-0.0500441811815245
1.03666666666667,-0.0502990735585284,-0.0500892834526,-0.0498712940122589,-0.0500796999224344
1.037,-0.0503349016689593,-0.0501250541761241,-0.0499066336971274,-0.0501153051459799
1.03733333333333,-0.050370816630147,-0.05016091190308,-0.0499420596929577,-0.0501509970708827
1.03766666666667,-0.0504068186631421,-0.0501968568544451,-0.0499775722164203,-0.0501867759165575
1.038,-0.050442907989715,-0.050232889251916,-0.050013171484886,-0.050222641903139
1.03833333333333,-0.0504790848323448,-0.0502690093179054,-0.0500488577164358,-0.050258595251479
1.03866666666667,-0.050515349414233,-0.0503052172755444,-0.0500846311298534,-0.0502946361831341
1.039,-0.0505517019593066,-0.0503415133486864,-0.0501204919446379,-0.0503307649203877
1.03933333333333,-0.0505881426922038,-0.0503778977619127,-0.0501564403810052,-0.0503669816862407
1.03966666666667,-0.0506246718383051,-0.0504143707405326,-0.0501924766598771,-0.0504032867044208
1.04,-0.0506612896237028,-0.0504509325105847,-0.0502286010029101,-0.0504396801993802
1.04033333333333,-0.0506979962752365,-0.0504875832988453,-0.050264813632471,-0.0504761623963027
1.04066666666667,-0.0507347920204716,-0.0505243233328189,-0.0503011147716558,-0.0505127335211026
1.041,-0.0507716770877138,-0.0505611528407568,-0.0503375046442876,-0.0505493938004306
1.04133333333333,-0.0508086517060102,-0.0505980720516521,-0.050373983474926,-0.0505861434616728
1.04166666666667,-0.0508457161051455,-0.0506350811952415,-0.0504105514888495,-0.0506229827329589
1.042,-0.0508828705156572,-0.0506721805020089,-0.0504472089120906,-0.0506599118431577
1.04233333333333,-0.0509201151688299,-0.0507093702031904,-0.0504839559714024,-0.050696931021896
1.04266666666667,-0.0509574502966955,-0.0507466505307733,-0.0505207928942963,-0.0507340404995305
1.043,-0.0509948761320458,-0.050784021717503,-0.0505577199090157,-0.0507712405071904
1.04333333333333,-0.0510323929084283,-0.0508214839968866,-0.0505947372445568,-0.0508085312767405
1.04366666666667,-0.051070000860147,-0.0508590376031909,-0.0506318451306673,-0.0508459130408225
1.044,-0.0511077002222754,-0.0508966827714421,-0.0506690437978429,-0.0508833860328239
1.04433333333333,-0.0511454912306475,-0.0509344197374515,-0.0507063334773384,-0.0509209504869007
1.04466666666667,-0.051183374121869,-0.0509722487377783,-0.0507437144011675,-0.0509586066379773
1.045,-0.0512213491333204,-0.0510101700097765,-0.0507811868021042,-0.0509963547217454
1.04533333333333,-0.0512594165031503,-0.0510481837915648,-0.0508187509136872,-0.0510341949746703
1.04566666666667,-0.0512975764702909,-0.0510862903220457,-0.0508564069702204,-0.0510721276339902
1.046,-0.0513358292744513,-0.0511244898409053,-0.0508941552067831,-0.0511101529377239
1.04633333333333,-0.0513741751561292,-0.0511627825886144,-0.0509319958592249,-0.0511482711246712
1.04666666666667,-0.0514126143566039,-0.0512011688064341,-0.0509699291641706,-0.0511864824344151
1.047,-0.0514511471179504,-0.0512396487364176,-0.0510079553590283,-0.0512247871073276
1.04733333333333,-0.0514897736830284,-0.0512782226214071,-0.0510460746819813,-0.0512631853845689
1.04766666666667,-0.0515284942955038,-0.0513168907050504,-0.051084287372003,-0.0513016775080903
1.048,-0.0515673091998291,-0.0513556532317973,-0.0511225936688528,-0.0513402637206496
1.04833333333333,-0.0516062186412773,-0.0513945104468958,-0.051160993813088,-0.05137894426579
1.04866666666667,-0.0516452228659026,-0.0514334625964022,-0.051199488046051,-0.051417719387871
1.049,-0.0516843221205896,-0.0514725099271876,-0.0512380766098823,-0.0514565893320437
1.04933333333333,-0.0517235166530211,-0.0515116526869361,-0.0512767597475299,-0.051495554344284
1.04966666666667,-0.0517628067116984,-0.0515508911241431,-0.0513155377027369,-0.0515346146713613
1.05,-0.0518021925459413,-0.0515902254881296,-0.051354410720063,-0.0515737705608752
1.05033333333333,-0.0518416744058914,-0.0516296560290364,-0.0513933790448666,-0.051613022261237
1.05066666666667,-0.0518812525425109,-0.0516691829978334,-0.0514324429233211,-0.0516523700216796
1.051,-0.0519209272075904,-0.0517088066463192,-0.051471602602426,-0.0516918140922585
1.05133333333333,-0.051960698653754,-0.0517485272271236,-0.0515108583299867,-0.0517313547238661
1.05166666666667,-0.0520005671344542,-0.0517883449937109,-0.0515502103546381,-0.0517709921682091
1.052,-0.0520405329039887,-0.0518282602003904,-0.0515896589258355,-0.0518107266778458
1.05233333333333,-0.0520805962174839,-0.0518682731023118,-0.0516292042938677,-0.05185055850616
1.05266666666667,-0.0521207573309161,-0.0519083839554621,-0.0516688467098545,-0.0518904879073819
1.053,-0.0521610165011148,-0.051948593016692,-0.0517085864257486,-0.0519305151365798
1.05333333333333,-0.0522013739857459,-0.0519889005436918,-0.0517484236943426,-0.051970640449676
1.05366666666667,-0.0522418300433383,-0.0520293067950173,-0.0517883587692673,-0.0520108641034411
1.054,-0.0522823849332738,-0.0520698120300737,-0.0518283919050027,-0.0520511863554976
1.05433333333333,-0.0523230389157953,-0.0521104165091347,-0.051868523356876,-0.052091607464323
1.05466666666667,-0.0523637922520106,-0.0521511204933402,-0.0519087533810615,-0.0521321276892609
1.055,-0.0524046452038895,-0.0521919242446966,-0.0519490822345932,-0.0521727472905154
1.05533333333333,-0.0524455980342757,-0.0522328280260842,-0.0519895101753574,-0.0522134665291589
1.05566666666667,-0.0524866510068863,-0.0522738321012562,-0.052030037462111,-0.0522542856671292
1.056,-0.0525278043863136,-0.05231493673485,-0.0520706643544631,-0.0522952049672489
1.05633333333333,-0.0525690584380294,-0.0523561421923848,-0.0521113911129042,-0.0523362246932075
1.05666666666667,-0.0526104134283939,-0.0523974487402595,-0.0521522179987839,-0.0523773451095758
1.057,-0.0526518696246531,-0.0524388566457723,-0.0521931452743342,-0.0524185664818174
1.05733333333333,-0.0526934272949377,-0.0524803661771079,-0.052234173202661,-0.0524598890762772
1.05766666666667,-0.0527350867082814,-0.0525219776033493,-0.0522753020477574,-0.0525013131601889
1.058,-0.0527768481346068,-0.0525636911944819,-0.0523165320744946,-0.0525428390016871
1.05833333333333,-0.0528187118447436,-0.0526055072213941,-0.0523578635486396,-0.052584466869802
1.05866666666667,-0.0528606781104287,-0.0526474259558772,-0.0523992967368425,-0.0526261970344605
1.059,-0.0529027472042986,-0.0526894476706427,-0.0524408319066572,-0.0526680297665058
1.05933333333333,-0.0529449193999136,-0.0527315726393031,-0.0524824693265333,-0.0527099653376773
1.05966666666667,-0.0529871949717355,-0.0527738011364043,-0.0525242092658245,-0.0527520040206369
1.06,-0.0530295741951569,-0.0528161334374035,-0.0525660519947857,-0.0527941460889567
1.06033333333333,-0.0530720573464838,-0.0528585698186849,-0.052607997784588,-0.0528363918171289
1.06066666666667,-0.0531146447029607,-0.0529011105575625,-0.0526500469073086,-0.0528787414805716
1.061,-0.0531573365427495,-0.0529437559322888,-0.0526921996359478,-0.052921195355628
1.06133333333333,-0.0532001331449555,-0.0529865062220446,-0.0527344562444237,-0.0529637537195698
1.06166666666667,-0.0532430347896143,-0.0530293617069483,-0.0527768170075815,-0.0530064168506059
1.062,-0.0532860417577039,-0.0530723226680747,-0.0528192822011854,-0.0530491850278817
1.06233333333333,-0.0533291543311522,-0.0531153893874363,-0.0528618521019429,-0.0530920585314853
1.06266666666667,-0.0533723727928287,-0.0531585621479994,-0.0529045269874861,-0.0531350376424505
1.063,-0.0534156974265644,-0.0532018412336835,-0.052947307136391,-0.0531781226427556
1.06333333333333,-0.0534591285171361,-0.0532452269293727,-0.0529901928281798,-0.0532213138153367
1.06366666666667,-0.0535026663502848,-0.0532887195209035,-0.053033184343309,-0.053264611444084
1.064,-0.0535463112127209,-0.0533323192950934,-0.0530762819631969,-0.0533080158138502
1.06433333333333,-0.0535900633921115,-0.0533760265397158,-0.0531194859702071,-0.0533515272104486
1.06466666666667,-0.0536339231771048,-0.0534198415435297,-0.0531627966476687,-0.0533951459206646
1.065,-0.0536778908573173,-0.0534637645962625,-0.0532062142798662,-0.0534388722322518
1.06533333333333,-0.0537219667233525,-0.0535077959886338,-0.0532497391520493,-0.0534827064339441
1.06566666666667,-0.0537661510667864,-0.0535519360123381,-0.0532933715504353,-0.0535266488154484
1.066,-0.0538104441801909,-0.0535961849600718,-0.0533371117622223,-0.0535706996674629
1.06633333333333,-0.053854846357125,-0.0536405431255097,-0.0533809600755777,-0.0536148592816646
1.06666666666667,-0.0538993578921464,-0.0536850108033427,-0.0534249167796502,-0.0536591279507315
1.067,-0.0539439790808022,-0.0537295882892472,-0.0534689821645713,-0.0537035059683295
1.06733333333333,-0.0539887102196531,-0.0537742758799131,-0.0535131565214696,-0.0537479936291255
1.06766666666667,-0.0540335516062633,-0.0538190738730447,-0.0535574401424515,-0.0537925912287929
1.068,-0.0540785035392024,-0.0538639825673505,-0.0536018333206344,-0.0538372990640071
1.06833333333333,-0.0541235663180632,-0.0539090022625603,-0.0536463363501256,-0.05388211743246
1.06866666666667,-0.0541687402434502,-0.0539541332594292,-0.0536909495260408,-0.0539270466328552
1.069,-0.0542140256170005,-0.0539993758597342,-0.0537356731445067,-0.0539720869649178
1.06933333333333,-0.0542594227413669,-0.0540447303662854,-0.0537805075026525,-0.0540172387293983
1.06966666666667,-0.0543049319202434,-0.0540901970829263,-0.0538254528986352,-0.0540625022280708
1.07,-0.0543505534583505,-0.0541357763145386,-0.053870509631623,-0.0541078777637418
1.07033333333333,-0.0543962876614542,-0.0541814683670466,-0.0539156780018128,-0.0541533656402569
1.07066666666667,-0.0544421348363672,-0.0542272735474242,-0.0539609583104298,-0.0541989661624982
1.071,-0.0544880952909412,-0.054273192163691,-0.0540063508597344,-0.0542446796363929
1.07133333333333,-0.0545341693340895,-0.0543192245249262,-0.0540518559530196,-0.0542905063689231
1.07166666666667,-0.0545803572757747,-0.0543653709412681,-0.0540974738946185,-0.0543364466681115
1.072,-0.0546266594270235,-0.054411631723919,-0.0541432049899123,-0.0543825008430493
1.07233333333333,-0.0546730760999293,-0.0544580071851481,-0.0541890495453313,-0.054428669203878
1.07266666666667,-0.0547196076076489,-0.0545044976382982,-0.0542350078683609,-0.0544749520618208
1.073,-0.0547662542644195,-0.0545511033977881,-0.0542810802675386,-0.0545213497291509
1.07333333333333,-0.0548130163855542,-0.0545978247791192,-0.0543272670524715,-0.0545678625192311
1.07366666666667,-0.0548598942874451,-0.0546446620988794,-0.054373568533827,-0.0546144907464941
1.074,-0.0549068882875767,-0.0546916156747422,-0.054419985023344,-0.0546612347264631
1.07433333333333,-0.0549539987045172,-0.0547386858254799,-0.054466516833845,-0.054708094775739
1.07466666666667,-0.0550012258579395,-0.0547858728709627,-0.0545131642792158,-0.0547550712120204
1.075,-0.0550485700686097,-0.0548331771321617,-0.0545599276744373,-0.0548021643541028
1.07533333333333,-0.0550960316584017,-0.054880598931161,-0.054606807335582,-0.0548493745218769
1.07566666666667,-0.0551436109502964,-0.0549281385911531,-0.0546538035798021,-0.054896702036347
1.076,-0.0551913082683874,-0.0549757964364495,-0.0547009167253563,-0.0549441472196173
1.07633333333333,-0.0552391239378941,-0.0550235727924772,-0.0547481470916013,-0.0549917103949129
1.07666666666667,-0.0552870582851465,-0.0550714679857999,-0.0547954949990016,-0.0550393918865789
1.077,-0.0553351116376116,-0.0551194823441036,-0.0548429607691296,-0.0550871920200722
1.07733333333333,-0.0553832843238814,-0.055167616196211,-0.054890544724675,-0.0551351111219909
1.07766666666667,-0.055431576673689,-0.0552158698720878,-0.0549382471894457,-0.0551831495200586
1.078,-0.0554799890179063,-0.0552642437028406,-0.0549860684883697,-0.0552313075431347
1.07833333333333,-0.0555285216885551,-0.0553127380207275,-0.0550340089475129,-0.0552795855212244
1.07866666666667,-0.0555771750187983,-0.0553613531591597,-0.0550820688940652,-0.0553279837854739
1.079,-0.0556259493429633,-0.0554100894527095,-0.0551302486563604,-0.0553765026681897
1.07933333333333,-0.0556748449965312,-0.0554589472371074,-0.0551785485638721,-0.0554251425028234
1.07966666666667,-0.0557238623161527,-0.0555079268492539,-0.0552269689472187,-0.0554739036239892
1.08,-0.0557730016396424,-0.0555570286272291,-0.0552755101381713,-0.0555227863674763
1.08033333333333,-0.0558222633059919,-0.0556062529102796,-0.0553241724696655,-0.0555717910702272
1.08066666666667,-0.0558716476553736,-0.0556556000388442,-0.0553729562757858,-0.055620918070374
1.081,-0.0559211550291422,-0.0557050703545438,-0.0554218618917898,-0.0556701677072217
1.08133333333333,-0.0559707857698377,-0.0557546642001939,-0.0554708896541039,-0.0557195403212585
1.08166666666667,-0.0560205402212021,-0.0558043819198077,-0.0555200399003326,-0.0557690362541646
1.082,-0.0560704187281632,-0.0558542238585986,-0.0555693129692551,-0.0558186558488116
1.08233333333333,-0.0561204216368634,-0.0559041903629882,-0.0556187092008414,-0.0558683994492732
1.08266666666667,-0.0561705492946531,-0.0559542817806118,-0.0556682289362518,-0.0559182674008307
1.083,-0.0562208020500844,-0.0560044984603225,-0.0557178725178342,-0.055968260049963
1.08333333333333,-0.0562711802529414,-0.0560548407521884,-0.0557676402891439,-0.0560183777443725
1.08366666666667,-0.0563216842542267,-0.0561053090075143,-0.0558175325949377,-0.0560686208329785
1.084,-0.0563723144061695,-0.0561559035788297,-0.0558675497811849,-0.0561189896659221
1.08433333333333,-0.0564230710622288,-0.0562066248199094,-0.0559176921950662,-0.0561694845945743
1.08466666666667,-0.0564739545771152,-0.0562574730857642,-0.0559679601849827,-0.0562201059715424
1.085,-0.0565249653067699,-0.0563084487326559,-0.0560183541005622,-0.0562708541506704
1.08533333333333,-0.0565761036083926,-0.0563595521180972,-0.0560688742926606,-0.056321729487048
1.08566666666667,-0.0566273698404278,-0.0564107836008627,-0.056119521113371,-0.0563727323370151
1.086,-0.0566787643625889,-0.0564621435409856,-0.0561702949160262,-0.0564238630581631
1.08633333333333,-0.0567302875358442,-0.0565136322997681,-0.0562211960551985,-0.0564751220093478
1.08666666666667,-0.0567819397224428,-0.0565652502397917,-0.0562722248867167,-0.0565265095506879
1.087,-0.0568337212858973,-0.0566169977249118,-0.0563233817676637,-0.0565780260435727
1.08733333333333,-0.0568856325910103,-0.056668875120269,-0.0563746670563849,-0.0566296718506674
1.08766666666667,-0.0569376740038646,-0.0567208827922986,-0.0564260811124888,-0.0566814473359143
1.088,-0.0569898458918341,-0.0567730211087212,-0.056477624296855,-0.0567333528645517
1.08833333333333,-0.0570421486235952,-0.0568252904385715,-0.0565292969716386,-0.0567853888031007
1.08866666666667,-0.0570945825691178,-0.0568776911521769,-0.0565810995002851,-0.0568375555193844
1.089,-0.0571471480996832,-0.0569302236211846,-0.0566330322475144,-0.0568898533825236
1.08933333333333,-0.0571998455878857,-0.0569828882185569,-0.056685095579348,-0.0569422827629539
1.08966666666667,-0.057252675407638,-0.0570356853185804,-0.0567372898631026,-0.0569948440324193
1.09,-0.0573056379341746,-0.0570886152968644,-0.0567896154673972,-0.0570475375639799
1.09033333333333,-0.0573587335440637,-0.0571416785303623,-0.0568420727621627,-0.0571003637320317
1.09066666666667,-0.0574119626152026,-0.0571948753973484,-0.0568946621186369,-0.0571533229122914
1.091,-0.0574653255268324,-0.0572482062774645,-0.0569473839093894,-0.0572064154818103
1.09133333333333,-0.0575188226595383,-0.057301671551689,-0.0570002385083012,-0.0572596418189858
1.09166666666667,-0.0575724543952629,-0.0573552716023538,-0.0570532262905961,-0.0573130023035614
1.092,-0.0576262211172969,-0.0574090068131651,-0.0571063476328282,-0.057366497316629
1.09233333333333,-0.0576801232103053,-0.0574628775691876,-0.0571596029128915,-0.0574201272406456
1.09266666666667,-0.0577341610603092,-0.0575168842568638,-0.0572129925100345,-0.0574738924594242
1.093,-0.0577883350547134,-0.0575710272640111,-0.0572665168048532,-0.0575277933581555
1.09333333333333,-0.057842645582306,-0.0576253069798347,-0.0573201761793037,-0.0575818303233977
1.09366666666667,-0.0578970930332497,-0.0576797237949304,-0.0573739710167119,-0.0576360037430962
1.094,-0.0579516777991083,-0.0577342781012927,-0.057427901701763,-0.0576903140065795
1.09433333333333,-0.0580064002728411,-0.0577889702923158,-0.0574819686205287,-0.0577447615045719
1.09466666666667,-0.0580612608488101,-0.0578438007628023,-0.0575361721604577,-0.057799346629193
1.095,-0.0581162599227879,-0.0578987699089722,-0.0575905127103893,-0.0578540697739711
1.09533333333333,-0.0581713978919639,-0.0579538781284631,-0.0576449906605535,-0.0579089313338431
1.09566666666667,-0.0582266751549504,-0.0580091258203426,-0.0576996064025821,-0.0579639317051621
1.096,-0.0582820921117846,-0.0580645133851057,-0.0577543603295101,-0.0580190712857047
1.09633333333333,-0.0583376491639349,-0.0581200412246964,-0.0578092528357872,-0.0580743504746748
1.09666666666667,-0.0583933467143197,-0.0581757097424863,-0.0578642843172725,-0.0581297696727134
1.097,-0.058449185167292,-0.0582315193433154,-0.057919455171264,-0.0581853292818967
1.09733333333333,-0.0585051649286645,-0.0582874704334709,-0.0579747657964706,-0.058241029705754
1.09766666666667,-0.0585612864057043,-0.058343563420707,-0.058030216593048,-0.0582968713492655
1.098,-0.0586175500071452,-0.0583997987142455,-0.0580858079625899,-0.0583528546188684
1.09833333333333,-0.0586739561431901,-0.0584561767247861,-0.0581415403081402,-0.0584089799224715
1.09866666666667,-0.0587305052255206,-0.0585126978645072,-0.0581974140341948,-0.058465247669447
1.099,-0.0587871976673041,-0.0585693625470835,-0.0582534295467075,-0.0585216582706472
1.09933333333333,-0.0588440338831858,-0.0586261711876736,-0.0583095872531019,-0.0585782121384153
1.09966666666667,-0.0589010142893263,-0.0586831242029435,-0.0583658875622682,-0.0586349096865752
1.1,-0.058958139303371,-0.0587402220110682,-0.0584223308845835,-0.058691751330455
1.10033333333333,-0.0590154093444827,-0.0587974650317355,-0.0584789176319054,-0.0587487374868824
1.10066666666667,-0.0590728248333385,-0.0588548536861502,-0.0585356482175792,-0.0588058685741994
1.101,-0.0591303861921359,-0.0589123883970464,-0.0585925230564535,-0.0588631450122574
1.10133333333333,-0.0591880938446008,-0.058970069588696,-0.0586495425648811,-0.058920567222434
1.10166666666667,-0.0592459482159951,-0.0590278976869043,-0.0587067071607217,-0.0589781356276348
1.102,-0.059303949733122,-0.0590858731190284,-0.0587640172633508,-0.0590358506523037
1.10233333333333,-0.0593620988243326,-0.0591439963139763,-0.0588214732936722,-0.0590937127224263
1.10266666666667,-0.0594203959195312,-0.0592022677022166,-0.0588790756741199,-0.0591517222655353
1.103,-0.0594788414501857,-0.0592606877157861,-0.0589368248286549,-0.0592098797107175
1.10333333333333,-0.0595374358493311,-0.0593192567882958,-0.0589947211827951,-0.059268185488628
1.10366666666667,-0.0595961795515752,-0.0593779753549297,-0.0590527651635973,-0.0593266400314869
1.104,-0.0596550729931093,-0.0594368438524739,-0.0591109571996774,-0.059385243773087
1.10433333333333,-0.0597141166117144,-0.0594958627192922,-0.0591692977212177,-0.0594439971488125
1.10466666666667,-0.0597733108467662,-0.059555032395357,-0.0592277871599683,-0.0595029005956292
1.105,-0.0598326561392406,-0.0596143533222553,-0.059286425949251,-0.0595619545521003
1.10533333333333,-0.0598921529317232,-0.0596738259431742,-0.0593452145239801,-0.0596211594583972
1.10566666666667,-0.0599518016684168,-0.0597334507029333,-0.0594041533206562,-0.0596805157562939
1.106,-0.0600116027951484,-0.0597932280479797,-0.0594632427773696,-0.0597400238891874
1.10633333333333,-0.0600715567593705,-0.0598531584263931,-0.0595224833338258,-0.0597996843020929
1.10666666666667,-0.0601316640101752,-0.0599132422878986,-0.0595818754313343,-0.0598594974416674
1.107,-0.0601919249983032,-0.0599734800838678,-0.0596414195128242,-0.0599194637561914
1.10733333333333,-0.0602523401761378,-0.0600338722673402,-0.0597011160228504,-0.0599795836956048
1.10766666666667,-0.0603129099977274,-0.0600944192930043,-0.0597609654075949,-0.0600398577114858
1.108,-0.0603736349187831,-0.0601551216172327,-0.0598209681148867,-0.0601002862570869
1.10833333333333,-0.060434515396689,-0.0602159796980701,-0.0598811245941898,-0.0601608697873146
1.10866666666667,-0.0604955518905116,-0.0602769939952503,-0.0599414352966357,-0.060221608758761
1.109,-0.0605567448610041,-0.0603381649702047,-0.0600019006749999,-0.0602825036296847
1.10933333333333,-0.0606180947706133,-0.0603994930860562,-0.0600625211837374,-0.0603435548600496
1.10966666666667,-0.0606796020834866,-0.0604609788076446,-0.060123297278976,-0.0604047629115005
1.11,-0.0607412672654865,-0.0605226226015203,-0.0601842294185198,-0.0604661282473989
1.11033333333333,-0.0608030907841879,-0.0605844249359616,-0.0602453180618635,-0.0605276513328069
1.11066666666667,-0.0608650731088912,-0.0606463862809748,-0.060306563670208,-0.0605893326345108
1.111,-0.0609272147106297,-0.0607085071083073,-0.0603679667064437,-0.0606511726210159
1.11133333333333,-0.0609895160621818,-0.0607707878914456,-0.0604295276351822,-0.0607131717625726
1.11166666666667,-0.0610519776380601,-0.0608332291056436,-0.060491246922754,-0.0607753305311601
1.112,-0.0611145999145393,-0.0608958312279042,-0.0605531250372128,-0.0608376494005107
1.11233333333333,-0.0611773833696644,-0.0609585947370029,-0.0606151624483436,-0.0609001288461153
1.11266666666667,-0.0612403284832398,-0.0610215201134951,-0.0606773596276809,-0.0609627693452277
1.113,-0.0613034357368532,-0.0610846078397192,-0.0607397170485012,-0.0610255713768704
1.11333333333333,-0.0613667056138754,-0.0611478583998056,-0.0608022351858419,-0.0610885354218452
1.11366666666667,-0.0614301385994735,-0.0612112722796877,-0.060864914516502,-0.0611516619627486
1.114,-0.061493735180618,-0.0612748499671053,-0.0609277555190571,-0.0612149514839597
1.11433333333333,-0.0615574958460803,-0.0613385919516156,-0.0609907586738575,-0.0612784044716726
1.11466666666667,-0.0616214210864616,-0.0614024987245959,-0.0610539244630477,-0.061342021413886
1.115,-0.0616855113941847,-0.0614665707792653,-0.0611172533705609,-0.0614058028004156
1.11533333333333,-0.0617497672634948,-0.0615308086106773,-0.0611807458821365,-0.0614697491229123
1.11566666666667,-0.0618141891904979,-0.0615952127157341,-0.0612444024853331,-0.0615338608748551
1.116,-0.0618787776731361,-0.0616597835931968,-0.0613082236695166,-0.061598138551566
1.11633333333333,-0.0619435332112148,-0.0617245217436895,-0.061372209925886,-0.0616625826502199
1.11666666666667,-0.0620084563064039,-0.0617894276697135,-0.0614363617474802,-0.0617271936698535
1.117,-0.0620735474622486,-0.0618545018756484,-0.0615006796291712,-0.0617919721113672
1.11733333333333,-0.0621388071841795,-0.0619197448677638,-0.0615651640676939,-0.0618569184775382
1.11766666666667,-0.062204235979513,-0.061985157154233,-0.0616298155616398,-0.0619220332730323
1.118,-0.0622698343574674,-0.0620507392451268,-0.0616946346114634,-0.0619873170044017
1.11833333333333,-0.062335602829174,-0.0621164916524421,-0.0617596217195017,-0.0620527701801014
1.11866666666667,-0.0624015419076732,-0.0621824148900914,-0.0618247773899753,-0.0621183933104965
1.119,-0.0624676521079333,-0.0622485094739251,-0.0618901021289982,-0.0621841869078733
1.11933333333333,-0.0625339339468573,-0.0623147759217317,-0.0619555964445852,-0.0622501514864396
1.11966666666667,-0.0626003879432921,-0.0623812147532499,-0.06202126084666,-0.0623162875623384
1.12,-0.0626670146180281,-0.0624478264901763,-0.0620870958470641,-0.0623825956536605
1.12033333333333,-0.0627338144938206,-0.0625146116561783,-0.0621531019595755,-0.0624490762804439
1.12066666666667,-0.0628007880953951,-0.0625815707768952,-0.062219279699894,-0.0625157299646916
1.121,-0.0628679359494528,-0.062648704379953,-0.0622856295856712,-0.0625825572303762
1.12133333333333,-0.0629352585846733,-0.0627160129949703,-0.0623521521365135,-0.0626495586034435
1.12166666666667,-0.0630027565317432,-0.0627834971535705,-0.0624188478739846,-0.0627167346118355
1.122,-0.0630704303233437,-0.0628511573893871,-0.0624857173216167,-0.0627840857854832
1.12233333333333,-0.0631382804941749,-0.0629189942380745,-0.062552761004929,-0.0628516126563222
1.12266666666667,-0.0632063075809512,-0.0629870082373161,-0.0626199794514241,-0.0629193157583122
1.123,-0.0632745121224249,-0.0630551999268357,-0.0626873731905985,-0.0629871956274247
1.12333333333333,-0.0633428946593851,-0.0631235698484013,-0.0627549427539609,-0.0630552528016694
1.12366666666667,-0.0634114557346701,-0.0631921185458452,-0.062822688675028,-0.0631234878210972
1.124,-0.0634801958931737,-0.0632608465650594,-0.0628906114893482,-0.0631919012278073
1.12433333333333,-0.0635491156818636,-0.0633297544540151,-0.0629587117344948,-0.0632604935659618
1.12466666666667,-0.0636182156497788,-0.0633988427627685,-0.0630269899500919,-0.0633292653817882
1.125,-0.0636874963480456,-0.0634681120434693,-0.0630954466778041,-0.0633982172235974
1.12533333333333,-0.0637569583298869,-0.0635375628503713,-0.0631640824613647,-0.0634673496417809
1.12566666666667,-0.0638266021506317,-0.0636071957398389,-0.0632328978465774,-0.0635366631888354
1.126,-0.0638964283677179,-0.0636770112703689,-0.0633018933813137,-0.0636061584193557
1.12633333333333,-0.0639664375407161,-0.0637470100025788,-0.0633710696155506,-0.0636758358900659
1.12666666666667,-0.0640366302313207,-0.0638171924992395,-0.0634404271013485,-0.0637456961598002
1.127,-0.0641070070033765,-0.0638875593252644,-0.0635099663928831,-0.0638157397895378
1.12733333333333,-0.0641775684228791,-0.0639581110477339,-0.0635796880464408,-0.0638859673424026
1.12766666666667,-0.0642483150579883,-0.0640288482359,-0.0636495926204387,-0.0639563793836649
1.128,-0.0643192474790327,-0.0640997714611946,-0.0637196806754311,-0.0640269764807731
1.12833333333333,-0.064390366258525,-0.0641708812972399,-0.063789952774114,-0.0640977592033371
1.12866666666667,-0.0644616719711731,-0.0642421783198608,-0.0638604094813395,-0.0641687281231614
1.129,-0.0645331651938821,-0.0643136631070964,-0.0639310513641252,-0.0642398838142333
1.12933333333333,-0.0646048465057733,-0.0643853362392035,-0.0640018789916647,-0.0643112268527565
1.12966666666667,-0.0646767164881891,-0.0644571982986687,-0.0640728929353357,-0.0643827578171398
1.13,-0.0647487757247017,-0.0645292498702264,-0.0641440937687111,-0.0644544772880199
1.13033333333333,-0.0648210248011322,-0.0646014915408586,-0.0642154820675655,-0.0645263858482672
1.13066666666667,-0.0648934643055457,-0.0646739238998088,-0.0642870584098917,-0.0645984840829938
1.131,-0.0649660948282779,-0.064746547538596,-0.0643588233759061,-0.0646707725795744
1.13133333333333,-0.0650389169619333,-0.0648193630510187,-0.0644307775480589,-0.0647432519276374
1.13166666666667,-0.0651119313014047,-0.0648923710331726,-0.064502921511045,-0.0648159227190965
1.132,-0.0651851384438757,-0.0649655720834568,-0.0645752558518197,-0.0648887855481486
1.13233333333333,-0.0652585389888335,-0.0650389668025814,-0.0646477811595941,-0.0649618410112814
1.13266666666667,-0.0653321335380842,-0.0651125557935849,-0.0647204980258656,-0.0650350897072946
1.133,-0.0654059226957548,-0.0651863396618405,-0.0647934070444118,-0.0651085322373079
1.13333333333333,-0.065479907068314,-0.0652603190150667,-0.064866508811308,-0.0651821692047586
1.13366666666667,-0.0655540872645789,-0.0653344944633407,-0.0649398039249384,-0.0652560012154334
1.134,-0.0656284638957159,-0.0654088666191065,-0.0650132929860004,-0.0653300288774614
1.13433333333333,-0.0657030375752681,-0.065483436097191,-0.0650869765975295,-0.0654042528013384
1.13466666666667,-0.0657778089191576,-0.0655582035148048,-0.0651608553648873,-0.0654786735999241
1.135,-0.0658527785456947,-0.0656331694915639,-0.0652349298957971,-0.0655532918884639
1.13533333333333,-0.0659279470755902,-0.0657083346494988,-0.0653092008003344,-0.0656281082845949
1.13566666666667,-0.0660033151319726,-0.0657836996130528,-0.0653836686909522,-0.0657031234083617
1.136,-0.0660788833403903,-0.0658592650091134,-0.0654583341824832,-0.0657783378822145
1.13633333333333,-0.0661546523288273,-0.0659350314670114,-0.065533197892152,-0.0658537523310438
1.13666666666667,-0.0662306227277188,-0.0660109996185337,-0.0656082604395895,-0.0659293673821629
1.137,-0.0663067951699489,-0.0660871700979377,-0.0656835224468442,-0.0660051836653439
1.13733333333333,-0.0663831702908768,-0.0661635435419547,-0.065758984538387,-0.0660812018128163
1.13766666666667,-0.066459748728341,-0.066240120589813,-0.0658346473411282,-0.0661574224592778
1.138,-0.0665365311226725,-0.0663169018832449,-0.0659105114844283,-0.0662338462419114
1.13833333333333,-0.0666135181167042,-0.0663938880664878,-0.0659865776001092,-0.0663104738003938
1.13866666666667,-0.0666907103557835,-0.0664710797863175,-0.0660628463224586,-0.0663873057769088
1.139,-0.0667681084877883,-0.066548477692039,-0.0661393182882546,-0.0664643428161579
1.13933333333333,-0.0668457131631328,-0.0666260824355125,-0.0662159941367661,-0.0665415855653687
1.13966666666667,-0.0669235250347792,-0.0667038946711553,-0.066292874509771,-0.0666190346743113
1.14,-0.0670015447582553,-0.0667819150559599,-0.066369960051559,-0.0666966907953087
1.14033333333333,-0.0670797729916609,-0.0668601442495074,-0.0664472514089606,-0.0667745545832503
1.14066666666667,-0.0671582103956871,-0.0669385829139703,-0.0665247492313371,-0.066852626695602
1.141,-0.0672368576336113,-0.0670172317141354,-0.0666024541706072,-0.0669309077924134
1.14133333333333,-0.0673157153713348,-0.0670960913174118,-0.0666803668812536,-0.0670093985363412
1.14166666666667,-0.0673947842773727,-0.0671751623938416,-0.066758488020342,-0.0670880995926497
1.142,-0.0674740650228777,-0.0672544456161114,-0.0668368182475149,-0.0671670116292304
1.14233333333333,-0.0675535582816533,-0.0673339416595705,-0.066915358225029,-0.0672461353166185
1.14266666666667,-0.067633264730152,-0.0674136512022374,-0.0669941086177463,-0.0673254713279851
1.143,-0.0677131850475111,-0.0674935749248144,-0.0670730700931572,-0.0674050203391759
1.14333333333333,-0.0677933199155382,-0.0675737135107018,-0.0671522433213861,-0.0674847830287036
1.14366666666667,-0.0678736700187529,-0.0676540676460095,-0.0672316289752135,-0.0675647600777729
1.144,-0.067954236044376,-0.0677346380195682,-0.0673112277300809,-0.0676449521702863
1.14433333333333,-0.0680350186823491,-0.0678154253229405,-0.0673910402640999,-0.0677253599928591
1.14466666666667,-0.0681160186253549,-0.067896430250445,-0.0674710672580719,-0.0678059842348294
1.145,-0.0681972365688187,-0.0679776534991495,-0.067551309395507,-0.0678868255882767
1.14533333333333,-0.0682786732109309,-0.0680590957689068,-0.0676317673626133,-0.0679678847480275
1.14566666666667,-0.0683603292526542,-0.0681407577623522,-0.0677124418483364,-0.0680491624116804
1.146,-0.0684422053977394,-0.0682226401849165,-0.0677933335443537,-0.0681306592796006
1.14633333333333,-0.0685243023527365,-0.0683047437448475,-0.0678744431450988,-0.0682123760549488
1.14666666666667,-0.0686066208270064,-0.0683870691532244,-0.0679557713477633,-0.0682943134436889
1.147,-0.068689161532745,-0.0684696171239544,-0.0680373188523229,-0.0683764721545982
1.14733333333333,-0.0687719251849792,-0.0685523883738118,-0.0681190863615388,-0.0684588528992919
1.14766666666667,-0.0688549125015956,-0.06863538362243,-0.0682010745809763,-0.0685414563922176
1.148,-0.0689381242033446,-0.0687186035923194,-0.0682832842190203,-0.068624283350684
1.14833333333333,-0.0690215610138594,-0.068802049008891,-0.0683657159868844,-0.0687073344948736
1.14866666666667,-0.069105223659662,-0.0688857206004668,-0.0684483705986257,-0.068790610547847
1.149,-0.0691891128701966,-0.0689696190982786,-0.0685312487711571,-0.0688741122355666
1.14933333333333,-0.0692732293778092,-0.0690537452365089,-0.0686143512242638,-0.0689578402869028
1.14966666666667,-0.0693575739178004,-0.0691380997522757,-0.0686976786806125,-0.0690417954336534
1.15,-0.0694421472284099,-0.0692226833856688,-0.068781231865773,-0.0691259784105533
1.15033333333333,-0.0695269500508441,-0.0693074968797543,-0.0688650115082201,-0.0692103899552957
1.15066666666667,-0.0696119831292864,-0.0693925409805919,-0.0689490183393588,-0.0692950308085337
1.151,-0.0696972472109147,-0.0694778164372456,-0.0690332530935332,-0.0693799017139018
1.15133333333333,-0.069782743045909,-0.0695633240017999,-0.069117716508036,-0.0694650034180407
1.15166666666667,-0.0698684713874793,-0.0696490644293754,-0.0692024093231332,-0.0695503366705869
1.152,-0.0699544329918589,-0.069735038478146,-0.0692873322820677,-0.0696359022242091
1.15233333333333,-0.0700406286183363,-0.0698212469093399,-0.0693724861310853,-0.0697217008346171
1.15266666666667,-0.0701270590292711,-0.0699076904872782,-0.0694578716194317,-0.0698077332605633
1.153,-0.0702137249900891,-0.0699943699793651,-0.0695434894993836,-0.06989400026388
1.15333333333333,-0.0703006272693178,-0.0700812861561191,-0.0696293405262601,-0.0699805026094727
1.15366666666667,-0.0703877666385944,-0.0701684397911762,-0.0697154254584205,-0.070067241065349
1.154,-0.0704751438726771,-0.0702558316613226,-0.0698017450573073,-0.0701542164026294
1.15433333333333,-0.0705627597494595,-0.0703434625464902,-0.0698883000874388,-0.0702414293955604
1.15466666666667,-0.0706506150499991,-0.0704313332297757,-0.0699750913164289,-0.0703288808215295
1.155,-0.070738710558507,-0.0705194444974727,-0.0700621195150108,-0.070416571461083
1.15533333333333,-0.0708270470623948,-0.0706077971390632,-0.0701493854570353,-0.0705045020979389
1.15566666666667,-0.0709156253522614,-0.0706963919472501,-0.0702368899195056,-0.0705926735190041
1.156,-0.0710044462219286,-0.0707852297179677,-0.070324633682577,-0.070681086514387
1.15633333333333,-0.071093510468443,-0.0708743112503929,-0.0704126175295774,-0.0707697418774168
1.15666666666667,-0.0711828188920974,-0.0709636373469651,-0.0705008422470256,-0.0708586404046563
1.157,-0.071272372296453,-0.0710532088134051,-0.0705893086246437,-0.0709477828959187
1.15733333333333,-0.0713621714883429,-0.0711430264587251,-0.0706780174553661,-0.0710371701542817
1.15766666666667,-0.0714522172778949,-0.0712330910952495,-0.0707669695353739,-0.0711268029861046
1.158,-0.0715425104785447,-0.0713234035386242,-0.0708561656640875,-0.0712166822010441
1.15833333333333,-0.0716330519070554,-0.0714139646078412,-0.0709456066441982,-0.0713068086120719
1.15866666666667,-0.0717238423835326,-0.0715047751252478,-0.0710352932816782,-0.0713971830354885
1.159,-0.0718148827314376,-0.0715958359165664,-0.0711252263857966,-0.0714878062909362
1.15933333333333,-0.0719061737776063,-0.0716871478109145,-0.0712154067691351,-0.0715786792014259
1.15966666666667,-0.0719977163522659,-0.0717787116408135,-0.0713058352476088,-0.0716698025933453
1.16,-0.0720895112890509,-0.0718705282422101,-0.0713965126404737,-0.0717611772964695
1.16033333333333,-0.0721815594250164,-0.0719625984544889,-0.0714874397703541,-0.0718528041439926
1.16066666666667,-0.0722738616006647,-0.0720549231204983,-0.0715786174632418,-0.0719446839725376
1.161,-0.0723664186599465,-0.0721475030865558,-0.0716700465485352,-0.0720368176221656
1.16133333333333,-0.0724592314502937,-0.0722403392024774,-0.0717617278590399,-0.0721292059364019
1.16166666666667,-0.0725523008226273,-0.0723334323215783,-0.0718536622309877,-0.0722218497622532
1.162,-0.0726456276313708,-0.0724267833007073,-0.0719458505040561,-0.0723147499502193
1.16233333333333,-0.0727392127344844,-0.0725203930002541,-0.0720382935213878,-0.0724079073543102
1.16266666666667,-0.0728330569934608,-0.0726142622841707,-0.0721309921295943,-0.0725013228320701
1.163,-0.0729271612733566,-0.0727083920199842,-0.0722239471787948,-0.0725949972445863
1.16333333333333,-0.0730215264428054,-0.0728027830788221,-0.0723171595226134,-0.0726889314565138
1.16366666666667,-0.0731161533740371,-0.0728974363354195,-0.0724106300182052,-0.0727831263360901
1.164,-0.0732110429428901,-0.0729923526681453,-0.0725043595262738,-0.0728775827551467
1.16433333333333,-0.0733061960288382,-0.0730875329590236,-0.0725983489110864,-0.0729723015891383
1.16466666666667,-0.0734016135150019,-0.0731829780937382,-0.0726925990404942,-0.0730672837171525
1.165,-0.0734972962881637,-0.0732786889616592,-0.0727871107859448,-0.0731625300219294
1.16533333333333,-0.0735932452387977,-0.0733746664558624,-0.0728818850225044,-0.0732580413898825
1.16566666666667,-0.0736894612610772,-0.0734709114731458,-0.0729769226288749,-0.073353818711109
1.166,-0.0737859452528921,-0.0735674249140449,-0.0730722244874107,-0.0734498628794212
1.16633333333333,-0.073882698115879,-0.0736642076828593,-0.0731677914841366,-0.0735461747923493
1.16666666666667,-0.0739797207554266,-0.0737612606876584,-0.073263624508768,-0.0736427553511756
1.167,-0.074077014080705,-0.0738585848403164,-0.0733597244547295,-0.0737396054609388
1.16733333333333,-0.0741745790046741,-0.0739561810565161,-0.0734560922191646,-0.0738367260304611
1.16766666666667,-0.0742724164441077,-0.0740540502557746,-0.0735527287029697,-0.073934117972364
1.168,-0.074370527319615,-0.0741521933614688,-0.0736496348107959,-0.0740317822030902
1.16833333333333,-0.074468912555658,-0.0742506113008403,-0.0737468114510833,-0.0741297196429178
1.16866666666667,-0.0745675730805672,-0.0743493050050218,-0.0738442595360608,-0.0742279312159821
1.169,-0.0746665098265631,-0.074448275409065,-0.0739419799817862,-0.0743264178502967
1.16933333333333,-0.0747657237297772,-0.0745475234519487,-0.0740399737081536,-0.0744251804777694
1.16966666666667,-0.0748652157302692,-0.0746470500765922,-0.0741382416389115,-0.0745242200342192
1.17,-0.074964986772046,-0.0747468562299016,-0.0742367847016846,-0.0746235374594103
1.17033333333333,-0.0750650378030833,-0.0748469428627602,-0.0743356038279938,-0.0747231336970452
1.17066666666667,-0.0751653697753471,-0.0749473109300625,-0.0744346999532732,-0.0748230096948162
1.171,-0.0752659836448122,-0.075047961390738,-0.0745340740168959,-0.0749231664043963
1.17133333333333,-0.0753668803714776,-0.0751488952077623,-0.0746337269621815,-0.0750236047814792
1.17166666666667,-0.0754680609193893,-0.0752501133481811,-0.0747336597364276,-0.075124325785789
1.172,-0.0755695262566666,-0.0753516167831321,-0.0748338732909268,-0.0752253303811066
1.17233333333333,-0.0756712773555171,-0.075453406487861,-0.0749343685809799,-0.0753266195352863
1.17266666666667,-0.0757733151922532,-0.0755554834417528,-0.0750351465659279,-0.0754281942202765
1.173,-0.0758756407473229,-0.0756578486283392,-0.0751362082091589,-0.0755300554121385
1.17333333333333,-0.0759782550053213,-0.0757605030353232,-0.0752375544781409,-0.0756322040910748
1.17366666666667,-0.0760811589550155,-0.0758634476546118,-0.0753391863444322,-0.0757346412414372
1.174,-0.0761843535893688,-0.075966683482317,-0.0754411047837043,-0.075837367851765
1.17433333333333,-0.0762878399055521,-0.0760702115187977,-0.0755433107757733,-0.0759403849147864
1.17466666666667,-0.0763916189049768,-0.0761740327686602,-0.0756458053046008,-0.0760436934274579
1.175,-0.0764956915933069,-0.0762781482408055,-0.0757485893583325,-0.0761472943909697
1.17533333333333,-0.076600058980486,-0.0763825589484228,-0.0758516639293108,-0.0762511888107798
1.17566666666667,-0.07670472208076,-0.0764872659090295,-0.0759550300140975,-0.0763553776966264
1.176,-0.0768096819126887,-0.0765922701444918,-0.0760586886134973,-0.0764598620625585
1.17633333333333,-0.0769149394991812,-0.0766975726810411,-0.0761626407325721,-0.0765646429269478
1.17666666666667,-0.0770204958675102,-0.0768031745492941,-0.076266887380672,-0.0766697213125167
1.177,-0.0771263520493323,-0.0769090767842861,-0.0763714295714508,-0.0767750982463617
1.17733333333333,-0.0772325090807213,-0.0770152804254841,-0.0764762683228918,-0.0768807747599718
1.17766666666667,-0.0773389680021739,-0.0771217865168129,-0.0765814046573252,-0.0769867518892478
1.178,-0.0774457298586454,-0.0772285961066705,-0.0766868396014514,-0.0770930306745369
1.17833333333333,-0.0775527956995688,-0.0773357102479701,-0.0767925741863668,-0.0771996121606414
1.17866666666667,-0.0776601665788767,-0.07744312999814,-0.0768986094475813,-0.0773064973968509
1.179,-0.0777678435550197,-0.0775508564191571,-0.0770049464250426,-0.0774136874369562
1.17933333333333,-0.0778758276910027,-0.077658890577579,-0.0771115861631637,-0.0775211833392842
1.17966666666667,-0.0779841200543919,-0.077767233544551,-0.0772185297108339,-0.0776289861667123
1.18,-0.0780927217173527,-0.0778758863958345,-0.0773257781214565,-0.0777370969866912
1.18033333333333,-0.0782016337566571,-0.0779848502118422,-0.0774333324529554,-0.0778455168712759
1.18066666666667,-0.0783108572537244,-0.0780941260776502,-0.0775411937678125,-0.0779542468971376
1.181,-0.0784203932946349,-0.0782037150830172,-0.077649363133084,-0.078063288145603
1.18133333333333,-0.0785302429701541,-0.0783136183224279,-0.0777578416204245,-0.0781726417026605
1.18166666666667,-0.0786404073757573,-0.078423836895095,-0.077866630306115,-0.0782823086589995
1.182,-0.0787508876116658,-0.0785343719050002,-0.0779757302710708,-0.0783922901100213
1.18233333333333,-0.0788616847828412,-0.078645224460914,-0.0780851426008917,-0.0785025871558774
1.18266666666667,-0.0789727999990479,-0.0787563956764105,-0.07819486838586,-0.0786132009014802
1.183,-0.0790842343748467,-0.0788678866699075,-0.0783049087209852,-0.0787241324565355
1.18333333333333,-0.0791959890296396,-0.0789796985646843,-0.0784152647060077,-0.0788353829355689
1.18366666666667,-0.0793080650876798,-0.079091832488907,-0.0785259374454461,-0.0789469534579396
1.184,-0.079420463678108,-0.0792042895756495,-0.0786369280486001,-0.0790588451478797
1.18433333333333,-0.0795331859349719,-0.0793170709629266,-0.0787482376295946,-0.0791710591345109
1.18466666666667,-0.0796462329972559,-0.0794301777937199,-0.0788598673073873,-0.0792835965518681
1.185,-0.0797596060089,-0.0795436112159958,-0.078971818205801,-0.0793964585389307
1.18533333333333,-0.0798733061188305,-0.0796573723827283,-0.0790840914535539,-0.0795096462396474
1.18566666666667,-0.0799873344809827,-0.0797714624519526,-0.0791966881842781,-0.0796231608029549
1.186,-0.080101692254335,-0.079885882586743,-0.0793096095365459,-0.0797370033828119
1.18633333333333,-0.080216380602921,-0.0800006339552931,-0.0794228566538962,-0.0798511751382252
1.18666666666667,-0.0803314006958691,-0.0801157177309013,-0.0795364306848594,-0.079965677233267
1.187,-0.0804467537074176,-0.0802311350920163,-0.0796503327829874,-0.0800805108371087
1.18733333333333,-0.0805624408169516,-0.0803468872222591,-0.0797645641068747,-0.080195677124054
1.18766666666667,-0.0806784632090253,-0.0804629753104552,-0.0798791258201848,-0.0803111772735412
1.188,-0.0807948220733881,-0.0805794005506527,-0.0799940190916797,-0.0804270124701981
1.18833333333333,-0.0809115186050068,-0.0806961641421516,-0.0801092450952445,-0.0805431839038598
1.18866666666667,-0.0810285540041072,-0.080813267289547,-0.0802248050099138,-0.0806596927695786
1.189,-0.0811459294761886,-0.0809307112027313,-0.080340700019896,-0.080776540267681
1.18933333333333,-0.0812636462320539,-0.0810484970969361,-0.0804569313146097,-0.0808937276037717
1.18966666666667,-0.0813817054878394,-0.0811666261927672,-0.0805735000886993,-0.0810112559887741
1.19,-0.0815001084650441,-0.0812850997162122,-0.08069040754207,-0.0811291266389488
1.19033333333333,-0.081618856390556,-0.0814039188986905,-0.0808076548799078,-0.0812473407759333
1.19066666666667,-0.0817379504966777,-0.081523084977068,-0.0809252433127206,-0.0813658996267516
1.191,-0.0818573920211608,-0.0816425991936917,-0.0810431740563473,-0.0814848044238658
1.19133333333333,-0.0819771822072272,-0.0817624627964126,-0.081161448332005,-0.0816040564051904
1.19166666666667,-0.0820973223036018,-0.0818826770386257,-0.0812800673662998,-0.0817236568141214
1.192,-0.0822178135645479,-0.0820032431792853,-0.0813990323912694,-0.0818436068995645
1.19233333333333,-0.082338657249883,-0.0821241624829471,-0.0815183446444026,-0.081963907915974
1.19266666666667,-0.0824598546250136,-0.0822454362197898,-0.0816380053686699,-0.0820845611233662
1.193,-0.0825814069609715,-0.0823670656656416,-0.0817580158125552,-0.0822055677873702
1.19333333333333,-0.0827033155344343,-0.0824890521020282,-0.0818783772300844,-0.0823269291792292
1.19366666666667,-0.0828255816277635,-0.082611396816183,-0.0819990908808461,-0.0824486465758597
1.194,-0.0829482065290239,-0.08273410110108,-0.0821201580300377,-0.0825707212598592
1.19433333333333,-0.0830711915320192,-0.0828571662554784,-0.0822415799484769,-0.082693154519546
1.19466666666667,-0.0831945379363325,-0.0829805935839344,-0.0823633579126425,-0.0828159476489918
1.195,-0.0833182470473324,-0.0831043843968557,-0.0824854932046995,-0.0829391019480411
1.19533333333333,-0.083442320176234,-0.0832285400105034,-0.0826079871125394,-0.0830626187223618
1.19566666666667,-0.0835667586401024,-0.0833530617470445,-0.0827308409297903,-0.0831864992834495
1.196,-0.0836915637619021,-0.0834779509345791,-0.0828540559558661,-0.0833107449486804
1.19633333333333,-0.0838167368705251,-0.0836032089071642,-0.0829776334959884,-0.0834353570413331
1.19666666666667,-0.0839422793008094,-0.08372883700486,-0.0831015748612197,-0.0835603368906235
1.197,-0.0840681923935904,-0.0838548365737444,-0.0832258813684967,-0.0836856858317333
1.19733333333333,-0.084194477495717,-0.0839812089659595,-0.0833505543406496,-0.0838114052058398
1.19766666666667,-0.0843211359600967,-0.0841079555397383,-0.0834755951064556,-0.0839374963601562
1.198,-0.0844481691457131,-0.08423507765943,-0.0836010050006467,-0.0840639606479566
1.19833333333333,-0.0845755784176717,-0.0843625766955542,-0.0837267853639595,-0.0841907994286086
1.19866666666667,-0.0847033651472252,-0.0844904540248042,-0.0838529375431538,-0.0843180140676139
1.199,-0.0848315307118125,-0.0846187110301139,-0.0839794628910551,-0.0844456059366241
1.19933333333333,-0.0849600764950806,-0.0847473491006563,-0.0841063627665812,-0.0845735764134999
1.19966666666667,-0.0850890038869346,-0.0848763696319014,-0.0842336385347803,-0.0847019268823177
1.2,-0.0852183142835503,-0.0850057740256506,-0.0843612915668513,-0.0848306587334174
1.20033333333333,-0.085348009087433,-0.0851355636900507,-0.0844893232401976,-0.0849597733634365
1.20066666666667,-0.0854780897074276,-0.0852657400396444,-0.0846177349384357,-0.0850892721753368
1.201,-0.0856085575587657,-0.0853963044954061,-0.0847465280514511,-0.0852191565784391
1.20133333333333,-0.0857394140630995,-0.0855272584847598,-0.0848757039754117,-0.0853494279884706
1.20166666666667,-0.0858706606485342,-0.085658603441645,-0.0850052641128257,-0.085480087827581
1.202,-0.0860022987496614,-0.0857903408065114,-0.0851352098725463,-0.08561113752439
1.20233333333333,-0.0861343298075947,-0.0859224720263904,-0.0852655426698322,-0.0857425785140141
1.20266666666667,-0.0862667552700069,-0.0860549985549101,-0.0853962639263675,-0.0858744122381082
1.203,-0.0863995765911662,-0.0861879218523313,-0.0855273750703014,-0.0860066401448945
1.20333333333333,-0.0865327952319711,-0.0863212433855997,-0.0856588775362758,-0.0861392636892101
1.20366666666667,-0.0866664126599796,-0.086454964628363,-0.0857907727654762,-0.0862722843325275
1.204,-0.086800430349454,-0.0865890870610209,-0.08592306220565,-0.0864057035429999
1.20433333333333,-0.0869348497813957,-0.086723612170755,-0.086055747311151,-0.0865395227954886
1.20466666666667,-0.0870696724435839,-0.0868585414515636,-0.0861888295429713,-0.0866737435716207
1.205,-0.0872048998305976,-0.0869938764043067,-0.0863223103687884,-0.0868083673597988
1.20533333333333,-0.0873405334438759,-0.0871296185367419,-0.0864561912629822,-0.0869433956552511
1.20566666666667,-0.0874765747917372,-0.0872657693635552,-0.0865904737066842,-0.0870788299600728
1.206,-0.0876130253894229,-0.0874023304064014,-0.0867251591878108,-0.0872146717832591
1.20633333333333,-0.0877498867591387,-0.0875393031939485,-0.0868602492011105,-0.0873509226407365
1.20666666666667,-0.0878871604300881,-0.08767668926191,-0.0869957452481791,-0.0874875840554076
1.207,-0.0880248479385059,-0.0878144901530874,-0.0871316488375162,-0.0876246575571974
1.20733333333333,-0.0881629508277116,-0.0879527074174049,-0.0872679614845543,-0.0877621446830656
1.20766666666667,-0.0883014706481327,-0.0880913426119457,-0.0874046847116943,-0.0879000469770763
1.208,-0.0884404089573535,-0.0882303973010071,-0.0875418200483619,-0.0880383659904135
1.20833333333333,-0.0885797673201445,-0.088369873056115,-0.0876793690310154,-0.0881771032814388
1.20866666666667,-0.0887195473085138,-0.088509771456094,-0.0878173332032113,-0.088316260415712
1.209,-0.0888597505017449,-0.088650094087077,-0.0879557141156264,-0.0884558389660412
1.20933333333333,-0.089000378486422,-0.0887908425425682,-0.0880945133261063,-0.0885958405125255
1.20966666666667,-0.0891414328564894,-0.0889320184234736,-0.088233732399703,-0.0887362666425886
1.21,-0.0892829152132815,-0.0890736233381415,-0.0883733729087083,-0.0888771189510197
1.21033333333333,-0.0894248271655636,-0.0892156589024114,-0.0885134364327003,-0.089018399040019
1.21066666666667,-0.0895671703295777,-0.0893581267396419,-0.0886539245585871,-0.0891601085192304
1.211,-0.0897099463290805,-0.0895010284807684,-0.088794838880628,-0.089302249005797
1.21133333333333,-0.0898531567953839,-0.0896443657643331,-0.0889361810005016,-0.0894448221243843
1.21166666666667,-0.0899968033674055,-0.08978814023653,-0.0890779525273266,-0.0895878295072311
1.212,-0.0901408876916928,-0.0899323535512503,-0.089220155077706,-0.0897312727941988
1.21233333333333,-0.0902854114224806,-0.0900770073701258,-0.0893627902757761,-0.0898751536327983
1.21266666666667,-0.0904303762217364,-0.0902221033625664,-0.0895058597532364,-0.0900194736782435
1.213,-0.0905757837591838,-0.0903676432058063,-0.0896493651494113,-0.0901642345934897
1.21333333333333,-0.0907216357123659,-0.0905136285849525,-0.0897933081112674,-0.0903094380492741
1.21366666666667,-0.0908679337666825,-0.0906600611930152,-0.0899376902934716,-0.0904550857241716
1.214,-0.0910146796154252,-0.0908069427309721,-0.0900825133584329,-0.0906011793046202
1.21433333333333,-0.0911618749598367,-0.0909542749077921,-0.0902277789763385,-0.0907477204849775
1.21466666666667,-0.0913095215091373,-0.0911020594404944,-0.0903734888252044,-0.0908947109675626
1.215,-0.0914576209805875,-0.091250298054187,-0.0905196445909114,-0.0910421524626973
1.21533333333333,-0.0916061750995191,-0.0913989924821162,-0.090666247967258,-0.0911900466887537
1.21566666666667,-0.0917551855993892,-0.0915481444657071,-0.0908133006560043,-0.0913383953722003
1.216,-0.0919046542218197,-0.091697755754612,-0.0909608043668943,-0.0914872002476382
1.21633333333333,-0.0920545827166441,-0.0918478281067606,-0.09110876081774,-0.0916364630578641
1.21666666666667,-0.0922049728419584,-0.091998363288394,-0.091257171734426,-0.0917861855538987
1.217,-0.0923558263641582,-0.0921493630741297,-0.0914060388509844,-0.0919363694950355
1.21733333333333,-0.0925071450580005,-0.0923008292469962,-0.0915553639096292,-0.092087016648906
1.21766666666667,-0.0926589307066278,-0.0924527635984815,-0.0917051486607941,-0.092238128791503
1.218,-0.0928111851016413,-0.0926051679285829,-0.0918553948631946,-0.0923897077072375
1.21833333333333,-0.0929639100431273,-0.0927580440458579,-0.0920061042838598,-0.0925417551889872
1.21866666666667,-0.093117107339718,-0.0929113937674632,-0.0921572786981964,-0.0926942730381404
1.219,-0.0932707788086309,-0.0930652189192159,-0.0923089198900107,-0.0928472630646471
1.21933333333333,-0.0934249262757261,-0.0932195213356362,-0.0924610296515846,-0.0930007270870695
1.21966666666667,-0.0935795515755471,-0.0933743028599941,-0.0926136097836969,-0.0931546669326279
1.22,-0.0937346565513753,-0.0935295653443634,-0.0927666620956936,-0.0933090844372428
1.22033333333333,-0.0938902430552755,-0.0936853106496689,-0.0929201884055177,-0.0934639814455978
1.22066666666667,-0.0940463129481504,-0.0938415406457345,-0.0930741905397773,-0.093619359811176
1.221,-0.0942028680997853,-0.0939982572113469,-0.0932286703337708,-0.0937752213963241
1.22133333333333,-0.0943599103889037,-0.0941554622342901,-0.093383629631558,-0.093931568072287
1.22166666666667,-0.0945174417032135,-0.0943131576114013,-0.0935390702859933,-0.0940884017192733
1.222,-0.0946754639394582,-0.0944713452486292,-0.0936949941587883,-0.0942457242264906
1.22233333333333,-0.094833979003473,-0.0946300270610814,-0.0938514031205561,-0.0944035374922117
1.22266666666667,-0.0949929888102357,-0.0947892049730765,-0.0940082990508581,-0.0945618434238213
1.223,-0.095152495283914,-0.0949488809181935,-0.0941656838382623,-0.0947206439378616
1.22333333333333,-0.0953125003579187,-0.0951090568393324,-0.094323559380393,-0.0948799409600871
1.22366666666667,-0.0954730059749617,-0.0952697346887638,-0.0944819275839728,-0.0950397364255308
1.224,-0.0956340140871089,-0.0954309164281776,-0.0946407903648926,-0.0952000322785315
1.22433333333333,-0.0957955266558222,-0.0955926040287497,-0.0948001496482475,-0.0953608304728136
1.22466666666667,-0.0959575456520314,-0.0957547994711825,-0.0949600073683934,-0.0955221329715233
1.225,-0.0961200730561717,-0.095917504745765,-0.0951203654690046,-0.0956839417472874
1.22533333333333,-0.0962831108582509,-0.0960807218524359,-0.0952812259031315,-0.0958462587822715
1.22566666666667,-0.0964466610578941,-0.0962444528008256,-0.0954425906332332,-0.0960090860682269
1.226,-0.0966107256644096,-0.0964086996103202,-0.0956044616312563,-0.0961724256065582
1.22633333333333,-0.0967753066968317,-0.0965734643101224,-0.0957668408786724,-0.0963362794083663
1.22666666666667,-0.0969404061839918,-0.0967387489392903,-0.0959297303665406,-0.0965006494945049
1.227,-0.0971060261645581,-0.0969045555468132,-0.0960931320955629,-0.0966655378956491
1.22733333333333,-0.0972721686871115,-0.0970708861916608,-0.0962570480761339,-0.0968309466523423
1.22766666666667,-0.0974388358101829,-0.0972377429428479,-0.0964214803284064,-0.0969968778150498
1.228,-0.0976060296023267,-0.0974051278794743,-0.0965864308823308,-0.0971633334442278
1.22833333333333,-0.0977737521421677,-0.0975730430908053,-0.0967519017777315,-0.0973303156103661
1.22866666666667,-0.0979420055184697,-0.0977414906763245,-0.0969178950643521,-0.0974978263940636
1.229,-0.0981107918301807,-0.0979104727457771,-0.0970844128019141,-0.0976658678860723
1.22933333333333,-0.0982801131865063,-0.098079991419252,-0.0972514570601774,-0.0978344421873651
1.22966666666667,-0.0984499717069626,-0.0982500488272322,-0.0974190299189962,-0.0980035514091898
1.23,-0.0986203695214314,-0.0984206471106553,-0.0975871334683741,-0.0981731976731324
1.23033333333333,-0.0987913087702286,-0.0985917884209727,-0.0977557698085304,-0.0983433831111744
1.23066666666667,-0.0989627916041614,-0.0987634749202158,-0.0979249410499611,-0.0985141098657546
1.231,-0.0991348201845927,-0.0989357087810509,-0.0980946493134799,-0.0986853800898326
1.23133333333333,-0.0993073966834907,-0.099108492186856,-0.0982648967303058,-0.0988571959469441
1.23166666666667,-0.0994805232835122,-0.0992818273317615,-0.0984356854420982,-0.0990295596112686
1.232,-0.0996542021780427,-0.0994557164207298,-0.0986070176010393,-0.0992024732676932
1.23233333333333,-0.0998284355712706,-0.0996301616696152,-0.0987788953698755,-0.0993759391118607
1.23266666666667,-0.100003225678258,-0.0998051653052318,-0.098951320921994,-0.0995499593502573
1.233,-0.100178574724978,-0.0999807295653988,-0.0991242964414786,-0.0997245362002469
1.23333333333333,-0.100354484948412,-0.100156856699037,-0.0992978241231741,-0.0998996718901605
1.23366666666667,-0.100530958596594,-0.100333548966201,-0.0994719061727445,-0.10007536865935
1.234,-0.100707997928673,-0.100510808638172,-0.0996465448067445,-0.100251628758247
1.23433333333333,-0.100885605214992,-0.100688637997509,-0.0998217422526802,-0.100428454448441
1.23466666666667,-0.101063782737145,-0.10086703933811,-0.0999975007490701,-0.100605848002734
1.235,-0.101242532788045,-0.101046014965303,-0.100173822545508,-0.100783811705209
1.23533333333333,-0.101421857671995,-0.101225567195891,-0.100350709902737,-0.1009623478513
1.23566666666667,-0.101601759704741,-0.101405698358227,-0.100528165092711,-0.101141458747866
1.236,-0.101782241213563,-0.101586410792279,-0.100706190398656,-0.101321146713238
1.23633333333333,-0.10196330453732,-0.101767706849714,-0.100884788115145,-0.101501414077303
1.23666666666667,-0.102144952026531,-0.101949588893948,-0.101063960548153,-0.101682263181567
1.237,-0.102327186043447,-0.102132059300226,-0.101243710015145,-0.101863696379229
1.23733333333333,-0.102510008962109,-0.102315120455694,-0.101424038845113,-0.102045716035241
1.23766666666667,-0.102693423168424,-0.102498774759458,-0.101604949378676,-0.102228324526389
1.238,-0.102877431060243,-0.102683024622673,-0.10178644396813,-0.102411524241353
1.23833333333333,-0.103062035047415,-0.102867872468604,-0.101968524977523,-0.102595317580781
1.23866666666667,-0.103247237551877,-0.103053320732695,-0.10215119478272,-0.10277970695737
1.239,-0.103433041007709,-0.103239371862653,-0.102334455771481,-0.10296469479592
1.23933333333333,-0.103619447861218,-0.103426028318505,-0.102518310343526,-0.10315028353342
1.23966666666667,-0.103806460571015,-0.103613292572701,-0.102702760910605,-0.103336475619115
1.24,-0.103994081608065,-0.103801167110147,-0.102887809896582,-0.103523273514582
1.24033333333333,-0.104182313455792,-0.103989654428322,-0.103073459737483,-0.103710679693802
1.24066666666667,-0.104371158610132,-0.104178757037319,-0.1032597128816,-0.103898696643233
1.241,-0.104560619579609,-0.104368477459944,-0.103446571789531,-0.104087326861886
1.24133333333333,-0.104750698885431,-0.104558818231784,-0.103634038934285,-0.104276572861404
1.24166666666667,-0.104941399061534,-0.104749781901275,-0.103822116801327,-0.104466437166133
1.242,-0.105132722654687,-0.104941371029805,-0.104010807888676,-0.104656922313204
1.24233333333333,-0.105324672224554,-0.105133588191757,-0.104200114706975,-0.104848030852594
1.24266666666667,-0.105517250343773,-0.105326435974625,-0.10439003977955,-0.105039765347226
1.243,-0.105710459598041,-0.105519916979058,-0.104580585642511,-0.105232128373034
1.24333333333333,-0.105904302586188,-0.105714033818966,-0.104771754844809,-0.105425122519042
1.24366666666667,-0.106098781920252,-0.10590878912159,-0.10496354994833,-0.105618750387447
1.244,-0.106293900225564,-0.106104185527582,-0.105155973527952,-0.105813014593692
1.24433333333333,-0.106489660140833,-0.106300225691085,-0.105349028171648,-0.106007917766559
1.24466666666667,-0.106686064318218,-0.10649691227982,-0.105542716480543,-0.106203462548233
1.245,-0.106883115423415,-0.10669424797517,-0.10573704106901,-0.106399651594395
1.24533333333333,-0.107080816135735,-0.106892235472253,-0.10593200456474,-0.1065964875743
1.24566666666667,-0.107279169148189,-0.107090877480019,-0.106127609608827,-0.106793973170863
1.246,-0.107478177167573,-0.107290176721323,-0.106323858855842,-0.106992111080734
1.24633333333333,-0.107677842914547,-0.107490135933015,-0.106520754973929,-0.107190904014387
1.24666666666667,-0.107878169123733,-0.107690757866026,-0.106718300644879,-0.107390354696213
1.247,-0.108079158543776,-0.107892045285455,-0.106916498564206,-0.107590465864582
1.24733333333333,-0.108280813937445,-0.10809400097065,-0.107115351441237,-0.107791240271953
1.24766666666667,-0.10848313808173,-0.108296627715302,-0.107314861999207,-0.107992680684942
1.248,-0.108686133767903,-0.108499928327533,-0.107515032975324,-0.108194789884418
1.24833333333333,-0.108889803801623,-0.108703905629976,-0.107715867120869,-0.108397570665591
1.24866666666667,-0.109094151003023,-0.108908562459872,-0.107917367201271,-0.108601025838095
1.249,-0.10929917820679,-0.109113901669161,-0.108119535996204,-0.108805158226074
1.24933333333333,-0.109504888262264,-0.109319926124571,-0.108322376299665,-0.109009970668281
1.24966666666667,-0.109711284033521,-0.109526638707698,-0.108525890920063,-0.109215466018162
1.25,-0.109918368399472,-0.109734042315117,-0.108730082680326,-0.109421647143937
1.25033333333333,-0.110126144253943,-0.109942139858466,-0.108934954417951,-0.109628516928714
1.25066666666667,-0.110334614505773,-0.110150934264527,-0.109140508985135,-0.109836078270562
1.251,-0.110543782078908,-0.110360428475343,-0.109346749248835,-0.110044334082603
1.25133333333333,-0.110753649912494,-0.110570625448295,-0.109553678090879,-0.110253287293114
1.25166666666667,-0.110964220960967,-0.110781528156203,-0.109761298408044,-0.110462940845624
1.252,-0.11117549819415,-0.110993139587423,-0.109969613112156,-0.110673297698988
1.25233333333333,-0.111387484597347,-0.111205462745938,-0.110178625130182,-0.11088436082751
1.25266666666667,-0.111600183171441,-0.111418500651461,-0.110388337404316,-0.111096133221011
1.253,-0.111813596932998,-0.111632256339541,-0.110598752892079,-0.111308617884945
1.25333333333333,-0.112027728914339,-0.111846732861632,-0.110809874566428,-0.111521817840493
1.25366666666667,-0.112242582163667,-0.112061933285231,-0.111021705415818,-0.111735736124647
1.254,-0.112458159745155,-0.112277860693946,-0.111234248444326,-0.111950375790328
1.25433333333333,-0.112674464739034,-0.112494518187619,-0.111447506671738,-0.11216573990647
1.25466666666667,-0.112891500241712,-0.112711908882411,-0.111661483133661,-0.112381831558132
1.255,-0.113109269365865,-0.112930035910918,-0.111876180881584,-0.112598653846587
1.25533333333333,-0.113327775240536,-0.113148902422268,-0.112091602983018,-0.112816209889424
1.25566666666667,-0.113547021011247,-0.113368511582213,-0.112307752521579,-0.113034502820668
1.256,-0.113767009840087,-0.113588866573261,-0.112524632597081,-0.113253535790862
1.25633333333333,-0.113987744905835,-0.113809970594758,-0.11274224632565,-0.113473311967174
1.25666666666667,-0.114209229404047,-0.114031826862996,-0.112960596839818,-0.113693834533515
1.257,-0.114431466547175,-0.114254438611336,-0.11317968728863,-0.113915106690623
1.25733333333333,-0.114654459564661,-0.114477809090296,-0.113399520837745,-0.114137131656195
1.25766666666667,-0.114878211703054,-0.114701941567669,-0.11362010066954,-0.114359912664961
1.258,-0.11510272622611,-0.114926839328639,-0.113841429983216,-0.114583452968827
1.25833333333333,-0.115328006414909,-0.115152505675874,-0.114063511994908,-0.114807755836949
1.25866666666667,-0.115554055567954,-0.115378943929648,-0.11428634993778,-0.115032824555873
1.259,-0.115780877001288,-0.115606157427956,-0.114509947062139,-0.115258662429621
1.25933333333333,-0.116008474048607,-0.115834149526613,-0.114734306635544,-0.115485272779814
1.25966666666667,-0.116236850061358,-0.11606292359938,-0.114959431942922,-0.115712658945775
1.26,-0.116466008408873,-0.116292483038073,-0.115185326286655,-0.115940824284654
1.26033333333333,-0.116695952478459,-0.116522831252677,-0.115411992986717,-0.116169772171531
1.26066666666667,-0.116926685675534,-0.116753971671465,-0.115639435380762,-0.116399505999525
1.261,-0.117158211423721,-0.116985907741108,-0.115867656824257,-0.116630029179924
1.26133333333333,-0.117390533164984,-0.117218642926805,-0.116096660690576,-0.116861345142289
1.26166666666667,-0.117623654359725,-0.117452180712378,-0.116326450371131,-0.117093457334575
1.262,-0.117857578486921,-0.117686524600427,-0.116557029275466,-0.117326369223243
1.26233333333333,-0.118092309044229,-0.117921678112414,-0.116788400831393,-0.117560084293382
1.26266666666667,-0.118327849548105,-0.118157644788806,-0.117020568485097,-0.11779460604883
1.263,-0.118564203533932,-0.118394428189192,-0.117253535701257,-0.118029938012296
1.26333333333333,-0.118801374556137,-0.118632031892395,-0.117487305963154,-0.118266083725468
1.26366666666667,-0.119039366188317,-0.118870459496617,-0.117721882772806,-0.118503046749147
1.264,-0.119278182023349,-0.119109714619546,-0.117957269651078,-0.118740830663365
1.26433333333333,-0.119517825673528,-0.119349800898486,-0.118193470137801,-0.118979439067507
1.26466666666667,-0.119758300770687,-0.11959072199049,-0.118430487791896,-0.119218875580441
1.265,-0.119999610966317,-0.11983248157247,-0.118668326191501,-0.119459143840638
1.26533333333333,-0.12024175993171,-0.120075083341355,-0.118906988934087,-0.119700247506295
1.26566666666667,-0.12048475135806,-0.120318531014192,-0.119146479636581,-0.119942190255473
1.266,-0.120728588956614,-0.120562828328287,-0.119386801935505,-0.120184975786219
1.26633333333333,-0.120973276458791,-0.120807979041338,-0.11962795948708,-0.120428607816689
1.26666666666667,-0.121218817616324,-0.121053986931571,-0.119869955967372,-0.120673090085287
1.267,-0.121465216201365,-0.12130085579786,-0.120112795072415,-0.120918426350796
1.26733333333333,-0.121712476006651,-0.121548589459873,-0.120356480518327,-0.121164620392505
1.26766666666667,-0.121960600845612,-0.121797191758208,-0.120601016041463,-0.12141167601034
1.268,-0.122209594552522,-0.122046666554519,-0.120846405398526,-0.12165959702501
1.26833333333333,-0.122459460982611,-0.12229701773166,-0.1210926523667,-0.121908387278121
1.26866666666667,-0.122710204012238,-0.12254824919383,-0.121339760743805,-0.12215805063234
1.269,-0.122961827538989,-0.122800364866694,-0.121587734348399,-0.122408590971507
1.26933333333333,-0.123214335481838,-0.123053368697541,-0.121836577019934,-0.122660012200785
1.26966666666667,-0.123467731781289,-0.123307264655423,-0.122086292618885,-0.122912318246797
1.27,-0.12372202039951,-0.123562056731289,-0.122336885026889,-0.123165513057765
1.27033333333333,-0.12397720532046,-0.123817748938133,-0.122588358146876,-0.123419600603657
1.27066666666667,-0.124233290550056,-0.124074345311141,-0.122840715903218,-0.123674584876321
1.271,-0.124490280116306,-0.124331849907841,-0.123093962241866,-0.123930469889629
1.27133333333333,-0.124748178069456,-0.124590266808232,-0.123348101130479,-0.124187259679629
1.27166666666667,-0.125006988482123,-0.124849600114958,-0.123603136558587,-0.124444958304685
1.272,-0.125266715449465,-0.125109853953435,-0.123859072537712,-0.124703569845619
1.27233333333333,-0.125527363089311,-0.125371032472015,-0.124115913101534,-0.124963098405874
1.27266666666667,-0.12578893554232,-0.12563313984213,-0.124373662306019,-0.125223548111644
1.273,-0.126051436972125,-0.12589618025845,-0.124632324229571,-0.12548492311204
1.27333333333333,-0.126314871565482,-0.126160157939036,-0.124891902973182,-0.125747227579227
1.27366666666667,-0.12657924353244,-0.126425077125487,-0.125152402660575,-0.126010465708594
1.274,-0.12684455710647,-0.126690942083112,-0.125413827438367,-0.126274641718883
1.27433333333333,-0.127110816544643,-0.126957757101073,-0.125676181476198,-0.126539759852372
1.27466666666667,-0.127378026127767,-0.127225526492551,-0.125939468966906,-0.126805824375005
1.275,-0.127646190160559,-0.127494254594902,-0.12620369412666,-0.127072839576567
1.27533333333333,-0.1279153129718,-0.12776394576982,-0.126468861195128,-0.127340809770834
1.27566666666667,-0.128185398914483,-0.128034604403505,-0.126734974435629,-0.127609739295737
1.276,-0.128456452365994,-0.128306234906821,-0.127002038135288,-0.127879632513512
1.27633333333333,-0.128728477728256,-0.128578841715451,-0.127270056605195,-0.12815049381088
1.27666666666667,-0.129001479427909,-0.128852429290087,-0.127539034180565,-0.128422327599191
1.277,-0.12927546191646,-0.129127002116573,-0.127808975220897,-0.128695138314607
1.27733333333333,-0.129550429670456,-0.129402564706096,-0.128079884110132,-0.128968930418247
1.27766666666667,-0.129826387191655,-0.129679121595333,-0.128351765256825,-0.129243708396376
1.278,-0.130103339007188,-0.129956677346645,-0.128624623094301,-0.129519476760554
1.27833333333333,-0.130381289669726,-0.13023523654823,-0.128898462080828,-0.129796240047817
1.27866666666667,-0.130660243757669,-0.130514803814315,-0.129173286699769,-0.130074002820846
1.279,-0.130940205875299,-0.130795383785314,-0.129449101459769,-0.130352769668139
1.27933333333333,-0.13122118065296,-0.131076981128022,-0.129725910894911,-0.130632545204177
1.27966666666667,-0.131503172747239,-0.131359600535778,-0.130003719564892,-0.130913334069616
1.28,-0.131786186841134,-0.13164324672866,-0.130282532055191,-0.131195140931449
1.28033333333333,-0.132070227644241,-0.131927924453647,-0.13056235297725,-0.131477970483177
1.28066666666667,-0.132355299892929,-0.132213638484818,-0.130843186968635,-0.131761827445017
1.281,-0.132641408350515,-0.132500393623532,-0.131125038693228,-0.132046716564048
1.28133333333333,-0.132928557807459,-0.132788194698607,-0.131407912841393,-0.13233264261442
1.28166666666667,-0.133216753081539,-0.13307704656651,-0.131691814130155,-0.132619610397517
1.282,-0.133505999018033,-0.133366954111551,-0.131976747303389,-0.132907624742161
1.28233333333333,-0.133796300489918,-0.133657922246069,-0.132262717131988,-0.133196690504778
1.28266666666667,-0.134087662398047,-0.133949955910614,-0.132549728414063,-0.133486812569603
1.283,-0.134380089671338,-0.134243060074156,-0.132837785975111,-0.133777995848861
1.28333333333333,-0.134673587266979,-0.13453723973427,-0.133126894668206,-0.134070245282952
1.28366666666667,-0.134968160170603,-0.134832499917331,-0.133417059374195,-0.134363565840656
1.284,-0.135263813396496,-0.135128845678718,-0.13370828500187,-0.13465796251932
1.28433333333333,-0.135560551987775,-0.135426282103005,-0.134000576488181,-0.134953440345047
1.28466666666667,-0.135858381016609,-0.135724814304161,-0.134293938798401,-0.13525000437291
1.285,-0.136157305584404,-0.13602444742577,-0.13458837692633,-0.135547659687126
1.28533333333333,-0.136457330821994,-0.136325186641206,-0.134883895894512,-0.135846411401279
1.28566666666667,-0.136758461889861,-0.136627037153865,-0.13518050075439,-0.13614626465851
1.286,-0.137060703978336,-0.136930004197353,-0.13547819658654,-0.136447224631717
1.28633333333333,-0.137364062307789,-0.137234093035706,-0.135776988500849,-0.136749296523769
1.28666666666667,-0.13766854212885,-0.137539308963595,-0.136076881636716,-0.137052485567706
1.287,-0.137974148722614,-0.137845657306544,-0.136377881163274,-0.137356797026943
1.28733333333333,-0.138280887400847,-0.138153143421131,-0.136679992279574,-0.137662236195493
1.28766666666667,-0.138588763506204,-0.138461772695217,-0.136983220214798,-0.137968808398166
1.288,-0.138897782412437,-0.13877155054816,-0.13728757022847,-0.138276518990789
1.28833333333333,-0.139207949524618,-0.139082482431031,-0.137593047610658,-0.13858537336041
1.28866666666667,-0.139519270279335,-0.139394573826828,-0.137899657682189,-0.138895376925528
1.289,-0.139831750144944,-0.139707830250718,-0.138207405794859,-0.139206535136307
1.28933333333333,-0.140145394621758,-0.140022257250242,-0.138516297331655,-0.13951885347479
1.28966666666667,-0.140460209242293,-0.140337860405551,-0.138826337706954,-0.139832337455127
1.29,-0.140776199571466,-0.140654645329629,-0.139137532366766,-0.140146992623789
1.29033333333333,-0.141093371206852,-0.140972617668528,-0.139449886788921,-0.140462824559811
1.29066666666667,-0.141411729778883,-0.141291783101594,-0.139763406483318,-0.140779838875
1.291,-0.141731280951092,-0.141612147341709,-0.140078096992139,-0.141098041214177
1.29133333333333,-0.142052030420347,-0.141933716135512,-0.140393963890066,-0.141417437255393
1.29166666666667,-0.142373983917075,-0.142256495263651,-0.140711012784517,-0.141738032710185
1.292,-0.142697147205499,-0.142580490541017,-0.141029249315868,-0.142059833323787
1.29233333333333,-0.143021526083876,-0.142905707816982,-0.141348679157688,-0.142382844875381
1.29266666666667,-0.143347126384743,-0.143232152975639,-0.141669308016966,-0.142707073178322
1.293,-0.143673953975143,-0.143559831936069,-0.141991141634355,-0.143032524080398
1.29333333333333,-0.144002014756874,-0.143888750652557,-0.14231418578439,-0.143359203464052
1.29366666666667,-0.144331314666748,-0.144218915114858,-0.142638446275746,-0.143687117246637
1.294,-0.144661859676813,-0.144550331348458,-0.14296392895146,-0.14401627138066
1.29433333333333,-0.144993655794619,-0.1448830054148,-0.143290639689183,-0.144346671854031
1.29466666666667,-0.145326709063458,-0.145216943411567,-0.143618584401419,-0.144678324690308
1.295,-0.145661025562628,-0.14555215147292,-0.143947769035778,-0.145011235948959
1.29533333333333,-0.145996611407677,-0.14588863576977,-0.144278199575211,-0.145345411725606
1.29566666666667,-0.146333472750667,-0.146226402510033,-0.14460988203827,-0.145680858152287
1.296,-0.146671615780434,-0.146565457938899,-0.144942822479354,-0.146017581397715
1.29633333333333,-0.147011046722837,-0.146905808339087,-0.14527702698896,-0.146355587667532
1.29666666666667,-0.147351771841036,-0.147247460031131,-0.145612501693958,-0.146694883204585
1.297,-0.147693797435752,-0.147590419373635,-0.145949252757815,-0.147035474289172
1.29733333333333,-0.148037129845531,-0.147934692763549,-0.146287286380885,-0.147377367239324
1.29766666666667,-0.148381775447018,-0.148280286636457,-0.146626608800657,-0.147720568411077
1.298,-0.148727740655228,-0.148627207466835,-0.14696722629202,-0.148065084198724
1.29833333333333,-0.14907503192382,-0.148975461768339,-0.147309145167534,-0.148410921035109
1.29866666666667,-0.149423655745374,-0.149325056094092,-0.147652371777698,-0.148758085391893
1.299,-0.14977361865167,-0.149675997036961,-0.147996912511209,-0.149106583779833
1.29933333333333,-0.150124927213972,-0.150028291229851,-0.148342773795253,-0.149456422749063
1.29966666666667,-0.150477588043297,-0.15038194534598,-0.148689962095771,-0.149807608889384
1.3,-0.150831607790728,-0.150736966099187,-0.149038483917733,-0.150160148830536
1.30033333333333,-0.151186993147672,-0.151093360244223,-0.149388345805432,-0.150514049242494
1.30066666666667,-0.151543750846178,-0.151451134577028,-0.149739554342742,-0.150869316835763
1.301,-0.151901887659205,-0.151810295935066,-0.150092116153428,-0.151225958361659
1.30133333333333,-0.152261410400942,-0.152170851197584,-0.150446037901417,-0.151583980612604
1.30166666666667,-0.152622325927083,-0.152532807285954,-0.150801326291092,-0.151943390422442
1.302,-0.152984641135146,-0.152896171163956,-0.15115798806759,-0.152304194666714
1.30233333333333,-0.153348362964762,-0.153260949838095,-0.151516030017078,-0.152666400262979
1.30266666666667,-0.153713498397991,-0.153627150357907,-0.151875458967072,-0.153030014171108
1.303,-0.154080054459627,-0.153994779816287,-0.152236281786719,-0.153395043393599
1.30333333333333,-0.154448038217501,-0.154363845349794,-0.152598505387113,-0.153761494975874
1.30366666666667,-0.154817456782809,-0.15473435413897,-0.152962136721579,-0.154129376006616
1.304,-0.155188317310417,-0.155106313408668,-0.153327182786001,-0.154498693618061
1.30433333333333,-0.15556062699918,-0.155479730428375,-0.153693650619118,-0.15486945498632
1.30466666666667,-0.155934393092269,-0.155854612512543,-0.154061547302843,-0.155241667331716
1.305,-0.156309622877488,-0.156230967020914,-0.154430879962572,-0.155615337919086
1.30533333333333,-0.156686323687612,-0.156608801358853,-0.154801655767502,-0.155990474058119
1.30566666666667,-0.157064502900704,-0.156988122977696,-0.155173881930954,-0.156367083103688
1.306,-0.157444167940455,-0.157368939375074,-0.155547565710691,-0.156745172456169
1.30633333333333,-0.157825326276508,-0.157751258095261,-0.15592271440925,-0.157124749561789
1.30666666666667,-0.15820798542482,-0.158135086729529,-0.156299335374258,-0.15750582191295
1.307,-0.158592152947975,-0.158520432916475,-0.156677435998784,-0.157888397048585
1.30733333333333,-0.158977836455548,-0.158907304342393,-0.157057023721643,-0.158272482554487
1.30766666666667,-0.159365043604443,-0.159295708741617,-0.157438106027757,-0.158658086063661
1.308,-0.159753782099239,-0.159685653896874,-0.157820690448484,-0.159045215256679
1.30833333333333,-0.160144059692556,-0.160077147639659,-0.158204784561961,-0.159433877862016
1.30866666666667,-0.160535884185392,-0.160470197850587,-0.158590395993454,-0.159824081656421
1.309,-0.160929263427506,-0.160864812459751,-0.158977532415691,-0.16021583446527
1.30933333333333,-0.161324205317751,-0.161260999447121,-0.159366201549236,-0.16060914416292
1.30966666666667,-0.161720717804463,-0.161658766842885,-0.159756411162818,-0.161004018673086
1.31,-0.162118808885821,-0.162058122727837,-0.160148169073714,-0.161400465969199
1.31033333333333,-0.16251848661021,-0.162459075233768,-0.160541483148084,-0.161798494074777
1.31066666666667,-0.162919759076608,-0.162861632543826,-0.160936361301353,-0.162198111063805
1.311,-0.163322634434964,-0.163265802892921,-0.161332811498566,-0.162599325061103
1.31133333333333,-0.163727120886555,-0.163671594568101,-0.161730841754761,-0.163002144242717
1.31166666666667,-0.164133226684411,-0.164079015908959,-0.162130460135342,-0.163406576836295
1.312,-0.164540960133664,-0.164488075308008,-0.162531674756463,-0.163812631121474
1.31233333333333,-0.164950329591964,-0.164898781211108,-0.162934493785385,-0.164220315430269
1.31266666666667,-0.165361343469861,-0.165311142117838,-0.163338925440879,-0.164629638147476
1.313,-0.165774010231208,-0.165725166581929,-0.163744977993608,-0.165040607711062
1.31333333333333,-0.166188338393557,-0.166140863211657,-0.164152659766507,-0.165453232612563
1.31366666666667,-0.166604336528575,-0.16655824067027,-0.164561979135183,-0.165867521397483
1.314,-0.167022013262433,-0.166977307676392,-0.164972944528312,-0.16628348266573
1.31433333333333,-0.167441377276238,-0.167398073004452,-0.165385564428029,-0.166701125071989
1.31466666666667,-0.167862437306436,-0.16782054548511,-0.165799847370342,-0.167120457326158
1.315,-0.168285202145239,-0.168244734005674,-0.166215801945527,-0.167541488193771
1.31533333333333,-0.168709680641039,-0.16867064751055,-0.166633436798553,-0.167964226496398
1.31566666666667,-0.169135881698844,-0.169098295001668,-0.167052760629476,-0.168388681112092
1.316,-0.169563814280695,-0.169527685538912,-0.16747378219387,-0.168814860975812
1.31633333333333,-0.169993487406115,-0.169958828240586,-0.167896510303243,-0.16924277507985
1.31666666666667,-0.170424910152535,-0.170391732283842,-0.168320953825465,-0.169672432474277
1.317,-0.170858091655753,-0.170826406905145,-0.168747121685186,-0.170103842267376
1.31733333333333,-0.171293041110346,-0.171262861400717,-0.169175022864281,-0.170537013626091
1.31766666666667,-0.171729767770157,-0.171701105127013,-0.169604666402275,-0.170971955776477
1.318,-0.172168280948728,-0.172141147501165,-0.170036061396783,-0.171408678004151
1.31833333333333,-0.172608590019757,-0.172582998001465,-0.170469217003962,-0.171847189654744
1.31866666666667,-0.173050704417574,-0.173026666167829,-0.170904142438958,-0.17228750013437
1.319,-0.173494633637585,-0.173472161602281,-0.171340846976337,-0.172729618910086
1.31933333333333,-0.173940387236759,-0.173919493969425,-0.171779339950566,-0.173173555510361
1.31966666666667,-0.174387974834098,-0.174368672996936,-0.172219630756458,-0.173619319525547
1.32,-0.174837406111112,-0.174819708476047,-0.172661728849639,-0.174066920608374
1.32033333333333,-0.175288690812299,-0.17527261026204,-0.173105643747012,-0.174516368474396
1.32066666666667,-0.175741838745644,-0.175727388274756,-0.173551385027231,-0.174967672902509
1.321,-0.176196859783096,-0.176184052499082,-0.173998962331182,-0.17542084373543
1.32133333333333,-0.176653763861068,-0.176642612985468,-0.174448385362451,-0.175875890880188
1.32166666666667,-0.177112560980941,-0.177103079850435,-0.174899663887819,-0.176332824308633
1.322,-0.177573261209571,-0.177565463277088,-0.175352807737747,-0.176791654057924
1.32233333333333,-0.178035874679781,-0.178029773515655,-0.17580782680686,-0.177252390231058
1.32266666666667,-0.178500411590894,-0.178496020883982,-0.176264731054469,-0.17771504299736
1.323,-0.17896688220924,-0.178964215768096,-0.176723530505036,-0.178179622593017
1.32333333333333,-0.179435296868689,-0.179434368622714,-0.177184235248714,-0.178646139321593
1.32366666666667,-0.179905665971157,-0.179906489971805,-0.177646855441842,-0.179114603554557
1.324,-0.180377999987169,-0.180380590409118,-0.17811140130746,-0.179585025731817
1.32433333333333,-0.180852309456374,-0.180856680598738,-0.178577883135831,-0.180057416362251
1.32466666666667,-0.181328604988089,-0.181334771275645,-0.179046311284975,-0.180531786024248
1.325,-0.181806897261858,-0.181814873246277,-0.179516696181175,-0.181008145366263
1.32533333333333,-0.182287197027987,-0.182296997389084,-0.179989048319544,-0.181486505107357
1.32566666666667,-0.182769515108115,-0.182781154655099,-0.180463378264531,-0.181966876037759
1.326,-0.18325386239577,-0.183267356068531,-0.180939696650492,-0.182449269019426
1.32633333333333,-0.183740249856943,-0.183755612727331,-0.181418014182214,-0.182933694986612
1.32666666666667,-0.184228688530637,-0.184245935803777,-0.181898341635496,-0.183420164946427
1.327,-0.184719189529482,-0.184738336545074,-0.182380689857686,-0.183908689979436
1.32733333333333,-0.185211764040287,-0.185232826273951,-0.182865069768251,-0.184399281240216
1.32766666666667,-0.185706423324636,-0.185729416389258,-0.183351492359362,-0.184891949957961
1.328,-0.186203178719491,-0.186228118366582,-0.183839968696436,-0.185386707437067
1.32833333333333,-0.186702041637779,-0.186728943758846,-0.184330509918745,-0.185883565057729
1.32866666666667,-0.187203023569007,-0.187231904196952,-0.184823127239992,-0.186382534276554
1.329,-0.18770613607986,-0.18773701139039,-0.185317831948895,-0.186883626627151
1.32933333333333,-0.188211390814826,-0.188244277127865,-0.185814635409784,-0.187386853720776
1.32966666666667,-0.188718799496817,-0.188753713277958,-0.18631354906321,-0.187892227246913
1.33,-0.189228373927793,-0.189265331789738,-0.186814584426552,-0.188399758973939
1.33033333333333,-0.189740125989388,-0.189779144693438,-0.187317753094613,-0.188909460749724
1.33066666666667,-0.190254067643569,-0.190295164101095,-0.187823066740255,-0.189421344502293
1.331,-0.190770210933256,-0.190813402207213,-0.188330537115015,-0.189935422240453
1.33133333333333,-0.191288567982995,-0.191333871289433,-0.188840176049745,-0.190451706054454
1.33166666666667,-0.191809150999595,-0.191856583709215,-0.189351995455223,-0.190970208116636
1.332,-0.192331972272805,-0.192381551912499,-0.18986600732282,-0.191490940682099
1.33233333333333,-0.192857044175981,-0.192908788430409,-0.190382223725134,-0.192013916089362
1.33266666666667,-0.193384379166753,-0.193438305879935,-0.190900656816647,-0.192539146761043
1.333,-0.193913989787711,-0.19397011696464,-0.191421318834383,-0.193066645204541
1.33333333333333,-0.1944458886671,-0.194504234475362,-0.191944222098566,-0.193596424012717
1.33366666666667,-0.194980088519502,-0.195040671290923,-0.192469379013307,-0.19412849586459
1.334,-0.19551660214655,-0.195579440378865,-0.192996802067269,-0.194662873526042
1.33433333333333,-0.196055442437618,-0.196120554796151,-0.193526503834358,-0.195199569850516
1.33466666666667,-0.196596622370554,-0.196664027689919,-0.194058496974401,-0.195738597779732
1.335,-0.197140155012395,-0.197209872298215,-0.194592794233867,-0.196279970344413
1.33533333333333,-0.197686053520079,-0.197758101950735,-0.195129408446544,-0.196823700664998
1.33566666666667,-0.198234331141208,-0.198308730069593,-0.195668352534273,-0.197369801952391
1.336,-0.198785001214765,-0.198861770170066,-0.196209639507638,-0.197918287508687
1.33633333333333,-0.19933807717187,-0.199417235861373,-0.196753282466715,-0.198469170727935
1.33666666666667,-0.199893572536543,-0.199975140847452,-0.197299294601783,-0.199022465096875
1.337,-0.200451500926455,-0.200535498927741,-0.197847689194083,-0.199578184195713
1.33733333333333,-0.201011876053709,-0.201098323997956,-0.198398479616535,-0.200136341698881
1.33766666666667,-0.201574711725612,-0.201663630050924,-0.198951679334509,-0.200696951375823
1.338,-0.202140021845447,-0.202231431177348,-0.199507301906578,-0.201260027091773
1.33833333333333,-0.202707820413294,-0.202801741566654,-0.200065360985281,-0.201825582808534
1.33866666666667,-0.203278121526805,-0.203374575507791,-0.200625870317898,-0.202393632585303
1.339,-0.203850939382022,-0.203949947390072,-0.201188843747228,-0.202964190579456
1.33933333333333,-0.204426288274183,-0.204527871704012,-0.201754295212381,-0.203537271047368
1.33966666666667,-0.205004182598567,-0.205108363042168,-0.202322238749574,-0.204112888345234
1.34,-0.20558463685129,-0.205691436100002,-0.202892688492916,-0.204691056929904
1.34033333333333,-0.206167665630177,-0.206277105676734,-0.203465658675246,-0.205271791359716
1.34066666666667,-0.20675328363559,-0.206865386676216,-0.204041163628932,-0.205855106295335
1.341,-0.207341505671288,-0.207456294107812,-0.204619217786705,-0.206441016500625
1.34133333333333,-0.207932346645291,-0.208049843087293,-0.205199835682482,-0.207029536843492
1.34166666666667,-0.208525821570749,-0.208646048837716,-0.205783031952222,-0.207620682296764
1.342,-0.209121945566821,-0.209244926690349,-0.206368821334769,-0.208214467939065
1.34233333333333,-0.209720733859578,-0.209846492085574,-0.206957218672713,-0.208810908955716
1.34266666666667,-0.21032220178287,-0.210450760573807,-0.207548238913248,-0.209410020639606
1.343,-0.210926364779269,-0.21105774781644,-0.208141897109061,-0.210011818392121
1.34333333333333,-0.211533238400944,-0.211667469586781,-0.208738208419193,-0.210616317724043
1.34366666666667,-0.212142838310626,-0.212279941770989,-0.209337188109962,-0.211223534256475
1.344,-0.212755180282503,-0.212895180369059,-0.209938851555838,-0.211833483721777
1.34433333333333,-0.213370280203189,-0.213513201495768,-0.210543214240356,-0.212446181964507
1.34466666666667,-0.213988154072655,-0.214134021381671,-0.211150291757044,-0.213061644942355
1.345,-0.214608818005206,-0.214757656374078,-0.211760099810342,-0.213679888727124
1.34533333333333,-0.215232288230438,-0.215384122938061,-0.212372654216542,-0.214300929505683
1.34566666666667,-0.215858581094217,-0.216013437657452,-0.212987970904726,-0.21492478358095
1.346,-0.216487713059688,-0.216645617235875,-0.213606065917734,-0.215551467372882
1.34633333333333,-0.217119700708235,-0.21728067849776,-0.214226955413109,-0.216180997419462
1.34666666666667,-0.217754560740533,-0.217918638389389,-0.214850655664084,-0.21681339037772
1.347,-0.218392309977528,-0.218559513979947,-0.215477183060563,-0.217448663024741
1.34733333333333,-0.219032965361493,-0.219203322462573,-0.216106554110108,-0.218086832258685
1.34766666666667,-0.219676543957046,-0.219850081155441,-0.216738785438941,-0.218727915099847
1.348,-0.220323062952215,-0.220499807502833,-0.217373893792964,-0.219371928691681
1.34833333333333,-0.220972539659486,-0.221152519076227,-0.21801189603877,-0.220018890301865
1.34866666666667,-0.221624991516876,-0.221808233575411,-0.218652809164683,-0.220668817323374
1.349,-0.222280436089011,-0.222466968829588,-0.219296650281798,-0.221321727275555
1.34933333333333,-0.222938891068224,-0.223128742798498,-0.219943436625026,-0.221977637805214
1.34966666666667,-0.22360037427565,-0.223793573573562,-0.220593185554173,-0.222636566687725
1.35,-0.224264903662335,-0.224461479379027,-0.221245914554996,-0.223298531828131
1.35033333333333,-0.224932497310373,-0.225132478573122,-0.221901641240298,-0.223963551262269
1.35066666666667,-0.225603173434025,-0.225806589649226,-0.222560383351016,-0.224631643157911
1.351,-0.226276950380881,-0.226483831237062,-0.223222158757337,-0.225302825815901
1.35133333333333,-0.226953846633003,-0.227164222103883,-0.223886985459795,-0.225977117671315
1.35166666666667,-0.227633880808106,-0.22784778115567,-0.22455488159043,-0.226654537294625
1.352,-0.228317071660737,-0.228534527438374,-0.225225865413891,-0.22733510339289
1.35233333333333,-0.229003438083463,-0.229224480139126,-0.225899955328613,-0.22801883481093
1.35266666666667,-0.229692999108079,-0.229917658587489,-0.226577169867969,-0.228705750532549
1.353,-0.230385773906822,-0.230614082256716,-0.227257527701447,-0.229395869681737
1.35333333333333,-0.231081781793615,-0.231313770765018,-0.227941047635827,-0.230089211523904
1.35366666666667,-0.23178104222529,-0.232016743876842,-0.228627748616393,-0.230785795467117
1.354,-0.232483574802853,-0.232723021504173,-0.229317649728129,-0.231485641063363
1.35433333333333,-0.233189399272752,-0.233432623707841,-0.230010770196949,-0.232188768009804
1.35466666666667,-0.233898535528145,-0.234145570698837,-0.230707129390923,-0.232895196150056
1.355,-0.234611003610219,-0.234861882839653,-0.231406746821538,-0.233604945475492
1.35533333333333,-0.235326823709469,-0.235581580645646,-0.23210964214494,-0.234318036126538
1.35566666666667,-0.236046016167028,-0.23630468478637,-0.232815835163217,-0.23503448839399
1.356,-0.236768601476009,-0.237031216086982,-0.233525345825679,-0.23575432272035
1.35633333333333,-0.237494600282842,-0.237761195529615,-0.234238194230162,-0.236477559701174
1.35666666666667,-0.238224033388636,-0.238494644254803,-0.234954400624329,-0.237204220086425
1.357,-0.238956921750554,-0.239231583562876,-0.235673985407005,-0.237934324781854
1.35733333333333,-0.239693286483204,-0.239972034915426,-0.236396969129506,-0.238667894850373
1.35766666666667,-0.240433148860044,-0.240716019936729,-0.237123372496997,-0.239404951513476
1.358,-0.241176530314788,-0.241463560415231,-0.23785321636986,-0.24014551615264
1.35833333333333,-0.241923452442853,-0.242214678305024,-0.238586521765063,-0.240889610310761
1.35866666666667,-0.242673937002795,-0.242969395727324,-0.23932330985756,-0.241637255693598
1.359,-0.243428005917785,-0.243727734972019,-0.240063601981707,-0.242388474171246
1.35933333333333,-0.244185681277062,-0.244489718499157,-0.240807419632664,-0.243143287779584
1.35966666666667,-0.244946985337448,-0.245255368940527,-0.241554784467856,-0.243901718721792
1.36,-0.245711940524848,-0.246024709101186,-0.242305718308405,-0.244663789369847
1.36033333333333,-0.246480569435772,-0.246797761961056,-0.243060243140614,-0.245429522266041
1.36066666666667,-0.247252894838869,-0.247574550676516,-0.243818381117433,-0.246198940124532
1.361,-0.248028939676499,-0.248355098582003,-0.244580154559972,-0.246972065832879
1.36133333333333,-0.248808727066283,-0.249139429191641,-0.245345585959003,-0.247748922453633
1.36166666666667,-0.249592280302714,-0.249927566200893,-0.246114697976489,-0.248529533225906
1.362,-0.250379622858744,-0.250719533488213,-0.246887513447143,-0.249313921566981
1.36233333333333,-0.251170778387409,-0.251515355116728,-0.247664055379964,-0.250102111073941
1.36266666666667,-0.251965770723477,-0.252315055335941,-0.248444346959844,-0.250894125525284
1.363,-0.252764623885089,-0.253118658583433,-0.249228411549134,-0.251689988882605
1.36333333333333,-0.253567362075449,-0.253926189486614,-0.25001627268927,-0.252489725292247
1.36366666666667,-0.254374009684502,-0.254737672864451,-0.250807954102398,-0.253293359086991
1.364,-0.255184591290642,-0.255553133729267,-0.251603479693019,-0.254100914787779
1.36433333333333,-0.255999131662453,-0.256372597288508,-0.252402873549642,-0.254912417105424
1.36466666666667,-0.256817655760434,-0.257196088946558,-0.253206159946471,-0.255727890942362
1.365,-0.25764018873878,-0.258023634306571,-0.254013363345109,-0.256547361394402
1.36533333333333,-0.25846675594716,-0.258855259172318,-0.25482450839625,-0.257370853752527
1.36566666666667,-0.259297382932507,-0.259690989550044,-0.255639619941438,-0.258198393504674
1.366,-0.260132095440848,-0.260530851650376,-0.256458723014791,-0.259030006337567
1.36633333333333,-0.260970919419149,-0.261374871890208,-0.257281842844801,-0.259865718138542
1.36666666666667,-0.261813881017165,-0.262223076894646,-0.258109004856095,-0.26070555499742
1.367,-0.262661006589319,-0.263075493498953,-0.258940234671262,-0.261549543208365
1.36733333333333,-0.263512322696607,-0.263932148750517,-0.25977555811266,-0.262397709271809
1.36766666666667,-0.264367856108515,-0.26479306991084,-0.260615001204286,-0.26325007989634
1.368,-0.265227633804961,-0.265658284457567,-0.261458590173623,-0.264106682000668
1.36833333333333,-0.266091682978253,-0.2665278200865,-0.262306351453533,-0.264967542715561
1.36866666666667,-0.266960031035074,-0.267401704713674,-0.263158311684156,-0.265832689385845
1.369,-0.267832705598485,-0.268279966477428,-0.264014497714854,-0.266702149572394
1.36933333333333,-0.268709734509946,-0.26916263374051,-0.264874936606137,-0.267575951054155
1.36966666666667,-0.269591145831377,-0.270049735092201,-0.265739655631638,-0.268454121830209
1.37,-0.270476967847207,-0.270941299350475,-0.26660868228011,-0.269336690121815
1.37033333333333,-0.271367229066484,-0.271837355564147,-0.267482044257429,-0.27022368437451
1.37066666666667,-0.272261958224978,-0.272737933015102,-0.268359769488623,-0.271115133260228
1.371,-0.273161184287325,-0.273643061220494,-0.269241886119935,-0.272011065679436
1.37133333333333,-0.274064936449181,-0.274552769934993,-0.270128422520894,-0.272911510763277
1.37166666666667,-0.274973244139417,-0.27546708915307,-0.271019407286409,-0.273816497875775
1.372,-0.275886137022315,-0.276386049111276,-0.271914869238903,-0.274726056616027
1.37233333333333,-0.276803644999806,-0.277309680290573,-0.272814837430449,-0.275640216820435
1.37266666666667,-0.277725798213733,-0.27823801341867,-0.273719341144933,-0.276559008564966
1.373,-0.27865262704812,-0.279171079472412,-0.274628409900263,-0.277482462167436
1.37333333333333,-0.279584162131485,-0.280108909680164,-0.275542073450564,-0.278410608189796
1.37366666666667,-0.280520434339176,-0.281051535524249,-0.276460361788432,-0.279343477440486
1.374,-0.281461474795726,-0.281998988743385,-0.27738330514719,-0.280281100976776
1.37433333333333,-0.282407314877222,-0.282951301335189,-0.278310934003188,-0.281223510107152
1.37466666666667,-0.283357986213739,-0.283908505558654,-0.279243279078097,-0.282170736393724
1.375,-0.284313520691763,-0.284870633936718,-0.280180371341275,-0.283122811654666
1.37533333333333,-0.28527395045666,-0.285837719258806,-0.281122242012107,-0.28407976796667
1.37566666666667,-0.286239307915157,-0.286809794583434,-0.282068922562411,-0.285041637667437
1.376,-0.287209625737868,-0.287786893240828,-0.283020444718854,-0.286008453358201
1.37633333333333,-0.288184936861845,-0.288769048835575,-0.283976840465392,-0.286980247906266
1.37666666666667,-0.289165274493146,-0.289756295249306,-0.284938142045746,-0.287957054447585
1.377,-0.290150672109436,-0.29074866664342,-0.285904381965902,-0.288938906389356
1.37733333333333,-0.291141163462628,-0.291746197461809,-0.286875592996625,-0.289925837412656
1.37766666666667,-0.292136782581541,-0.292748922433645,-0.287851808176032,-0.290917881475107
1.378,-0.293137563774593,-0.29375687657618,-0.288833060812167,-0.291915072813562
1.37833333333333,-0.294143541632518,-0.294770095197588,-0.289819384485609,-0.292917445946823
1.37866666666667,-0.295154751031132,-0.295788613899836,-0.290810813052113,-0.293925035678393
1.379,-0.296171227134099,-0.296812468581581,-0.291807380645292,-0.294937877099269
1.37933333333333,-0.297193005395758,-0.297841695441115,-0.292809121679299,-0.295956005590733
1.37966666666667,-0.298220121563971,-0.298876330979328,-0.29381607085158,-0.296979456827227
1.38,-0.299252611682995,-0.299916412002718,-0.294828263145622,-0.298008266779206
1.38033333333333,-0.300290512096399,-0.300961975626422,-0.295845733833734,-0.299042471716059
1.38066666666667,-0.301333859450001,-0.302013059277295,-0.296868518479899,-0.300082108209051
1.381,-0.302382690694863,-0.303069700697024,-0.297896652942615,-0.301127213134304
1.38133333333333,-0.303437043090284,-0.304131937945258,-0.298930173377768,-0.302177823675796
1.38166666666667,-0.304496954206855,-0.305199809402803,-0.299969116241587,-0.303233977328421
1.382,-0.305562461929547,-0.306273353774838,-0.301013518293561,-0.304295711901052
1.38233333333333,-0.306633604460804,-0.30735261009416,-0.302063416599458,-0.305363065519673
1.38266666666667,-0.307710420323727,-0.30843761772449,-0.303118848534324,-0.306436076630515
1.383,-0.308792948365237,-0.3095284163638,-0.304179851785544,-0.307514784003251
1.38333333333333,-0.309881227759315,-0.310625046047678,-0.305246464355947,-0.308599226734223
1.38366666666667,-0.310975298010249,-0.311727547152748,-0.306318724566911,-0.309689444249685
1.384,-0.312075198955945,-0.312835960400115,-0.307396671061529,-0.310785476309125
1.38433333333333,-0.313180970771263,-0.31395032685884,-0.308480342807818,-0.311887363008578
1.38466666666667,-0.314292653971386,-0.315070687949498,-0.309569779101946,-0.312995144784017
1.385,-0.315410289415241,-0.316197085447737,-0.310665019571499,-0.314108862414757
1.38533333333333,-0.316533918308951,-0.317329561487876,-0.311766104178798,-0.31522855702691
1.38566666666667,-0.317663582209328,-0.318468158566599,-0.312873073224235,-0.316354270096886
1.386,-0.318799323027413,-0.319612919546619,-0.313985967349677,-0.317486043454911
1.38633333333333,-0.319941183032043,-0.320763887660436,-0.315104827541865,-0.318623919288617
1.38666666666667,-0.32108920485348,-0.321921106514133,-0.316229695135911,-0.319767940146651
1.387,-0.322243431487059,-0.323084620091196,-0.317360611818766,-0.320918148942329
1.38733333333333,-0.323403906296904,-0.324254472756395,-0.318497619632794,-0.322074588957353
1.38766666666667,-0.324570673019659,-0.325430709259713,-0.319640760979347,-0.323237303845537
1.388,-0.325743775768292,-0.326613374740316,-0.320790078622389,-0.32440633763661
1.38833333333333,-0.32692325903591,-0.327802514730565,-0.321945615692173,-0.325581734740042
1.38866666666667,-0.328109167699667,-0.328998175160096,-0.323107415688953,-0.326763539948927
1.389,-0.329301547024664,-0.330200402359917,-0.324275522486736,-0.327951798443898
1.38933333333333,-0.330500442667928,-0.331409243066588,-0.325449980337088,-0.329146555797101
1.38966666666667,-0.331705900682434,-0.332624744426431,-0.326630833872976,-0.33034785797623
1.39,-0.332917967521171,-0.333846953999789,-0.327818128112662,-0.331555751348557
1.39033333333333,-0.334136690041245,-0.33507591976535,-0.329011908463629,-0.332770282685079
1.39066666666667,-0.335362115508053,-0.336311690124515,-0.330212220726573,-0.333991499164653
1.391,-0.336594291599496,-0.337554313905815,-0.331419111099431,-0.335219448378226
1.39133333333333,-0.337833266410228,-0.338803840369388,-0.33263262618145,-0.336454178333084
1.39166666666667,-0.339079088455982,-0.340060319211508,-0.333852812977322,-0.337695737457172
1.392,-0.340331806677932,-0.341323800569174,-0.33507971890135,-0.338944174603455
1.39233333333333,-0.341591470447107,-0.342594335024738,-0.336313391781679,-0.340199539054333
1.39266666666667,-0.342858129568851,-0.343871973610614,-0.337553879864557,-0.341461880526103
1.393,-0.344131834287374,-0.345156767814022,-0.338801231818676,-0.342731249173499
1.39333333333333,-0.345412635290295,-0.34644876958181,-0.340055496739535,-0.344007695594258
1.39366666666667,-0.346700583713297,-0.347748031325311,-0.341316724153865,-0.345291270833739
1.394,-0.347995731144809,-0.349054605925286,-0.342584964024138,-0.346582026389638
1.39433333333333,-0.349298129630755,-0.350368546736907,-0.343860266753051,-0.347880014216703
1.39466666666667,-0.350607831679343,-0.351689907594814,-0.345142683188174,-0.349185286731567
1.395,-0.351924890265943,-0.353018742818221,-0.346432264626545,-0.350497896817579
1.39533333333333,-0.353249358837983,-0.354355107216109,-0.347729062819396,-0.351817897829732
1.39566666666667,-0.354581291319961,-0.355699056092451,-0.349033129976908,-0.353145343599649
1.396,-0.355920742118453,-0.357050645251532,-0.350344518773018,-0.354480288440627
1.39633333333333,-0.357267766127226,-0.358409931003308,-0.351663282350289,-0.355822787152703
1.39666666666667,-0.358622418732404,-0.359776970168854,-0.352989474324855,-0.35717289502786
1.397,-0.359984755817696,-0.36115182008587,-0.354323148791394,-0.358530667855227
1.39733333333333,-0.361354833769665,-0.362534538614256,-0.355664360328198,-0.359896161926374
1.39766666666667,-0.362732709483119,-0.363925184141751,-0.357013164002266,-0.361269434040672
1.398,-0.364118440366499,-0.365323815589659,-0.358369615374503,-0.362650541510703
1.39833333333333,-0.365512084347374,-0.366730492418623,-0.359733770504928,-0.364039542167754
1.39866666666667,-0.366913699878013,-0.368145274634498,-0.361105685958009,-0.365436494367377
1.399,-0.368323345940989,-0.369568222794273,-0.362485418808009,-0.366841456995002
1.39933333333333,-0.369741082054873,-0.37099939801209,-0.363873026644423,-0.368254489471634
1.39966666666667,-0.371166968280009,-0.372438861965309,-0.365268567577479,-0.369675651759612
1.4,-0.37260106522434,-0.373886676900698,-0.366672100243712,-0.371105004368457
1.40033333333333,-0.374043434049312,-0.375342905640641,-0.368083683811583,-0.37254260836076
1.40066666666667,-0.375494136475867,-0.37680761158947,-0.369503377987204,-0.373988525358179
1.401,-0.376953234790479,-0.378280858739874,-0.370931243020102,-0.375442817547489
1.40133333333333,-0.378420791851301,-0.379762711679346,-0.372367339709067,-0.376905547686701
1.40166666666667,-0.379896871094362,-0.38125323559678,-0.373811729408074,-0.37837677911129
1.402,-0.381381536539867,-0.382752496289095,-0.375264474032275,-0.379856575740467
1.40233333333333,-0.38287485279853,-0.384260560167966,-0.376725636064072,-0.381345002083548
1.40266666666667,-0.384376885078051,-0.385777494266651,-0.378195278559249,-0.382842123246389
1.403,-0.385887699189611,-0.387303366246892,-0.379673465153202,-0.384348004937926
1.40333333333333,-0.387407361554502,-0.388838244405889,-0.381160260067233,-0.385862713476762
1.40366666666667,-0.388935939210806,-0.390382197683412,-0.382655728114923,-0.387386315797884
1.404,-0.390473499820167,-0.391935295668955,-0.384159934708598,-0.388918879459413
1.40433333333333,-0.392020111674646,-0.393497608609009,-0.385672945865842,-0.390460472649478
1.40466666666667,-0.39357584370369,-0.395069207414418,-0.387194828216156,-0.39201116419316
1.405,-0.395140765481146,-0.396650163667837,-0.38872564900763,-0.393571023559534
1.40533333333333,-0.396714947232383,-0.398240549631293,-0.390265476113724,-0.395140120868786
1.40566666666667,-0.398298459841524,-0.399840438253813,-0.391814378040174,-0.396718526899433
1.406,-0.399891374858746,-0.401449903179202,-0.393372423931923,-0.398306313095631
1.40633333333333,-0.40149376450767,-0.403069018753874,-0.394939683580178,-0.399903551574584
1.40666666666667,-0.40310570169288,-0.404697860034816,-0.396516227429558,-0.401510315134034
1.407,-0.404727260007482,-0.406336502797645,-0.398102126585297,-0.403126677259847
1.40733333333333,-0.406358513740823,-0.40798502354476,-0.399697452820591,-0.404752712133725
1.40766666666667,-0.40799953788626,-0.409643499513637,-0.401302278583996,-0.406388494640967
1.408,-0.409650408149057,-0.411312008685186,-0.402916677006934,-0.408034100378392
1.40833333333333,-0.411311200954368,-0.41299062979225,-0.404540721911319,-0.409689605662303
1.40866666666667,-0.412981993455336,-0.414679442328212,-0.406174487817224,-0.411355087536594
1.409,-0.414662863541289,-0.4163785265557,-0.407818049950713,-0.413030623780949
1.40933333333333,-0.41635388984604,-0.418087963515434,-0.409471484251717,-0.414716292919151
1.40966666666667,-0.418055151756307,-0.419807835035163,-0.411134867382063,-0.416412174227495
1.41,-0.419766729420223,-0.421538223738734,-0.412808276733557,-0.418118347743305
1.41033333333333,-0.421488703755978,-0.423279213055288,-0.4144917904362,-0.419834894273587
1.41066666666667,-0.423221156460564,-0.425030887228566,-0.416185487366512,-0.421561895403754
1.411,-0.42496417001863,-0.426793331326344,-0.41788944715595,-0.423299433506508
1.41133333333333,-0.426717827711455,-0.428566631249998,-0.419603750199443,-0.425047591750811
1.41166666666667,-0.428482213626047,-0.430350873744198,-0.421328477664039,-0.426806454110977
1.412,-0.430257412664359,-0.432146146406722,-0.423063711497659,-0.428576105375903
1.41233333333333,-0.432043510552606,-0.433952537698416,-0.424809534437967,-0.430356631158383
1.41266666666667,-0.433840593850748,-0.43577013695327,-0.42656603002137,-0.432148117904594
1.413,-0.435648749962047,-0.437599034388661,-0.428333282592106,-0.43395065290367
1.41333333333333,-0.437468067142795,-0.439439321115692,-0.430111377311477,-0.435764324297412
1.41366666666667,-0.43929863451213,-0.441291089149718,-0.431900400167195,-0.437589221090132
1.414,-0.441140542062029,-0.443154431420979,-0.433700437982854,-0.439425433158634
1.41433333333333,-0.44299388066739,-0.445029441785385,-0.435511578427518,-0.441273051262303
1.41466666666667,-0.444858742096277,-0.446916215035464,-0.437333910025433,-0.443132167053363
1.415,-0.446735219020287,-0.448814846911449,-0.439167522165903,-0.445002873087239
1.41533333333333,-0.448623405025052,-0.450725434112515,-0.441012505113233,-0.446885262833077
1.41566666666667,-0.45052339462091,-0.452648074308156,-0.442868950016871,-0.448779430684404
1.416,-0.452435283253683,-0.454582866149767,-0.444736948921633,-0.450685471969925
1.41633333333333,-0.454359167315622,-0.456529909282323,-0.446616594778099,-0.45260348296446
1.41666666666667,-0.456295144156487,-0.458489304356263,-0.448507981453121,-0.45453356090005
1.417,-0.458243312094794,-0.460461153039523,-0.450411203740495,-0.456475803977191
1.41733333333333,-0.460203770429178,-0.462445558029728,-0.452326357371762,-0.458430311376218
1.41766666666667,-0.462176619449965,-0.464442623066569,-0.454253539027143,-0.460397183268872
1.418,-0.464161960450858,-0.466452452944344,-0.456192846346664,-0.462376520829986
1.41833333333333,-0.466159895740771,-0.468475153524676,-0.458144377941363,-0.464368426249361
1.41866666666667,-0.46817052865588,-0.470510831749389,-0.460108233404717,-0.466373002743782
1.419,-0.470193963571786,-0.472559595653608,-0.462084513324172,-0.468390354569212
1.41933333333333,-0.472230305915857,-0.474621554378989,-0.464073319292865,-0.470420587033144
1.41966666666667,-0.474279662179762,-0.476696818187181,-0.466074753921467,-0.47246380650712
1.42,-0.476342139932146,-0.478785498473449,-0.468088920850228,-0.474520120439438
1.42033333333333,-0.478417847831486,-0.480887707780483,-0.470115924761156,-0.476589637368009
1.42066666666667,-0.48050689563914,-0.483003559812439,-0.472155871390365,-0.478672466933413
1.421,-0.482609394232562,-0.485133169449141,-0.474208867540616,-0.480768719892118
1.42133333333333,-0.484725455618692,-0.487276652760494,-0.476275021093988,-0.482878508129893
1.42166666666667,-0.486855192947561,-0.489434127021114,-0.478354441024761,-0.485001944675401
1.422,-0.488998720526035,-0.491605710725156,-0.480447237412458,-0.48713914371398
1.42233333333333,-0.491156153831805,-0.493791523601336,-0.48255352145505,-0.489290220601615
1.42266666666667,-0.493327609527522,-0.495991686628209,-0.484673405482384,-0.491455291879108
1.423,-0.495513205475169,-0.498206322049631,-0.486807002969764,-0.49363447528644
1.42333333333333,-0.497713060750601,-0.50043555339044,-0.488954428551704,-0.495827889777336
1.42366666666667,-0.499927295658312,-0.502679505472398,-0.491115798035932,-0.498035655534033
1.424,-0.502156031746394,-0.504938304430312,-0.493291228417526,-0.500257893982261
1.42433333333333,-0.5043993918217,-0.507212077728437,-0.495480837893267,-0.502494727806418
1.42466666666667,-0.506657499965257,-0.509500954177073,-0.497684745876211,-0.504746280964964
1.425,-0.508930481547832,-0.511805063949436,-0.499903073010433,-0.507012678706056
1.42533333333333,-0.511218463245781,-0.514124538598741,-0.502135941185993,-0.509294047583361
1.42566666666667,-0.513521573057079,-0.516459511075558,-0.504383473554114,-0.511590515472118
1.426,-0.515839940317604,-0.51881011574542,-0.506645794542564,-0.513902211585439
1.42633333333333,-0.518173695717623,-0.521176488406665,-0.508923029871244,-0.516229266490797
1.42666666666667,-0.520522971318532,-0.523558766308558,-0.511215306568031,-0.518571812126799
1.427,-0.522887900569845,-0.525957088169676,-0.513522752984796,-0.52092998182016
1.42733333333333,-0.525268618326386,-0.528371594196548,-0.515845498813681,-0.523303910302946
1.42766666666667,-0.527665260865765,-0.530802426102594,-0.518183675103604,-0.525693733730032
1.428,-0.530077965906074,-0.533249727127316,-0.520537414276968,-0.528099589696845
1.42833333333333,-0.532506872623868,-0.535713642055782,-0.522906850146649,-0.530521617257325
1.42866666666667,-0.534952121672369,-0.538194317238412,-0.525292117933193,-0.532959956942183
1.429,-0.537413855199954,-0.540691900611033,-0.527693354282268,-0.535414750777386
1.42933333333333,-0.539892216868901,-0.543206541715241,-0.530110697282362,-0.537886142302912
1.42966666666667,-0.542387351874417,-0.545738391719071,-0.532544286482747,-0.540374276591822
1.43,-0.544899406963918,-0.548287603437965,-0.534994262911675,-0.542879300269532
1.43033333333333,-0.547428530456597,-0.550854331356065,-0.537460769094849,-0.545401361533419
1.43066666666667,-0.549974872263301,-0.553438731647806,-0.539943949074172,-0.547940610172708
1.431,-0.552538583906649,-0.556040962199853,-0.54244394842673,-0.550497197588609
1.43133333333333,-0.555119818541483,-0.55866118263334,-0.54496091428408,-0.553071276814799
1.43166666666667,-0.557718730975601,-0.561299554326482,-0.547494995351809,-0.555663002538158
1.432,-0.560335477690789,-0.563956240437494,-0.550046341929362,-0.558272531119838
1.43233333333333,-0.562970216864161,-0.566631405927855,-0.552615105930157,-0.560900020616628
1.43266666666667,-0.565623108389834,-0.569325217585954,-0.555201440902031,-0.563545630802622
1.433,-0.568294313900881,-0.572037844051076,-0.557805502047923,-0.56620952319124
1.43333333333333,-0.570983996791637,-0.574769455837723,-0.560427446246896,-0.568891861057517
1.43366666666667,-0.573692322240339,-0.577520225360375,-0.563067432075459,-0.571592809460788
1.434,-0.57641945723206,-0.580290326958564,-0.565725619829194,-0.574312535267645
1.43433333333333,-0.57916557058202,-0.583079936922348,-0.568402171544704,-0.577051207175284
1.43466666666667,-0.581930832959247,-0.585889233518196,-0.571097251021877,-0.579808995735151
1.435,-0.584715416910548,-0.588718397015252,-0.573811023846494,-0.582586073376991
1.43533333333333,-0.587519496884871,-0.591567609711993,-0.576543657413133,-0.585382614433206
1.43566666666667,-0.590343249258019,-0.59443705596332,-0.579295320948451,-0.588198795163611
1.436,-0.593186852357744,-0.597326922208066,-0.58206618553479,-0.591034793780542
1.43633333333333,-0.596050486489179,-0.600237396996891,-0.584856424134126,-0.593890790474339
1.43666666666667,-0.598934333960711,-0.603168671020671,-0.58766621161238,-0.596766967439226
1.437,-0.601838579110191,-0.606120937139276,-0.590495724764112,-0.599663508899568
1.43733333333333,-0.604763408331553,-0.60909439041081,-0.593345142337521,-0.602580601136512
1.43766666666667,-0.607709010101835,-0.612089228121323,-0.596214645059888,-0.605518432515061
1.438,-0.610675575008641,-0.615105649814985,-0.599104415663365,-0.608477193511521
1.43833333333333,-0.613663295777934,-0.618143857324684,-0.602014638911121,-0.611457076741394
1.43866666666667,-0.616672367302354,-0.621204054803188,-0.604945501623953,-0.614458276987677
1.439,-0.619702986669886,-0.624286448754723,-0.607897192707217,-0.617480991229583
1.43933333333333,-0.622755353192993,-0.627391248067082,-0.610869903178215,-0.620525418671726
1.43966666666667,-0.625829668438207,-0.630518664044246,-0.613863826193983,-0.623591760773725
1.44,-0.628926136256151,-0.633668910439502,-0.61687915707949,-0.626680221280274
1.44033333333333,-0.63204496281201,-0.636842203489087,-0.619916093356254,-0.629791006251664
1.44066666666667,-0.63518635661652,-0.640038761946388,-0.622974834771422,-0.632924324094784
1.441,-0.63835052855736,-0.643258807116675,-0.626055583327271,-0.636080385594586
1.44133333333333,-0.641537691931095,-0.646502562892364,-0.629158543311145,-0.63925940394604
1.44166666666667,-0.644748062475559,-0.649770255788894,-0.632283921325888,-0.642461594786591
1.442,-0.647981858402775,-0.653062114981123,-0.635431926320687,-0.645687176229087
1.44233333333333,-0.651239300432357,-0.656378372340346,-0.638602769622437,-0.648936368895257
1.44266666666667,-0.654520611825457,-0.659719262471912,-0.641796664967552,-0.652209395949682
1.443,-0.657826018419206,-0.663085022753422,-0.645013828534289,-0.655506483134305
1.44333333333333,-0.661155748661724,-0.666475893373537,-0.64825447897553,-0.658827858803465
1.44366666666667,-0.66451003364765,-0.669892117371467,-0.651518837452135,-0.662173753959492
1.444,-0.667889107154247,-0.673333940677057,-0.65480712766673,-0.665544402288856
1.44433333333333,-0.671293205678053,-0.676801612151502,-0.658119575898075,-0.66894004019887
1.44466666666667,-0.674722568472121,-0.680295383628821,-0.661456411035955,-0.672360906854983
1.445,-0.678177437583854,-0.683815509957892,-0.664817864616586,-0.675807244218666
1.44533333333333,-0.681658057893381,-0.687362249045249,-0.668204170858588,-0.679279297085852
1.44566666666667,-0.68516467715262,-0.690935861898565,-0.671615566699534,-0.682777313126046
1.446,-0.688697546024907,-0.694536612670855,-0.675052291833049,-0.68630154292201
1.44633333333333,-0.692256918125243,-0.69816476870537,-0.678514588746477,-0.689852240010078
1.44666666666667,-0.695843050061207,-0.701820600581278,-0.682002702759181,-0.693429660921128
1.447,-0.699456201474537,-0.705504382160103,-0.685516882061406,-0.697034065222204
1.44733333333333,-0.703096635083302,-0.709216390632878,-0.689057377753757,-0.70066571555878
1.44766666666667,-0.706764616724832,-0.712956906568157,-0.69262444388732,-0.704324877697741
1.448,-0.710460415399279,-0.71672621396076,-0.696218337504408,-0.708011820571003
1.44833333333333,-0.714184303313878,-0.720524600281375,-0.699839318679917,-0.711726816319852
1.44866666666667,-0.717936555927961,-0.724352356526982,-0.70348765056341,-0.715470140340022
1.449,-0.721717451998656,-0.728209777272114,-0.707163599421801,-0.719242071327458
1.44933333333333,-0.725527273627311,-0.732097160720964,-0.710867434682734,-0.723042891324834
1.44966666666667,-0.729366306306722,-0.736014808760427,-0.714599428978691,-0.726872885768824
1.45,-0.733234838969088,-0.739963027013968,-0.718359858191757,-0.730732343538146
1.45033333333333,-0.737133164034721,-0.743942124896451,-0.722149001499124,-0.734621557002352
1.45066666666667,-0.741061577461616,-0.74795241566987,-0.725967141419328,-0.738540822071479
1.451,-0.745020378795763,-0.751994216500055,-0.729814563859213,-0.742490438246424
1.45133333333333,-0.749009871222299,-0.7560678485143,-0.733691558161657,-0.746470708670186
1.45166666666667,-0.753030361617528,-0.760173636860044,-0.73759841715409,-0.750481940179988
1.452,-0.757082160601748,-0.764311910764478,-0.741535437197765,-0.754524443360154
1.45233333333333,-0.761165582592958,-0.768483003595226,-0.74550291823782,-0.758598532595941
1.45266666666667,-0.765280945861472,-0.772687252922065,-0.749501163854203,-0.762704526128201
1.453,-0.76942857258541,-0.776925000579697,-0.753530481313374,-0.766842746109005
1.45333333333333,-0.773608788907098,-0.781196592731588,-0.757591181620866,-0.771013518658103
1.45366666666667,-0.777821924990437,-0.785502379934966,-0.761683579574714,-0.775217173920405
1.454,-0.782068315079181,-0.789842717206892,-0.765807993819744,-0.779454046124354
1.45433333333333,-0.786348297556205,-0.794217964091505,-0.769964746902746,-0.783724473641285
1.45466666666667,-0.790662215003766,-0.798628484728453,-0.774154165328596,-0.788028799045803
1.455,-0.795010414264769,-0.803074647922486,-0.778376579617234,-0.792367369177136
1.45533333333333,-0.79939324650502,-0.807556827214296,-0.782632324361619,-0.796740535201495
1.45566666666667,-0.803811067276573,-0.812075400952581,-0.786921738286659,-0.801148652675548
1.456,-0.808264236582127,-0.81663075236742,-0.791245164309087,-0.805592081610903
1.45633333333333,-0.812753118940465,-0.821223269644862,-0.795602949598317,-0.810071186539669
1.45666666666667,-0.817278083453072,-0.825853346002935,-0.799995445638368,-0.814586336581198
1.457,-0.8218395038718,-0.830521379768907,-0.804423008290762,-0.819137905509858
1.45733333333333,-0.826437758667722,-0.835227774457986,-0.808885997858473,-0.823726271824005
1.45766666666667,-0.831073231101171,-0.839972938853403,-0.813384779151016,-0.828351818816148
1.458,-0.835746309292919,-0.844757287087912,-0.817919721550548,-0.833014934644251
1.45833333333333,-0.840457386296584,-0.849581238726745,-0.822491199079076,-0.837716012404284
1.45866666666667,-0.845206860172319,-0.854445218852096,-0.82709959046688,-0.842455450204012
1.459,-0.849995134061709,-0.859349658149086,-0.831745279222003,-0.847233651238045
1.45933333333333,-0.854822616263941,-0.864294992993258,-0.836428653700939,-0.852051023864152
1.45966666666667,-0.859689720313373,-0.869281665539739,-0.841150107180563,-0.856907981680935
1.46,-0.864596865058308,-0.874310123813912,-0.845910037931194,-0.861804943606794
1.46033333333333,-0.869544474741237,-0.879380821803796,-0.850708849290978,-0.866742333960266
1.46066666666667,-0.874532979080408,-0.88449421955411,-0.855546949741504,-0.871720582541783
1.461,-0.879562813352851,-0.889650783262032,-0.860424752984714,-0.876740124716813
1.46133333333333,-0.884634418478783,-0.89485098537468,-0.865342678021115,-0.881801401500438
1.46166666666667,-0.889748241107543,-0.900095304688469,-0.870301149229354,-0.886904859643453
1.462,-0.894904733705011,-0.905384226450211,-0.875300596447167,-0.892050951719922
1.46233333333333,-0.900104354642511,-0.910718242460098,-0.880341455053664,-0.897240136216265
1.46266666666667,-0.905347568287342,-0.916097851176616,-0.885424166053107,-0.902472877621951
1.463,-0.910634845094839,-0.921523557823376,-0.890549176160088,-0.907749646521722
1.46333333333333,-0.915966661702063,-0.926995874497917,-0.895716937886182,-0.913070919689477
1.46366666666667,-0.921343501023195,-0.93251532028257,-0.900927909628144,-0.918437180183804
1.464,-0.926765852346532,-0.938082421357368,-0.906182555757592,-0.923848917445213
1.46433333333333,-0.932234211433258,-0.943697711115046,-0.911481346712261,-0.92930662739504
1.46466666666667,-0.93774908061795,-0.949361730278236,-0.916824759088895,-0.934810812536177
1.465,-0.943310968910885,-0.955075027018858,-0.922213275737706,-0.940361982055545
1.46533333333333,-0.948920392102116,-0.96083815707972,-0.927647385858503,-0.945960651928397
1.46566666666667,-0.954577872867495,-0.96665168389847,-0.933127585098556,-0.951607345024517
1.466,-0.960283940876512,-0.972516178733853,-0.938654375652127,-0.957302591216268
1.46633333333333,-0.966039132902113,-0.978432220794385,-0.944228266361767,-0.963046927488627
1.46666666666667,-0.971843992932478,-0.984400397369471,-0.949849772821441,-0.968840898051164
1.467,-0.97769907228482,-0.990421303963041,-0.955519417481448,-0.974685054452075
1.46733333333333,-0.983604929721205,-0.996495544429664,-0.961237729755177,-0.980579955694209
1.46766666666667,-0.989562131566529,-1.00262373111341,-0.967005246127856,-0.986526168353274
1.468,-0.995571251828592,-1.00880648498926,-0.972822510267149,-0.992524266698144
1.46833333333333,-1.00163287232033,-1.01504443580727,-0.978690073135743,-0.998574832813327
1.46866666666667,-1.00774758278435,-1.02133822223957,-0.984608493106019,-1.00467845672373
1.469,-1.01391598101967,-1.02768849203017,-0.99057833607669,-1.01083573652167
1.46933333333333,-1.02013867301079,-1.03409590214762,-0.996600175591605,-1.01704727849615
1.46966666666667,-1.02641627305916,-1.0405611189408,-1.00267459296066,-1.02331369726462
1.47,-1.03274940391702,-1.04708481829755,-1.00880217738293,-1.02963561590708
1.47033333333333,-1.03913869692377,-1.05366768580659,-1.01498352607192,-1.03601366610265
1.47066666666667,-1.04558479214476,-1.06031041692244,-1.0212192443833,-1.04244848826871
1.471,-1.05208833851274,-1.06701371713378,-1.02750994594474,-1.0489407317026
1.47133333333333,-1.05864999397188,-1.0737783021349,-1.03385625278821,-1.05549105472587
1.47166666666667,-1.06527042562449,-1.08060489800081,-1.04025879548477,-1.06210012483136
1.472,-1.07195030988044,-1.08749424136551,-1.04671821328166,-1.06876861883287
1.47233333333333,-1.07869033260944,-1.0944470796041,-1.05323515424203,-1.07549722301772
1.47266666666667,-1.08549118929605,-1.10146417101831,-1.05981027538723,-1.08228663330211
1.473,-1.09235358519775,-1.10854628502583,-1.06644424284165,-1.08913755538945
1.47333333333333,-1.0992782355058,-1.11569420235339,-1.07313773198029,-1.09605070493158
1.47366666666667,-1.10626586550931,-1.12290871523376,-1.07989142757908,-1.10302680769311
1.474,-1.11331721076232,-1.13019062760669,-1.08670602396792,-1.11006659971884
1.47433333333333,-1.12043301725396,-1.13754075532386,-1.09358222518661,-1.1171708275043
1.47466666666667,-1.12761404158202,-1.14495992635809,-1.10052074514369,-1.12434024816958
1.475,-1.13486105112967,-1.15244898101666,-1.10752230777822,-1.13157562963646
1.47533333333333,-1.14217482424559,-1.16000877215907,-1.11458764722461,-1.13887775080884
1.47566666666667,-1.14955615042758,-1.16764016541919,-1.12171750798049,-1.14624740175673
1.476,-1.15700583050965,-1.17534403943197,-1.12891264507784,-1.15368538390371
1.47633333333333,-1.16452467685261,-1.18312128606476,-1.1361738242572,-1.16119251021789
1.47666666666667,-1.17211351353855,-1.19097281065345,-1.14350182214529,-1.16876960540671
1.477,-1.17977317656882,-1.19889953224343,-1.15089742643595,-1.17641750611543
1.47733333333333,-1.18750451406597,-1.20690238383549,-1.15836143607447,-1.18413706112931
1.47766666666667,-1.1953083864796,-1.21498231263693,-1.16589466144548,-1.19192913157995
1.478,-1.20318566679612,-1.22314028031773,-1.17349792456439,-1.19979459115545
1.47833333333333,-1.2111372407527,-1.23137726327216,-1.18117205927248,-1.20773432631471
1.47866666666667,-1.21916400705526,-1.23969425288585,-1.18891791143574,-1.21574923650594
1.479,-1.22726687760085,-1.24809225580838,-1.1967363391475,-1.22384023438936
1.47933333333333,-1.2354467777043,-1.25657229423161,-1.20462821293497,-1.23200824606434
1.47966666666667,-1.24370464632932,-1.2651354061739,-1.21259441596974,-1.24025421130093
1.48,-1.25204143632419,-1.27378264577031,-1.2206358442824,-1.24857908377602
1.48033333333333,-1.26045811466203,-1.28251508356888,-1.22875340698115,-1.25698383131403
1.48066666666667,-1.26895566268594,-1.29133380683327,-1.23694802647493,-1.26546943613249
1.481,-1.27753507635879,-1.30023991985177,-1.24522063870054,-1.27403689509242
1.48133333333333,-1.28619736651819,-1.30923454425289,-1.25357219335447,-1.28268721995364
1.48166666666667,-1.29494355913639,-1.31831881932773,-1.2620036541291,-1.2914214376352
1.482,-1.30377469558537,-1.32749390235925,-1.27051599895358,-1.30024059048105
1.48233333333333,-1.31269183290731,-1.33676096895852,-1.27911022023937,-1.30914573653088
1.48266666666667,-1.3216960440904,-1.34612121340831,-1.28778732513066,-1.31813794979652
1.483,-1.33078841835022,-1.35557584901408,-1.29654833575975,-1.32721832054385
1.48333333333333,-1.33997006141672,-1.36512610846241,-1.30539428950732,-1.33638795558027
1.48366666666667,-1.34924209582715,-1.37477324418745,-1.31432623926805,-1.34564797854815
1.484,-1.35860566122469,-1.38451852874509,-1.32334525372133,-1.35499953022407
1.48433333333333,-1.36806191466327,-1.39436325519545,-1.33245241760742,-1.36444376882414
1.48466666666667,-1.37761203091856,-1.40430873749358,-1.34164883200914,-1.37398187031558
1.485,-1.3872572028053,-1.4143563108889,-1.35093561463909,-1.38361502873458
1.48533333333333,-1.39699864150096,-1.42450733233314,-1.36031390013268,-1.3933444565106
1.48566666666667,-1.40683757687628,-1.43476318089751,-1.36978484034702,-1.40317138479742
1.486,-1.41677525783229,-1.44512525819892,-1.37934960466578,-1.41309706381085
1.48633333333333,-1.42681295264446,-1.45559498883559,-1.38900938031016,-1.4231227631734
1.48666666666667,-1.43695194931385,-1.46617382083247,-1.39876537265627,-1.43324977226607
1.487,-1.44719355592549,-1.47686322609635,-1.40861880555875,-1.44347940058737
1.48733333333333,-1.45753910101414,-1.48766470088122,-1.418570921681,-1.45381297811971
1.48766666666667,-1.46798993393773,-1.49857976626396,-1.42862298283215,-1.46425185570346
1.488,-1.47854742525847,-1.50960996863068,-1.43877627031086,-1.47479740541867
1.48833333333333,-1.48921296713182,-1.52075688017391,-1.44903208525609,-1.48545102097481
1.48866666666667,-1.49998797370373,-1.53202209940104,-1.45939174900509,-1.49621411810857
1.489,-1.51087388151605,-1.54340725165407,-1.46985660345863,-1.50708813498998
1.48933333333333,-1.52187214992045,-1.55491398964113,-1.48042801145381,-1.518074532637
1.48966666666667,-1.53298426150106,-1.56654399398012,-1.49110735714445,-1.52917479533888
1.49,-1.54421172250592,-1.57829897375439,-1.50189604638939,-1.54039043108831
1.49033333333333,-1.55555606328762,-1.59018066708132,-1.51279550714869,-1.55172297202269
1.49066666666667,-1.5670188387531,-1.60219084169355,-1.52380718988811,-1.56317397487474
1.491,-1.57860162882308,-1.61433129553371,-1.5349325679919,-1.57474502143264
1.49133333333333,-1.59030603890115,-1.62660385736239,-1.54617313818421,-1.58643771900977
1.49166666666667,-1.60213370035288,-1.63901038738039,-1.55753042095922,-1.59825370092468
1.492,-1.61408627099503,-1.65155277786484,-1.56900596102021,-1.61019462699096
1.49233333333333,-1.62616543559523,-1.66423295382014,-1.58060132772781,-1.62226218401768
1.49266666666667,-1.63837290638237,-1.6770528736438,-1.59231811555766,-1.63445808632064
1.493,-1.65071042356785,-1.69001452980756,-1.60415794456754,-1.64678407624423
1.49333333333333,-1.66317975587795,-1.70311994955425,-1.61612246087442,-1.65924192469474
1.49366666666667,-1.67578270109775,-1.71637119561064,-1.6282133371414,-1.67183343168494
1.494,-1.68852108662666,-1.72977036691695,-1.64043227307507,-1.68456042689049
1.49433333333333,-1.70139677004588,-1.743319599373,-1.65278099593312,-1.69742477021815
1.49466666666667,-1.71441163969822,-1.75702106660187,-1.66526126104294,-1.71042835238643
1.495,-1.72756761528032,-1.77087698073113,-1.6778748523309,-1.72357309551861
1.49533333333333,-1.74086664844773,-1.78488959319224,-1.69062358286305,-1.73686095374862
1.49566666666667,-1.75431072343318,-1.79906119553866,-1.70350929539721,-1.7502939138402
1.496,-1.76790185767815,-1.81339412028277,-1.71653386294678,-1.7638739958192
1.49633333333333,-1.78164210247818,-1.82789074175251,-1.72969918935651,-1.77760325361984
1.49666666666667,-1.79553354364235,-1.84255347696785,-1.74300720989062,-1.79148377574492
1.497,-1.80957830216699,-1.85738478653778,-1.75645989183336,-1.80551768594044
1.49733333333333,-1.8237785349241,-1.87238717557811,-1.77005923510244,-1.81970714388487
1.49766666666667,-1.83813643536497,-1.88756319465093,-1.78380727287558,-1.83405434589357
1.498,-1.85265423423893,-1.90291544072575,-1.79770607223043,-1.8485615256385
1.49833333333333,-1.86733420032807,-1.91844655816325,-1.81175773479819,-1.86323095488363
1.49866666666667,-1.8821786411979,-1.93415923972205,-1.82596439743127,-1.87806494423667
1.499,-1.8971899039646,-1.9500562275888,-1.84032823288529,-1.893065843917
1.49933333333333,-1.91237037607895,-1.96614031443253,-1.85485145051559,-1.90823604454058
1.49966666666667,-1.92772248612765,-1.98241434448348,-1.86953629698888,-1.92357797792209
1.5,-1.9432487046522,-1.99888121463724,-1.8843850570101,-1.9390941178947
1.50033333333333,-1.95895154498559,-2.01554387558438,-1.89940005406484,-1.95478698114762
1.50066666666667,-1.97483356410777,-2.03240533296671,-1.91458365117785,-1.97065912808245
1.501,-1.99089736351967,-2.0494686485602,-1.92993825168786,-1.986713163688
1.50133333333333,-2.00714559013642,-2.06673694148544,-1.94546630003891,-2.00295173843452
1.50166666666667,-2.02358093720041,-2.08421338944612,-1.96117028258888,-2.01937754918751
1.502,-2.04020614521443,-2.10190122999648,-1.97705272843545,-2.03599334014172
1.50233333333333,-2.05702400289509,-2.11980376183749,-1.99311621025952,-2.05280190377553
1.50266666666667,-2.07403734814761,-2.13792434614351,-2.00936334518721,-2.06980608182649
1.503,-2.09124906906161,-2.15626640791899,-2.02579679566998,-2.08700876628804
1.50333333333333,-2.10866210492907,-2.17483343738638,-2.04241927038383,-2.10441290042829
1.50366666666667,-2.1262794472845,-2.19362899140595,-2.05923352514778,-2.12202147983103
1.504,-2.14410414096801,-2.21265669492764,-2.07624236386204,-2.13983755345967
1.50433333333333,-2.16213928521148,-2.23192024247595,-2.09344863946614,-2.15786422474421
1.50466666666667,-2.18038803474861,-2.25142339966828,-2.1108552549176,-2.17610465269213
1.505,-2.19885360094925,-2.27117000476754,-2.12846516419157,-2.19456205302356
1.50533333333333,-2.21753925297815,-2.29116397026911,-2.14628137330148,-2.21323969933086
1.50566666666667,-2.23644831897931,-2.31140928452338,-2.16430694134164,-2.23214092426371
1.506,-2.25558418728562,-2.33191001339392,-2.18254498155173,-2.25126912073963
1.50633333333333,-2.27495030765483,-2.35267030195185,-2.20099866240378,-2.27062774318066
1.50666666666667,-2.29455019253217,-2.3736943762074,-2.21967120871215,-2.29022030877685
1.507,-2.31438741834003,-2.39498654487856,-2.23856590276666,-2.31005039877668
1.50733333333333,-2.33446562679519,-2.41655120119746,-2.2576860854894,-2.330121659805
1.50766666666667,-2.35478852625419,-2.43839282475523,-2.27703515761563,-2.35043780520925
1.508,-2.37535989308729,-2.46051598338543,-2.29661658089926,-2.37100261643413
1.50833333333333,-2.3961835730812,-2.48292533508618,-2.31643387934281,-2.39181994442506
1.50866666666667,-2.41726348287152,-2.50562562998204,-2.33649064045299,-2.41289371106135
1.509,-2.43860361140489,-2.52862171232502,-2.35679051652146,-2.43422791061909
1.50933333333333,-2.46020802143141,-2.55191852253552,-2.3773372259317,-2.45582661126432
1.50966666666667,-2.48208085102798,-2.57552109928315,-2.39813455449209,-2.47769395657698
1.51,-2.50422631515257,-2.59943458160742,-2.41918635679545,-2.49983416710601
1.51033333333333,-2.52664870722991,-2.62366421107819,-2.44049655760545,-2.52225154195565
1.51066666666667,-2.54935240076923,-2.64821533399613,-2.46206915327015,-2.54495046040393
1.511,-2.57234185101399,-2.67309340363258,-2.48390821316293,-2.56793538355306
1.51133333333333,-2.59562159662388,-2.69830398250858,-2.50601788115086,-2.59121085601218
1.51166666666667,-2.61919626138982,-2.72385274471278,-2.52840237709099,-2.61478150761301
1.512,-2.64307055598158,-2.74974547825741,-2.55106599835448,-2.63865205515819
1.51233333333333,-2.66724927972834,-2.77598808747158,-2.57401312137858,-2.6628273042026
1.51266666666667,-2.69173732243282,-2.80258659543145,-2.59724820324715,-2.68731215086817
1.513,-2.71653966621814,-2.82954714642536,-2.62077578329874,-2.71211158369149
1.51333333333333,-2.74166138740807,-2.85687600845334,-2.64460048476312,-2.73723068550489
1.51366666666667,-2.76710765844037,-2.88457957575921,-2.66872701642552,-2.76267463535048
1.514,-2.79288374981327,-2.91266437139372,-2.69316017431903,-2.78844871042751
1.51433333333333,-2.81899503206417,-2.94113704980618,-2.71790484344398,-2.81455828807196
1.51466666666667,-2.84544697778133,-2.97000439946317,-2.74296599951518,-2.8410088477691
1.515,-2.87224516364707,-2.99927334549102,-2.76834871073555,-2.86780597319766
1.51533333333333,-2.89939527251246,-3.02895095233932,-2.79405813959617,-2.89495535430557
1.51566666666667,-2.92690309550292,-3.05904442646246,-2.82009954470213,-2.92246278941665
1.516,-2.95477453415356,-3.08956111901524,-2.84647828262327,-2.95033418736712
1.51633333333333,-2.9830156025734,-3.1205085285582,-2.87319980976885,-2.97857556967114
1.51666666666667,-3.01163242963773,-3.15189430376888,-2.90026968428567,-3.00719307271454
1.517,-3.04063126120667,-3.18372624615287,-2.92769356797771,-3.03619294997491
1.51733333333333,-3.0700184623689,-3.21601231274982,-2.95547722824656,-3.06558157426698
1.51766666666667,-3.09980051970896,-3.24876061882796,-2.98362654005107,-3.09536544001174
1.518,-3.12998404359554,-3.28197944055975,-3.01214748788406,-3.12555116552676
1.51833333333333,-3.16057577048916,-3.31567721767168,-3.04104616776463,-3.15614549533607
1.51866666666667,-3.19158256526675,-3.34986255605965,-3.07032878924375,-3.18715530249711
1.519,-3.22301142356008,-3.38454423036067,-3.10000167742078,-3.21858759094194
1.51933333333333,-3.2548694741049,-3.41973118647047,-3.13007127496773,-3.25044949782927
1.51966666666667,-3.28716398109806,-3.45543254399708,-3.16054414415944,-3.28274829590493
1.52,-3.31990234655764,-3.49165759863662,-3.19142696890455,-3.31549139586557
1.52033333333333,-3.35309211268303,-3.52841582445983,-3.22272655677548,-3.34868634872279
1.52066666666667,-3.38674096420957,-3.56571687609379,-3.25444984103207,-3.38234084816226
1.521,-3.42085673075266,-3.60357059078338,-3.28660388263475,-3.41646273289268
1.52133333333333,-3.45544738913574,-3.64198699031561,-3.31919587224227,-3.45105998897926
1.52166666666667,-3.49052106569624,-3.6809762827882,-3.35223313218896,-3.48614075215571
1.522,-3.52608603856189,-3.72054886420181,-3.38572311843483,-3.52171331010718
1.52233333333333,-3.56215073989032,-3.76071531985424,-3.41967342248249,-3.55778610471722
1.52266666666667,-3.59872375806385,-3.80148642551304,-3.45409177325376,-3.59436773427077
1.523,-3.63581383982987,-3.84287314833991,-3.48898603891782,-3.63146695560344
1.52333333333333,-3.67342989237752,-3.88488664753986,-3.52436422866264,-3.66909268618815
1.52366666666667,-3.71158098533963,-3.92753827470432,-3.56023449440065,-3.70725400614804
1.524,-3.75027635270814,-3.97083957381553,-3.59660513239774,-3.74596016018385
1.52433333333333,-3.78952539465009,-4.01480228087676,-3.6334845848153,-3.7852205594033
1.52466666666667,-3.82933767921104,-4.05943832313107,-3.67088144115331,-3.82504478303898
1.525,-3.8697229438897,-4.1047598178263,-3.70880443958097,-3.86544258003918
1.52533333333333,-3.91069109706798,-4.15077907048269,-3.74726246814112,-3.9064238705156
1.52566666666667,-3.95225221927896,-4.19750857261599,-3.78626456581336,-3.94799874703063
1.526,-3.9944165642925,-4.24496099886342,-3.82581992341863,-3.9901774757044
1.52633333333333,-4.03719455999858,-4.29314920345901,-3.86593788434814,-4.0329704971214
1.52666666666667,-4.08059680906535,-4.34208621599865,-3.90662794509676,-4.07638842701429
1.527,-4.1246340893472,-4.39178523643134,-3.94789975557996,-4.12044205669998
1.52733333333333,-4.16931735401671,-4.44225962920925,-3.98976311921174,-4.16514235324242
1.52766666666667,-4.21465773139203,-4.49352291652458,-4.03222799271948,-4.21050045931369
1.528,-4.26066652442884,-4.5455887705553,-4.07530448566896,-4.25652769272275
1.52833333333333,-4.30735520984333,-4.59847100463715,-4.11900285967132,-4.30323554557882
1.52866666666667,-4.35473543683158,-4.65218356327532,-4.1633335272422,-4.35063568305475
1.529,-4.40281902534557,-4.70674051090041,-4.20830705027909,-4.39873994171113
1.52933333333333,-4.45161796388585,-4.76215601927147,-4.25393413812321,-4.44756032734149
1.52966666666667,-4.50114440676587,-4.81844435341929,-4.3002256451672,-4.49710901229387
1.53,-4.55141067080054,-4.87561985601951,-4.34719256796862,-4.54739833222192
1.53033333333333,-4.60242923136827,-4.93369693007723,-4.394846041826,-4.59844078221486
1.53066666666667,-4.65421271779208,-4.99269001979981,-4.44319733677137,-4.65024901225294
1.531,-4.70677390798154,-5.05261358952684,-4.49225785292992,-4.70283582192989
1.53133333333333,-4.7601257222726,-5.11348210057981,-4.54203911519338,-4.75621415438077
1.53166666666667,-4.81428121640058,-5.1753099858898,-4.59255276715255,-4.81039708935032
1.532,-4.86925357353349,-5.23811162225137,-4.64381056422739,-4.86539783533038
1.53233333333333,-4.92505609529237,-5.30190130004889,-4.69582436593288,-4.92122972069285
1.53266666666667,-4.98170219167751,-5.36669319029283,-4.74860612721223,-4.97790618373873
1.533,-5.03920536981644,-5.43250130880005,-4.80216788876673,-5.03544076157897
1.53333333333333,-5.09757922144297,-5.49933947734587,-4.8565217663061,-5.09384707775804
1.53366666666667,-5.1568374090139,-5.56722128161458,-4.9116799386409,-5.15313882852721
1.534,-5.21699365036142,-5.63616002576836,-4.96765463453193,-5.21332976766664
1.53433333333333,-5.27806170177687,-5.70616868345608,-5.02445811820898,-5.27443368975321
1.53466666666667,-5.34005533941478,-5.77725984508163,-5.08210267346671,-5.33646441176358
1.535,-5.40298833890015,-5.84944566115225,-5.14060058624016,-5.39943575289723
1.53533333333333,-5.4668744530186,-5.92273778153237,-5.19996412555985,-5.46336151249974
1.53566666666667,-5.5317273873618,-5.99714729043259,-5.26020552278093,-5.52825544596047
1.536,-5.5975607737964,-6.07268463697187,-5.32133694897744,-5.59413123845406
1.53633333333333,-5.6643881416204,-6.14935956116384,-5.38337049038981,-5.66100247639116
1.53666666666667,-5.73222288626618,-6.22718101519188,-5.44631812180975,-5.72888261643915
1.537,-5.80107823540486,-6.3061570798572,-5.5101916777843,-5.79778495196947
1.53733333333333,-5.87096721230457,-6.38629487610754,-5.57500282151792,-5.86772257678523
1.53766666666667,-5.94190259629305,-6.46760047158545,-5.64076301135262,-5.93870834598209
1.538,-6.01389688017065,-6.55007878216493,-5.70748346470089,-6.01075483378979
1.53833333333333,-6.08696222442372,-6.6337334684925,-5.77517511931188,-6.08387428824669
1.53866666666667,-6.16111040808608,-6.71856682759286,-5.84384859174914,-6.15807858255692
1.539,-6.23635277609964,-6.80457967965668,-5.91351413296236,-6.23337916298297
1.53933333333333,-6.31270018302999,-6.89177125019305,-5.98418158084057,-6.30978699313272
1.53966666666667,-6.39016293299964,-6.98013904780327,-6.05586030964083,-6.38731249450461
1.54,-6.4687507157092,-7.06967873791469,-6.12855917619354,-6.46596548316431
1.54033333333333,-6.54847253842947,-7.16038401290783,-6.20228646279765,-6.54575510243768
1.54066666666667,-6.6293366538627,-7.25224645917622,-6.27704981673335,-6.62668975152087
1.541,-6.71135048378758,-7.34525542176958,-6.35285618633303,-6.7087770099238
1.54133333333333,-6.79452053842835,-7.43939786740412,-6.42971175357593,-6.79202355768979
1.54166666666667,-6.87885233151114,-7.53465824675569,-6.50762186319085,-6.87643509135633
1.542,-6.96435029100537,-7.63101835710452,-6.58659094828135,-6.96201623565633
1.54233333333333,-7.05101766558277,-7.72845720655718,-6.66662245251841,-7.04877045099386
1.54266666666667,-7.13885642687106,-7.82695088124118,-6.74771874898279,-7.13669993677241
1.543,-7.22786716762608,-7.92647241704188,-6.82988105577939,-7.22580553070032
1.54333333333333,-7.31804899600189,-8.02699167763156,-6.91310934859238,-7.31608660425221
1.54366666666667,-7.40939942616336,-8.12847524072856,-6.99740227040425,-7.40754095453083
1.544,-7.50191426554972,-8.23088629469955,-7.08275703865459,-7.50016469283601
1.54433333333333,-7.59558749918127,-8.33418454780447,-7.16916935018345,-7.59395213033024
1.54466666666667,-7.69041117148066,-8.43832615254345,-7.25663328436801,-7.68889566126837
1.545,-7.78637526617565,-8.54326364772197,-7.34514120493931,-7.78498564435374
1.54533333333333,-7.88346758494808,-8.64894592097572,-7.4346836610428,-7.88221028287782
1.54566666666667,-7.98167362560319,-8.75531819459886,-7.52524928819494,-7.98055550440965
1.546,-8.08097646064365,-8.86232203757578,-7.61682470987292,-8.0800048409079
1.54633333333333,-8.18135661725162,-8.96989540672954,-7.70939444056843,-8.18053931024629
1.54666666666667,-8.28279195980893,-9.07797271985927,-7.80294079123317,-8.2821373002662
1.547,-8.38525757620299,-9.18648496361985,-7.89744377813306,-8.38477445658511
1.54733333333333,-8.48872566929959,-9.29535983871889,-7.99288103622803,-8.48842357552018
1.54766666666667,-8.59316545508215,-9.4045219447277,-8.08922773828157,-8.59305450360015
1.548,-8.69854306907455,-9.51389300643953,-8.18645652098743,-8.69863404525371
1.54833333333333,-8.80482148277738,-9.62339214324683,-8.28453741948079,-8.80512588036951
1.54866666666667,-8.91196043194005,-9.73293618244076,-8.38343781166222,-8.91249049351286
1.549,-9.01991635857078,-9.84244001666593,-8.48312237381172,-9.02068511665754
1.54933333333333,-9.12864236864028,-9.95181700499075,-8.58355304899822,-9.12966368734213
1.54966666666667,-9.23808820746617,-10.060979416189,-8.68468902979865,-9.23937682418521
1.55,-9.34820025474972,-10.1698389118702,-8.78648675681058,-9.34977182167514
1.55033333333333,-9.45892154119735,-10.2783070660829,-8.88889993439537,-9.46079266610624
1.55066666666667,-9.57019178855858,-10.3862959169432,-8.99187956499086,-9.57238007442882
1.551,-9.68194747476602,-10.4937185447519,-9.0953740032011,-9.68447155763123
1.55133333333333,-9.79412192566044,-10.6004896699858,-9.19932903069582,-9.79700151006722
1.55166666666667,-9.90664543451315,-10.7065262635149,-9.30368795272519,-9.90990132587074
1.552,-10.0194454102254,-10.8117481604388,-9.40839171678375,-10.0230995432657
1.55233333333333,-10.1324465546817,-10.9160786681089,-9.51337905363263,-10.1365220171794
1.55266666666667,-10.245571069265,-11.0194451582296,-9.61858664051941,-10.2500921201007
1.553,-10.3587388900017,-11.1217796324489,-9.72394928601143,-10.3637309705894
1.55333333333333,-10.4718679502103,-11.2230192506141,-9.82940013540107,-10.4773576882576
1.55366666666667,-10.5848744688729,-11.3231068108639,-9.93487089514038,-10.5908896733943
1.554,-10.6976732622536,-11.4219911710174,-10.0402920742376,-10.7042429087269
1.55433333333333,-10.8101780755661,-11.5196276012798,-10.1455932400063,-10.8173322800978
1.55466666666667,-10.9223019307567,-11.6159780591294,-10.2507032850119,-10.9300719121179
1.555,-11.0339574857427,-11.7110113783521,-10.3555507015253,-11.0423755141488
1.55533333333333,-11.1450573997489,-11.8047033655385,-10.4600638592835,-11.1541567312835
1.55566666666667,-11.2555146987548,-11.8970367989053,-10.5641712819025,-11.2653294943889
1.556,-11.3652431344985,-11.9880013260023,-10.6678019168802,-11.3758083627219
1.55633333333333,-11.4741575300499,-12.0775932586811,-10.7708853938225,-11.4855088522215
1.55666666666667,-11.582174104646,-12.1658152655481,-10.8733522653042,-11.5943477422736
1.557,-11.6892107703343,-12.2526759639689,-10.9751342246799,-11.7022433536206
1.55733333333333,-11.795187392995,-12.3381894154622,-11.0761642951958,-11.809115790126
1.55766666666667,-11.9000260105385,-12.422374529968,-11.1763769849228,-11.9148871373436
1.558,-12.003651001494,-12.5052543859532,-11.2757084023556,-12.0194816112757
1.55833333333333,-12.1059891978514,-12.586855474592,-11.3740963279953,-12.1228256513536
1.55866666666667,-12.2069699368549,-12.6672068773007,-11.4714802378543,-12.224847952524
1.559,-12.3065250474873,-12.746339386701,-11.567801275585,-12.3254794323643
1.55933333333333,-12.4045887686055,-12.8242845816421,-11.6630021708314,-12.4246531303775
1.55966666666667,-12.5010975970602,-12.9010738672224,-11.7570271024079,-12.5223040379914
1.56,-12.5959900656331,-12.9767374908514,-11.8498215060156,-12.6183688592901
1.56033333333333,-12.6892064522235,-13.0513035453079,-11.9413318273828,-12.712785704106
1.56066666666667,-12.780688423363,-13.1247969695073,-12.0315052229399,-12.8054937167562
1.561,-12.8703786168085,-13.1972385573465,-12.1202892113826,-12.8964326453857
1.56133333333333,-12.9582201696083,-13.2686439845734,-12.2076312807195,-12.98554235854
1.56166666666667,-13.0441561996332,-13.3390228631936,-12.2934784566083,-13.0727623172035
1.562,-13.1281292500552,-13.40837783249,-12.3777768389396,-13.1580310120576
1.56233333333333,-13.210080707635,-13.4767036953653,-12.4604711147082,-13.2412853771222
1.56266666666667,-13.2899502069025,-13.5439866084158,-12.5415040561918,-13.3224601921984
1.563,-13.3676750333577,-13.6102033339559,-12.6208160143301,-13.4014874876202
1.56333333333333,-13.4431895396755,-13.6753205621401,-12.6983444179364,-13.4782959657154
1.56366666666667,-13.5164245895336,-13.7392943113749,-12.7740232899823,-13.5528104540591
1.564,-13.5873070440929,-13.8020694153763,-12.8477827926413,-13.6249514060472
1.56433333333333,-13.6557593063273,-13.8635791054914,-12.9195488130713,-13.6946344645214
1.56466666666667,-13.7216989383124,-13.923744697231,-12.9892426020342,-13.7617701041072
1.565,-13.7850383662147,-13.9824753903196,-13.0567804773796,-13.8262633675603
1.56533333333333,-13.8456846870803,-14.0396681919045,-13.1220736041613,-13.8880137107557
1.56566666666667,-13.9035395905588,-14.0952079728176,-13.1850278626729,-13.9469149699405
1.566,-13.9584994074213,-14.1489676668771,-13.2455438149928,-14.002855463511
1.56633333333333,-14.0104552951029,-14.2008086230689,-13.3035167796673,-14.0557182388251
1.56666666666667,-14.0592935685218,-14.2505811199872,-13.3588370229567,-14.1053814724178
1.567,-14.1048961820735,-14.2981250510315,-13.4113900735661,-14.1517190294229
1.56733333333333,-14.1471413659781,-14.3432707874948,-13.4610571660002,-14.1946011850327
1.56766666666667,-14.1859044170812,-14.3858402247414,-13.5077158155891,-14.233895507451
1.568,-14.2210586407953,-14.4256480141096,-13.5512405258528,-14.2694678980551
1.56833333333333,-14.2524764371767,-14.4625029799591,-13.5915036261998,-14.3011837804351
1.56866666666667,-14.2800305202237,-14.4962097173929,-13.6283762350385,-14.328909425703
1.569,-14.3035952554557,-14.5265703616746,-13.6617293402516,-14.3525133970888
1.56933333333333,-14.3230480968126,-14.5533865153005,-13.6914349857214,-14.3718680924844
1.56966666666667,-14.3382711000365,-14.5764613132175,-13.7173675492735,-14.3868513594512
1.57,-14.3491524861305,-14.5956016009809,-13.7394050941487,-14.3973481534374
1.57033333333333,-14.3555882254111,-14.6106201949612,-13.7574307730231,-14.4032522067723
1.57066666666667,-14.3574836102429,-14.6213381883166,-13.7713342608288,-14.4044676735988
1.571,-14.3547547829526,-14.6275872616573,-13.7810131903086,-14.4009107144625
1.57133333333333,-14.3473301848001,-14.6292119534666,-13.7863745625186,-14.3925109839505
1.57166666666667,-14.3351518923408,-14.6260718427247,-13.7873361034908,-14.3792129856622
1.572,-14.3181768091348,-14.6180435950828,-13.7838275381045,-14.3609772609726
1.57233333333333,-14.2963776835172,-14.6050228245813,-13.7757917529506,-14.337781381478
1.57266666666667,-14.2697439270271,-14.5869257254251,-13.763185821659,-14.3096207196322
1.573,-14.2382822129425,-14.5636904327496,-13.7459818687756,-14.2765089777191
1.57333333333333,-14.2020168400446,-14.5352780775451,-13.7241677517714,-14.2384784617517
1.57366666666667,-14.1609898529799,-14.5016735087377,-13.6977475450288,-14.1955800938656
1.574,-14.1152609171586,-14.462885664538,-13.6667418145289,-14.1478831639778
1.57433333333333,-14.064906952724,-14.4189475851349,-13.6311876772683,-14.0954748285892
1.57466666666667,-14.010021538468,-14.3699160691658,-13.591138644945,-14.0384593713083
1.575,-13.9507141023814,-14.3158709866126,-13.5466642569413,-13.9769572456675
1.57533333333333,-13.8871089205778,-14.2569142703616,-13.4978495128718,-13.9111039258699
1.57566666666667,-13.8193439504341,-14.1931686171718,-13.4447941197391,-13.8410485950455
1.576,-13.747569526816,-14.1247759358376,-13.3876115728653,-13.7669527033126
1.57633333333333,-13.6719469521492,-14.0518955856516,-13.3264280931119,-13.6889884293998
1.57666666666667,-13.5926470118422,-13.9747024516941,-13.2613814453436,-13.6073370798015
1.577,-13.5098484462472,-13.8933849049955,-13.1926196646197,-13.5221874585346
1.57733333333333,-13.4237364090356,-13.808142695285,-13.1202997171736,-13.433734238651
1.57766666666667,-13.3345009397489,-13.7191848220577,-13.0445861229601,-13.342176363945
1.578,-13.2423354754966,-13.6267274262923,-12.9656495654462,-13.2477155059509
1.57833333333333,-13.1474354235245,-13.5309917406558,-12.88366551257,-13.1505545975783
1.57866666666667,-13.0499968128229,-13.4322021307389,-12.7988128704671,-13.0508964607593
1.579,-12.9502150392803,-13.3305842541264,-12.7112726888684,-12.9489425414808
1.57933333333333,-12.8482837152456,-13.2263633581967,-12.6212269341068,-12.8448917616836
1.57966666666667,-12.7443936308762,-13.119762731737,-12.5288573425985,-12.7389394938621
1.58,-12.6387318314332,-13.0110023199879,-12.4343443646035,-12.6312766608967
1.58033333333333,-12.5314808117817,-12.900297507719,-12.3378662051166,-12.5220889607306
1.58066666666667,-12.422817826847,-12.78785807055,-12.2395979659941,-12.4115562130419
1.581,-12.3129143146588,-12.6738872909869,-12.1397108909278,-12.2998518230235
1.58133333333333,-12.2019354269082,-12.5585812326005,-12.0383717127008,-12.187142355805
1.58166666666667,-12.0900396606185,-12.4421281633935,-11.9357421002907,-12.0735872138656
1.582,-11.9773785835758,-12.324708117669,-11.8319782018675,-11.9593384089909
1.58233333333333,-11.8640966455353,-12.2064925845476,-11.7272302785249,-11.8445404198579
1.58266666666667,-11.7503310668754,-12.0876443106233,-11.6216424226861,-11.7293301261457
1.583,-11.6362117962804,-11.9683172040266,-11.5153523545092,-11.6138368101317
1.58333333333333,-11.5218615291286,-11.848656327287,-11.4084912892415,-11.4981822169683
1.58366666666667,-11.4073957785432,-11.7287979668008,-11.3011838683208,-11.3824806652394
1.584,-11.2929229914375,-11.6088697673223,-11.1935481470362,-11.2668391998882
1.58433333333333,-11.1785447023809,-11.4889909206733,-11.0856956317397,-11.1513577801904
1.58466666666667,-11.0643557186406,-11.3692723987274,-10.9777313598715,-11.0361294960623
1.585,-10.9504443303343,-11.2498172216529,-10.8697540164408,-10.921240806639
1.58533333333333,-10.8368925402157,-11.1307207533307,-10.7618560810274,-10.8067717956962
1.58566666666667,-10.7237763081983,-11.0120710167968,-10.6541239998371,-10.6927964391144
1.586,-10.6111658062965,-10.8939490234522,-10.546638377837,-10.5793828801918
1.58633333333333,-10.4991256802001,-10.7764291106299,-10.439474186481,-10.4665937091675
1.58666666666667,-10.387715314219,-10.6595792829028,-10.3327009830311,-10.3544862438531
1.587,-10.2769890967969,-10.5434615532327,-10.226383137939,-10.2431128087422
1.58733333333333,-10.1669966842412,-10.4281322807274,-10.1205800672087,-10.1325210104166
1.58766666666667,-10.0577832606981,-10.3136425023517,-10.0153464670672,-10.0227540074486
1.588,-9.94938979276369,-10.2000382564672,-9.91073254866792,-9.91385077335914
1.58833333333333,-9.8418532774336,-10.0873608965298,-9.8067842708961,-9.80584635149285
1.58866666666667,-9.73520698237096,-9.97564739367309,-9.70354356967137,-9.69877210094225
1.589,-9.62948067771687,-9.8649306272498,-9.60104858242925,-9.59265593288806
1.58933333333333,-9.52470085887402,-9.75523966269335,-9.49933386671697,-9.48752253691865
1.58966666666667,-9.42089095988078,-9.64660001631333,-9.39843061207091,-9.38339359706771
1.59,-9.31807155713801,-9.53903390683755,-9.29836684453164,-9.28028799744493
1.59033333333333,-9.21626056339045,-9.43256049369373,-9.19916762333568,-9.17822201746208
1.59066666666667,-9.11547341196226,-9.32719610215226,-9.10085522945919,-9.07720951674699
1.591,-9.01572323134438,-9.22295443557191,-9.00344934582538,-8.97726210992455
1.59133333333333,-8.91702101029719,-9.11984677507311,-8.90696722908678,-8.87838933150311
1.59166666666667,-8.81937575369225,-9.01788216703146,-8.81142387298551,-8.78059879115433
1.592,-8.72279462936364,-8.91706759883776,-8.71683216337067,-8.68389631971646
1.59233333333333,-8.62728310626913,-8.81740816340141,-8.62320302500691,-8.58828610627125
1.59266666666667,-8.53284508429295,-8.71890721290323,-8.53054556036321,-8.49377082667206
1.593,-8.43948301603244,-8.62156650231225,-8.43886718060259,-8.40035176390421
1.59333333333333,-8.34719802092807,-8.52538632319095,-8.34817372902879,-8.30802892067115
1.59366666666667,-8.25598999209644,-8.43036562830757,-8.25846959726268,-8.2168011245955
1.594,-8.16585769622961,-8.33650214757105,-8.16975783443913,-8.12666612642406
1.59433333333333,-8.07679886692194,-8.2437924957915,-8.08204024972536,-8.0376206916188
1.59466666666667,-7.98881029177493,-8.15223227275335,-7.99531750846302,-7.94966068570401
1.595,-7.90188789363,-8.06181615607539,-7.90958922224358,-7.86278115373364
1.59533333333333,-7.81602680626245,-7.97253798731045,-7.82485403322018,-7.77697639422679
1.59566666666667,-7.7312214448615,-7.88439085171752,-7.74110969295592,-7.69224002790531
1.596,-7.64746557160919,-7.7973671521211,-7.65835313610409,-7.60856506155706
1.59633333333333,-7.56475235665755,-7.71145867725097,-7.5765805492068,-7.52594394733019
1.59666666666667,-7.48307443478826,-7.6266566649319,-7.49578743488777,-7.44436863774891
1.597,-7.4024239580288,-7.54295186047701,-7.41596867170883,-7.36383063672965
1.59733333333333,-7.32279264448295,-7.4603345706156,-7.33711856994617,-7.28432104685832
1.59766666666667,-7.24417182361956,-7.37879471326435,-7.25923092353139,-7.20583061317562
1.598,-7.1665524782528,-7.29832186343768,-7.18229905839366,-7.12834976370538
1.59833333333333,-7.08992528343191,-7.21890529556905,-7.10631587742577,-7.05186864694486
1.59866666666667,-7.01428064244597,-7.14053402249985,-7.03127390228541,-6.97637716652298
1.599,-6.9396087201385,-7.06319683137612,-6.9571653122342,-6.90186501322193
1.59933333333333,-6.86589947371385,-6.98688231667733,-6.88398198020425,-6.8283216945434
1.59966666666667,-6.79314268120586,-6.91157891058453,-6.81171550627099,-6.75573656198897
1.6,-6.7213279677702,-6.83727491088374,-6.74035724870324,-6.68409883621597
1.60033333333333,-6.65044482995001,-6.76395850658606,-6.66989835274949,-6.61339763021678
1.60066666666667,-6.58048265805503,-6.69161780143095,-6.60032977730942,-6.54362197066058
1.601,-6.51143075678667,-6.62024083543186,-6.53164231963346,-6.47476081752863
1.60133333333333,-6.44327836423171,-6.54981560460923,-6.46382663818204,-6.40680308216453
1.60166666666667,-6.37601466933843,-6.48033007904458,-6.39687327376793,-6.33973764385122
1.602,-6.30962882798338,-6.41177221938346,-6.33077266909908,-6.27355336502154
1.60233333333333,-6.24410997772861,-6.34412999190305,-6.26551518683093,-6.20823910520111
1.60266666666667,-6.17944725136163,-6.27739138225169,-6.20109112622878,-6.14378373377295
1.603,-6.11562978930605,-6.21154440796203,-6.13749073853738,-6.08017614165127
1.60333333333333,-6.05264675098351,-6.14657712982994,-6.07470424114593,-6.01740525194289
1.60366666666667,-5.9904873252013,-6.0824776622452,-6.01272183063128,-5.95546002966931
1.604,-5.92914073963739,-6.01923418255461,-5.95153369475837,-5.8943294906193
1.60433333333333,-5.86859626948721,-5.95683493953083,-5.89113002350964,-5.83400270939514
1.60466666666667,-5.80884324533305,-5.89526826101562,-5.83150101921131,-5.77446882671185
1.605,-5.74987106029268,-5.83452256080086,-5.77263690581958,-5.7157170560043
1.60533333333333,-5.69166917650032,-5.77458634480674,-5.71452793742677,-5.65773668939428
1.60566666666667,-5.63422713096784,-5.71544821661048,-5.65716440604043,-5.60051710306393
1.606,-5.57753454087263,-5.65709688237685,-5.60053664868877,-5.54404776208069
1.60633333333333,-5.52158110831419,-5.59952115523681,-5.5446350538987,-5.48831822471454
1.60666666666667,-5.46635662457808,-5.54270995915696,-5.48945006759141,-5.43331814628513
1.607,-5.41185097394503,-5.48665233234092,-5.43497219843738,-5.37903728257518
1.60733333333333,-5.3580541370781,-5.43133743019836,-5.38119202270892,-5.32546549284237
1.60766666666667,-5.30495619401996,-5.37675452791678,-5.32810018866651,-5.27259274246052
1.608,-5.25254732682941,-5.32289302266687,-5.27568742051205,-5.22040910521786
1.60833333333333,-5.20081782188491,-5.26974243547227,-5.22394452194122,-5.16890476530019
1.60866666666667,-5.14975807187952,-5.21729241276866,-5.17286237932254,-5.1180700189811
1.609,-5.09935857753168,-5.16553272767935,-5.12243196453158,-5.0678952760442
1.60933333333333,-5.04960994903345,-5.11445328102967,-5.072644337465,-5.01837106095715
1.60966666666667,-5.000502907256,-5.06404410212105,-5.02349064825714,-4.9694880138168
1.61,-4.95202828473193,-5.01429534928611,-4.9749621392225,-4.92123689108474
1.61033333333333,-4.90417702643165,-4.96519731024204,-4.92705014654317,-4.87360856612915
1.61066666666667,-4.85694019035011,-4.91674040225965,-4.87974610172086,-4.82659402958892
1.611,-4.81030894791862,-4.86891517216368,-4.83304153281037,-4.78018438957411
1.61133333333333,-4.76427458425693,-4.82171229617947,-4.78692806545227,-4.73437087171731
1.61166666666667,-4.71882849827692,-4.77512257963872,-4.74139742371832,-4.68914481908692
1.612,-4.6739622026517,-4.72913695655724,-4.69644143078531,-4.64449769197494
1.61233333333333,-4.62966732366043,-4.68374648909633,-4.65205200944991,-4.60042106757004
1.61266666666667,-4.58593560091909,-4.63894236691796,-4.60822118249651,-4.5569066395249
1.613,-4.54275888700774,-4.59471590644404,-4.56494107293017,-4.51394621742823
1.61333333333333,-4.50012914700267,-4.55105855002892,-4.52220390408513,-4.47153172618947
1.61366666666667,-4.45803845792193,-4.50796186505319,-4.48000199961856,-4.42965520534407
1.614,-4.41647900809175,-4.46541754294654,-4.43832778339869,-4.38830880828674
1.61433333333333,-4.37544309644183,-4.42341739814782,-4.39717377929686,-4.34748480144002
1.61466666666667,-4.33492313173507,-4.38195336700743,-4.35653261088992,-4.30717556336362
1.615,-4.29491163173875,-4.3410175066394,-4.31639700108193,-4.26737358381108
1.61533333333333,-4.25540122234285,-4.30060199372863,-4.27675977165123,-4.22807146273927
1.61566666666667,-4.21638463663011,-4.26069912329758,-4.23761384272915,-4.18926190927469
1.616,-4.17785471390372,-4.22130130743885,-4.19895223221717,-4.15093774064281
1.61633333333333,-4.13980439867675,-4.18240107401671,-4.16076805514744,-4.11309188106371
1.61666666666667,-4.10222673962733,-4.1439910653424,-4.12305452299198,-4.07571736061813
1.617,-4.06511488852393,-4.10606403682664,-4.08580494292517,-4.03880731408776
1.61733333333333,-4.02846209912444,-4.06861285561356,-4.0490127170448,-4.00235497977368
1.61766666666667,-3.99226172605176,-4.031630499198,-4.01267134155465,-3.966353698295
1.618,-3.9565072236498,-3.99511005403051,-3.97677440591341,-3.9307969113717
1.61833333333333,-3.92119214482245,-3.95904471411197,-3.94131559195323,-3.8956781605939
1.61866666666667,-3.88631013985778,-3.92342777958034,-3.90628867297087,-3.86099108617982
1.619,-3.85185495524081,-3.88825265529231,-3.87168751279521,-3.8267294257252
1.61933333333333,-3.81782043245644,-3.85351284940165,-3.83750606483349,-3.79288701294626
1.61966666666667,-3.78420050678478,-3.81920197193614,-3.80373837109911,-3.7594577764176
1.62,-3.75098920609089,-3.78531373337493,-3.77037856122332,-3.72643573830731
1.62033333333333,-3.71818064961089,-3.75184194322829,-3.73742085145355,-3.69381501311129
1.62066666666667,-3.68576904673575,-3.7187805086207,-3.70485954363987,-3.66158980638724
1.621,-3.6537486957944,-3.68612343287883,-3.6726890242119,-3.62975441349072
1.62133333333333,-3.62211398283778,-3.65386481412614,-3.64090376314818,-3.59830321831427
1.62166666666667,-3.59085938042475,-3.62199884388419,-3.6094983129391,-3.56723069203022
1.622,-3.55997944641128,-3.59051980568286,-3.57846730754555,-3.53653139183922
1.62233333333333,-3.52946882274384,-3.55942207367955,-3.54780546135444,-3.5061999597247
1.62266666666667,-3.49932223425826,-3.52870011128866,-3.5175075681324,-3.47623112121447
1.623,-3.46953448748441,-3.49834846982169,-3.48756849997893,-3.44661968415014
1.62333333333333,-3.44010046945831,-3.46836178713942,-3.4579832062803,-3.41736053746544
1.62366666666667,-3.41101514654157,-3.43873478631574,-3.42874671266495,-3.38844864997354
1.624,-3.3822735632494,-3.40946227431456,-3.39985411996149,-3.35987906916441
1.62433333333333,-3.35387084108792,-3.38053914067999,-3.37130060316045,-3.33164692001284
1.62466666666667,-3.32580217740053,-3.35196035623984,-3.34308141037992,-3.30374740379699
1.625,-3.29806284422472,-3.3237209718236,-3.3151918618365,-3.27617579692872
1.62533333333333,-3.27064818715953,-3.29581611699451,-3.28762734882202,-3.24892744979548
1.62566666666667,-3.24355362424364,-3.26824099879653,-3.26038333268643,-3.22199778561451
1.626,-3.21677464484484,-3.24099090051591,-3.23345534382757,-3.19538229929908
1.62633333333333,-3.19030680856145,-3.21406118045841,-3.20683898068867,-3.16907655633806
1.62666666666667,-3.16414574413512,-3.18744727074127,-3.18052990876337,-3.14307619168775
1.627,-3.13828714837628,-3.16114467610113,-3.15452385960929,-3.11737690867729
1.62733333333333,-3.11272678510165,-3.13514897271724,-3.12881662987029,-3.09197447792729
1.62766666666667,-3.08746048408438,-3.10945580705041,-3.10340408030758,-3.06686473628165
1.628,-3.06248414001693,-3.08406089469776,-3.07828213484042,-3.04204358575321
1.62833333333333,-3.03779371148678,-3.05896001926321,-3.05344677959638,-3.01750699248304
1.62866666666667,-3.0133852199651,-3.03414903124374,-3.02889406197138,-2.99325098571317
1.629,-2.98925474880823,-3.0096238469313,-3.00462008969977,-2.96927165677332
1.62933333333333,-2.96539844227266,-2.98538044733093,-2.98062102993503,-2.94556515808141
1.62966666666667,-2.94181250454271,-2.96141487709406,-2.95689310834045,-2.92212770215772
1.63,-2.91849319877162,-2.93772324346791,-2.93343260819069,-2.89895556065292
1.63033333333333,-2.89543684613577,-2.9143017152603,-2.91023586948398,-2.87604506338999
1.63066666666667,-2.87263982490195,-2.89114652182015,-2.88729928806502,-2.85339259741967
1.631,-2.85009856950785,-2.86825395203317,-2.8646193147588,-2.83099460608966
1.63133333333333,-2.82780956965565,-2.84562035333334,-2.84219245451551,-2.80884758812768
1.63166666666667,-2.80576936941871,-2.82324213072917,-2.8200152655662,-2.78694809673777
1.632,-2.7839745663611,-2.80111574584538,-2.79808435858953,-2.76529273871022
1.63233333333333,-2.76242181067028,-2.77923771597951,-2.77639639588972,-2.74387817354505
1.63266666666667,-2.74110780430251,-2.75760461317338,-2.75494809058528,-2.72270111258852
1.633,-2.7200293001411,-2.73621306329924,-2.73373620580895,-2.70175831818308
1.63333333333333,-2.69918310116739,-2.7150597451607,-2.7127575539187,-2.68104660283036
1.63366666666667,-2.67856605964423,-2.69414138960776,-2.69200899571949,-2.66056282836705
1.634,-2.658175076312,-2.67345477866644,-2.67148743969621,-2.64030390515376
1.63433333333333,-2.63800709959717,-2.65299674468242,-2.65118984125751,-2.62026679127668
1.63466666666667,-2.61805912483288,-2.63276416947858,-2.63111320199039,-2.60044849176168
1.635,-2.59832819349184,-2.61275398352639,-2.61125456892555,-2.58084605780095
1.63533333333333,-2.57881139243133,-2.59296316513096,-2.59161103381375,-2.56145658599216
1.63566666666667,-2.55950585314989,-2.57338873962947,-2.57217973241247,-2.5422772175896
1.636,-2.54040875105605,-2.55402777860298,-2.55295784378339,-2.52330513776749
1.63633333333333,-2.5215173047486,-2.53487739910134,-2.53394258960043,-2.50453757489531
1.63666666666667,-2.5028287753083,-2.51593476288095,-2.51513123346787,-2.48597179982469
1.637,-2.48434046560115,-2.49719707565538,-2.49652108024918,-2.46760512518816
1.63733333333333,-2.46604971959281,-2.47866158635856,-2.47810947540586,-2.44943490470923
1.63766666666667,-2.44795392167419,-2.46032558642044,-2.45989380434651,-2.43145853252397
1.638,-2.43005049599785,-2.44218640905472,-2.44187149178578,-2.41367344251353
1.63833333333333,-2.41233690582554,-2.42424142855884,-2.42404000111351,-2.39607710764796
1.63866666666667,-2.39481065288604,-2.40648805962574,-2.40639683377338,-2.37866703934076
1.639,-2.37746927674389,-2.38892375666736,-2.38893952865152,-2.36144078681414
1.63933333333333,-2.3603103541784,-2.37154601314974,-2.37166566147469,-2.34439593647512
1.63966666666667,-2.34333149857279,-2.35435236093937,-2.35457284421775,-2.32753011130167
1.64,-2.32653035931363,-2.3373403696608,-2.33765872452073,-2.3108409702394
1.64033333333333,-2.30990462120023,-2.3205076460653,-2.32092098511516,-2.29432620760839
1.64066666666667,-2.2934520038637,-2.30385183341027,-2.30435734325931,-2.27798355251979
1.641,-2.27717026119592,-2.28737061084942,-2.28796555018282,-2.26181076830254
1.64133333333333,-2.26105718078795,-2.27106169283343,-2.27174339053992,-2.24580565193953
1.64166666666667,-2.24511058337775,-2.25492282852091,-2.25568868187167,-2.22996603351341
1.642,-2.22932832230736,-2.23895180119957,-2.23979927407674,-2.21428977566175
1.64233333333333,-2.2137082829891,-2.22314642771748,-2.22407304889092,-2.19877477304153
1.64266666666667,-2.19824838238072,-2.20750455792402,-2.20850791937489,-2.18341895180264
1.643,-2.18294656846943,-2.1920240741206,-2.19310182941042,-2.16822026907031
1.64333333333333,-2.16780081976481,-2.17670289052103,-2.17785275320489,-2.15317671243651
1.64366666666667,-2.15280914479986,-2.16153895272094,-2.16275869480364,-2.13828629945985
1.644,-2.13796958164106,-2.14653023717687,-2.14781768761058,-2.12354707717414
1.64433333333333,-2.12328019740629,-2.13167475069397,-2.13302779391658,-2.1089571216053
1.64466666666667,-2.10873908779108,-2.1169705299229,-2.11838710443539,-2.09451453729649
1.645,-2.09434437660296,-2.10241564086539,-2.10389373784761,-2.08021745684145
1.64533333333333,-2.08009421530369,-2.08800817838848,-2.08954584035186,-2.06606404042582
1.64566666666667,-2.06598678255919,-2.07374626574711,-2.07534158522349,-2.05205247537627
1.646,-2.05202028379723,-2.05962805411511,-2.06127917238054,-2.03818097571736
1.64633333333333,-2.03819295077273,-2.04565172212441,-2.04735682795699,-2.02444778173616
1.64666666666667,-2.02450304114017,-2.03181547541216,-2.03357280388292,-2.01085115955408
1.647,-2.01094883803368,-2.01811754617592,-2.01992537747178,-1.9973894007063
1.64733333333333,-1.99752864965401,-2.00455619273647,-2.00641285101453,-1.9840608217283
1.64766666666667,-1.98424080886266,-1.99112969910831,-1.99303355138037,-1.97086376374951
1.648,-1.97108367278292,-1.97783637457764,-1.97978582962425,-1.95779659209397
1.64833333333333,-1.95805562240782,-1.9646745532878,-1.966668060601,-1.94485769588788
1.64866666666667,-1.9451550622146,-1.95164259383178,-1.95367864258567,-1.93204548767383
1.649,-1.93238041978589,-1.93873887885196,-1.94081599690037,-1.91935840303173
1.64933333333333,-1.91973014543742,-1.92596181464688,-1.92807856754736,-1.90679490020625
1.64966666666667,-1.90720271185192,-1.91330983078469,-1.91546482084813,-1.89435345974063
1.65,-1.89479661371946,-1.90078137972355,-1.90297324508867,-1.88203258411687
1.65033333333333,-1.88251036738386,-1.88837493643856,-1.8906023501706,-1.86983079740201
1.65066666666667,-1.87034251049508,-1.87608899805512,-1.87835066726808,-1.85774664490055
1.651,-1.85829160166775,-1.86392208348888,-1.86621674849065,-1.8457786928129
1.65133333333333,-1.8463562201453,-1.8518727330918,-1.85419916655152,-1.8339255278996
1.65166666666667,-1.83453496547004,-1.83993950830442,-1.84229651444152,-1.82218575715138
1.652,-1.82282645715875,-1.82812099131421,-1.83050740510847,-1.81055800746487
1.65233333333333,-1.81122933438391,-1.81641578471994,-1.81883047114206,-1.79904092532391
1.65266666666667,-1.79974225566025,-1.80482251120167,-1.80726436446373,-1.78763317648628
1.653,-1.78836389853679,-1.7933398131968,-1.79580775602207,-1.77633344567588
1.65333333333333,-1.77709295929412,-1.78196635258145,-1.78445933549312,-1.76514043628017
1.65366666666667,-1.76592815264673,-1.77070081035756,-1.77321781098574,-1.75405287005272
1.654,-1.75486821145054,-1.75954188634538,-1.76208190875196,-1.74306948682102
1.65433333333333,-1.74391188641547,-1.74848829888135,-1.7510503729022,-1.73218904419922
1.65466666666667,-1.73305794582269,-1.73753878452108,-1.74012196512516,-1.72141031730572
1.655,-1.72230517524695,-1.72669209774761,-1.72929546441252,-1.71073209848569
1.65533333333333,-1.71165237728349,-1.71594701068479,-1.71856966678819,-1.70015319703843
1.65566666666667,-1.70109837127962,-1.70530231281536,-1.70794338504212,-1.68967243894909
1.656,-1.69064199307091,-1.69475681070423,-1.69741544846858,-1.67928866662538
1.65633333333333,-1.68028209472186,-1.68430932772631,-1.6869847026088,-1.66900073863844
1.65666666666667,-1.67001754427094,-1.67395870379916,-1.67665000899793,-1.65880752946833
1.657,-1.65984722548,-1.6637037951202,-1.66641024491619,-1.64870792925377
1.65733333333333,-1.64977003758799,-1.65354347390858,-1.65626430314435,-1.63870084354624
1.65766666666667,-1.6397848950687,-1.64347662815129,-1.64621109172304,-1.62878519306817
1.658,-1.62989072739278,-1.63350216135384,-1.63624953371628,-1.61895991347533
1.65833333333333,-1.62008647879376,-1.62361899229516,-1.62637856697899,-1.60922395512323
1.65866666666667,-1.61037110803788,-1.61382605478665,-1.61659714392813,-1.59957628283749
1.659,-1.6007435881981,-1.60412229743553,-1.60690423131796,-1.59001587568812
1.65933333333333,-1.59120290643165,-1.59450668341212,-1.59729881001893,-1.58054172676767
1.65966666666667,-1.5817480637615,-1.58497819022113,-1.58777987480012,-1.57115284297303
1.66,-1.5723780748615,-1.57553580947692,-1.57834643411557,-1.5618482447911
1.66033333333333,-1.56309196784515,-1.56617854668266,-1.56899750989399,-1.55262696608795
1.66066666666667,-1.55388878405786,-1.55690542101307,-1.55973213733201,-1.54348805390163
1.661,-1.54476757787279,-1.54771546510112,-1.55054936469086,-1.5344305682384
1.66133333333333,-1.53572741649014,-1.53860772482819,-1.54144825309651,-1.52545358187255
1.66166666666667,-1.52676737973973,-1.52958125911791,-1.53242787634302,-1.51655618014943
1.662,-1.51788655988699,-1.52063513973346,-1.52348732069921,-1.50773746079192
1.66233333333333,-1.50908406144213,-1.51176845107841,-1.51462568471858,-1.49899653371011
1.66266666666667,-1.5003590009726,-1.50298029000081,-1.50584207905226,-1.49033252081418
1.663,-1.49171050691855,-1.49426976560069,-1.49713562626519,-1.48174455583047
1.66333333333333,-1.4831377194116,-1.4856359990409,-1.48850546065533,-1.47323178412064
1.66366666666667,-1.47463979009641,-1.47707812336102,-1.47995072807569,-1.46479336250376
1.664,-1.4662158819554,-1.46859528329448,-1.47147058575957,-1.4564284590815
1.66433333333333,-1.45786516913632,-1.46018663508885,-1.4630642021485,-1.4481362530663
1.66466666666667,-1.44958683678268,-1.451851346329,-1.45473075672301,-1.43991593461214
1.665,-1.44138008086709,-1.44358859576346,-1.44646943983636,-1.43176670464854
1.66533333333333,-1.43324410802732,-1.43539757313349,-1.43827945255085,-1.42368777471694
1.66566666666667,-1.42517813540502,-1.42727747900522,-1.43016000647684,-1.4156783668101
1.666,-1.41718139048728,-1.41922752460445,-1.42211032361447,-1.407737713214
1.66633333333333,-1.40925311095066,-1.41124693165443,-1.41412963619802,-1.3998650563525
1.66666666666667,-1.40139254450793,-1.4033349322161,-1.40621718654271,-1.39205964863444
1.667,-1.39359894875724,-1.39549076853125,-1.39837222689407,-1.38432075230345
1.66733333333333,-1.38587159103389,-1.38771369286821,-1.39059401927982,-1.37664763929007
1.66766666666667,-1.37820974826444,-1.38000296737007,-1.38288183536409,-1.36903959106648
1.668,-1.37061270682335,-1.37235786390553,-1.3752349563041,-1.36149589850352
1.66833333333333,-1.36307976239187,-1.3647776639222,-1.36765267260915,-1.35401586173016
1.66866666666667,-1.35561021981932,-1.35726165830232,-1.36013428400187,-1.34659878999521
1.669,-1.34820339298663,-1.34980914722092,-1.35267909928182,-1.33924400153136
1.66933333333333,-1.34085860467216,-1.34241944000639,-1.34528643619124,-1.33195082342151
1.66966666666667,-1.33357518641964,-1.33509185500317,-1.33795562128303,-1.32471859146713
1.67,-1.32635247840835,-1.32782571943698,-1.33068598979083,-1.317546650059
1.67033333333333,-1.31918982932542,-1.32062036928212,-1.32347688550126,-1.31043435204992
1.67066666666667,-1.31208659624014,-1.31347514913096,-1.31632766062817,-1.30338105862952
1.671,-1.30504214448046,-1.30638941206568,-1.30923767568901,-1.29638613920124
1.67133333333333,-1.29805584751139,-1.29936251953205,-1.30220629938315,-1.28944897126117
1.67166666666667,-1.29112708681539,-1.29239384121535,-1.29523290847211,-1.28256894027892
1.672,-1.28425525177475,-1.28548275491823,-1.28831688766186,-1.27574543958052
1.67233333333333,-1.27743973955594,-1.27862864644076,-1.28145762948692,-1.2689778702331
1.67266666666667,-1.27067995499565,-1.27183090946222,-1.27465453419635,-1.26226564093151
1.673,-1.26397531048886,-1.26508894542502,-1.26790700964155,-1.2556081678868
1.67333333333333,-1.25732522587867,-1.25840216342047,-1.26121447116596,-1.24900487471646
1.67366666666667,-1.25072912834782,-1.25176998007631,-1.25457634149637,-1.24245519233649
1.674,-1.24418645231214,-1.24519181944625,-1.24799205063616,-1.23595855885515
1.67433333333333,-1.23769663931555,-1.2386671129012,-1.24146103576007,-1.22951441946855
1.67466666666667,-1.23125913792685,-1.23219529902227,-1.23498274111079,-1.22312222635774
1.675,-1.22487340363809,-1.22577582349557,-1.22855661789714,-1.21678143858767
1.67533333333333,-1.21853889876472,-1.21940813900869,-1.22218212419388,-1.2104915220076
1.67566666666667,-1.21225509234716,-1.21309170514887,-1.21585872484312,-1.20425194915321
1.676,-1.20602146005408,-1.20682598830275,-1.2095858913573,-1.1980621991503
1.67633333333333,-1.19983748408717,-1.20061046155789,-1.20336310182375,-1.1919217576199
1.67666666666667,-1.19370265308745,-1.19444460460571,-1.19718984081067,-1.18583011658508
1.677,-1.18761646204307,-1.18832790364614,-1.19106559927474,-1.17978677437914
1.67733333333333,-1.18157841219856,-1.18225985129372,-1.18498987447003,-1.17379123555524
1.67766666666667,-1.17558801096561,-1.17623994648522,-1.17896216985852,-1.16784301079761
1.678,-1.1696447718351,-1.17026769438878,-1.17298199502189,-1.161941616834
1.67833333333333,-1.16374821429075,-1.16434260631451,-1.1670488655748,-1.15608657634969
1.67866666666667,-1.15789786372395,-1.15846419962647,-1.16116230307949,-1.15027741790271
1.679,-1.15209325135,-1.15263199765607,-1.15532183496174,-1.14451367584054
1.67933333333333,-1.14633391412575,-1.14684552961695,-1.14952699442814,-1.13879489021805
1.67966666666667,-1.14061939466842,-1.14110433052105,-1.14377732038467,-1.13312060671675
1.68,-1.13494924117577,-1.13540794109619,-1.13807235735655,-1.12749037656537
1.68033333333333,-1.12932300734752,-1.12975590770482,-1.13241165540938,-1.12190375646156
1.68066666666667,-1.12374025230799,-1.12414778226416,-1.12679477007141,-1.11636030849502
1.681,-1.11820054052997,-1.11858312216752,-1.12122126225718,-1.11085960007165
1.68133333333333,-1.11270344175981,-1.113061490207,-1.11569069819221,-1.10540120383902
1.68166666666667,-1.10724853094359,-1.10758245449723,-1.11020264933893,-1.09998469761295
1.682,-1.10183538815453,-1.10214558840048,-1.10475669232378,-1.09460966430525
1.68233333333333,-1.09646359852157,-1.09675047045287,-1.0993524088654,-1.08927569185259
1.68266666666667,-1.09113275215888,-1.09139668429171,-1.09398938570392,-1.08398237314651
1.683,-1.08584244409671,-1.0860838185841,-1.08866721453143,-1.07872930596448
1.68333333333333,-1.08059227421317,-1.08081146695653,-1.08338549192346,-1.07351609290205
1.68366666666667,-1.07538184716704,-1.07557922792564,-1.07814381927146,-1.06834234130606
1.684,-1.07021077233173,-1.07038670483008,-1.07294180271649,-1.06320766320888
1.68433333333333,-1.0650786637302,-1.06523350576337,-1.0677790530838,-1.0581116752637
1.68466666666667,-1.05998513997092,-1.06011924350792,-1.06265518581842,-1.05305399868077
1.685,-1.05492982418474,-1.05504353546993,-1.0575698209218,-1.04803425916465
1.68533333333333,-1.04991234396285,-1.05000600361543,-1.05252258288941,-1.04305208685245
1.68566666666667,-1.04493233129561,-1.04500627440727,-1.04751310064923,-1.03810711625302
1.686,-1.03998942251235,-1.04004397874306,-1.04254100750129,-1.03319898618702
1.68633333333333,-1.03508325822209,-1.03511875189413,-1.03760594105804,-1.02832733972799
1.68666666666667,-1.03021348325516,-1.03023023344533,-1.03270754318566,-1.02349182414424
1.687,-1.02537974660572,-1.02537806723594,-1.0278454599463,-1.01869209084174
1.68733333333333,-1.0205817013752,-1.02056190130128,-1.02301934154116,-1.01392779530778
1.68766666666667,-1.01581900471652,-1.01578138781538,-1.01822884225441,-1.00919859705555
1.688,-1.01109131777924,-1.01103618303445,-1.01347362039804,-1.00450415956954
1.68833333333333,-1.00639830565546,-1.00632594724127,-1.00875333825752,-0.999844150251812
1.68866666666667,-1.00173963732667,-1.00165034469035,-1.00406766203817,-0.995218240369
1.689,-0.997114985611239,-0.997009043554066,-0.999416261812556,-0.990626105000238
1.68933333333333,-0.992524027112859,-0.992401715869434,-0.994798811468451,-0.986067422985776
1.68966666666667,-0.987966442169668,-0.987828037485899,-0.990214988657768,-0.981541876876439
1.69,-0.983441914804167,-0.983287688013748,-0.98566447474613,-0.977049152883796
1.69033333333333,-0.978950132673938,-0.978780350773423,-0.981146954763284,-0.972588940831138
1.69066666666667,-0.974490787022995,-0.974305712745551,-0.9766621173542,-0.96816093410516
1.691,-0.970063572634004,-0.969863464521723,-0.972209654730932,-0.963764829608362
1.69133333333333,-0.965668187781119,-0.96545330025608,-0.96778926262521,-0.959400327712217
1.69166666666667,-0.961304334183559,-0.961074917617537,-0.963400640241697,-0.955067132210973
1.692,-0.956971716959899,-0.956728017742832,-0.959043490212013,-0.950764950276211
1.69233333333333,-0.952670044582996,-0.952412305190194,-0.954717518549346,-0.946493492412027
1.69266666666667,-0.948399028835642,-0.948127487893779,-0.950422434603852,-0.942252472410943
1.693,-0.944158384766845,-0.943873277118721,-0.946157951018608,-0.938041607310411
1.69333333333333,-0.93994783064877,-0.939649387416931,-0.941923783686316,-0.933860617350035
1.69366666666667,-0.935767087934306,-0.935455536583502,-0.937719651706564,-0.929709225929357
1.694,-0.931615881215296,-0.93129144561379,-0.933545277343779,-0.92558715956633
1.69433333333333,-0.927493938181351,-0.927156838661148,-0.929400385985788,-0.92149414785639
1.69466666666667,-0.923400989579303,-0.923051442995249,-0.925284706102937,-0.917429923432091
1.695,-0.91933676917322,-0.918974988961079,-0.921197969207928,-0.913394221923426
1.69533333333333,-0.915301013705042,-0.914927209938511,-0.917139909816094,-0.909386781918625
1.69566666666667,-0.91129346285579,-0.910907842302486,-0.91311026540641,-0.905407344925638
1.696,-0.907313859207337,-0.906916625383771,-0.909108776382951,-0.901455655334106
1.69633333333333,-0.903361948204768,-0.902953301430336,-0.905135186037006,-0.897531460377928
1.69666666666667,-0.89943747811922,-0.89901761556925,-0.901189240509682,-0.89363451009837
1.697,-0.895540200011364,-0.89510931576919,-0.897270688755075,-0.889764557307699
1.69733333333333,-0.89166986769536,-0.891228152803458,-0.893379282504007,-0.885921357553398
1.69766666666667,-0.887826237703321,-0.887373880213573,-0.889514776228242,-0.882104669082829
1.698,-0.884009069250368,-0.883546254273391,-0.88567692710526,-0.878314252808488
1.69833333333333,-0.880218124200118,-0.879745033953725,-0.881865494983507,-0.874549872273693
1.69866666666667,-0.876453167030718,-0.875969980887548,-0.878080242348199,-0.87081129361886
1.699,-0.872713964801357,-0.872220859335606,-0.87432093428755,-0.867098285548149
1.69933333333333,-0.869000287119259,-0.868497436152642,-0.870587338459576,-0.863410619296731
1.69966666666667,-0.86531190610716,-0.864799480754017,-0.86687922505928,-0.859748068598407
1.7,-0.861648596371264,-0.86112676508289,-0.863196366786398,-0.856110409653766
1.70033333333333,-0.858010134969641,-0.857479063577827,-0.859538538813552,-0.852497421098799
1.70066666666667,-0.854396301381072,-0.853856153140895,-0.855905518754879,-0.848908883973919
1.701,-0.850806877474412,-0.850257813106233,-0.852297086635122,-0.845344581693491
1.70133333333333,-0.847241647478265,-0.846683825209047,-0.848713024859121,-0.841804300015739
1.70166666666667,-0.843700397951244,-0.843133973555089,-0.845153118181807,-0.83828782701313
1.702,-0.840182917752508,-0.839608044590542,-0.84161715367856,-0.834794953043144
1.70233333333333,-0.836688998012865,-0.836105827072353,-0.838104920716031,-0.831325470719519
1.70266666666667,-0.83321843210615,-0.832627112039002,-0.834616210923357,-0.827879174883821
1.703,-0.829771015621114,-0.829171692781675,-0.831150818163784,-0.82445586257751
1.70333333333333,-0.826346546333666,-0.825739364815859,-0.827708538506731,-0.821055333014336
1.70366666666667,-0.822944824179505,-0.822329925853327,-0.824289170200184,-0.817677387553167
1.704,-0.819565651227177,-0.818943175774561,-0.820892513643544,-0.814321829671186
1.70433333333333,-0.81620883165145,-0.815578916601526,-0.817518371360808,-0.810988464937451
1.70466666666667,-0.81287417170715,-0.812236952470849,-0.814166547974178,-0.807677100986886
1.705,-0.809561479703268,-0.808917089607373,-0.810836850177979,-0.804387547494553
1.70533333333333,-0.806270565977536,-0.805619136298124,-0.807529086713023,-0.801119616150391
1.70566666666667,-0.803001242871276,-0.802342902866581,-0.804243068341245,-0.797873120634206
1.706,-0.799753324704622,-0.799088201647352,-0.80097860782077,-0.794647876591077
1.70633333333333,-0.796526627752156,-0.795854846961218,-0.797735519881282,-0.791443701607118
1.70666666666667,-0.793320970218761,-0.792642655090483,-0.79451362119976,-0.7882604151855
1.707,-0.790136172215943,-0.789451444254731,-0.79131273037655,-0.785097838722924
1.70733333333333,-0.786972055738383,-0.786281034586857,-0.788132667911744,-0.781955795486293
1.70766666666667,-0.78382844464087,-0.783131248109506,-0.784973256181933,-0.778834110589854
1.708,-0.780705164615536,-0.780001908711774,-0.781834319417258,-0.775732610972498
1.70833333333333,-0.777602043169419,-0.776892842126276,-0.778715683678755,-0.772651125375537
1.70866666666667,-0.774518909602311,-0.773803875906555,-0.77561717683608,-0.769589484320647
1.709,-0.771455594984953,-0.770734839404709,-0.772538628545453,-0.766547520088226
1.70933333333333,-0.768411932137509,-0.767685563749479,-0.769479870228008,-0.763525066695982
1.70966666666667,-0.765387755608305,-0.764655881824484,-0.766440735048337,-0.760521959877862
1.71,-0.762382901652943,-0.761645628246893,-0.763421057893424,-0.757538037063222
1.71033333333333,-0.759397208213612,-0.758654639346291,-0.760420675351788,-0.754573137356339
1.71066666666667,-0.756430514898754,-0.755682753143911,-0.757439425692989,-0.75162710151618
1.711,-0.753482662962963,-0.752729809332093,-0.754477148847329,-0.748699771936419
1.71133333333333,-0.750553495287188,-0.749795649254077,-0.751533686385923,-0.7457909926258
1.71166666666667,-0.747642856359186,-0.746880115884046,-0.748608881500961,-0.742900609188689
1.712,-0.744750592254253,-0.743983053807441,-0.745702578986287,-0.74002846880594
1.71233333333333,-0.741876550616235,-0.741104309201567,-0.74281462521825,-0.737174420216038
1.71266666666667,-0.739020580638739,-0.738243729816461,-0.739944868136748,-0.734338313696419
1.713,-0.736182533046684,-0.735401164955984,-0.737093157226626,-0.73152000104515
1.71333333333333,-0.733362260078033,-0.732576465459231,-0.734259343499246,-0.728719335562771
1.71366666666667,-0.730559615465799,-0.729769483682147,-0.731443279474361,-0.725936172034432
1.714,-0.727774454420296,-0.726980073479424,-0.728644819162168,-0.723170366712254
1.71433333333333,-0.725006633611635,-0.724208090186635,-0.725863818045706,-0.720421777297942
1.71466666666667,-0.722256011152439,-0.72145339060257,-0.723100133063382,-0.717690262925592
1.715,-0.719522446580796,-0.71871583297191,-0.720353622591793,-0.714975684144802
1.71533333333333,-0.71680580084346,-0.71599527696803,-0.717624146428789,-0.712277902903949
1.71566666666667,-0.714105936279251,-0.713291583676086,-0.71491156577671,-0.709596782533697
1.716,-0.711422716602697,-0.710604615576347,-0.712215743225894,-0.706932187730768
1.71633333333333,-0.708756006887878,-0.707934236527691,-0.70953654273839,-0.704283984541881
1.71666666666667,-0.706105673552515,-0.705280311751396,-0.70687382963189,-0.701652040347943
1.717,-0.703471584342227,-0.702642707815092,-0.704227470563855,-0.699036223848416
1.71733333333333,-0.700853608315038,-0.700021292616953,-0.701597333515904,-0.69643640504594
1.71766666666667,-0.698251615826082,-0.697415935370101,-0.698983287778353,-0.693852455231106
1.718,-0.695665478512482,-0.694826506587204,-0.696385203934983,-0.691284246967469
1.71833333333333,-0.693095069278479,-0.692252878065311,-0.693802953848031,-0.688731654076759
1.71866666666667,-0.690540262280708,-0.689694922870848,-0.691236410643332,-0.686194551624261
1.719,-0.688000932913703,-0.687152515324843,-0.688685448695709,-0.683672815904418
1.71933333333333,-0.685476957795582,-0.684625530988337,-0.68614994361451,-0.681166324426606
1.71966666666667,-0.682968214753922,-0.682113846647993,-0.683629772229388,-0.67867495590111
1.72,-0.680474582811814,-0.679617340301883,-0.681124812576196,-0.676198590225269
1.72033333333333,-0.677995942174108,-0.67713589114549,-0.678634943883134,-0.673737108469814
1.72066666666667,-0.675532174213837,-0.674669379557852,-0.676160046557053,-0.671290392865392
1.721,-0.673083161458824,-0.672217687087941,-0.67370000216992,-0.66885832678924
1.72133333333333,-0.670648787578451,-0.669780696441181,-0.671254693445497,-0.666440794752076
1.72166666666667,-0.668228937370618,-0.66735829146615,-0.66882400424616,-0.664037682385108
1.722,-0.665823496748839,-0.664950357141479,-0.666407819559897,-0.661648876427269
1.72233333333333,-0.66343235272957,-0.662556779562904,-0.664006025487512,-0.659274264712572
1.72266666666667,-0.661055393419641,-0.660177445930468,-0.661618509229941,-0.656913736157658
1.723,-0.658692508003853,-0.657812244535951,-0.659245159075744,-0.654567180749489
1.72333333333333,-0.656343586732788,-0.655461064750395,-0.656885864388819,-0.652234489533221
1.72366666666667,-0.654008520910728,-0.653123797011834,-0.654540515596167,-0.649915554600202
1.724,-0.651687202883738,-0.650800332813169,-0.652209004175926,-0.647610269076149
1.72433333333333,-0.649379526027934,-0.6484905646902,-0.649891222645487,-0.645318527109496
1.72466666666667,-0.647085384737852,-0.646194386209827,-0.647587064549786,-0.643040223859835
1.725,-0.644804674415012,-0.643911691958379,-0.645296424449743,-0.64077525548656
1.72533333333333,-0.642537291456609,-0.64164237753012,-0.643019197910859,-0.63852351913763
1.72566666666667,-0.640283133244347,-0.639386339515887,-0.640755281491964,-0.636284912938496
1.726,-0.638042098133413,-0.637143475491866,-0.638504572734056,-0.634059335981131
1.72633333333333,-0.635814085441606,-0.634913684008552,-0.636266970149372,-0.631846688313256
1.72666666666667,-0.633598995438598,-0.632696864579791,-0.634042373210529,-0.629646870927646
1.727,-0.631396729335333,-0.630492917672017,-0.631830682339804,-0.627459785751624
1.72733333333333,-0.629207189273556,-0.628301744693609,-0.629631798898619,-0.625285335636654
1.72766666666667,-0.627030278315475,-0.626123247984362,-0.627445625177073,-0.623123424348079
1.728,-0.624865900433561,-0.623957330805108,-0.62527206438365,-0.620973956554979
1.72833333333333,-0.62271396050048,-0.621803897327506,-0.623111020635073,-0.618836837820191
1.72866666666667,-0.620574364279138,-0.61966285262389,-0.620962398946247,-0.616711974590402
1.729,-0.618447018412866,-0.617534102657297,-0.61882610522036,-0.614599274186422
1.72933333333333,-0.616331830415718,-0.615417554271613,-0.616702046239084,-0.612498644793537
1.72966666666667,-0.614228708662899,-0.61331311518184,-0.614590129652925,-0.610409995451996
1.73,-0.612137562381308,-0.611220693964468,-0.612490263971674,-0.608333236047638
1.73033333333333,-0.610058301640205,-0.609140200048005,-0.610402358554992,-0.606268277302624
1.73066666666667,-0.607990837341994,-0.607071543703606,-0.608326323603107,-0.604215030766255
1.731,-0.605935081213115,-0.605014636035803,-0.606262070147609,-0.602173408805961
1.73133333333333,-0.603890945795066,-0.602969388973393,-0.604209510042407,-0.60014332459836
1.73166666666667,-0.601858344435508,-0.600935715260399,-0.60216855595475,-0.598124692120446
1.732,-0.599837191279508,-0.598913528447169,-0.600139121356373,-0.596117426140884
1.73233333333333,-0.597827401260895,-0.596902742881585,-0.598121120514796,-0.59412144221141
1.73266666666667,-0.595828890093673,-0.594903273700372,-0.596114468484649,-0.592136656658344
1.733,-0.593841574263627,-0.592915036820508,-0.59411908109918,-0.590162986574202
1.73333333333333,-0.591865371019936,-0.59093794893078,-0.592134874961831,-0.588200349809422
1.73366666666667,-0.589900198366982,-0.588971927483395,-0.590161767437932,-0.586248664964179
1.734,-0.587945975056171,-0.587016890685723,-0.58819967664647,-0.584307851380306
1.73433333333333,-0.586002620577939,-0.585072757492147,-0.586248521452011,-0.582377829133319
1.73466666666667,-0.584070055153788,-0.583139447596,-0.584308221456675,-0.580458519024553
1.735,-0.582148199728465,-0.581216881421584,-0.582378696992223,-0.578549842573347
1.73533333333333,-0.580236975962222,-0.579304980116364,-0.580459869112248,-0.576651722009391
1.73566666666667,-0.578336306223154,-0.577403665543142,-0.578551659584465,-0.574764080265103
1.736,-0.576446113579658,-0.575512860272423,-0.576653990883082,-0.572886840968157
1.73633333333333,-0.574566321792984,-0.573632487574845,-0.574766786181269,-0.571019928434062
1.73666666666667,-0.572696855309838,-0.571762471413684,-0.572889969343722,-0.569163267658836
1.737,-0.570837639255125,-0.569902736437456,-0.571023464919318,-0.567316784311795
1.73733333333333,-0.568988599424749,-0.568053207972649,-0.569167198133857,-0.565480404728409
1.73766666666667,-0.56714966227852,-0.566213812016495,-0.567321094882893,-0.563654055903238
1.738,-0.565320754933121,-0.56438447522983,-0.565485081724642,-0.561837665482968
1.73833333333333,-0.563501805155185,-0.562565124930096,-0.563659085873011,-0.560031161759549
1.73866666666667,-0.561692741354448,-0.560755689084372,-0.56184303519065,-0.558234473663355
1.739,-0.559893492576976,-0.558956096302494,-0.560036858182153,-0.556447530756499
1.73933333333333,-0.55810398849849,-0.55716627583031,-0.5582404839873,-0.554670263226191
1.73966666666667,-0.556324159417757,-0.55538615754295,-0.556453842374393,-0.552902601878161
1.74,-0.554553936250071,-0.553615671938203,-0.554676863733664,-0.551144478130212
1.74033333333333,-0.552793250520799,-0.551854750130018,-0.552909479070791,-0.549395824005795
1.74066666666667,-0.551042034359024,-0.550103323842001,-0.551151620000444,-0.547656572127697
1.741,-0.549300220491234,-0.548361325401045,-0.549403218739952,-0.545926655711786
1.74133333333333,-0.547567742235132,-0.546628687731046,-0.547664208103022,-0.544206008560858
1.74166666666667,-0.545844533493474,-0.544905344346637,-0.545934521493537,-0.542494565058504
1.742,-0.544130528747991,-0.54319122934706,-0.544214092899432,-0.540792260163113
1.74233333333333,-0.542425663053424,-0.541486277410074,-0.542502856886647,-0.539099029401911
1.74266666666667,-0.540729872031571,-0.539790423785946,-0.540800748593136,-0.537414808865061
1.743,-0.539043091865437,-0.538103604291513,-0.539107703722956,-0.535739535199875
1.74333333333333,-0.537365259293448,-0.536425755304315,-0.537423658540439,-0.534073145605042
1.74366666666667,-0.535696311603747,-0.53475681375681,-0.535748549864419,-0.532415577824973
1.744,-0.534036186628519,-0.533096717130615,-0.534082315062502,-0.530766770144179
1.74433333333333,-0.532384822738429,-0.531445403450892,-0.532424892045473,-0.529126661381729
1.74466666666667,-0.530742158837088,-0.529802811280711,-0.530776219261695,-0.527495190885776
1.745,-0.529108134355613,-0.528168879715534,-0.529136235691623,-0.525872298528133
1.74533333333333,-0.527482689247233,-0.526543548377783,-0.52750488084235,-0.524257924698941
1.74566666666667,-0.525865763981959,-0.524926757411397,-0.525882094742247,-0.522652010301353
1.746,-0.524257299541327,-0.523318447476533,-0.524267817935632,-0.521054496746346
1.74633333333333,-0.522657237413194,-0.521718559744274,-0.522661991477544,-0.519465325947512
1.74666666666667,-0.521065519586605,-0.520127035891433,-0.521064556928535,-0.517884440315996
1.747,-0.519482088546687,-0.518543818095391,-0.519475456349548,-0.516311782755427
1.74733333333333,-0.517906887269663,-0.516968849029025,-0.517894632296852,-0.514747296656937
1.74766666666667,-0.516339859217856,-0.515402071855662,-0.516322027817017,-0.513190925894223
1.748,-0.514780948334801,-0.513843430224121,-0.514757586441985,-0.511642614818704
1.74833333333333,-0.513230099040398,-0.5122928682638,-0.513201252184159,-0.510102308254689
1.74866666666667,-0.511687256226101,-0.51075033057981,-0.511652969531576,-0.5085699514946
1.749,-0.510152365250205,-0.509215762248191,-0.510112683443115,-0.507045490294311
1.74933333333333,-0.508625371933146,-0.507689108811159,-0.508580339343777,-0.505528870868459
1.74966666666667,-0.507106222552875,-0.50617031627242,-0.50705588312002,-0.504020039885879
1.75,-0.505594863840286,-0.504659331092538,-0.50553926111512,-0.502518944465033
1.75033333333333,-0.5040912429747,-0.503156100184354,-0.504030420124631,-0.501025532169544
1.75066666666667,-0.502595307579369,-0.501660570908456,-0.502529307391855,-0.499539751003745
1.751,-0.501107005717083,-0.500172691068702,-0.501035870603383,-0.498061549408293
1.75133333333333,-0.499626285885792,-0.498692408907808,-0.499550057884694,-0.496590876255826
1.75166666666667,-0.498153097014284,-0.497219673102953,-0.498071817795797,-0.495127680846694
1.752,-0.496687388457915,-0.495754432761476,-0.496601099326894,-0.493671912904686
1.75233333333333,-0.495229109994388,-0.494296637416596,-0.49513785189416,-0.492223522572876
1.75266666666667,-0.493778211819586,-0.492846237023188,-0.493682025335505,-0.490782460409462
1.753,-0.492334644543431,-0.491403181953588,-0.492233569906411,-0.489348677383654
1.75333333333333,-0.490898359185829,-0.4899674229935,-0.490792436275825,-0.487922124871659
1.75366666666667,-0.48946930717261,-0.488538911337887,-0.48935857552208,-0.486502754652651
1.754,-0.488047440331561,-0.487117598586929,-0.487931939128872,-0.485090518904819
1.75433333333333,-0.486632710888473,-0.48570343674207,-0.486512478981291,-0.483685370201464
1.75466666666667,-0.485225071463243,-0.48429637820203,-0.485100147361872,-0.482287261507107
1.755,-0.483824475066034,-0.482896375758937,-0.483694896946719,-0.480896146173685
1.75533333333333,-0.482430875093443,-0.481503382594451,-0.482296680801644,-0.479511977936754
1.75566666666667,-0.481044225324758,-0.480117352275962,-0.48090545237838,-0.478134710911764
1.756,-0.479664479918206,-0.478738238752817,-0.479521165510817,-0.476764299590337
1.75633333333333,-0.478291593407286,-0.477365996352596,-0.478143774411269,-0.475400698836631
1.75666666666667,-0.476925520697128,-0.476000579777418,-0.476773233666825,-0.474043863883714
1.757,-0.475566217060878,-0.474641944100305,-0.475409498235688,-0.472693750329988
1.75733333333333,-0.474213638136152,-0.473290044761588,-0.474052523443601,-0.471350314135661
1.75766666666667,-0.472867739921498,-0.471944837565314,-0.472702264980269,-0.47001351161924
1.758,-0.471528478772935,-0.470606278675753,-0.47135867889587,-0.468683299454077
1.75833333333333,-0.470195811400473,-0.4692743246139,-0.470021721597562,-0.467359634664953
1.75866666666667,-0.468869694864754,-0.467948932254044,-0.468691349846053,-0.4660424746247
1.759,-0.467550086573642,-0.466630058820333,-0.467367520752194,-0.464731777050844
1.75933333333333,-0.466236944278915,-0.465317661883438,-0.466050191773624,-0.463427500002307
1.75966666666667,-0.464930226072968,-0.464011699357192,-0.464739320711448,-0.462129601876137
1.76,-0.463629890385544,-0.462712129495322,-0.463434865706936,-0.460838041404276
1.76033333333333,-0.462335895980525,-0.461418910888173,-0.46213678523829,-0.459552777650351
1.76066666666667,-0.461048201952739,-0.460132002459494,-0.460845038117406,-0.458273770006526
1.761,-0.459766767724808,-0.458851363463244,-0.45955958348672,-0.457000978190351
1.76133333333333,-0.458491553044035,-0.457576953480449,-0.458280380816028,-0.455734362241694
1.76166666666667,-0.457222517979321,-0.456308732416086,-0.457007389899415,-0.454473882519668
1.762,-0.455959622918106,-0.455046660495983,-0.455740570852141,-0.453219499699587
1.76233333333333,-0.454702828563365,-0.453790698263795,-0.454479884107625,-0.451971174770007
1.76266666666667,-0.45345209593062,-0.452540806577967,-0.453225290414415,-0.450728869029741
1.763,-0.452207386344988,-0.451296946608768,-0.451976750833218,-0.449492544084929
1.76333333333333,-0.450968661438271,-0.45005907983533,-0.450734226733957,-0.448262161846151
1.76366666666667,-0.449735883146054,-0.448827168042734,-0.449497679792861,-0.447037684525562
1.764,-0.448509013704857,-0.447601173319123,-0.448267071989569,-0.445819074634041
1.76433333333333,-0.447288015649325,-0.44638105805285,-0.447042365604293,-0.444606294978412
1.76466666666667,-0.446072851809406,-0.445166784929654,-0.445823523214993,-0.443399308658648
1.765,-0.444863485307603,-0.443958316929857,-0.444610507694592,-0.442198079065132
1.76533333333333,-0.443659879556253,-0.442755617325628,-0.443403282208207,-0.441002569875962
1.76566666666667,-0.442461998254787,-0.441558649678205,-0.442201810210431,-0.439812745054234
1.766,-0.441269805387094,-0.440367377835244,-0.441006055442631,-0.438628568845414
1.76633333333333,-0.44008326521884,-0.439181765928102,-0.439815981930265,-0.437450005774697
1.76666666666667,-0.43890234229488,-0.438001778369217,-0.438631553980261,-0.436277020644406
1.767,-0.437727001436638,-0.436827379849474,-0.437452736178378,-0.435109578531431
1.76733333333333,-0.436557207739568,-0.435658535335635,-0.436279493386648,-0.433947644784673
1.76766666666667,-0.435392926570609,-0.434495210067757,-0.435111790740788,-0.432791185022537
1.768,-0.434234123565679,-0.433337369556676,-0.433949593647692,-0.431640165130436
1.76833333333333,-0.433080764627185,-0.432184979581492,-0.432792867782917,-0.430494551258331
1.76866666666667,-0.431932815921582,-0.43103800618708,-0.431641579088212,-0.42935430981829
1.769,-0.430790243876931,-0.429896415681658,-0.430495693769045,-0.428219407482077
1.76933333333333,-0.429653015180505,-0.428760174634342,-0.429355178292215,-0.427089811178776
1.76966666666667,-0.42852109677641,-0.427629249872752,-0.428219999383415,-0.425965488092411
1.77,-0.427394455863218,-0.42650360848063,-0.427090124024886,-0.424846405659637
1.77033333333333,-0.426273059891666,-0.425383217795497,-0.425965519453054,-0.423732531567397
1.77066666666667,-0.425156876562327,-0.424268045406324,-0.424846153156206,-0.422623833750664
1.771,-0.424045873823342,-0.423158059151226,-0.423731992872196,-0.421520280390169
1.77133333333333,-0.422940019868171,-0.422053227115194,-0.422623006586168,-0.42042183991015
1.77166666666667,-0.421839283133346,-0.420953517627833,-0.421519162528295,-0.419328480976158
1.772,-0.420743632296281,-0.41985889926113,-0.420420429171572,-0.418240172492846
1.77233333333333,-0.419653036273072,-0.418769340827269,-0.419326775229585,-0.417156883601818
1.77266666666667,-0.418567464216338,-0.417684811376423,-0.418238169654352,-0.416078583679468
1.773,-0.417486885513092,-0.416605280194605,-0.417154581634152,-0.415005242334855
1.77333333333333,-0.416411269782615,-0.415530716801536,-0.41607598059139,-0.413936829407625
1.77366666666667,-0.415340586874354,-0.414461090948516,-0.415002336180492,-0.412873314965906
1.774,-0.414274806865866,-0.413396372616347,-0.413933618285795,-0.411814669304252
1.77433333333333,-0.413213900060758,-0.412336532013254,-0.412869797019495,-0.410760862941626
1.77466666666667,-0.412157836986651,-0.411281539572836,-0.411810842719601,-0.409711866619359
1.775,-0.411106588393176,-0.410231365952032,-0.410756725947874,-0.408667651299173
1.77533333333333,-0.410060125249989,-0.409185982029126,-0.409707417487868,-0.407628188161208
1.77566666666667,-0.409018418744792,-0.40814535890176,-0.408662888342908,-0.406593448602046
1.776,-0.4079814402814,-0.407109467884951,-0.40762310973414,-0.405563404232812
1.77633333333333,-0.406949161477804,-0.406078280509166,-0.406588053098586,-0.404538026877228
1.77666666666667,-0.405921554164259,-0.405051768518388,-0.405557690087217,-0.403517288569744
1.777,-0.404898590381402,-0.404029903868212,-0.404531992563045,-0.402501161553643
1.77733333333333,-0.403880242378398,-0.403012658723958,-0.403510932599244,-0.401489618279203
1.77766666666667,-0.402866482611056,-0.402000005458804,-0.402494482477276,-0.400482631401855
1.778,-0.401857283740026,-0.400991916651939,-0.401482614685054,-0.399480173780352
1.77833333333333,-0.400852618628977,-0.399988365086741,-0.400475301915097,-0.398482218475
1.77866666666667,-0.399852460342808,-0.398989323748964,-0.399472517062754,-0.397488738745851
1.779,-0.398856782145865,-0.397994765824931,-0.398474233224358,-0.396499708050951
1.77933333333333,-0.397865557500195,-0.397004664699803,-0.397480423695518,-0.395515100044592
1.77966666666667,-0.396878760063788,-0.396018993955772,-0.396491061969311,-0.394534888575602
1.78,-0.395896363688888,-0.39503772737036,-0.395506121734573,-0.393559047685604
1.78033333333333,-0.394918342420247,-0.394060838914695,-0.39452557687418,-0.392587551607359
1.78066666666667,-0.393944670493477,-0.393088302751796,-0.393549401463329,-0.391620374763068
1.781,-0.392975322333349,-0.392120093234902,-0.392577569767865,-0.390657491762721
1.78133333333333,-0.392010272552172,-0.3911561849058,-0.391610056242619,-0.389698877402462
1.78166666666667,-0.39104949594812,-0.390196552493172,-0.390646835529745,-0.388744506662957
1.782,-0.390092967503634,-0.389241170910969,-0.38968788245709,-0.387794354707786
1.78233333333333,-0.389140662383833,-0.388290015256789,-0.388733172036583,-0.386848396881869
1.78266666666667,-0.388192555934886,-0.387343060810265,-0.387782679462624,-0.385906608709854
1.783,-0.38724862368248,-0.386400283031507,-0.386836380110505,-0.384968965894595
1.78333333333333,-0.386308841330245,-0.385461657559515,-0.385894249534843,-0.38403544431559
1.78366666666667,-0.385373184758211,-0.384527160210623,-0.384956263468013,-0.383106020027453
1.784,-0.384441630021295,-0.383596766976966,-0.384022397818623,-0.382180669258388
1.78433333333333,-0.383514153347785,-0.382670454024971,-0.38309262866999,-0.381259368408726
1.78466666666667,-0.382590731137843,-0.381748197693831,-0.382166932278628,-0.38034209404941
1.785,-0.381671339962033,-0.380829974494023,-0.38124528507276,-0.379428822920528
1.78533333333333,-0.380755956559851,-0.379915761105829,-0.380327663650826,-0.378519531929885
1.78566666666667,-0.37984455783828,-0.379005534377873,-0.379414044780051,-0.377614198151525
1.786,-0.378937120870338,-0.378099271325677,-0.378504405394958,-0.376712798824342
1.78633333333333,-0.37803362289368,-0.377196949130226,-0.377598722595963,-0.375815311350645
1.78666666666667,-0.377134041309171,-0.376298545136548,-0.376696973647943,-0.374921713294768
1.787,-0.376238353679504,-0.375404036852315,-0.375799135978837,-0.374031982381692
1.78733333333333,-0.375346537727818,-0.374513401946428,-0.374905187178242,-0.373146096495666
1.78766666666667,-0.374458571336324,-0.373626618247682,-0.374015104996042,-0.372264033678857
1.788,-0.373574432544958,-0.372743663743367,-0.373128867341047,-0.371385772130004
1.78833333333333,-0.372694099550044,-0.371864516577932,-0.372246452279641,-0.370511290203089
1.78866666666667,-0.371817550702962,-0.370989155051646,-0.371367838034431,-0.369640566406021
1.789,-0.370944764508842,-0.370117557619269,-0.370493002982944,-0.368773579399331
1.78933333333333,-0.370075719625253,-0.369249702888758,-0.369621925656297,-0.367910307994886
1.78966666666667,-0.36921039486092,-0.36838556961995,-0.368754584737898,-0.367050731154597
1.79,-0.368348769174456,-0.367525136723282,-0.36789095906218,-0.366194827989171
1.79033333333333,-0.367490821673083,-0.366668383258529,-0.367031027613303,-0.365342577756845
1.79066666666667,-0.366636531611397,-0.365815288433528,-0.366174769523908,-0.36449395986215
1.791,-0.365785878390121,-0.364965831602942,-0.365322164073853,-0.363648953854676
1.79133333333333,-0.364938841554882,-0.36411999226702,-0.364473190688998,-0.362807539427864
1.79166666666667,-0.364095400794994,-0.36327775007037,-0.363627828939962,-0.361969696417792
1.792,-0.363255535942259,-0.362439084800755,-0.362786058540914,-0.361135404801982
1.79233333333333,-0.362419226969775,-0.361603976387891,-0.361947859348376,-0.36030464469823
1.79266666666667,-0.361586453990746,-0.360772404902247,-0.361113211360032,-0.359477396363412
1.793,-0.360757197257328,-0.359944350553885,-0.36028209471354,-0.358653640192343
1.79333333333333,-0.359931437159473,-0.359119793691289,-0.359454489685384,-0.357833356716626
1.79366666666667,-0.359109154223771,-0.358298714800198,-0.358630376689701,-0.357016526603511
1.794,-0.358290329112318,-0.357481094502484,-0.357809736277149,-0.356203130654763
1.79433333333333,-0.357474942621604,-0.356666913555008,-0.356992549133763,-0.355393149805563
1.79466666666667,-0.356662975681385,-0.355856152848494,-0.356178796079839,-0.354586565123378
1.795,-0.355854409353588,-0.35504879340644,-0.355368458068818,-0.353783357806898
1.79533333333333,-0.35504922483122,-0.354244816383979,-0.354561516186193,-0.352983509184928
1.79566666666667,-0.35424740343728,-0.353444203066838,-0.35375795164841,-0.35218700071532
1.796,-0.353448926623701,-0.352646934870221,-0.352957745801787,-0.351393813983916
1.79633333333333,-0.352653775970271,-0.351852993337763,-0.352160880121455,-0.350603930703484
1.79666666666667,-0.351861933183596,-0.351062360140452,-0.351367336210281,-0.349817332712696
1.797,-0.351073380096056,-0.35027501707561,-0.35057709579783,-0.349034001975065
1.79733333333333,-0.35028809866477,-0.349490946065818,-0.349790140739338,-0.348253920577946
1.79766666666667,-0.349506070970577,-0.348710129157922,-0.349006453014642,-0.347477070731507
1.798,-0.348727279217031,-0.347932548521988,-0.348226014727211,-0.346703434767738
1.79833333333333,-0.347951705729387,-0.347158186450312,-0.347448808103089,-0.345932995139451
1.79866666666667,-0.347179332953612,-0.346387025356407,-0.346674815489928,-0.345165734419285
1.799,-0.346410143455418,-0.345619047774027,-0.345904019355977,-0.344401635298747
1.79933333333333,-0.345644119919263,-0.344854236356169,-0.345136402289116,-0.343640680587233
1.79966666666667,-0.344881245147396,-0.344092573874118,-0.344371946995861,-0.342882853211073
1.8,-0.344121502058912,-0.343334043216475,-0.343610636300422,-0.342128136212591
1.80033333333333,-0.343364873688789,-0.342578627388209,-0.342852453143734,-0.341376512749151
1.80066666666667,-0.342611343186966,-0.341826309509705,-0.342097380582523,-0.34062796609224
1.801,-0.341860893817398,-0.341077072815846,-0.34134540178836,-0.339882479626529
1.80133333333333,-0.341113508957151,-0.340330900655065,-0.340596500046729,-0.339140036848984
1.80166666666667,-0.340369172095476,-0.339587776488443,-0.339850658756131,-0.338400621367935
1.802,-0.339627866832916,-0.338847683888791,-0.339107861427143,-0.337664216902196
1.80233333333333,-0.338889576880406,-0.338110606539755,-0.338368091681534,-0.336930807280168
1.80266666666667,-0.338154286058388,-0.337376528234918,-0.337631333251369,-0.336200376438969
1.803,-0.337421978295937,-0.336645432876924,-0.336897569978116,-0.335472908423554
1.80333333333333,-0.336692637629886,-0.335917304476593,-0.336166785811778,-0.334748387385854
1.80366666666667,-0.335966248203959,-0.33519212715206,-0.335438964810018,-0.334026797583914
1.804,-0.335242794267929,-0.334469885127914,-0.334714091137304,-0.333308123381059
1.80433333333333,-0.334522260176764,-0.333750562734344,-0.333992149064045,-0.332592349245045
1.80466666666667,-0.333804630389791,-0.333034144406297,-0.333273122965755,-0.331879459747223
1.805,-0.333089889469863,-0.332320614682644,-0.332556997322212,-0.331169439561723
1.80533333333333,-0.332378022082541,-0.331609958205356,-0.331843756716632,-0.330462273464638
1.80566666666667,-0.33166901299527,-0.330902159718657,-0.331133385834839,-0.329757946333203
1.806,-0.330962847076585,-0.330197204068257,-0.330425869464456,-0.329056443145004
1.80633333333333,-0.330259509295291,-0.329495076200499,-0.329721192494101,-0.328357748977178
1.80666666666667,-0.329558984719692,-0.3287957611616,-0.329019339912581,-0.327661849005633
1.807,-0.328861258516789,-0.328099244096835,-0.328320296808103,-0.326968728504252
1.80733333333333,-0.328166315951503,-0.327405510249764,-0.327624048367485,-0.326278372844145
1.80766666666667,-0.327474142385918,-0.32671454496145,-0.326930579875389,-0.325590767492858
1.808,-0.326784723278492,-0.326026333669696,-0.32623987671353,-0.324905898013626
1.80833333333333,-0.326098044183323,-0.325340861908282,-0.325551924359936,-0.324223750064624
1.80866666666667,-0.325414090749381,-0.324658115306202,-0.324866708388177,-0.323544309398216
1.809,-0.324732848719774,-0.323978079586928,-0.324184214466612,-0.322867561860215
1.80933333333333,-0.324054303931015,-0.323300740567656,-0.323504428357662,-0.32219349338916
1.80966666666667,-0.323378442312271,-0.322626084158584,-0.322827335917054,-0.321522090015583
1.81,-0.322705249884662,-0.321954096362168,-0.322152923093105,-0.320853337861294
1.81033333333333,-0.322034712760536,-0.321284763272422,-0.321481175925995,-0.320187223138667
1.81066666666667,-0.321366817142755,-0.320618071074176,-0.320812080547052,-0.319523732149938
1.811,-0.320701549323988,-0.319954006042387,-0.320145623178035,-0.318862851286502
1.81133333333333,-0.320038895686025,-0.319292554541443,-0.319481790130439,-0.318204567028221
1.81166666666667,-0.319378842699072,-0.31863370302444,-0.31882056780479,-0.317548865942743
1.812,-0.318721376921076,-0.317977438032517,-0.318161942689965,-0.316895734684806
1.81233333333333,-0.318066484997034,-0.317323746194168,-0.317505901362494,-0.316245159995586
1.81266666666667,-0.31741415365834,-0.31667261422455,-0.316852430485889,-0.315597128702011
1.813,-0.316764369722093,-0.316024028924831,-0.316201516809973,-0.31495162771611
1.81333333333333,-0.316117120090443,-0.31537797718152,-0.315553147170206,-0.314308644034341
1.81366666666667,-0.315472391749959,-0.314734445965794,-0.314907308487032,-0.31366816473696
1.814,-0.314830171770941,-0.314093422332863,-0.314263987765218,-0.313030176987366
1.81433333333333,-0.31419044730681,-0.313454893421325,-0.313623172093208,-0.312394668031459
1.81466666666667,-0.313553205593443,-0.312818846452494,-0.312984848642486,-0.311761625197016
1.815,-0.312918433948563,-0.312185268729798,-0.312349004666922,-0.311131035893052
1.81533333333333,-0.312286119771103,-0.311554147638138,-0.311715627502161,-0.310502887609211
1.81566666666667,-0.311656250540575,-0.310925470643254,-0.311084704564978,-0.309877167915138
1.816,-0.311028813816476,-0.310299225291119,-0.31045622335268,-0.309253864459875
1.81633333333333,-0.310403797237655,-0.309675399207314,-0.309830171442458,-0.308632964971253
1.81666666666667,-0.309781188521731,-0.309053980096435,-0.30920653649081,-0.308014457255288
1.817,-0.309160975464468,-0.308434955741469,-0.308585306232923,-0.307398329195592
1.81733333333333,-0.308543145939204,-0.307818314003218,-0.307966468482069,-0.30678456875278
1.81766666666667,-0.307927687896254,-0.307204042819692,-0.307350011129018,-0.306173163963891
1.818,-0.307314589362314,-0.306592130205536,-0.306735922141455,-0.305564102941793
1.81833333333333,-0.306703838439908,-0.305982564251428,-0.306124189563377,-0.304957373874631
1.81866666666667,-0.306095423306783,-0.305375333123524,-0.305514801514542,-0.304352965025243
1.819,-0.305489332215374,-0.304770425062868,-0.304907746189877,-0.303750864730591
1.81933333333333,-0.304885553492205,-0.304167828384843,-0.304303011858912,-0.303151061401217
1.81966666666667,-0.30428407553737,-0.303567531478596,-0.303700586865221,-0.302553543520681
1.82,-0.303684886823942,-0.302969522806487,-0.303100459625874,-0.301958299645005
1.82033333333333,-0.303087975897446,-0.302373790903538,-0.302502618630859,-0.301365318402143
1.82066666666667,-0.302493331375314,-0.301780324376884,-0.301907052442551,-0.300774588491427
1.821,-0.30190094194633,-0.301189111905224,-0.301313749695168,-0.300186098683038
1.82133333333333,-0.301310796370116,-0.300600142238304,-0.300722699094229,-0.299599837817473
1.82166666666667,-0.30072288347659,-0.300013404196357,-0.30013388941602,-0.29901579480502
1.822,-0.300137192165438,-0.299428886669609,-0.299547309507063,-0.298433958625239
1.82233333333333,-0.299553711405604,-0.298846578617709,-0.298962948283588,-0.297854318326443
1.82266666666667,-0.298972430234766,-0.298266469069257,-0.298380794731028,-0.29727686302518
1.823,-0.298393337758822,-0.297688547121262,-0.297800837903483,-0.296701581905733
1.82333333333333,-0.29781642315139,-0.297112801938637,-0.29722306692322,-0.296128464219617
1.82366666666667,-0.297241675653301,-0.2965392227537,-0.296647470980164,-0.295557499285065
1.824,-0.296669084572096,-0.295967798865663,-0.296074039331396,-0.29498867648655
1.82433333333333,-0.296098639281541,-0.295398519640143,-0.29550276130065,-0.294421985274291
1.82466666666667,-0.295530329221126,-0.294831374508666,-0.294933626277827,-0.293857415163758
1.825,-0.294964143895593,-0.294266352968179,-0.2943666237185,-0.293294955735194
1.82533333333333,-0.294400072874435,-0.293703444580563,-0.293801743143424,-0.29273459663314
1.82566666666667,-0.293838105791436,-0.293142638972165,-0.293238974138067,-0.292176327565955
1.826,-0.293278232344188,-0.292583925833302,-0.292678306352119,-0.291620138305353
1.82633333333333,-0.292720442293619,-0.292027294917802,-0.292119729499035,-0.291066018685926
1.82666666666667,-0.292164725463544,-0.291472736042539,-0.291563233355541,-0.290513958604694
1.827,-0.291611071740177,-0.290920239086959,-0.291008807761195,-0.289963948020644
1.82733333333333,-0.291059471071698,-0.290369793992632,-0.290456442617909,-0.289415976954261
1.82766666666667,-0.290509913467782,-0.289821390762779,-0.289906127889505,-0.288870035487103
1.828,-0.289962388999161,-0.289275019461841,-0.289357853601244,-0.288326113761328
1.82833333333333,-0.289416887797168,-0.288730670215014,-0.288811609839394,-0.287784201979278
1.82866666666667,-0.288873400053305,-0.288188333207809,-0.28826738675077,-0.287244290403011
1.829,-0.288331916018791,-0.28764799868562,-0.287725174542304,-0.28670636935389
1.82933333333333,-0.287792426004143,-0.287109656953272,-0.287184963480597,-0.286170429212143
1.82966666666667,-0.28725492037873,-0.286573298374598,-0.286646743891495,-0.285636460416424
1.83,-0.286719389570353,-0.286038913372015,-0.286110506159641,-0.285104453463405
1.83033333333333,-0.286185824064824,-0.285506492426082,-0.285576240728076,-0.284574398907347
1.83066666666667,-0.285654214405536,-0.284976026075086,-0.285043938097778,-0.284046287359684
1.831,-0.285124551193058,-0.284447504914628,-0.284513588827275,-0.28352010948861
1.83133333333333,-0.284596825084709,-0.283920919597197,-0.283985183532213,-0.282995856018667
1.83166666666667,-0.284071026794153,-0.283396260831767,-0.283458712884945,-0.28247351773034
1.832,-0.283547147091002,-0.28287351938339,-0.28293416761412,-0.281953085459644
1.83233333333333,-0.283025176800402,-0.282352686072782,-0.282411538504282,-0.281434550097744
1.83266666666667,-0.28250510680263,-0.281833751775923,-0.281890816395464,-0.280917902590542
1.833,-0.281986928032705,-0.281316707423672,-0.281371992182783,-0.280403133938283
1.83333333333333,-0.281470631480002,-0.280801544001357,-0.280855056816056,-0.279890235195178
1.83366666666667,-0.280956208187843,-0.280288252548387,-0.280340001299398,-0.279379197469004
1.834,-0.280443649253128,-0.279776824157872,-0.279826816690837,-0.278870011920723
1.83433333333333,-0.279932945825939,-0.279267249976222,-0.279315494101924,-0.27836266976411
1.83466666666667,-0.279424089109175,-0.278759521202787,-0.278806024697357,-0.277857162265366
1.835,-0.278917070358154,-0.278253629089456,-0.278298399694589,-0.277353480742742
1.83533333333333,-0.278411880880257,-0.2777495649403,-0.277792610363464,-0.276851616566176
1.83566666666667,-0.277908512034553,-0.277247320111185,-0.277288648025836,-0.276351561156932
1.836,-0.277406955231419,-0.276746886009411,-0.276786504055201,-0.275853305987205
1.83633333333333,-0.276907201932199,-0.276248254093348,-0.276286169876331,-0.275356842579796
1.83666666666667,-0.276409243648822,-0.275751415872063,-0.275787636964906,-0.274862162507726
1.837,-0.275913071943446,-0.275256362904969,-0.275290896847154,-0.274369257393892
1.83733333333333,-0.275418678428109,-0.274763086801464,-0.274795941099494,-0.273878118910713
1.83766666666667,-0.274926054764381,-0.274271579220572,-0.274302761348177,-0.273388738779776
1.838,-0.274435192662998,-0.273781831870607,-0.273811349268941,-0.272901108771489
1.83833333333333,-0.273946083883522,-0.273293836508803,-0.273321696586654,-0.272415220704746
1.83866666666667,-0.273458720234004,-0.272807584940988,-0.272833795074969,-0.271931066446565
1.839,-0.27297309357063,-0.272323069021226,-0.272347636555982,-0.271448637911776
1.83933333333333,-0.272489195797399,-0.271840280651491,-0.271863212899885,-0.270967927062659
1.83966666666667,-0.272007018865771,-0.271359211781315,-0.271380516024638,-0.270488925908627
1.84,-0.271526554774334,-0.270879854407464,-0.27089953789563,-0.270011626505887
1.84033333333333,-0.271047795568494,-0.270402200573604,-0.270420270525334,-0.269536020957125
1.84066666666667,-0.270570733340122,-0.269926242369972,-0.269942705972993,-0.269062101411156
1.841,-0.270095360227238,-0.269451971933047,-0.269466836344288,-0.26858986006263
1.84133333333333,-0.269621668413703,-0.268979381445227,-0.268992653791007,-0.26811928915169
1.84166666666667,-0.269149650128875,-0.268508463134516,-0.268520150510729,-0.267650380963664
1.842,-0.268679297647306,-0.268039209274189,-0.268049318746505,-0.267183127828755
1.84233333333333,-0.268210603288429,-0.267571612182492,-0.267580150786536,-0.266717522121717
1.84266666666667,-0.267743559416238,-0.267105664222323,-0.267112638963863,-0.266253556261549
1.843,-0.26727815843898,-0.266641357800916,-0.266646775656053,-0.265791222711196
1.84333333333333,-0.266814392808856,-0.26617868536954,-0.266182553284888,-0.265330513977233
1.84366666666667,-0.266352255021705,-0.265717639423194,-0.265719964316067,-0.264871422609568
1.844,-0.265891737616709,-0.265258212500296,-0.265259001258891,-0.264413941201142
1.84433333333333,-0.265432833176094,-0.264800397182389,-0.264799656665963,-0.263958062387631
1.84466666666667,-0.264975534324824,-0.264344186093837,-0.264341923132895,-0.263503778847149
1.845,-0.26451983373032,-0.263889571901535,-0.263885793298006,-0.26305108329996
1.84533333333333,-0.264065724102151,-0.263436547314611,-0.263431259842022,-0.262599968508181
1.84566666666667,-0.263613198191755,-0.262985105084137,-0.262978315487802,-0.262150427275499
1.846,-0.263162248792154,-0.26253523800284,-0.262526953000019,-0.261702452446882
1.84633333333333,-0.262712868737658,-0.262086938904809,-0.262077165184907,-0.261256036908298
1.84666666666667,-0.262265050903585,-0.261640200665223,-0.261628944889946,-0.260811173586436
1.847,-0.261818788205982,-0.261195016200057,-0.261182285003589,-0.260367855448414
1.84733333333333,-0.261374073601351,-0.260751378465809,-0.260737178454994,-0.259926075501523
1.84766666666667,-0.260930900086357,-0.26030928045922,-0.260293618213718,-0.259485826792937
1.848,-0.260489260697571,-0.259868715217,-0.259851597289473,-0.259047102409438
1.84833333333333,-0.260049148511186,-0.259429675815548,-0.259411108731825,-0.258609895477161
1.84866666666667,-0.259610556642754,-0.258992155370699,-0.258972145629939,-0.258174199161317
1.849,-0.259173478246911,-0.258556147037428,-0.258534701112293,-0.257740006665921
1.84933333333333,-0.258737906517119,-0.258121644009609,-0.258098768346427,-0.257307311233542
1.84966666666667,-0.258303834685395,-0.257688639519732,-0.257664340538672,-0.256876106145028
1.85,-0.257871256022055,-0.257257126838653,-0.257231410933876,-0.256446384719251
1.85033333333333,-0.25744016383545,-0.256827099275326,-0.256799972815162,-0.256018140312857
1.85066666666667,-0.257010551471713,-0.256398550176545,-0.256370019503651,-0.255591366319995
1.851,-0.2565824123145,-0.255971472926693,-0.255941544358207,-0.255166056172081
1.85133333333333,-0.256155739784735,-0.255545860947478,-0.2555145407752,-0.254742203337527
1.85166666666667,-0.255730527340364,-0.255121707697696,-0.255089002188222,-0.25431980132151
1.852,-0.255306768476096,-0.254699006672961,-0.254664922067867,-0.253898843665708
1.85233333333333,-0.254884456723174,-0.25427775140547,-0.25424229392146,-0.253479323948067
1.85266666666667,-0.254463585649104,-0.253857935463759,-0.253821111292815,-0.253061235782554
1.853,-0.254044148857432,-0.253439552452439,-0.253401367761997,-0.252644572818902
1.85333333333333,-0.253626139987489,-0.253022596011983,-0.252983056945066,-0.252229328742397
1.85366666666667,-0.253209552714159,-0.252607059818462,-0.252566172493848,-0.251815497273606
1.854,-0.252794380747639,-0.252192937583308,-0.252150708095687,-0.251403072168172
1.85433333333333,-0.252380617833202,-0.251780223053088,-0.251736657473205,-0.250992047216561
1.85466666666667,-0.251968257750956,-0.251368910009259,-0.251324014384078,-0.250582416243829
1.855,-0.251557294315629,-0.250958992267946,-0.250912772620788,-0.250174173109405
1.85533333333333,-0.251147721376317,-0.250550463679694,-0.250502926010402,-0.249767311706849
1.85566666666667,-0.250739532816273,-0.250143318129255,-0.250094468414329,-0.249361825963621
1.856,-0.250332722552661,-0.249737549535348,-0.249687393728104,-0.248957709840878
1.85633333333333,-0.249927284536354,-0.249333151850439,-0.24928169588115,-0.248554957333222
1.85666666666667,-0.249523212751692,-0.24893011906051,-0.248877368836569,-0.248153562468499
1.857,-0.249120501216259,-0.248528445184848,-0.248474406590888,-0.247753519307569
1.85733333333333,-0.248719143980681,-0.248128124275813,-0.248072803173881,-0.247354821944087
1.85766666666667,-0.248319135128387,-0.247729150418622,-0.2476725526483,-0.246957464504285
1.858,-0.247920468775404,-0.247331517731138,-0.247273649109695,-0.246561441146768
1.85833333333333,-0.247523139070135,-0.246935220363638,-0.246876086686185,-0.246166746062285
1.85866666666667,-0.247127140193157,-0.246540252498617,-0.24647985953823,-0.245773373473529
1.859,-0.246732466356992,-0.246146608350565,-0.24608496185844,-0.245381317634916
1.85933333333333,-0.246339111805908,-0.245754282165759,-0.245691387871347,-0.244990572832382
1.85966666666667,-0.245947070815706,-0.245363268222049,-0.245299131833196,-0.24460113338318
1.86,-0.245556337693522,-0.244973560828661,-0.244908188031747,-0.244212993635669
1.86033333333333,-0.245166906777606,-0.244585154325976,-0.244518550786058,-0.243826147969106
1.86066666666667,-0.244778772437129,-0.244198043085338,-0.244130214446284,-0.243440590793452
1.861,-0.244391929071974,-0.24381222150885,-0.243743173393464,-0.243056316549166
1.86133333333333,-0.244006371112542,-0.24342768402916,-0.243357422039343,-0.242673319707006
1.86166666666667,-0.243622093019553,-0.243044425109274,-0.242972954826141,-0.242291594767834
1.862,-0.243239089283833,-0.242662439242355,-0.242589766226373,-0.241911136262412
1.86233333333333,-0.242857354426142,-0.242281720951521,-0.242207850742647,-0.241531938751222
1.86266666666667,-0.242476882996951,-0.241902264789658,-0.241827202907461,-0.241153996824256
1.863,-0.242097669576282,-0.241524065339213,-0.241447817283021,-0.240777305100827
1.86333333333333,-0.241719708773478,-0.241147117212022,-0.24106968846104,-0.240401858229393
1.86366666666667,-0.241342995227047,-0.240771415049091,-0.240692811062543,-0.240027650887348
1.864,-0.240967523604452,-0.240396953520434,-0.240317179737685,-0.239654677780848
1.86433333333333,-0.240593288601928,-0.240023727324865,-0.239942789165551,-0.239282933644622
1.86466666666667,-0.240220284944302,-0.239651731189825,-0.23956963405399,-0.23891241324178
1.865,-0.239848507384799,-0.239280959871187,-0.239197709139397,-0.238543111363639
1.86533333333333,-0.239477950704866,-0.238911408153075,-0.238827009186556,-0.238175022829536
1.86566666666667,-0.23910860971398,-0.238543070847687,-0.238457528988443,-0.237808142486649
1.866,-0.238740479249485,-0.238175942795103,-0.23808926336605,-0.237442465209816
1.86633333333333,-0.238373554176393,-0.237810018863114,-0.237722207168201,-0.237077985901354
1.86666666666667,-0.238007829387217,-0.237445293947041,-0.237356355271368,-0.23671469949089
1.867,-0.237643299801797,-0.237081762969556,-0.236991702579514,-0.236352600935185
1.86733333333333,-0.23727996036711,-0.236719420880508,-0.236628244023882,-0.235991685217947
1.86766666666667,-0.236917806057113,-0.236358262656748,-0.236265974562852,-0.235631947349679
1.868,-0.236556831872563,-0.235998283301956,-0.235904889181755,-0.235273382367484
1.86833333333333,-0.236197032840844,-0.235639477846473,-0.235544982892694,-0.234915985334919
1.86866666666667,-0.235838404015794,-0.235281841347116,-0.235186250734377,-0.234559751341809
1.869,-0.235480940477545,-0.234925368887031,-0.234828687771957,-0.234204675504077
1.86933333333333,-0.235124637332351,-0.234570055575509,-0.234472289096847,-0.233850752963599
1.86966666666667,-0.234769489712421,-0.234215896547816,-0.234117049826564,-0.233497978888015
1.87,-0.23441549277575,-0.233862886965043,-0.233762965104553,-0.23314634847058
1.87033333333333,-0.234062641705963,-0.233511022013932,-0.23341003010004,-0.232795856929989
1.87066666666667,-0.233710931712148,-0.233160296906709,-0.233058240007843,-0.232446499510231
1.871,-0.233360358028693,-0.23281070688093,-0.232707590048231,-0.232098271480412
1.87133333333333,-0.233010915915128,-0.232462247199319,-0.232358075466746,-0.23175116813461
1.87166666666667,-0.232662600655968,-0.232114913149601,-0.232009691534061,-0.231405184791708
1.872,-0.232315407560542,-0.231768700044353,-0.231662433545801,-0.231060316795238
1.87233333333333,-0.231969331962863,-0.231423603220846,-0.231316296822399,-0.230716559513235
1.87266666666667,-0.231624369221439,-0.231079618040878,-0.230971276708937,-0.230373908338064
1.873,-0.231280514719145,-0.230736739890634,-0.230627368574987,-0.230032358686283
1.87333333333333,-0.230937763863057,-0.23039496418052,-0.230284567814455,-0.229691905998482
1.87366666666667,-0.230596112084302,-0.230054286345017,-0.229942869845434,-0.229352545739139
1.874,-0.230255554837905,-0.229714701842531,-0.22960227011005,-0.229014273396465
1.87433333333333,-0.229916087602641,-0.229376206155233,-0.229262764074304,-0.22867708448225
1.87466666666667,-0.229577705880891,-0.229038794788922,-0.228924347227935,-0.228340974531727
1.875,-0.229240405198486,-0.228702463272865,-0.22858701508426,-0.228005939103411
1.87533333333333,-0.22890418110456,-0.228367207159661,-0.228250763180024,-0.227671973778972
1.87566666666667,-0.22856902917141,-0.228033022025087,-0.227915587075275,-0.22733907416307
1.876,-0.228234944994351,-0.227699903467957,-0.227581482353183,-0.227007235883222
1.87633333333333,-0.227901924191565,-0.227367847109971,-0.227248444619932,-0.226676454589667
1.87666666666667,-0.227569962403971,-0.227036848595586,-0.22691646950455,-0.2263467259552
1.877,-0.227239055295067,-0.226706903591856,-0.226585552658779,-0.226018045675062
1.87733333333333,-0.226909198550801,-0.226378007788312,-0.22625568975693,-0.225690409466775
1.87766666666667,-0.226580387879434,-0.226050156896801,-0.225926876495745,-0.225363813070021
1.878,-0.226252619011389,-0.22572334665136,-0.225599108594256,-0.22503825224649
1.87833333333333,-0.225925887699129,-0.22539757280808,-0.225272381793641,-0.224713722779759
1.87866666666667,-0.225600189717001,-0.225072831144955,-0.224946691857097,-0.224390220475143
1.879,-0.225275520861118,-0.224749117461765,-0.2246220345697,-0.224067741159565
1.87933333333333,-0.224951876949221,-0.224426427579924,-0.224298405738265,-0.223746280681426
1.87966666666667,-0.224629253820539,-0.224104757342363,-0.223975801191215,-0.22342583491047
1.88,-0.224307647335654,-0.223784102613374,-0.223654216778447,-0.223106399737647
1.88033333333333,-0.223987053376391,-0.223464459278506,-0.223333648371203,-0.222787971074993
1.88066666666667,-0.223667467845652,-0.223145823244412,-0.223014091861935,-0.222470544855491
1.881,-0.223348886667315,-0.222828190438727,-0.222695543164169,-0.222154117032946
1.88133333333333,-0.223031305786099,-0.222511556809941,-0.222377998212379,-0.221838683581857
1.88166666666667,-0.222714721167427,-0.222195918327269,-0.222061452961875,-0.221524240497288
1.882,-0.222399128797301,-0.221881270980517,-0.221745903388648,-0.221210783794741
1.88233333333333,-0.222084524682193,-0.221567610779966,-0.221431345489255,-0.22089830951004
1.88266666666667,-0.221770904848892,-0.221254933756245,-0.221117775280696,-0.220586813699194
1.883,-0.221458265344398,-0.220943235960197,-0.220805188800291,-0.220276292438278
1.88333333333333,-0.221146602235799,-0.220632513462768,-0.220493582105543,-0.219966741823322
1.88366666666667,-0.22083591161014,-0.22032276235487,-0.220182951274025,-0.219658157970162
1.884,-0.2205261895743,-0.220013978747276,-0.219873292403258,-0.219350537014352
1.88433333333333,-0.220217432254889,-0.219706158770482,-0.219564601610581,-0.219043875111018
1.88466666666667,-0.219909635798099,-0.219399298574599,-0.219256875033044,-0.218738168434753
1.885,-0.21960279636961,-0.219093394329229,-0.218950108827271,-0.218433413179493
1.88533333333333,-0.219296910154466,-0.218788442223341,-0.218644299169354,-0.218129605558402
1.88566666666667,-0.218991973356945,-0.218484438465169,-0.218339442254733,-0.217826741803757
1.886,-0.21868798220046,-0.218181379282077,-0.21803553429807,-0.217524818166825
1.88633333333333,-0.218384932927424,-0.217879260920454,-0.217732571533145,-0.217223830917756
1.88666666666667,-0.218082821799157,-0.217578079645593,-0.217430550212726,-0.216923776345465
1.887,-0.217781645095754,-0.217277831741581,-0.217129466608473,-0.216624650757515
1.88733333333333,-0.217481399115981,-0.216978513511185,-0.216829317010803,-0.216326450480016
1.88766666666667,-0.217182080177152,-0.216680121275736,-0.216530097728791,-0.216029171857502
1.888,-0.216883684615034,-0.216382651375019,-0.216231805090055,-0.215732811252823
1.88833333333333,-0.21658620878372,-0.216086100167164,-0.215934435440635,-0.215437365047034
1.88866666666667,-0.21628964905553,-0.215790464028529,-0.215637985144901,-0.215142829639292
1.889,-0.215994001820893,-0.215495739353596,-0.215342450585423,-0.214849201446742
1.88933333333333,-0.215699263488243,-0.21520192255486,-0.215047828162867,-0.214556476904403
1.88966666666667,-0.215405430483908,-0.214909010062724,-0.214754114295901,-0.214264652465073
1.89,-0.215112499252011,-0.214616998325385,-0.214461305421064,-0.213973724599216
1.89033333333333,-0.214820466254349,-0.214325883808737,-0.214169397992679,-0.213683689794859
1.89066666666667,-0.214529327970299,-0.214035662996251,-0.213878388482732,-0.213394544557474
1.891,-0.214239080896714,-0.213746332388884,-0.213588273380775,-0.213106285409902
1.89133333333333,-0.213949721547809,-0.213457888504969,-0.213299049193817,-0.212818908892222
1.89166666666667,-0.213661246455064,-0.213170327880108,-0.213010712446223,-0.212532411561657
1.892,-0.213373652167118,-0.212883647067072,-0.212723259679612,-0.212246789992483
1.89233333333333,-0.213086935249674,-0.212597842635701,-0.212436687452743,-0.211962040775908
1.89266666666667,-0.212801092285387,-0.212312911172799,-0.212150992341426,-0.211678160519987
1.893,-0.212516119873774,-0.212028849282036,-0.211866170938421,-0.211395145849516
1.89333333333333,-0.212232014631103,-0.211745653583839,-0.211582219853322,-0.211112993405932
1.89366666666667,-0.211948773190302,-0.211463320715312,-0.211299135712475,-0.210831699847217
1.894,-0.211666392200857,-0.211181847330114,-0.211016915158867,-0.210551261847798
1.89433333333333,-0.211384868328721,-0.210901230098375,-0.210735554852034,-0.210271676098451
1.89466666666667,-0.211104198256199,-0.210621465706595,-0.210455051467963,-0.209992939306203
1.895,-0.210824378681871,-0.210342550857551,-0.210175401698985,-0.20971504819424
1.89533333333333,-0.210545406320486,-0.210064482270193,-0.209896602253695,-0.209437999501801
1.89566666666667,-0.210267277902869,-0.209787256679554,-0.209618649856842,-0.209161789984103
1.896,-0.209989990175825,-0.209510870836654,-0.209341541249238,-0.208886416412223
1.89633333333333,-0.209713539902046,-0.209235321508407,-0.209065273187673,-0.208611875573025
1.89666666666667,-0.209437923860019,-0.208960605477527,-0.208789842444801,-0.208338164269059
1.897,-0.209163138843931,-0.208686719542432,-0.208515245809065,-0.208065279318465
1.89733333333333,-0.208889181663576,-0.208413660517156,-0.208241480084598,-0.207793217554886
1.89766666666667,-0.208616049144267,-0.208141425231257,-0.20796854209113,-0.207521975827381
1.898,-0.208343738126749,-0.207870010529723,-0.207696428663893,-0.207251551000329
1.89833333333333,-0.208072245467091,-0.207599413272884,-0.207425136653545,-0.20698193995334
1.89866666666667,-0.207801568036622,-0.207329630336321,-0.207154662926058,-0.206713139581168
1.899,-0.20753170272182,-0.20706065861078,-0.206885004362646,-0.206445146793622
1.89933333333333,-0.207262646424236,-0.206792495002082,-0.206616157859676,-0.206177958515481
1.89966666666667,-0.2069943960604,-0.206525136431027,-0.206348120328559,-0.205911571686398
1.9,-0.20672694856174,-0.206258579833322,-0.20608088869569,-0.205645983260824
1.90033333333333,-0.206460300874487,-0.205992822159482,-0.205814459902348,-0.205381190207915
1.90066666666667,-0.206194449959597,-0.205727860374751,-0.205548830904594,-0.205117189511455
1.901,-0.205929392792667,-0.205463691459007,-0.205283998673225,-0.204853978169757
1.90133333333333,-0.205665126363835,-0.205200312406693,-0.205019960193646,-0.204591553195595
1.90166666666667,-0.205401647677714,-0.204937720226718,-0.204756712465808,-0.204329911616102
1.902,-0.205138953753297,-0.204675911942375,-0.204494252504123,-0.204069050472711
1.90233333333333,-0.204877041623878,-0.20441488459127,-0.204232577337374,-0.203808966821047
1.90266666666667,-0.204615908336969,-0.204154635225218,-0.203971684008635,-0.203549657730862
1.903,-0.204355550954222,-0.203895160910186,-0.203711569575187,-0.203291120285949
1.90333333333333,-0.204095966551331,-0.203636458726188,-0.203452231108443,-0.20303335158406
1.90366666666667,-0.20383715221798,-0.203378525767221,-0.203193665693854,-0.20277634873682
1.904,-0.203579105057728,-0.203121359141175,-0.202935870430838,-0.202520108869661
1.90433333333333,-0.203321822187963,-0.202864955969759,-0.202678842432694,-0.202264629121736
1.90466666666667,-0.203065300739797,-0.202609313388416,-0.202422578826532,-0.202009906645831
1.905,-0.202809537857998,-0.202354428546247,-0.202167076753176,-0.201755938608301
1.90533333333333,-0.202554530700913,-0.202100298605931,-0.201912333367107,-0.201502722188983
1.90566666666667,-0.202300276440388,-0.201846920743651,-0.201658345836366,-0.201250254581123
1.906,-0.202046772261687,-0.201594292149016,-0.201405111342489,-0.200998532991305
1.90633333333333,-0.201794015363422,-0.201342410024973,-0.20115262708042,-0.200747554639352
1.90666666666667,-0.201542002957473,-0.20109127158775,-0.200900890258444,-0.200497316758286
1.907,-0.201290732268912,-0.200840874066768,-0.200649898098104,-0.200247816594218
1.90733333333333,-0.201040200535928,-0.200591214704564,-0.200399647834128,-0.1999990514063
1.90766666666667,-0.200790405009755,-0.200342290756725,-0.200150136714351,-0.19975101846663
1.908,-0.200541342954598,-0.200094099491802,-0.199901361999651,-0.199503715060191
1.90833333333333,-0.200293011647549,-0.19984663819125,-0.199653320963855,-0.199257138484779
1.90866666666667,-0.20004540837853,-0.199599904149346,-0.199406010893685,-0.199011286050925
1.909,-0.199798530450205,-0.199353894673113,-0.199159429088675,-0.19876615508182
1.90933333333333,-0.19955237517792,-0.19910860708226,-0.198913572861099,-0.198521742913244
1.90966666666667,-0.199306939889632,-0.198864038709095,-0.198668439535905,-0.198278046893508
1.91,-0.199062221925811,-0.198620186898469,-0.198424026450629,-0.198035064383364
1.91033333333333,-0.198818218639413,-0.19837704900769,-0.198180330955343,-0.197792792755946
1.91066666666667,-0.198574927395772,-0.198134622406462,-0.197937350412568,-0.197551229396704
1.911,-0.19833234557255,-0.197892904476818,-0.197695082197213,-0.197310371703319
1.91133333333333,-0.19809047055966,-0.197651892613036,-0.197453523696502,-0.197070217085646
1.91166666666667,-0.197849299759202,-0.197411584221589,-0.1972126723099,-0.196830762965647
1.912,-0.197608830585387,-0.197171976721057,-0.19697252544906,-0.196592006777314
1.91233333333333,-0.197369060464476,-0.196933067542076,-0.19673308053773,-0.196353945966609
1.91266666666667,-0.197129986834711,-0.196694854127255,-0.196494335011707,-0.196116577991391
1.913,-0.196891607146242,-0.196457333931127,-0.196256286318762,-0.195879900321356
1.91333333333333,-0.196653918861069,-0.19622050442006,-0.196018931918564,-0.195643910437963
1.91366666666667,-0.196416919452968,-0.195984363072212,-0.195782269282625,-0.195408605834376
1.914,-0.196180606407431,-0.195748907377447,-0.195546295894233,-0.195173984015393
1.91433333333333,-0.195944977221598,-0.19551413483728,-0.195311009248379,-0.194940042497378
1.91466666666667,-0.195710029404191,-0.195280042964812,-0.195076406851695,-0.194706778808214
1.915,-0.195475760475446,-0.195046629284658,-0.194842486222394,-0.194474190487205
1.91533333333333,-0.195242167967062,-0.194813891332895,-0.194609244890191,-0.194242275085056
1.91566666666667,-0.19500924942212,-0.194581826656982,-0.19437668039626,-0.194011030163769
1.916,-0.194777002395029,-0.194350432815708,-0.194144790293155,-0.193780453296609
1.91633333333333,-0.194545424451467,-0.194119707379128,-0.193913572144746,-0.193550542068021
1.91666666666667,-0.194314513168308,-0.193889647928499,-0.193683023526169,-0.193321294073586
1.917,-0.194084266133566,-0.193660252056212,-0.193453142023751,-0.193092706919948
1.91733333333333,-0.193854680946334,-0.193431517365739,-0.19322392523495,-0.192864778224748
1.91766666666667,-0.193625755216721,-0.193203441471567,-0.192995370768297,-0.192637505616581
1.918,-0.193397486565787,-0.192976021999141,-0.192767476243336,-0.192410886734915
1.91833333333333,-0.193169872625488,-0.192749256584793,-0.192540239290558,-0.192184919230049
1.91866666666667,-0.19294291103862,-0.192523142875695,-0.192313657551342,-0.191959600763038
1.919,-0.192716599458743,-0.192297678529794,-0.192087728677901,-0.191734929005641
1.91933333333333,-0.192490935550142,-0.192072861215743,-0.191862450333207,-0.191510901640268
1.91966666666667,-0.192265916987749,-0.191848688612863,-0.19163782019095,-0.191287516359907
1.92,-0.192041541457098,-0.191625158411063,-0.19141383593547,-0.191064770868077
1.92033333333333,-0.191817806654263,-0.191402268310789,-0.191190495261694,-0.190842662878769
1.92066666666667,-0.191594710285794,-0.191180016022976,-0.190967795875086,-0.19062119011638
1.921,-0.191372250068673,-0.190958399268976,-0.190745735491591,-0.190400350315662
1.92133333333333,-0.191150423730237,-0.190737415780509,-0.19052431183756,-0.190180141221676
1.92166666666667,-0.190929229008138,-0.190517063299598,-0.190303522649717,-0.189960560589715
1.922,-0.190708663650284,-0.190297339578529,-0.190083365675087,-0.189741606185257
1.92233333333333,-0.190488725414774,-0.190078242379773,-0.18986383867094,-0.189523275783915
1.92266666666667,-0.190269412069856,-0.189859769475949,-0.189644939404742,-0.189305567171377
1.923,-0.190050721393852,-0.189641918649761,-0.189426665654096,-0.189088478143348
1.92333333333333,-0.189832651175125,-0.18942468769394,-0.189209015206686,-0.188872006505496
1.92366666666667,-0.18961519921201,-0.189208074411184,-0.188991985860217,-0.188656150073406
1.924,-0.189398363312763,-0.188992076614134,-0.188775575422375,-0.188440906672517
1.92433333333333,-0.18918214129551,-0.188776692125272,-0.188559781710754,-0.188226274138068
1.92466666666667,-0.188966530988189,-0.188561918776913,-0.188344602552817,-0.188012250315053
1.925,-0.188751530228499,-0.188347754411121,-0.188130035785835,-0.187798833058161
1.92533333333333,-0.188537136863847,-0.188134196879669,-0.187916079256839,-0.187586020231728
1.92566666666667,-0.188323348751295,-0.187921244043989,-0.187702730822564,-0.187373809709675
1.926,-0.188110163757508,-0.187708893775105,-0.187489988349383,-0.187162199375473
1.92633333333333,-0.187897579758704,-0.187497143953601,-0.187277849713291,-0.186951187122076
1.92666666666667,-0.187685594640596,-0.187285992469551,-0.187066312799808,-0.186740770851878
1.927,-0.187474206298345,-0.187075437222478,-0.186855375503968,-0.186530948476652
1.92733333333333,-0.187263412636512,-0.186865476121304,-0.186645035730234,-0.186321717917521
1.92766666666667,-0.187053211569003,-0.186656107084292,-0.186435291392467,-0.186113077104878
1.928,-0.186843601019021,-0.186447328039001,-0.18622614041388,-0.185905023978364
1.92833333333333,-0.18663457891901,-0.186239136922232,-0.186017580726962,-0.185697556486799
1.92866666666667,-0.186426143210612,-0.186031531679985,-0.185809610273461,-0.185490672588143
1.929,-0.186218291844619,-0.185824510267402,-0.185602227004306,-0.18528437024944
1.92933333333333,-0.186011022780919,-0.185618070648723,-0.185395428879572,-0.185078647446777
1.92966666666667,-0.185804333988446,-0.185412210797231,-0.185189213868431,-0.184873502165225
1.93,-0.185598223445134,-0.185206928695212,-0.184983579949102,-0.184668932398803
1.93033333333333,-0.185392689137871,-0.185002222333901,-0.184778525108795,-0.184464936150419
1.93066666666667,-0.18518772906245,-0.184798089713438,-0.184574047343671,-0.184261511431836
1.931,-0.184983341223517,-0.184594528842811,-0.184370144658794,-0.184058656263606
1.93133333333333,-0.184779523634529,-0.184391537739821,-0.184166815068082,-0.183856368675038
1.93166666666667,-0.184576274317703,-0.184189114431032,-0.183964056594257,-0.18365464670415
1.932,-0.184373591303976,-0.183987256951711,-0.183761867268806,-0.183453488397611
1.93233333333333,-0.18417147263295,-0.183785963345802,-0.18356024513192,-0.183252891810714
1.93266666666667,-0.183969916352847,-0.183585231665869,-0.183359188232461,-0.18305285500731
1.933,-0.183768920520474,-0.183385059973046,-0.183158694627913,-0.182853376059776
1.93333333333333,-0.183568483201163,-0.183185446337,-0.182958762384329,-0.182654453048964
1.93366666666667,-0.183368602468732,-0.182986388835885,-0.182759389576299,-0.182456084064163
1.934,-0.183169276405445,-0.182787885556289,-0.182560574286888,-0.182258267203039
1.93433333333333,-0.182970503101952,-0.182589934593197,-0.182362314607608,-0.182061000571609
1.93466666666667,-0.182772280657263,-0.182392534049943,-0.182164608638358,-0.181864282284188
1.935,-0.182574607178698,-0.182195682038163,-0.181967454487391,-0.18166811046334
1.93533333333333,-0.182377480781833,-0.181999376677767,-0.181770850271263,-0.181472483239839
1.93566666666667,-0.182180899590467,-0.181803616096872,-0.181574794114798,-0.181277398752636
1.936,-0.181984861736576,-0.181608398431769,-0.181379284151024,-0.181082855148799
1.93633333333333,-0.181789365360269,-0.181413721826887,-0.181184318521158,-0.18088885058348
1.93666666666667,-0.181594408609744,-0.181219584434742,-0.180989895374545,-0.180695383219869
1.937,-0.18139998964125,-0.181025984415894,-0.180796012868616,-0.180502451229152
1.93733333333333,-0.181206106619043,-0.180832919938906,-0.180602669168849,-0.180310052790476
1.93766666666667,-0.181012757715333,-0.180640389180307,-0.180409862448727,-0.180118186090891
1.938,-0.180819941110266,-0.180448390324541,-0.180217590889696,-0.179926849325326
1.93833333333333,-0.180627654991855,-0.180256921563932,-0.180025852681122,-0.17973604069654
1.93866666666667,-0.180435897555958,-0.180065981098643,-0.179834646020249,-0.179545758415076
1.939,-0.180244667006228,-0.179875567136631,-0.179643969112159,-0.179356000699228
1.93933333333333,-0.180053961554085,-0.179685677893606,-0.179453820169729,-0.179166765775002
1.93966666666667,-0.179863779418651,-0.179496311592997,-0.179264197413594,-0.178978051876068
1.94,-0.179674118826732,-0.179307466465904,-0.179075099072106,-0.178789857243723
1.94033333333333,-0.17948497801277,-0.179119140751058,-0.17888652338129,-0.178602180126854
1.94066666666667,-0.179296355218802,-0.178931332694791,-0.178698468584801,-0.178415018781895
1.941,-0.179108248694419,-0.178744040550987,-0.1785109329339,-0.178228371472791
1.94133333333333,-0.178920656696733,-0.178557262581042,-0.178323914687397,-0.178042236470955
1.94166666666667,-0.178733577490334,-0.178370997053835,-0.17813741211162,-0.177856612055231
1.942,-0.17854700934725,-0.178185242245672,-0.177951423480373,-0.177671496511856
1.94233333333333,-0.178360950546912,-0.177999996440268,-0.177765947074903,-0.177486888134424
1.94266666666667,-0.178175399376104,-0.177815257928691,-0.177580981183848,-0.177302785223841
1.943,-0.17799035412895,-0.177631025009335,-0.17739652410322,-0.177119186088296
1.94333333333333,-0.177805813106844,-0.177447295987874,-0.177212574136346,-0.176936089043209
1.94366666666667,-0.177621774618441,-0.177264069177235,-0.177029129593845,-0.176753492411218
1.944,-0.177438236979602,-0.177081342897548,-0.176846188793572,-0.176571394522114
1.94433333333333,-0.177255198513359,-0.176899115476116,-0.17666375006061,-0.176389793712822
1.94466666666667,-0.177072657549881,-0.176717385247378,-0.176481811727204,-0.176208688327361
1.945,-0.176890612426444,-0.176536150552865,-0.176300372132738,-0.176028076716802
1.94533333333333,-0.176709061487379,-0.176355409741182,-0.176119429623693,-0.175847957239237
1.94566666666667,-0.176528003084048,-0.176175161167939,-0.175938982553623,-0.17566832825974
1.946,-0.176347435574802,-0.175995403195757,-0.175759029283093,-0.175489188150336
1.94633333333333,-0.176167357324949,-0.175816134194189,-0.175579568179678,-0.175310535289954
1.94666666666667,-0.175987766706712,-0.175637352539719,-0.17540059761789,-0.175132368064408
1.947,-0.1758086620992,-0.175459056615709,-0.175222115979172,-0.17495468486635
1.94733333333333,-0.175630041888371,-0.175281244812362,-0.175044121651846,-0.174777484095232
1.94766666666667,-0.175451904467001,-0.175103915526697,-0.174866613031081,-0.174600764157285
1.948,-0.175274248234626,-0.174927067162506,-0.174689588518868,-0.174424523465471
1.94833333333333,-0.175097071597546,-0.174750698130325,-0.174513046523964,-0.174248760439457
1.94866666666667,-0.174920372968761,-0.174574806847399,-0.174336985461879,-0.174073473505576
1.949,-0.174744150767948,-0.174399391737633,-0.174161403754835,-0.173898661096797
1.94933333333333,-0.174568403421419,-0.174224451231587,-0.173986299831717,-0.173724321652687
1.94966666666667,-0.174393129362102,-0.174049983766418,-0.173811672128065,-0.173550453619376
1.95,-0.174218327029492,-0.17387598778585,-0.173637519086015,-0.173377055449535
1.95033333333333,-0.174043994869624,-0.173702461740154,-0.173463839154291,-0.173204125602324
1.95066666666667,-0.17387013133504,-0.173529404086096,-0.173290630788144,-0.173031662543382
1.951,-0.17369673488476,-0.17335681328692,-0.173117892449338,-0.17285966474477
1.95133333333333,-0.173523803984236,-0.173184687812304,-0.172945622606115,-0.172688130684961
1.95166666666667,-0.173351337105337,-0.173013026138336,-0.172773819733148,-0.172517058848786
1.952,-0.173179332726297,-0.17284182674747,-0.172602482311534,-0.172346447727418
1.95233333333333,-0.173007789331705,-0.172671088128507,-0.172431608828732,-0.172176295818338
1.95266666666667,-0.172836705412451,-0.172500808776556,-0.172261197778553,-0.172006601625289
1.953,-0.172666079465708,-0.172330987193002,-0.17209124766112,-0.171837363658269
1.95333333333333,-0.172495909994899,-0.172161621885473,-0.171921756982837,-0.171668580433471
1.95366666666667,-0.172326195509656,-0.171992711367814,-0.171752724256351,-0.171500250473276
1.954,-0.1721569345258,-0.171824254160051,-0.171584148000531,-0.171332372306208
1.95433333333333,-0.17198812556531,-0.171656248788357,-0.171416026740434,-0.171164944466907
1.95466666666667,-0.171819767156274,-0.171488693785032,-0.171248359007267,-0.170997965496097
1.955,-0.171651857832881,-0.171321587688461,-0.171081143338359,-0.170831433940562
1.95533333333333,-0.171484396135381,-0.171154929043087,-0.17091437827714,-0.170665348353104
1.95566666666667,-0.171317380610053,-0.170988716399386,-0.170748062373098,-0.170499707292521
1.956,-0.171150809809171,-0.170822948313822,-0.170582194181753,-0.170334509323572
1.95633333333333,-0.170984682290987,-0.17065762334884,-0.170416772264626,-0.170169753016961
1.95666666666667,-0.170818996619684,-0.17049274007281,-0.170251795189211,-0.170005436949284
1.957,-0.170653751365367,-0.170328297060021,-0.170087261528946,-0.169841559703012
1.95733333333333,-0.170488945104013,-0.170164292890631,-0.169923169863174,-0.169678119866474
1.95766666666667,-0.170324576417446,-0.170000726150654,-0.169759518777134,-0.1695151160338
1.958,-0.170160643893328,-0.169837595431919,-0.169596306861902,-0.169352546804921
1.95833333333333,-0.169997146125099,-0.169674899332051,-0.169433532714393,-0.16919041078551
1.95866666666667,-0.169834081711968,-0.169512636454433,-0.169271194937308,-0.169028706586987
1.959,-0.169671449258881,-0.169350805408181,-0.169109292139116,-0.168867432826461
1.95933333333333,-0.169509247376487,-0.169189404808118,-0.168947822934027,-0.168706588126718
1.95966666666667,-0.169347474681122,-0.169028433274742,-0.168786785941956,-0.168546171116191
1.96,-0.169186129794759,-0.168867889434198,-0.168626179788504,-0.168386180428923
1.96033333333333,-0.169025211345006,-0.168707771918252,-0.168466003104917,-0.168226614704553
1.96066666666667,-0.168864717965052,-0.16854807936426,-0.168306254528072,-0.168067472588275
1.961,-0.168704648293666,-0.168388810415149,-0.168146932700441,-0.167908752730823
1.96133333333333,-0.168545000975145,-0.168229963719374,-0.167988036270066,-0.167750453788429
1.96166666666667,-0.168385774659303,-0.168071537930904,-0.167829563890526,-0.16759257442281
1.962,-0.168226968001439,-0.167913531709187,-0.167671514220918,-0.16743511330113
1.96233333333333,-0.168068579662304,-0.167755943719132,-0.167513885925828,-0.167278069095984
1.96266666666667,-0.167910608308083,-0.167598772631068,-0.167356677675298,-0.167121440485362
1.963,-0.167753052610359,-0.167442017120731,-0.167199888144801,-0.16696522615262
1.96333333333333,-0.167595911246102,-0.167285675869228,-0.167043516015223,-0.166809424786465
1.96366666666667,-0.167439182897622,-0.167129747563014,-0.166887559972825,-0.166654035080924
1.964,-0.167282866252553,-0.16697423089387,-0.16673201870922,-0.166499055735312
1.96433333333333,-0.167126960003837,-0.166819124558865,-0.166576890921352,-0.166344485454215
1.96466666666667,-0.166971462849671,-0.166664427260344,-0.166422175311462,-0.166190322947455
1.965,-0.166816373493513,-0.166510137705894,-0.166267870587069,-0.166036566930074
1.96533333333333,-0.166661690644035,-0.166356254608319,-0.166113975460934,-0.165883216122293
1.96566666666667,-0.166507413015099,-0.166202776685608,-0.165960488651051,-0.165730269249509
1.966,-0.166353539325738,-0.166049702660933,-0.165807408880607,-0.165577725042255
1.96633333333333,-0.166200068300131,-0.165897031262592,-0.165654734877956,-0.165425582236171
1.96666666666667,-0.166046998667577,-0.165744761224003,-0.165502465376606,-0.165273839571995
1.967,-0.165894329162459,-0.165592891283683,-0.165350599115186,-0.16512249579552
1.96733333333333,-0.165742058524241,-0.165441420185207,-0.165199134837415,-0.164971549657583
1.96766666666667,-0.165590185497414,-0.165290346677192,-0.165048071292093,-0.164820999914033
1.968,-0.165438708831506,-0.165139669513276,-0.164897407233065,-0.164670845325711
1.96833333333333,-0.165287627281029,-0.164989387452085,-0.164747141419192,-0.164521084658422
1.96866666666667,-0.165136939605464,-0.164839499257219,-0.164597272614341,-0.164371716682914
1.969,-0.16498664456924,-0.164690003697211,-0.164447799587348,-0.16422274017485
1.96933333333333,-0.164836740941715,-0.164540899545529,-0.164298721112004,-0.164074153914792
1.96966666666667,-0.164687227497136,-0.164392185580526,-0.164150035967018,-0.163925956688163
1.97,-0.164538103014624,-0.16424386058543,-0.164001742936013,-0.163778147285245
1.97033333333333,-0.164389366278155,-0.164095923348317,-0.163853840807475,-0.163630724501124
1.97066666666667,-0.164241016076531,-0.16394837266209,-0.163706328374756,-0.163483687135709
1.971,-0.164093051203354,-0.163801207324454,-0.163559204436035,-0.163337033993665
1.97133333333333,-0.163945470457013,-0.163654426137887,-0.1634124677943,-0.163190763884421
1.97166666666667,-0.163798272640648,-0.163508027909631,-0.163266117257319,-0.163044875622135
1.972,-0.163651456562135,-0.163362011451652,-0.163120151637633,-0.162899368025669
1.97233333333333,-0.163505021034064,-0.163216375580632,-0.162974569752506,-0.162754239918567
1.97266666666667,-0.163358964873706,-0.163071119117933,-0.162829370423931,-0.162609490129047
1.973,-0.163213286903009,-0.162926240889587,-0.162684552478587,-0.162465117489957
1.97333333333333,-0.163067985948556,-0.162781739726267,-0.162540114747822,-0.16232112083876
1.97366666666667,-0.162923060841555,-0.162637614463259,-0.162396056067638,-0.162177499017522
1.974,-0.162778510417807,-0.162493863940452,-0.162252375278663,-0.16203425087288
1.97433333333333,-0.162634333517702,-0.162350487002313,-0.162109071226119,-0.161891375256015
1.97466666666667,-0.16249052898617,-0.162207482497855,-0.16196614275982,-0.16174887102265
1.975,-0.162347095672684,-0.162064849280621,-0.161823588734134,-0.161606737033004
1.97533333333333,-0.162204032431225,-0.161922586208672,-0.161681408007966,-0.161464972151789
1.97566666666667,-0.162061338120264,-0.161780692144552,-0.161539599444743,-0.161323575248175
1.976,-0.161919011602737,-0.161639165955265,-0.161398161912382,-0.161182545195779
1.97633333333333,-0.16177705174603,-0.161498006512269,-0.16125709428327,-0.161041880872646
1.97666666666667,-0.161635457421956,-0.161357212691448,-0.161116395434251,-0.160901581161212
1.977,-0.161494227506726,-0.161216783373071,-0.160976064246597,-0.160761644948296
1.97733333333333,-0.16135336088094,-0.161076717441813,-0.16083609960599,-0.160622071125076
1.97766666666667,-0.161212856429559,-0.160937013786688,-0.1606965004025,-0.160482858587071
1.978,-0.161072713041883,-0.160797671301062,-0.160557265530564,-0.160344006234115
1.97833333333333,-0.160932929611532,-0.160658688882619,-0.160418393888968,-0.160205512970337
1.97866666666667,-0.16079350503643,-0.160520065433333,-0.160279884380819,-0.16006737770415
1.979,-0.160654438218778,-0.160381799859466,-0.160141735913533,-0.159929599348211
1.97933333333333,-0.16051572806504,-0.160243891071539,-0.160003947398813,-0.159792176819423
1.97966666666667,-0.160377373485914,-0.160106337984294,-0.159866517752625,-0.159655109038903
1.98,-0.16023937339632,-0.159969139516712,-0.159729445895176,-0.159518394931964
1.98033333333333,-0.160101726715376,-0.159832294591954,-0.159592730750902,-0.159382033428095
1.98066666666667,-0.15996443236638,-0.159695802137371,-0.159456371248445,-0.159246023460937
1.981,-0.159827489276787,-0.159559661084463,-0.159320366320622,-0.159110363968274
1.98133333333333,-0.159690896378196,-0.159423870368874,-0.159184714904431,-0.158975053892005
1.98166666666667,-0.159554652606321,-0.159288428930359,-0.159049415940999,-0.158840092178124
1.982,-0.15941875690098,-0.159153335712783,-0.158914468375589,-0.158705477776706
1.98233333333333,-0.159283208206068,-0.15901858966408,-0.158779871157568,-0.158571209641886
1.98266666666667,-0.159148005469549,-0.158884189736249,-0.158645623240388,-0.15843728673184
1.983,-0.159013147643421,-0.158750134885332,-0.158511723581571,-0.158303708008762
1.98333333333333,-0.158878633683715,-0.158616424071392,-0.158378171142688,-0.158170472438846
1.98366666666667,-0.158744462550458,-0.158483056258494,-0.158244964889335,-0.158037578992278
1.984,-0.158610633207667,-0.158350030414687,-0.15811210379113,-0.157905026643201
1.98433333333333,-0.158477144623328,-0.158217345511984,-0.157979586821666,-0.157772814369708
1.98466666666667,-0.158343995769373,-0.158085000526352,-0.157847412958523,-0.157640941153815
1.985,-0.158211185621668,-0.15795299443768,-0.157715581183235,-0.157509405981451
1.98533333333333,-0.158078713159976,-0.157821326229771,-0.157584090481268,-0.157378207842437
1.98566666666667,-0.157946577367973,-0.15768999489032,-0.157452939842,-0.157247345730462
1.986,-0.157814777233201,-0.157558999410886,-0.157322128258722,-0.157116818643074
1.98633333333333,-0.157683311747056,-0.157428338786898,-0.157191654728596,-0.156986625581657
1.98666666666667,-0.157552179904776,-0.157298012017616,-0.157061518252655,-0.156856765551413
1.987,-0.157421380705418,-0.157168018106115,-0.156931717835771,-0.15672723756134
1.98733333333333,-0.157290913151849,-0.15703835605928,-0.15680225248664,-0.15659804062423
1.98766666666667,-0.15716077625071,-0.156909024887775,-0.156673121217784,-0.156469173756626
1.988,-0.157030969012419,-0.156780023606028,-0.156544323045497,-0.156340635978834
1.98833333333333,-0.156901490451136,-0.156651351232219,-0.156415856989861,-0.15621242631488
1.98866666666667,-0.156772339584761,-0.156523006788262,-0.156287722074708,-0.156084543792507
1.989,-0.156643515434905,-0.156394989299782,-0.156159917327612,-0.155956987443155
1.98933333333333,-0.156515017026878,-0.156267297796098,-0.156032441779867,-0.15582975630194
1.98966666666667,-0.15638684338967,-0.156139931310211,-0.155905294466475,-0.155702849407645
1.99,-0.156258993555935,-0.156012888878785,-0.155778474426122,-0.155576265802688
1.99033333333333,-0.156131466561973,-0.155886169542129,-0.155651980701169,-0.155450004533128
1.99066666666667,-0.156004261447716,-0.155759772344182,-0.155525812337624,-0.155324064648623
1.991,-0.155877377256709,-0.155633696332491,-0.155399968385138,-0.155198445202433
1.99133333333333,-0.155750813036085,-0.155507940558199,-0.155274447896976,-0.155073145251392
1.99166666666667,-0.155624567836567,-0.15538250407603,-0.155149249930017,-0.1549481638559
1.992,-0.155498640712437,-0.155257385944269,-0.155024373544714,-0.154823500079894
1.99233333333333,-0.155373030721524,-0.155132585224743,-0.1548998178051,-0.15469915299085
1.99266666666667,-0.155247736925183,-0.155008100982812,-0.154775581778751,-0.154575121659747
1.993,-0.155122758388288,-0.154883932287347,-0.154651664536792,-0.154451405161068
1.99333333333333,-0.154998094179207,-0.154760078210713,-0.154528065153863,-0.154328002572765
1.99366666666667,-0.154873743369795,-0.154636537828765,-0.154404782708111,-0.154204912976267
1.994,-0.154749705035365,-0.154513310220808,-0.154281816281171,-0.154082135456441
1.99433333333333,-0.154625978254682,-0.154390394469607,-0.154159164958149,-0.153959669101595
1.99466666666667,-0.154502562109951,-0.154267789661357,-0.154036827827611,-0.153837513003448
1.995,-0.154379455686786,-0.154145494885663,-0.153914803981566,-0.153715666257119
1.99533333333333,-0.154256658074208,-0.154023509235541,-0.153793092515445,-0.153594127961112
1.99566666666667,-0.154134168364621,-0.153901831807389,-0.153671692528085,-0.153472897217309
1.996,-0.154011985653807,-0.153780461700972,-0.153550603121728,-0.153351973130936
1.99633333333333,-0.153890109040892,-0.153659398019411,-0.153429823401987,-0.15323135481057
1.99666666666667,-0.153768537628355,-0.153538639869173,-0.153309352477842,-0.153111041368098
1.997,-0.15364727052199,-0.153418186360034,-0.153189189461618,-0.152991031918726
1.99733333333333,-0.153526306830906,-0.153298036605098,-0.153069333468974,-0.152871325580948
1.99766666666667,-0.15340564566751,-0.153178189720747,-0.152949783618889,-0.152751921476537
1.998,-0.153285286147477,-0.153058644826647,-0.152830539033639,-0.152632818730537
1.99833333333333,-0.153165227389759,-0.152939401045733,-0.152711598838796,-0.152514016471232
1.99866666666667,-0.153045468516548,-0.152820457504178,-0.152592962163198,-0.152395513830145
1.999,-0.152926008653278,-0.152701813331402,-0.152474628138942,-0.152277309942018
1.99933333333333,-0.152806846928596,-0.152583467660033,-0.152356595901371,-0.152159403944792
1.99966666666667,-0.152687982474366,-0.152465419625911,-0.152238864589052,-0.152041794979606
2,-0.15256941442563,-0.152347668368061,-0.152121433343772,-0.151924482190771
