"Freq [GHz]","dB(S(1,1)) []"
1.4,-0.659187385622417
1.40015,-0.660258085183083
1.4003,-0.661331349547301
1.40045,-0.662407186795392
1.4006,-0.663485605039051
1.40075,-0.664566612421501
1.4009,-0.66565021711762
1.40105,-0.666736427334115
1.4012,-0.667825251309651
1.40135,-0.668916697315012
1.4015,-0.670010773653242
1.40165,-0.671107488659816
1.4018,-0.672206850702772
1.40195,-0.67330886818287
1.4021,-0.674413549533758
1.40225,-0.675520903222113
1.4024,-0.676630937747795
1.40255,-0.67774366164403
1.4027,-0.678859083477529
1.40285,-0.679977211848682
1.403,-0.681098055391692
1.40315,-0.682221622774747
1.4033,-0.683347922700188
1.40345,-0.684476963904654
1.4036,-0.68560875515926
1.40375,-0.686743305269754
1.4039,-0.687880623076676
1.40405,-0.689020717455549
1.4042,-0.690163597317014
1.40435,-0.691309271607011
1.4045,-0.692457749306952
1.40465,-0.6936090394339
1.4048,-0.694763151040702
1.40495,-0.695920093216208
1.4051,-0.697079875085411
1.40525,-0.698242505809623
1.4054,-0.699407994586674
1.40555,-0.700576350651057
1.4057,-0.701747583274128
1.40585,-0.702921701764265
1.406,-0.704098715467056
1.40615,-0.705278633765483
1.4063,-0.706461466080092
1.40645,-0.707647221869181
1.4066,-0.708835910628981
1.40675,-0.710027541893836
1.4069,-0.711222125236401
1.40705,-0.712419670267807
1.4072,-0.713620186637864
1.40735,-0.714823684035244
1.4075,-0.716030172187663
1.40765,-0.717239660862089
1.4078,-0.718452159864908
1.40795,-0.719667679042138
1.4081,-0.720886228279616
1.40825,-0.722107817503184
1.4084,-0.723332456678887
1.40855,-0.724560155813188
1.4087,-0.725790924953137
1.40885,-0.727024774186589
1.409,-0.728261713642398
1.40915,-0.729501753490618
1.4093,-0.730744903942711
1.40945,-0.731991175251742
1.4096,-0.733240577712589
1.40975,-0.734493121662144
1.4099,-0.735748817479527
1.41005,-0.737007675586294
1.4102,-0.738269706446635
1.41035,-0.739534920567598
1.4105,-0.740803328499297
1.41065,-0.742074940835114
1.4108,-0.743349768211941
1.41095,-0.744627821310361
1.4111,-0.745909110854892
1.41125,-0.747193647614194
1.4114,-0.748481442401283
1.41155,-0.749772506073764
1.4117,-0.751066849534046
1.41185,-0.752364483729568
1.412,-0.753665419653019
1.41215,-0.754969668342566
1.4123,-0.756277240882088
1.41245,-0.757588148401396
1.4126,-0.75890240207646
1.41275,-0.760220013129663
1.4129,-0.761540992829996
1.41305,-0.762865352493326
1.4132,-0.764193103482616
1.41335,-0.765524257208163
1.4135,-0.766858825127837
1.41365,-0.768196818747326
1.4138,-0.76953824962036
1.41395,-0.770883129348981
1.4141,-0.772231469583761
1.41425,-0.773583282024067
1.4144,-0.774938578418286
1.41455,-0.776297370564099
1.4147,-0.777659670308706
1.41485,-0.779025489549102
1.415,-0.780394840232313
1.41515,-0.781767734355644
1.4153,-0.783144183966958
1.41545,-0.784524201164912
1.4156,-0.785907798099233
1.41575,-0.787294986970965
1.4159,-0.788685780032734
1.41605,-0.790080189589019
1.4162,-0.791478227996401
1.41635,-0.792879907663856
1.4165,-0.794285241052996
1.41665,-0.795694240678361
1.4168,-0.797106919107667
1.41695,-0.7985232889621
1.4171,-0.799943362916594
1.41725,-0.801367153700073
1.4174,-0.802794674095785
1.41755,-0.804225936941523
1.4177,-0.805660955129949
1.41785,-0.807099741608857
1.418,-0.808542309381472
1.41815,-0.809988671506722
1.4183,-0.811438841099528
1.41845,-0.812892831331115
1.4186,-0.814350655429277
1.41875,-0.815812326678682
1.4189,-0.817277858421184
1.41905,-0.818747264056082
1.4192,-0.82022055704046
1.41935,-0.821697750889464
1.4195,-0.823178859176616
1.41965,-0.824663895534107
1.4198,-0.826152873653125
1.41995,-0.827645807284134
1.4201,-0.829142710237207
1.42025,-0.83064359638234
1.4204,-0.832148479649749
1.42055,-0.833657374030204
1.4207,-0.835170293575325
1.42085,-0.83668725239794
1.421,-0.838208264672367
1.42115,-0.839733344634756
1.4213,-0.841262506583426
1.42145,-0.842795764879171
1.4216,-0.844333133945605
1.42175,-0.845874628269491
1.4219,-0.847420262401083
1.42205,-0.848970050954444
1.4222,-0.8505240086078
1.42235,-0.852082150103886
1.4225,-0.853644490250264
1.42265,-0.855211043919697
1.4228,-0.856781826050477
1.42295,-0.858356851646782
1.4231,-0.859936135779028
1.42325,-0.861519693584218
1.4234,-0.863107540266309
1.42355,-0.864699691096557
1.4237,-0.866296161413886
1.42385,-0.867896966625249
1.424,-0.869502122205988
1.42415,-0.871111643700214
1.4243,-0.872725546721165
1.42445,-0.874343846951588
1.4246,-0.875966560144096
1.42475,-0.877593702121568
1.4249,-0.879225288777519
1.42505,-0.880861336076467
1.4252,-0.882501860054352
1.42535,-0.884146876818877
1.4255,-0.885796402549938
1.42565,-0.887450453499996
1.4258,-0.889109045994467
1.42595,-0.890772196432136
1.4261,-0.892439921285538
1.42625,-0.894112237101373
1.4264,-0.895789160500901
1.42655,-0.89747070818036
1.4267,-0.89915689691136
1.42685,-0.900847743541307
1.427,-0.902543264993824
1.42715,-0.904243478269139
1.4273,-0.905948400444552
1.42745,-0.90765804867481
1.4276,-0.909372440192563
1.42775,-0.911091592308783
1.4279,-0.912815522413198
1.42805,-0.914544247974723
1.4282,-0.9162777865419
1.42835,-0.918016155743332
1.4285,-0.919759373288128
1.42865,-0.921507456966359
1.4288,-0.92326042464949
1.42895,-0.925018294290841
1.4291,-0.926781083926042
1.42925,-0.928548811673481
1.4294,-0.930321495734773
1.42955,-0.932099154395221
1.4297,-0.933881806024296
1.42985,-0.935669469076066
1.43,-0.937462162089715
1.43015,-0.939259903689992
1.4303,-0.941062712587699
1.43045,-0.942870607580172
1.4306,-0.94468360755176
1.43075,-0.946501731474314
1.4309,-0.948324998407699
1.43105,-0.950153427500255
1.4312,-0.951987037989326
1.43135,-0.953825849201736
1.4315,-0.955669880554306
1.43165,-0.957519151554381
1.4318,-0.959373681800295
1.43195,-0.961233490981932
1.4321,-0.963098598881216
1.43225,-0.964969025372652
1.4324,-0.966844790423828
1.43255,-0.968725914095968
1.4327,-0.970612416544448
1.43285,-0.972504318019343
1.433,-0.974401638865962
1.43315,-0.976304399525377
1.4333,-0.978212620535003
1.43345,-0.980126322529114
1.4336,-0.982045526239421
1.43375,-0.983970252495616
1.4339,-0.985900522225941
1.43405,-0.987836356457747
1.4342,-0.989777776318074
1.43435,-0.991724803034222
1.4345,-0.993677457934316
1.43465,-0.995635762447893
1.4348,-0.997599738106495
1.43495,-0.999569406544256
1.4351,-1.00154478949849
1.43525,-1.00352590881028
1.4354,-1.0055127864251
1.43555,-1.0075054443934
1.4357,-1.00950390487124
1.43585,-1.01150819012088
1.436,-1.01351832251139
1.43615,-1.01553432451931
1.4363,-1.01755621872925
1.43645,-1.01958402783452
1.4366,-1.02161777463778
1.43675,-1.02365748205164
1.4369,-1.02570317309938
1.43705,-1.02775487091552
1.4372,-1.02981259874651
1.43735,-1.03187637995139
1.4375,-1.03394623800243
1.43765,-1.03602219648582
1.4378,-1.03810427910233
1.43795,-1.040192509668
1.4381,-1.04228691211477
1.43825,-1.04438751049124
1.4384,-1.04649432896331
1.43855,-1.04860739181489
1.4387,-1.05072672344858
1.43885,-1.05285234838642
1.439,-1.05498429127055
1.43915,-1.05712257686396
1.4393,-1.05926723005119
1.43945,-1.06141827583904
1.4396,-1.06357573935736
1.43975,-1.06573964585971
1.4399,-1.06791002072415
1.44005,-1.07008688945398
1.4402,-1.07227027767845
1.44035,-1.07446021115357
1.4405,-1.07665671576284
1.44065,-1.07885981751803
1.4408,-1.08106954255993
1.44095,-1.08328591715917
1.4411,-1.08550896771696
1.44125,-1.08773872076588
1.4414,-1.08997520297073
1.44155,-1.09221844112925
1.4417,-1.09446846217299
1.44185,-1.09672529316808
1.442,-1.09898896131608
1.44215,-1.10125949395477
1.4423,-1.10353691855903
1.44245,-1.10582126274159
1.4426,-1.10811255425395
1.44275,-1.11041082098722
1.4429,-1.11271609097293
1.44305,-1.1150283923839
1.4432,-1.11734775353513
1.44335,-1.11967420288466
1.4435,-1.12200776903446
1.44365,-1.12434848073128
1.4438,-1.12669636686759
1.44395,-1.1290514564824
1.4441,-1.13141377876228
1.44425,-1.13378336304215
1.4444,-1.13616023880629
1.44455,-1.1385444356892
1.4447,-1.14093598347658
1.44485,-1.14333491210621
1.445,-1.14574125166897
1.44515,-1.14815503240971
1.4453,-1.15057628472829
1.44545,-1.15300503918046
1.4456,-1.15544132647892
1.44575,-1.1578851774942
1.4459,-1.16033662325575
1.44605,-1.16279569495287
1.4462,-1.16526242393573
1.44635,-1.16773684171635
1.4465,-1.17021897996969
1.44665,-1.17270887053459
1.4468,-1.17520654541485
1.44695,-1.17771203678025
1.4471,-1.18022537696762
1.44725,-1.18274659848186
1.4474,-1.18527573399703
1.44755,-1.18781281635741
1.4477,-1.19035787857859
1.44785,-1.19291095384851
1.448,-1.19547207552864
1.44815,-1.198041277155
1.4483,-1.20061859243932
1.44845,-1.20320405527014
1.4486,-1.20579769971394
1.44875,-1.20839956001628
1.4489,-1.21100967060294
1.44905,-1.2136280660811
1.4492,-1.21625478124044
1.44935,-1.2188898510544
1.4495,-1.22153331068126
1.44965,-1.22418519546542
1.4498,-1.22684554093853
1.44995,-1.22951438282075
1.4501,-1.23219175702194
1.45025,-1.23487769964285
1.4504,-1.23757224697644
1.45055,-1.24027543550905
1.4507,-1.24298730192169
1.45085,-1.24570788309129
1.451,-1.24843721609198
1.45115,-1.25117533819637
1.4513,-1.25392228687684
1.45145,-1.25667809980686
1.4516,-1.25944281486226
1.45175,-1.26221647012261
1.4519,-1.26499910387252
1.45205,-1.26779075460298
1.4522,-1.27059146101272
1.45235,-1.27340126200958
1.4525,-1.27622019671189
1.45265,-1.27904830444983
1.4528,-1.28188562476687
1.45295,-1.28473219742113
1.4531,-1.28758806238682
1.45325,-1.29045325985568
1.4534,-1.29332783023839
1.45355,-1.29621181416606
1.4537,-1.29910525249166
1.45385,-1.30200818629152
1.454,-1.30492065686679
1.45415,-1.30784270574495
1.4543,-1.31077437468134
1.45445,-1.31371570566066
1.4546,-1.31666674089848
1.45475,-1.31962752284284
1.4549,-1.32259809417577
1.45505,-1.32557849781486
1.4552,-1.32856877691487
1.45535,-1.33156897486928
1.4555,-1.33457913531196
1.45565,-1.33759930211873
1.4558,-1.34062951940901
1.45595,-1.3436698315475
1.4561,-1.3467202831458
1.45625,-1.3497809190641
1.4564,-1.35285178441286
1.45655,-1.35593292455451
1.4567,-1.35902438510517
1.45685,-1.36212621193638
1.457,-1.36523845117681
1.45715,-1.36836114921407
1.4573,-1.37149435269641
1.45745,-1.37463810853457
1.4576,-1.37779246390353
1.45775,-1.38095746624435
1.4579,-1.384133163266
1.45805,-1.38731960294714
1.4582,-1.39051683353807
1.45835,-1.39372490356255
1.4585,-1.39694386181967
1.45865,-1.4001737573858
1.4588,-1.40341463961646
1.45895,-1.40666655814828
1.4591,-1.40992956290097
1.45925,-1.41320370407923
1.4594,-1.41648903217478
1.45955,-1.4197855979683
1.4597,-1.42309345253154
1.45985,-1.42641264722924
1.46,-1.42974323372125
1.46015,-1.43308526396458
1.4603,-1.43643879021546
1.46045,-1.43980386503144
1.4606,-1.44318054127354
1.46075,-1.44656887210834
1.4609,-1.44996891101016
1.46105,-1.45338071176321
1.4612,-1.45680432846377
1.46135,-1.46023981552244
1.4615,-1.46368722766629
1.46165,-1.46714661994118
1.4618,-1.47061804771395
1.46195,-1.47410156667475
1.4621,-1.4775972328393
1.46225,-1.48110510255124
1.4624,-1.48462523248444
1.46255,-1.48815767964537
1.4627,-1.49170250137547
1.46285,-1.49525975535355
1.463,-1.49882949959821
1.46315,-1.50241179247026
1.4633,-1.50600669267521
1.46345,-1.50961425926569
1.4636,-1.513234551644
1.46375,-1.51686762956462
1.4639,-1.52051355313675
1.46405,-1.52417238282685
1.4642,-1.52784417946125
1.46435,-1.53152900422874
1.4645,-1.53522691868322
1.46465,-1.53893798474634
1.4648,-1.54266226471016
1.46495,-1.54639982123986
1.4651,-1.55015071737646
1.46525,-1.55391501653957
1.4654,-1.55769278253013
1.46555,-1.56148407953324
1.4657,-1.56528897212094
1.46585,-1.56910752525506
1.466,-1.57293980429008
1.46615,-1.57678587497603
1.4663,-1.5806458034614
1.46645,-1.58451965629607
1.4666,-1.58840750043426
1.46675,-1.59230940323755
1.4669,-1.59622543247789
1.46705,-1.6001556563406
1.4672,-1.6041001434275
1.46735,-1.60805896275995
1.4675,-1.61203218378202
1.46765,-1.6160198763636
1.4678,-1.62002211080358
1.46795,-1.62403895783309
1.4681,-1.62807048861868
1.46825,-1.63211677476563
1.4684,-1.63617788832119
1.46855,-1.64025390177796
1.4687,-1.64434488807719
1.46885,-1.64845092061213
1.469,-1.65257207323154
1.46915,-1.65670842024301
1.4693,-1.66086003641652
1.46945,-1.66502699698787
1.4696,-1.66920937766226
1.46975,-1.6734072546178
1.4699,-1.67762070450915
1.47005,-1.68184980447114
1.4702,-1.68609463212237
1.47035,-1.69035526556898
1.4705,-1.6946317834083
1.47065,-1.69892426473266
1.4708,-1.70323278913315
1.47095,-1.70755743670344
1.4711,-1.71189828804367
1.47125,-1.7162554242643
1.4714,-1.72062892699006
1.47155,-1.7250188783639
1.4717,-1.72942536105103
1.47185,-1.73384845824289
1.472,-1.73828825366124
1.47215,-1.74274483156234
1.4723,-1.74721827674096
1.47245,-1.7517086745347
1.4726,-1.75621611082812
1.47275,-1.76074067205702
1.4729,-1.76528244521276
1.47305,-1.76984151784659
1.4732,-1.774417978074
1.47335,-1.77901191457916
1.4735,-1.78362341661939
1.47365,-1.78825257402962
1.4738,-1.79289947722696
1.47395,-1.79756421721527
1.4741,-1.8022468855898
1.47425,-1.80694757454181
1.4744,-1.81166637686332
1.47455,-1.81640338595187
1.4747,-1.82115869581529
1.47485,-1.82593240107652
1.475,-1.83072459697856
1.47515,-1.83553537938935
1.4753,-1.84036484480675
1.47545,-1.84521309036359
1.4756,-1.85008021383271
1.47575,-1.85496631363211
1.4759,-1.85987148883006
1.47605,-1.86479583915037
1.4762,-1.86973946497763
1.47635,-1.8747024673625
1.4765,-1.87968494802712
1.47665,-1.88468700937046
1.4768,-1.88970875447383
1.47695,-1.89475028710636
1.4771,-1.8998117117306
1.47725,-1.90489313350811
1.4774,-1.90999465830511
1.47755,-1.91511639269829
1.4777,-1.92025844398047
1.47785,-1.92542092016655
1.478,-1.93060392999929
1.47815,-1.93580758295536
1.4783,-1.94103198925123
1.47845,-1.94627725984933
1.4786,-1.9515435064641
1.47875,-1.95683084156819
1.4789,-1.9621393783987
1.47905,-1.96746923096344
1.4792,-1.97282051404733
1.47935,-1.97819334321875
1.4795,-1.9835878348361
1.47965,-1.98900410605427
1.4798,-1.99444227483123
1.47995,-1.9999024599348
1.4801,-2.00538478094923
1.48025,-2.01088935828212
1.4804,-2.01641631317119
1.48055,-2.02196576769127
1.4807,-2.02753784476126
1.48085,-2.03313266815118
1.481,-2.03875036248933
1.48115,-2.04439105326948
1.4813,-2.0500548668581
1.48145,-2.05574193050176
1.4816,-2.06145237233449
1.48175,-2.06718632138531
1.4819,-2.07294390758575
1.48205,-2.07872526177748
1.4822,-2.08453051572003
1.48235,-2.09035980209857
1.4825,-2.09621325453177
1.48265,-2.10209100757972
1.4828,-2.10799319675196
1.48295,-2.11391995851554
1.4831,-2.11987143030325
1.48325,-2.1258477505218
1.4834,-2.13184905856023
1.48355,-2.13787549479824
1.4837,-2.14392720061477
1.48385,-2.15000431839654
1.484,-2.15610699154673
1.48415,-2.16223536449373
1.4843,-2.1683895827
1.48445,-2.17456979267097
1.4846,-2.18077614196411
1.48475,-2.18700877919797
1.4849,-2.19326785406146
1.48505,-2.19955351732308
1.4852,-2.20586592084035
1.48535,-2.21220521756925
1.4855,-2.21857156157383
1.48565,-2.22496510803589
1.4858,-2.23138601326471
1.48595,-2.23783443470695
1.4861,-2.2443105309566
1.48625,-2.25081446176506
1.4864,-2.25734638805132
1.48655,-2.26390647191224
1.4867,-2.27049487663286
1.48685,-2.27711176669696
1.487,-2.28375730779764
1.48715,-2.290431666848
1.4873,-2.29713501199192
1.48745,-2.30386751261504
1.4876,-2.31062933935572
1.48775,-2.31742066411624
1.4879,-2.32424166007405
1.48805,-2.33109250169306
1.4882,-2.33797336473525
1.48835,-2.34488442627217
1.4885,-2.35182586469671
1.48865,-2.35879785973497
1.4888,-2.36580059245816
1.48895,-2.37283424529477
1.4891,-2.37989900204269
1.48925,-2.38699504788163
1.4894,-2.39412256938555
1.48955,-2.40128175453529
1.4897,-2.40847279273126
1.48985,-2.4156958748063
1.49,-2.42295119303871
1.49015,-2.43023894116537
1.4903,-2.43755931439495
1.49045,-2.4449125094214
1.4906,-2.45229872443742
1.49075,-2.4597181591482
1.4909,-2.4671710147852
1.49105,-2.47465749412016
1.4912,-2.48217780147919
1.49135,-2.48973214275708
1.4915,-2.49732072543163
1.49165,-2.50494375857834
1.4918,-2.51260145288503
1.49195,-2.52029402066675
1.4921,-2.52802167588084
1.49225,-2.53578463414206
1.4924,-2.54358311273801
1.49255,-2.5514173306446
1.4927,-2.55928750854176
1.49285,-2.56719386882924
1.493,-2.57513663564264
1.49315,-2.58311603486965
1.4933,-2.59113229416631
1.49345,-2.5991856429736
1.4936,-2.60727631253415
1.49375,-2.61540453590906
1.4939,-2.62357054799503
1.49405,-2.63177458554157
1.4942,-2.64001688716844
1.49435,-2.64829769338327
1.4945,-2.65661724659937
1.49465,-2.66497579115367
1.4948,-2.67337357332497
1.49495,-2.68181084135233
1.4951,-2.69028784545361
1.49525,-2.69880483784426
1.4954,-2.70736207275631
1.49555,-2.71595980645758
1.4957,-2.72459829727104
1.49585,-2.73327780559443
1.496,-2.7419985939201
1.49615,-2.75076092685499
1.4963,-2.75956507114092
1.49645,-2.76841129567506
1.4966,-2.77729987153061
1.49675,-2.7862310719777
1.4969,-2.79520517250454
1.49705,-2.80422245083883
1.4972,-2.81328318696931
1.49735,-2.82238766316765
1.4975,-2.83153616401051
1.49765,-2.84072897640183
1.4978,-2.84996638959546
1.49795,-2.85924869521795
1.4981,-2.86857618729157
1.49825,-2.87794916225768
1.4984,-2.8873679190003
1.49855,-2.89683275886987
1.4987,-2.90634398570744
1.49885,-2.915901905869
1.499,-2.92550682825004
1.49915,-2.93515906431054
1.4993,-2.9448589281001
1.49945,-2.95460673628337
1.4996,-2.96440280816583
1.49975,-2.97424746571979
1.4999,-2.98414103361069
1.50005,-2.99408383922368
1.5002,-3.00407621269054
1.50035,-3.01411848691688
1.5005,-3.02421099760959
1.50065,-3.0343540833047
1.5008,-3.04454808539542
1.50095,-3.05479334816062
1.5011,-3.06509021879353
1.50125,-3.07543904743083
1.5014,-3.08584018718203
1.50155,-3.09629399415915
1.5017,-3.10680082750679
1.50185,-3.11736104943255
1.502,-3.12797502523766
1.50215,-3.13864312334816
1.5023,-3.14936571534622
1.50245,-3.16014317600194
1.5026,-3.17097588330553
1.50275,-3.1818642184997
1.5029,-3.19280856611261
1.50305,-3.20380931399106
1.5032,-3.214866853334
1.50335,-3.22598157872668
1.5035,-3.23715388817486
1.50365,-3.24838418313967
1.5038,-3.25967286857268
1.50395,-3.27102035295147
1.5041,-3.28242704831556
1.50425,-3.29389337030279
1.5044,-3.3054197381861
1.50455,-3.31700657491066
1.5047,-3.32865430713146
1.50485,-3.34036336525145
1.505,-3.35213418345989
1.50515,-3.36396719977135
1.5053,-3.375862856065
1.50545,-3.38782159812438
1.5056,-3.39984387567773
1.50575,-3.41193014243866
1.5059,-3.42408085614733
1.50605,-3.4362964786121
1.5062,-3.4485774757516
1.50635,-3.46092431763747
1.5065,-3.47333747853735
1.50665,-3.48581743695846
1.5068,-3.49836467569177
1.50695,-3.51097968185656
1.5071,-3.52366294694546
1.50725,-3.53641496687022
1.5074,-3.54923624200774
1.50755,-3.56212727724683
1.5077,-3.57508858203541
1.50785,-3.58812067042823
1.508,-3.60122406113529
1.50815,-3.61439927757065
1.5083,-3.62764684790188
1.50845,-3.6409673051001
1.5086,-3.65436118699052
1.50875,-3.66782903630366
1.5089,-3.68137140072718
1.50905,-3.69498883295809
1.5092,-3.70868189075592
1.50935,-3.72245113699612
1.5095,-3.73629713972447
1.50965,-3.75022047221179
1.5098,-3.76422171300946
1.50995,-3.77830144600559
1.5101,-3.79246026048172
1.51025,-3.80669875117034
1.5104,-3.82101751831297
1.51055,-3.83541716771898
1.5107,-3.84989831082498
1.51085,-3.86446156475512
1.511,-3.8791075523818
1.51115,-3.89383690238744
1.5113,-3.90865024932663
1.51145,-3.92354823368923
1.5116,-3.93853150196415
1.51175,-3.95360070670379
1.5119,-3.96875650658942
1.51205,-3.98399956649712
1.5122,-3.99933055756464
1.51235,-4.01475015725899
1.5125,-4.03025904944478
1.51265,-4.04585792445348
1.5128,-4.06154747915335
1.51295,-4.07732841702032
1.5131,-4.09320144820964
1.51325,-4.10916728962826
1.5134,-4.1252266650084
1.51355,-4.14138030498156
1.5137,-4.15762894715372
1.51385,-4.17397333618126
1.514,-4.19041422384782
1.51415,-4.20695236914213
1.5143,-4.22358853833664
1.51445,-4.24032350506713
1.5146,-4.25715805041336
1.51475,-4.27409296298038
1.5149,-4.29112903898121
1.51505,-4.30826708232016
1.5152,-4.32550790467726
1.51535,-4.34285232559373
1.5155,-4.36030117255837
1.51565,-4.377855281095
1.5158,-4.39551549485098
1.51595,-4.41328266568675
1.5161,-4.43115765376639
1.51625,-4.44914132764928
1.5164,-4.46723456438284
1.51655,-4.48543824959642
1.5167,-4.50375327759619
1.51685,-4.52218055146128
1.517,-4.54072098314094
1.51715,-4.5593754935529
1.5173,-4.57814501268295
1.51745,-4.59703047968557
1.5176,-4.61603284298593
1.51775,-4.63515306038292
1.5179,-4.6543920991534
1.51805,-4.67375093615794
1.5182,-4.6932305579475
1.51835,-4.71283196087149
1.5185,-4.73255615118723
1.51865,-4.75240414517043
1.5188,-4.77237696922728
1.51895,-4.79247566000765
1.5191,-4.81270126451976
1.51925,-4.83305484024607
1.5194,-4.85353745526069
1.51955,-4.87415018834801
1.5197,-4.89489412912295
1.51985,-4.91577037815241
1.52,-4.93678004707828
1.52015,-4.95792425874187
1.5203,-4.97920414730973
1.52045,-5.00062085840111
1.5206,-5.02217554921685
1.52075,-5.04386938866968
1.5209,-5.06570355751619
1.52105,-5.08767924849025
1.5212,-5.10979766643815
1.52135,-5.13206002845512
1.5215,-5.15446756402358
1.52165,-5.17702151515302
1.5218,-5.19972313652134
1.52195,-5.22257369561813
1.5221,-5.24557447288934
1.52225,-5.26872676188383
1.5224,-5.29203186940153
1.52255,-5.31549111564323
1.5227,-5.33910583436237
1.52285,-5.36287737301837
1.523,-5.38680709293179
1.52315,-5.4108963694412
1.5233,-5.43514659206212
1.52345,-5.45955916464735
1.5236,-5.48413550554963
1.52375,-5.50887704778573
1.5239,-5.53378523920271
1.52405,-5.55886154264592
1.5242,-5.58410743612885
1.52435,-5.60952441300511
1.5245,-5.63511398214224
1.52465,-5.66087766809732
1.5248,-5.68681701129484
1.52495,-5.71293356820623
1.5251,-5.73922891153171
1.52525,-5.76570463038392
1.5254,-5.79236233047366
1.52555,-5.81920363429765
1.5257,-5.84623018132822
1.52585,-5.87344362820544
1.526,-5.90084564893084
1.52615,-5.92843793506348
1.5263,-5.95622219591817
1.52645,-5.98420015876541
1.5266,-6.01237356903403
1.52675,-6.04074419051543
1.5269,-6.06931380557016
1.52705,-6.09808421533663
1.5272,-6.12705723994177
1.52735,-6.15623471871415
1.5275,-6.18561851039893
1.52765,-6.21521049337503
1.5278,-6.24501256587442
1.52795,-6.27502664620366
1.5281,-6.30525467296721
1.52825,-6.33569860529335
1.5284,-6.36636042306166
1.52855,-6.39724212713299
1.5287,-6.42834573958132
1.52885,-6.45967330392752
1.529,-6.49122688537557
1.52915,-6.52300857105027
1.5293,-6.5550204702373
1.52945,-6.58726471462504
1.5296,-6.6197434585482
1.52975,-6.6524588792337
1.5299,-6.68541317704796
1.53005,-6.71860857574617
1.5302,-6.75204732272331
1.53035,-6.78573168926658
1.5305,-6.81966397080988
1.53065,-6.8538464871894
1.5308,-6.88828158290088
1.53095,-6.92297162735831
1.5311,-6.95791901515348
1.53125,-6.99312616631751
1.5314,-7.02859552658273
1.53155,-7.06432956764579
1.5317,-7.10033078743181
1.53185,-7.13660171035901
1.532,-7.17314488760382
1.53215,-7.20996289736693
1.5323,-7.24705834513902
1.53245,-7.28443386396681
1.5326,-7.32209211471916
1.53275,-7.36003578635243
1.5329,-7.39826759617589
1.53305,-7.43679029011589
1.5332,-7.47560664297915
1.53335,-7.51471945871493
1.5335,-7.55413157067525
1.53365,-7.59384584187371
1.5338,-7.63386516524176
1.53395,-7.67419246388243
1.5341,-7.71483069132124
1.53425,-7.75578283175357
1.5344,-7.79705190028857
1.53455,-7.83864094318844
1.5347,-7.88055303810327
1.53485,-7.9227912943005
1.535,-7.96535885288845
1.53515,-8.00825888703371
1.5353,-8.05149460217127
1.53545,-8.0950692362069
1.5356,-8.13898605971127
1.53575,-8.18324837610456
1.5359,-8.2278595218311
1.53605,-8.27282286652335
1.5362,-8.31814181315369
1.53635,-8.36381979817326
1.5365,-8.40986029163739
1.53665,-8.45626679731517
1.5368,-8.50304285278362
1.53695,-8.5501920295036
1.5371,-8.59771793287729
1.53725,-8.64562420228494
1.5374,-8.69391451109976
1.53755,-8.74259256667948
1.5377,-8.79166211033236
1.53785,-8.84112691725589
1.538,-8.89099079644653
1.53815,-8.94125759057778
1.5383,-8.99193117584516
1.53845,-9.04301546177468
1.5386,-9.09451439099304
1.53875,-9.14643193895649
1.5389,-9.19877211363532
1.53905,-9.25153895515144
1.5392,-9.30473653536502
1.53935,-9.3583689574073
1.5395,-9.41244035515552
1.53965,-9.46695489264577
1.5398,-9.52191676342067
1.53995,-9.57733018980564
1.5401,-9.63319942211048
1.54025,-9.68952873775025
1.5404,-9.74632244028082
1.54055,-9.80358485834211
1.5407,-9.86132034450458
1.54085,-9.91953327401059
1.541,-9.9782280434053
1.54115,-10.0374090690484
1.5413,-10.0970807854997
1.54145,-10.1572476437697
1.5416,-10.2179141094265
1.54175,-10.2790846605495
1.5419,-10.3407637855191
1.54205,-10.4029559806331
1.5422,-10.4656657475367
1.54235,-10.5288975904556
1.5425,-10.5926560132172
1.54265,-10.6569455160486
1.5428,-10.7217705921339
1.54295,-10.7871357239181
1.5431,-10.853045379139
1.54325,-10.9195040065696
1.5434,-10.9865160314538
1.54355,-11.0540858506133
1.5437,-11.122217827206
1.54385,-11.1909162851135
1.544,-11.260185502932
1.54415,-11.3300297075431
1.5443,-11.4004530672371
1.54445,-11.4714596843585
1.5446,-11.5430535874461
1.54475,-11.6152387228324
1.5449,-11.6880189456701
1.54505,-11.7613980103492
1.5452,-11.835379560264
1.54535,-11.9099671168927
1.5455,-11.9851640681434
1.54565,-12.0609736559221
1.5458,-12.1373989628743
1.54595,-12.2144428982482
1.5461,-12.2921081828271
1.54625,-12.3703973328718
1.5464,-12.4493126430147
1.54655,-12.5288561680418
1.5467,-12.6090297034939
1.54685,-12.6898347650213
1.547,-12.7712725664127
1.54715,-12.8533439962264
1.5473,-12.9360495929384
1.54745,-13.0193895185266
1.5476,-13.1033635304
1.54775,-13.1879709515829
1.5479,-13.2732106390576
1.54805,-13.3590809501668
1.5482,-13.445579706974
1.54835,-13.5327041584758
1.5485,-13.6204509405586
1.54865,-13.7088160335887
1.5488,-13.7977947175233
1.54895,-13.8873815244292
1.5491,-13.977570188294
1.54925,-14.0683535920162
1.5494,-14.1597237114615
1.54955,-14.2516715564737
1.5497,-14.3441871087355
1.54985,-14.4372592563771
1.55,-14.5308757252403
1.55015,-14.6250230067135
1.5503,-14.719686282067
1.55045,-14.8148493432341
1.5506,-14.9104945099958
1.55075,-15.0066025435616
1.5509,-15.103152556549
1.55105,-15.2001219194102
1.5512,-15.2974861633835
1.55135,-15.3952188800856
1.5515,-15.4932916179214
1.55165,-15.5916737755263
1.5518,-15.6903324925365
1.55195,-15.789232538039
1.5521,-15.8883361971387
1.55225,-15.9876031561713
1.5524,-16.0869903871798
1.55255,-16.18645203239
1.5527,-16.2859392895312
1.55285,-16.3854002989762
1.553,-16.4847800338196
1.55315,-16.5840201941472
1.5533,-16.6830591069182
1.55345,-16.7818316330338
1.5536,-16.8802690833341
1.55375,-16.9782991454441
1.5539,-17.0758458235465
1.55405,-17.1728293933366
1.5542,-17.2691663745681
1.55435,-17.3647695237425
1.5545,-17.4595478496278
1.55465,-17.5534066543829
1.5548,-17.6462476031418
1.55495,-17.737968824926
1.5551,-17.8284650477388
1.55525,-17.9176277706049
1.5554,-18.0053454751646
1.55555,-18.0915038792073
1.5557,-18.1759862342091
1.55585,-18.2586736685317
1.556,-18.3394455774373
1.55615,-18.4181800604625
1.5563,-18.4947544059973
1.55645,-18.5690456221029
1.5566,-18.6409310117218
1.55675,-18.7102887894609
1.5569,-18.7769987361036
1.55705,-18.8409428859554
1.5572,-18.9020062410452
1.55735,-18.9600775051725
1.5575,-19.0150498297944
1.55765,-19.0668215628577
1.5578,-19.1152969909278
1.55795,-19.1603870643768
1.5581,-19.2020100950213
1.55825,-19.2400924154585
1.5584,-19.2745689894733
1.55855,-19.3053839632876
1.5587,-19.3324911481016
1.55885,-19.355854425333
1.559,-19.3754480671689
1.55915,-19.3912569664833
1.5593,-19.4032767717981
1.55945,-19.4115139247292
1.5596,-19.4159855992021
1.55975,-19.4167195435951
1.5599,-19.4137538287947
1.56005,-19.407136506887
1.5602,-19.3969251867901
1.56035,-19.3831865345218
1.5605,-19.3659957069472
1.56065,-19.3454357287439
1.5608,-19.3215968229306
1.56095,-19.294575705644
1.5611,-19.2644748559013
1.56125,-19.2314017708925
1.5614,-19.1954682169165
1.56155,-19.1567894854456
1.5617,-19.1154836630137
1.56185,-19.0716709227022
1.562,-19.0254728439972
1.56215,-18.977011766737
1.5623,-18.926410183794
1.56245,-18.873790176091
1.5626,-18.8192728925301
1.56275,-18.7629780764683
1.5629,-18.705023639503
1.56305,-18.6455252825482
1.5632,-18.5845961635046
1.56335,-18.5223466102383
1.5635,-18.4588838771095
1.56365,-18.3943119428982
1.5638,-18.3287313476853
1.56395,-18.2622390660351
1.5641,-18.1949284136858
1.56425,-18.1268889848922
1.5644,-18.0582066175439
1.56455,-17.9889633832261
1.5647,-17.919237599462
1.56485,-17.8491038614805
1.565,-17.778633090992
1.56515,-17.7078925995949
1.5653,-17.6369461646027
1.56545,-17.5658541152487
1.5656,-17.4946734273905
1.56575,-17.4234578250149
1.5659,-17.3522578870021
1.56605,-17.2811211577714
1.5662,-17.2100922605877
1.56635,-17.1392130124435
1.5665,-17.0685225395763
1.56665,-16.9980573927985
1.5668,-16.9278516619379
1.56695,-16.857937088788
1.5671,-16.7883431780662
1.56725,-16.7190973059625
1.5674,-16.6502248259385
1.56755,-16.5817491715044
1.5677,-16.5136919557675
1.56785,-16.4460730675901
1.568,-16.3789107642519
1.56815,-16.3122217605436
1.5683,-16.2460213142588
1.56845,-16.1803233080811
1.5686,-16.1151403278843
1.56875,-16.0504837374908
1.5689,-15.986363749946
1.56905,-15.9227894953836
1.5692,-15.8597690855702
1.56935,-15.7973096752195
1.5695,-15.7354175201843
1.56965,-15.6740980326295
1.5698,-15.6133558332983
1.56995,-15.5531948009876
1.5701,-15.4936181193411
1.57025,-15.4346283210825
1.5704,-15.376227329794
1.57055,-15.3184164993587
1.5707,-15.2611966511737
1.57085,-15.2045681092419
1.571,-15.1485307332488
1.57115,-15.0930839497226
1.5713,-15.0382267813805
1.57145,-14.9839578747505
1.5716,-14.9302755261641
1.57175,-14.877177706206
1.5719,-14.8246620827024
1.57205,-14.7727260423323
1.5722,-14.7213667109339
1.57235,-14.6705809725818
1.5725,-14.6203654875033
1.57265,-14.5707167088995
1.5728,-14.5216308987357
1.57295,-14.4731041425571
1.5731,-14.42513236339
1.57325,-14.37771133478
1.5734,-14.3308366930164
1.57355,-14.2845039485945
1.5737,-14.2387084969571
1.57385,-14.1934456285594
1.574,-14.148710538299
1.57415,-14.1044983343466
1.5743,-14.0608040464148
1.57445,-14.0176226334994
1.5746,-13.9749489911224
1.57475,-13.9327779581114
1.5749,-13.8911043229381
1.57505,-13.8499228296479
1.5752,-13.8092281834026
1.57535,-13.7690150556596
1.5755,-13.7292780890131
1.57565,-13.6900119017133
1.5758,-13.6512110918896
1.57595,-13.6128702414894
1.5761,-13.5749839199555
1.57625,-13.5375466876562
1.5764,-13.5005530990828
1.57655,-13.4639977058315
1.5767,-13.4278750593805
1.57685,-13.3921797136769
1.577,-13.3569062275458
1.57715,-13.3220491669303
1.5773,-13.2876031069775
1.57745,-13.2535626339756
1.5776,-13.2199223471548
1.57775,-13.1866768603605
1.5779,-13.1538208036055
1.57805,-13.1213488245104
1.5782,-13.0892555896397
1.57835,-13.0575357857386
1.5785,-13.0261841208805
1.57865,-12.9951953255264
1.5788,-12.9645641535077
1.57895,-12.9342853829322
1.5791,-12.904353817022
1.57925,-12.8747642848875
1.5794,-12.8455116422399
1.57955,-12.8165907720492
1.5797,-12.78799658515
1.57985,-12.7597240207984
1.58,-12.7317680471854
1.58015,-12.7041236619074
1.5803,-12.6767858923997
1.58045,-12.649749796333
1.5806,-12.6230104619787
1.58075,-12.5965630085421
1.5809,-12.5704025864688
1.58105,-12.5445243777251
1.5812,-12.5189235960543
1.58135,-12.4935954872115
1.5815,-12.468535329179
1.58165,-12.4437384323624
1.5818,-12.4192001397712
1.58195,-12.3949158271833
1.5821,-12.3708809032967
1.58225,-12.3470908098678
1.5824,-12.3235410218395
1.58255,-12.3002270474585
1.5827,-12.2771444283838
1.58285,-12.2542887397873
1.583,-12.2316555904473
1.58315,-12.2092406228351
1.5833,-12.1870395131973
1.58345,-12.1650479716322
1.5836,-12.143261742163
1.58375,-12.1216766028069
1.5839,-12.1002883656416
1.58405,-12.0790928768697
1.5842,-12.0580860168806
1.58435,-12.0372637003116
1.5845,-12.0166218761075
1.58465,-11.9961565275799
1.5848,-11.975863672466
1.58495,-11.9557393629869
1.5851,-11.935779685907
1.58525,-11.9159807625932
1.5854,-11.8963387490747
1.58555,-11.8768498361041
1.5857,-11.8575102492187
1.58585,-11.8383162488036
1.586,-11.8192641301557
1.58615,-11.8003502235486
1.5863,-11.7815708942994
1.58645,-11.7629225428362
1.5866,-11.7444016047678
1.58675,-11.7260045509537
1.5869,-11.707727887576
1.58705,-11.6895681562126
1.5872,-11.6715219339118
1.58735,-11.6535858332675
1.5875,-11.6357565024957
1.58765,-11.6180306255126
1.5878,-11.6004049220124
1.58795,-11.5828761475473
1.5881,-11.5654410936068
1.58825,-11.5480965876984
1.5884,-11.5308394934285
1.58855,-11.513666710583
1.5887,-11.4965751752088
1.58885,-11.4795618596945
1.589,-11.4626237728507
1.58915,-11.4457579599909
1.5893,-11.4289615030102
1.58945,-11.4122315204642
1.5896,-11.3955651676466
1.58975,-11.3789596366654
1.5899,-11.3624121565173
1.59005,-11.3459199931616
1.5902,-11.3294804495905
1.59035,-11.3130908658987
1.5905,-11.2967486193497
1.59065,-11.2804511244406
1.5908,-11.2641958329631
1.59095,-11.2479802340615
1.5911,-11.231801854289
1.59125,-11.2156582576583
1.5914,-11.1995470456906
1.59155,-11.1834658574595
1.5917,-11.1674123696312
1.59185,-11.1513842965006
1.592,-11.1353793900223
1.59215,-11.119395439838
1.5923,-11.1034302732979
1.59245,-11.0874817554772
1.5926,-11.0715477891881
1.59275,-11.0556263149853
1.5929,-11.0397153111663
1.59305,-11.0238127937663
1.5932,-11.0079168165456
1.59335,-10.9920254709728
1.5935,-10.9761368861998
1.59365,-10.9602492290318
1.5938,-10.9443607038894
1.59395,-10.9284695527644
1.5941,-10.9125740551689
1.59425,-10.896672528077
1.5944,-10.8807633258592
1.59455,-10.8648448402098
1.5947,-10.8489155000663
1.59485,-10.8329737715223
1.595,-10.8170181577315
1.59515,-10.8010471988048
1.5953,-10.7850594716999
1.59545,-10.7690535901017
1.5956,-10.7530282042965
1.59575,-10.7369820010369
1.5959,-10.7209137033994
1.59605,-10.7048220706338
1.5962,-10.6887058980046
1.59635,-10.672564016624
1.5965,-10.6563952932774
1.59665,-10.6401986302403
1.5968,-10.6239729650874
1.59695,-10.6077172704938
1.5971,-10.5914305540276
1.59725,-10.5751118579354
1.5974,-10.5587602589192
1.59755,-10.5423748679054
1.5977,-10.5259548298067
1.59785,-10.5094993232757
1.598,-10.4930075604505
1.59815,-10.4764787866938
1.5983,-10.4599122803235
1.59845,-10.4433073523364
1.5986,-10.4266633461249
1.59875,-10.4099796371857
1.5989,-10.3932556328228
1.59905,-10.3764907718418
1.5992,-10.3596845242397
1.59935,-10.3428363908861
1.5995,-10.3259459031992
1.59965,-10.3090126228146
1.5998,-10.2920361412493
1.59995,-10.2750160795581
1.6001,-10.2579520879855
1.60025,-10.2408438456115
1.6004,-10.2236910599919
1.60055,-10.2064934667936
1.6007,-10.1892508294247
1.60085,-10.1719629386602
1.601,-10.1546296122619
1.60115,-10.1372506945955
1.6013,-10.1198260562423
1.60145,-10.1023555936073
1.6016,-10.084839228523
1.60175,-10.0672769078509
1.6019,-10.0496686030778
1.60205,-10.0320143099107
1.6022,-10.0143140478674
1.60235,-9.9965678598653
1.6025,-9.97877581180695
1.60265,-9.96093799216422
1.6028,-9.94305451155947
1.60295,-9.92512550234558
1.6031,-9.90715111818405
1.60325,-9.88913153362158
1.6034,-9.871066943666
1.60355,-9.85295756336057
1.6037,-9.83480362735808
1.60385,-9.81660538949422
1.604,-9.79836312236039
1.60415,-9.78007711687703
1.6043,-9.76174768186636
1.60445,-9.743375143626
1.6046,-9.72495984550264
1.60475,-9.70650214746698
1.6049,-9.68800242568902
1.60505,-9.66946107211477
1.6052,-9.65087849404436
1.60535,-9.63225511371132
1.6055,-9.61359136786393
1.60565,-9.59488770734816
1.6058,-9.57614459669256
1.60595,-9.55736251369586
1.6061,-9.53854194901626
1.60625,-9.51968340576395
1.6064,-9.50078739909583
1.60655,-9.4818544558132
1.6067,-9.46288511396281
1.60685,-9.4438799224404
1.607,-9.42483944059837
1.60715,-9.40576423785613
1.6073,-9.38665489331437
1.60745,-9.36751199537319
1.6076,-9.34833614135364
1.60775,-9.32912793712349
1.6079,-9.30988799672706
1.60805,-9.29061694201889
1.6082,-9.27131540230217
1.60835,-9.25198401397093
1.6085,-9.23262342015732
1.60865,-9.21323427038292
1.6088,-9.19381722021478
1.60895,-9.17437293092652
1.6091,-9.15490206916351
1.60925,-9.13540530661368
1.6094,-9.11588331968268
1.60955,-9.09633678917397
1.6097,-9.07676639997455
1.60985,-9.05717284074487
1.61,-9.03755680361462
1.61015,-9.01791898388336
1.6103,-8.99826007972599
1.61045,-8.97858079190428
1.6106,-8.95888182348266
1.61075,-8.93916387955022
1.6109,-8.91942766694724
1.61105,-8.89967389399741
1.6112,-8.87990327024545
1.61135,-8.86011650619956
1.6115,-8.8403143130799
1.61165,-8.8204974025719
1.6118,-8.80066648658483
1.61195,-8.78082227701626
1.6121,-8.76096548552109
1.61225,-8.7410968232865
1.6124,-8.72121700081186
1.61255,-8.7013267276938
1.6127,-8.68142671241696
1.61285,-8.66151766214929
1.613,-8.64160028254342
1.61315,-8.62167527754207
1.6133,-8.60174334918974
1.61345,-8.58180519744863
1.6136,-8.56186152001987
1.61375,-8.54191301217003
1.6139,-8.52196036656204
1.61405,-8.50200427309171
1.6142,-8.4820454187285
1.61435,-8.46208448736138
1.6145,-8.44212215964966
1.61465,-8.42215911287809
1.6148,-8.40219602081715
1.61495,-8.38223355358757
1.6151,-8.36227237752941
1.61525,-8.34231315507611
1.6154,-8.32235654463227
1.61555,-8.30240320045647
1.6157,-8.28245377254814
1.61585,-8.26250890653846
1.616,-8.24256924358601
1.61615,-8.22263542027597
1.6163,-8.20270806852398
1.61645,-8.18278781548354
1.6166,-8.16287528345745
1.61675,-8.14297108981346
1.6169,-8.12307584690322
1.61705,-8.10319016198549
1.6172,-8.08331463715275
1.61735,-8.06344986926124
1.6175,-8.04359644986519
1.61765,-8.02375496515368
1.6178,-8.00392599589178
1.61795,-7.98411011736438
1.6181,-7.96430789932356
1.61825,-7.94451990593928
1.6184,-7.92474669575296
1.61855,-7.90498882163445
1.6187,-7.88524683074172
1.61885,-7.86552126448363
1.619,-7.84581265848572
1.61915,-7.8261215425585
1.6193,-7.80644844066885
1.61945,-7.78679387091392
1.6196,-7.76715834549743
1.61975,-7.74754237070924
1.6199,-7.72794644690641
1.62005,-7.70837106849775
1.6202,-7.68881672392998
1.62035,-7.66928389567636
1.6205,-7.64977306022801
1.62065,-7.63028468808673
1.6208,-7.61081924376065
1.62095,-7.59137718576128
1.6211,-7.57195896660319
1.62125,-7.55256503280535
1.6214,-7.53319582489409
1.62155,-7.5138517774087
1.6217,-7.49453331890789
1.62185,-7.47524087197882
1.622,-7.45597485324719
1.62215,-7.43673567338921
1.6223,-7.41752373714535
1.62245,-7.39833944333516
1.6226,-7.37918318487403
1.62275,-7.3600553487912
1.6229,-7.34095631624881
1.62305,-7.32188646256314
1.6232,-7.30284615722608
1.62335,-7.2838357639287
1.6235,-7.2648556405857
1.62365,-7.24590613936069
1.6238,-7.22698760669327
1.62395,-7.20810038332649
1.6241,-7.1892448043359
1.62425,-7.17042119915919
1.6244,-7.1516298916268
1.62455,-7.13287119999386
1.6247,-7.11414543697234
1.62485,-7.09545290976462
1.625,-7.07679392009754
1.62515,-7.05816876425712
1.6253,-7.03957773312447
1.62545,-7.02102111221166
1.6256,-7.00249918169907
1.62575,-6.98401221647267
1.6259,-6.96556048616216
1.62605,-6.94714425517989
1.6262,-6.92876378275979
1.62635,-6.91041932299734
1.6265,-6.89211112488969
1.62665,-6.87383943237611
1.6268,-6.85560448437931
1.62695,-6.83740651484663
1.6271,-6.819245752792
1.62725,-6.80112242233798
1.6274,-6.78303674275806
1.62755,-6.76498892851965
1.6277,-6.74697918932675
1.62785,-6.72900773016339
1.628,-6.71107475133692
1.62815,-6.69318044852161
1.6283,-6.67532501280261
1.62845,-6.6575086307196
1.6286,-6.63973148431115
1.62875,-6.62199375115882
1.6289,-6.60429560443128
1.62905,-6.58663721292892
1.6292,-6.56901874112807
1.62935,-6.55144034922565
1.6295,-6.53390219318343
1.62965,-6.51640442477272
1.6298,-6.49894719161883
1.62995,-6.48153063724542
1.6301,-6.46415490111914
1.63025,-6.44682011869382
1.6304,-6.42952642145495
1.63055,-6.41227393696393
1.6307,-6.3950627889021
1.63085,-6.37789309711501
1.631,-6.36076497765618
1.63115,-6.34367854283118
1.6313,-6.32663390124116
1.63145,-6.30963115782639
1.6316,-6.29267041390987
1.63175,-6.27575176724036
1.6319,-6.25887531203567
1.63205,-6.24204113902543
1.6322,-6.2252493354938
1.63235,-6.20849998532211
1.6325,-6.19179316903097
1.63265,-6.17512896382264
1.6328,-6.15850744362275
1.63295,-6.14192867912186
1.6331,-6.12539273781722
1.63325,-6.10889968405357
1.6334,-6.09244957906435
1.63355,-6.07604248101242
1.6337,-6.05967844503026
1.63385,-6.04335752326039
1.634,-6.02707976489519
1.63415,-6.01084521621653
1.6343,-5.99465392063533
1.63445,-5.9785059187303
1.6346,-5.96240124828722
1.63475,-5.94633994433705
1.6349,-5.9303220391945
1.63505,-5.91434756249584
1.6352,-5.89841654123649
1.63535,-5.88252899980871
1.6355,-5.86668496003818
1.63565,-5.85088444122125
1.6358,-5.83512746016119
1.63595,-5.81941403120424
1.6361,-5.80374416627574
1.63625,-5.78811787491539
1.6364,-5.77253516431273
1.63655,-5.75699603934202
1.6367,-5.74150050259663
1.63685,-5.72604855442372
1.637,-5.71064019295782
1.63715,-5.69527541415485
1.6373,-5.67995421182537
1.63745,-5.66467657766745
1.6376,-5.64944250129968
1.63775,-5.63425197029335
1.6379,-5.61910497020472
1.63805,-5.60400148460666
1.6382,-5.58894149512018
1.63835,-5.57392498144567
1.6385,-5.55895192139349
1.63865,-5.54402229091478
1.6388,-5.5291360641314
1.63895,-5.51429321336604
1.6391,-5.49949370917171
1.63925,-5.48473752036092
1.6394,-5.47002461403481
1.63955,-5.45535495561161
1.6397,-5.44072850885518
1.63985,-5.42614523590293
1.64,-5.41160509729339
1.64015,-5.39710805199402
1.6403,-5.38265405742789
1.64045,-5.36824306950077
1.6406,-5.35387504262764
1.64075,-5.33954992975863
1.6409,-5.32526768240533
1.64105,-5.31102825066599
1.6412,-5.29683158325122
1.64135,-5.28267762750878
1.6415,-5.26856632944832
1.64165,-5.25449763376597
1.6418,-5.2404714838683
1.64195,-5.22648782189642
1.6421,-5.21254658874937
1.64225,-5.19864772410748
1.6424,-5.18479116645549
1.64255,-5.17097685310509
1.6427,-5.15720472021762
1.64285,-5.14347470282612
1.643,-5.1297867348572
1.64315,-5.11614074915291
1.6433,-5.10253667749181
1.64345,-5.0889744506104
1.6436,-5.07545399822376
1.64375,-5.06197524904613
1.6439,-5.04853813081145
1.64405,-5.0351425702931
1.6442,-5.02178849332402
1.64435,-5.00847582481613
1.6445,-4.99520448877956
1.64465,-4.9819744083419
1.6448,-4.96878550576679
1.64495,-4.95563770247267
1.6451,-4.94253091905106
1.64525,-4.92946507528449
1.6454,-4.91644009016459
1.64555,-4.90345588190942
1.6457,-4.89051236798116
1.64585,-4.87760946510293
1.646,-4.86474708927593
1.64615,-4.85192515579603
1.6463,-4.83914357927022
1.64645,-4.8264022736329
1.6466,-4.81370115216176
1.64675,-4.80104012749379
1.6469,-4.78841911164071
1.64705,-4.77583801600429
1.6472,-4.76329675139169
1.64735,-4.75079522803015
1.6475,-4.73833335558199
1.64765,-4.72591104315898
1.6478,-4.7135281993366
1.64795,-4.7011847321684
1.6481,-4.68888054919966
1.64825,-4.67661555748131
1.6484,-4.66438966358338
1.64855,-4.65220277360832
1.6487,-4.64005479320423
1.64885,-4.62794562757768
1.649,-4.61587518150668
1.64915,-4.60384335935309
1.6493,-4.59185006507511
1.64945,-4.57989520223949
1.6496,-4.56797867403354
1.64975,-4.55610038327711
1.6499,-4.54426023243419
1.65005,-4.53245812362439
1.6502,-4.52069395863444
1.65035,-4.5089676389292
1.6505,-4.49727906566288
1.65065,-4.48562813968972
1.6508,-4.47401476157469
1.65095,-4.4624388316042
1.6511,-4.45090024979619
1.65125,-4.43939891591059
1.6514,-4.42793472945927
1.65155,-4.4165075897159
1.6517,-4.40511739572583
1.65185,-4.39376404631551
1.652,-4.38244744010216
1.65215,-4.37116747550295
1.6523,-4.35992405074409
1.65245,-4.34871706387009
1.6526,-4.33754641275234
1.65275,-4.32641199509813
1.6529,-4.31531370845909
1.65305,-4.30425145023967
1.6532,-4.29322511770551
1.65335,-4.28223460799164
1.6535,-4.27127981811054
1.65365,-4.2603606449601
1.6538,-4.24947698533134
1.65395,-4.23862873591628
1.6541,-4.22781579331529
1.65425,-4.21703805404472
1.6544,-4.20629541454404
1.65455,-4.19558777118323
1.6547,-4.18491502026972
1.65485,-4.17427705805535
1.655,-4.16367378074336
1.65515,-4.15310508449492
1.6553,-4.14257086543594
1.65545,-4.1320710196635
1.6556,-4.12160544325221
1.65575,-4.11117403226061
1.6559,-4.10077668273725
1.65605,-4.09041329072684
1.6562,-4.08008375227623
1.65635,-4.06978796344022
1.6565,-4.05952582028746
1.65665,-4.04929721890595
1.6568,-4.0391020554088
1.65695,-4.02894022593961
1.6571,-4.01881162667783
1.65725,-4.00871615384414
1.6574,-3.99865370370555
1.65755,-3.9886241725806
1.6577,-3.97862745684432
1.65785,-3.96866345293312
1.658,-3.95873205734971
1.65815,-3.94883316666775
1.6583,-3.93896667753663
1.65845,-3.92913248668598
1.6586,-3.9193304909301
1.65875,-3.90956058717253
1.6589,-3.8998226724102
1.65905,-3.89011664373783
1.6592,-3.88044239835207
1.65935,-3.87079983355546
1.6595,-3.86118884676064
1.65965,-3.85160933549414
1.6598,-3.84206119740034
1.65995,-3.83254433024523
1.6601,-3.82305863192006
1.66025,-3.81360400044513
1.6604,-3.80418033397319
1.66055,-3.79478753079308
1.6607,-3.78542548933319
1.66085,-3.77609410816461
1.661,-3.76679328600474
1.66115,-3.75752292172023
1.6613,-3.74828291433038
1.66145,-3.73907316301015
1.6616,-3.72989356709313
1.66175,-3.72074402607471
1.6619,-3.71162443961476
1.66205,-3.70253470754071
1.6622,-3.69347472985025
1.66235,-3.68444440671401
1.6625,-3.67544363847836
1.66265,-3.66647232566794
1.6628,-3.65753036898832
1.66295,-3.64861766932839
1.6631,-3.63973412776296
1.66325,-3.63087964555507
1.6634,-3.62205412415833
1.66355,-3.61325746521931
1.6637,-3.60448957057967
1.66385,-3.59575034227844
1.664,-3.58703968255419
1.66415,-3.57835749384697
1.6643,-3.5697036788006
1.66445,-3.56107814026438
1.6646,-3.55248078129534
1.66475,-3.54391150515996
1.6649,-3.535370215336
1.66505,-3.52685681551452
1.6652,-3.51837120960138
1.66535,-3.50991330171922
1.6655,-3.501482996209
1.66565,-3.49308019763162
1.6658,-3.48470481076964
1.66595,-3.47635674062873
1.6661,-3.46803589243923
1.66625,-3.45974217165763
1.6664,-3.45147548396801
1.66655,-3.44323573528341
1.6667,-3.43502283174721
1.66685,-3.42683667973447
1.667,-3.41867718585321
1.66715,-3.41054425694561
1.6673,-3.40243780008931
1.66745,-3.39435772259848
1.6676,-3.38630393202508
1.66775,-3.37827633615992
1.6679,-3.37027484303366
1.66805,-3.36229936091801
1.6682,-3.35434979832657
1.66835,-3.34642606401592
1.6685,-3.33852806698657
1.66865,-3.33065571648376
1.6688,-3.32280892199851
1.66895,-3.31498759326828
1.6691,-3.30719164027798
1.66925,-3.29942097326067
1.6694,-3.29167550269829
1.66955,-3.28395513932249
1.6697,-3.27625979411524
1.66985,-3.26858937830962
1.67,-3.26094380339041
1.67015,-3.25332298109467
1.6703,-3.24572682341248
1.67045,-3.23815524258735
1.6706,-3.23060815111691
1.67075,-3.22308546175335
1.6709,-3.21558708750396
1.67105,-3.20811294163162
1.6712,-3.20066293765516
1.67135,-3.19323698934997
1.6715,-3.18583501074817
1.67165,-3.17845691613922
1.6718,-3.17110262007017
1.67195,-3.16377203734592
1.6721,-3.15646508302979
1.67225,-3.14918167244352
1.6724,-3.14192172116773
1.67255,-3.1346851450422
1.6727,-3.12747186016594
1.67285,-3.12028178289757
1.673,-3.11311482985543
1.67315,-3.10597091791779
1.6733,-3.09884996422301
1.67345,-3.09175188616964
1.6736,-3.08467660141662
1.67375,-3.07762402788332
1.6739,-3.07059408374964
1.67405,-3.06358668745611
1.6742,-3.05660175770391
1.67435,-3.04963921345492
1.6745,-3.04269897393174
1.67465,-3.03578095861771
1.6748,-3.02888508725687
1.67495,-3.02201127985395
1.6751,-3.01515945667435
1.67525,-3.00832953824401
1.6754,-3.00152144534943
1.67555,-2.99473509903756
1.6757,-2.98797042061563
1.67585,-2.98122733165113
1.676,-2.97450575397161
1.67615,-2.96780560966461
1.6763,-2.96112682107748
1.67645,-2.95446931081713
1.6766,-2.94783300175
1.67675,-2.94121781700175
1.6769,-2.93462367995711
1.67705,-2.92805051425968
1.6772,-2.9214982438116
1.67735,-2.91496679277349
1.6775,-2.908456085564
1.67765,-2.9019660468597
1.6778,-2.89549660159476
1.67795,-2.88904767496061
1.6781,-2.88261919240577
1.67825,-2.87621107963539
1.6784,-2.86982326261107
1.67855,-2.86345566755051
1.6787,-2.8571082209271
1.67885,-2.85078084946967
1.679,-2.84447348016207
1.67915,-2.83818604024288
1.6793,-2.83191845720494
1.67945,-2.82567065879511
1.6796,-2.81944257301375
1.67975,-2.81323412811438
1.6799,-2.80704525260332
1.68005,-2.80087587523917
1.6802,-2.7947259250325
1.68035,-2.78859533124538
1.6805,-2.78248402339093
1.68065,-2.7763919312329
1.6808,-2.77031898478518
1.68095,-2.76426511431144
1.6811,-2.75823025032457
1.68125,-2.75221432358622
1.6814,-2.74621726510638
1.68155,-2.74023900614286
1.6817,-2.73427947820081
1.68185,-2.72833861303221
1.682,-2.72241634263537
1.68215,-2.71651259925447
1.6823,-2.71062731537896
1.68245,-2.70476042374313
1.6826,-2.69891185732554
1.68275,-2.69308154934846
1.6829,-2.68726943327745
1.68305,-2.68147544282065
1.6832,-2.67569951192838
1.68335,-2.66994157479256
1.6835,-2.66420156584608
1.68365,-2.65847941976234
1.6838,-2.65277507145461
1.68395,-2.6470884560755
1.6841,-2.64141950901642
1.68425,-2.6357681659069
1.6844,-2.63013436261414
1.68455,-2.62451803524231
1.6847,-2.61891912013205
1.68485,-2.61333755385983
1.685,-2.60777327323734
1.68515,-2.60222621531097
1.6853,-2.5966963173611
1.68545,-2.59118351690157
1.6856,-2.58568775167907
1.68575,-2.58020895967249
1.6859,-2.57474707909231
1.68605,-2.56930204838
1.6862,-2.56387380620742
1.68635,-2.55846229147615
1.6865,-2.55306744331685
1.68665,-2.54768920108875
1.6868,-2.54232750437883
1.68695,-2.53698229300137
1.6871,-2.53165350699719
1.68725,-2.52634108663305
1.6874,-2.52104497240106
1.68755,-2.51576510501791
1.6877,-2.51050142542441
1.68785,-2.50525387478463
1.688,-2.50002239448543
1.68815,-2.49480692613573
1.6883,-2.48960741156583
1.68845,-2.48442379282683
1.6886,-2.47925601218993
1.68875,-2.47410401214577
1.6889,-2.46896773540379
1.68905,-2.46384712489155
1.6892,-2.4587421237541
1.68935,-2.45365267535327
1.6895,-2.44857872326705
1.68965,-2.44352021128894
1.6898,-2.43847708342718
1.68995,-2.43344928390424
1.6901,-2.42843675715599
1.69025,-2.42343944783117
1.6904,-2.41845730079063
1.69055,-2.4134902611067
1.6907,-2.40853827406251
1.69085,-2.4036012851513
1.691,-2.39867924007579
1.69115,-2.39377208474747
1.6913,-2.38887976528593
1.69145,-2.38400222801821
1.6916,-2.37913941947809
1.69175,-2.37429128640546
1.6919,-2.3694577757456
1.69205,-2.36463883464853
1.6922,-2.35983441046834
1.69235,-2.35504445076248
1.6925,-2.35026890329113
1.69265,-2.34550771601652
1.6928,-2.34076083710216
1.69295,-2.33602821491234
1.6931,-2.33130979801127
1.69325,-2.32660553516254
1.6934,-2.32191537532838
1.69355,-2.31723926766899
1.6937,-2.31257716154188
1.69385,-2.30792900650117
1.694,-2.30329475229695
1.69415,-2.2986743488746
1.6943,-2.29406774637406
1.69445,-2.28947489512925
1.6946,-2.28489574566729
1.69475,-2.28033024870795
1.6949,-2.27577835516287
1.69505,-2.27124001613491
1.6952,-2.26671518291756
1.69535,-2.26220380699415
1.6955,-2.25770584003727
1.69565,-2.25322123390805
1.6958,-2.24874994065551
1.69595,-2.24429191251592
1.6961,-2.23984710191205
1.69625,-2.23541546145262
1.6964,-2.23099694393152
1.69655,-2.22659150232721
1.6967,-2.22219908980207
1.69685,-2.21781965970167
1.697,-2.21345316555418
1.69715,-2.20909956106963
1.6973,-2.20475880013935
1.69745,-2.20043083683523
1.6976,-2.19611562540908
1.69775,-2.191813120292
1.6979,-2.18752327609367
1.69805,-2.18324604760174
1.6982,-2.17898138978121
1.69835,-2.17472925777365
1.6985,-2.17048960689671
1.69865,-2.16626239264331
1.6988,-2.16204757068111
1.69895,-2.15784509685185
1.6991,-2.15365492717059
1.69925,-2.14947701782522
1.6994,-2.14531132517569
1.69955,-2.14115780575345
1.6997,-2.13701641626078
1.69985,-2.1328871135701
1.7,-2.12876985472342
