"Freq [GHz]","dB(S(1,1)) []"
1.4,-0.613201204954222
1.40015,-0.614163239837216
1.4003,-0.615127538148266
1.40045,-0.616094107005806
1.4006,-0.617062953556439
1.40075,-0.618034084975093
1.4009,-0.619007508465141
1.40105,-0.619983231258557
1.4012,-0.620961260616041
1.40135,-0.62194160382716
1.4015,-0.622924268210516
1.40165,-0.623909261113849
1.4018,-0.62489658991421
1.40195,-0.625886262018098
1.4021,-0.626878284861587
1.40225,-0.627872665910504
1.4024,-0.628869412660547
1.40255,-0.629868532637448
1.4027,-0.630870033397117
1.40285,-0.631873922525791
1.403,-0.632880207640192
1.40315,-0.633888896387656
1.4033,-0.634899996446318
1.40345,-0.635913515525232
1.4036,-0.636929461364551
1.40375,-0.637947841735659
1.4039,-0.638968664441348
1.40405,-0.639991937315962
1.4042,-0.641017668225555
1.40435,-0.642045865068056
1.4045,-0.64307653577342
1.40465,-0.644109688303792
1.4048,-0.645145330653672
1.40495,-0.646183470850077
1.4051,-0.647224116952691
1.40525,-0.648267277054047
1.4054,-0.649312959279685
1.40555,-0.650361171788317
1.4057,-0.651411922771995
1.40585,-0.652465220456278
1.406,-0.653521073100409
1.40615,-0.654579488997467
1.4063,-0.655640476474565
1.40645,-0.656704043892999
1.4066,-0.657770199648434
1.40675,-0.658838952171069
1.4069,-0.659910309925824
1.40705,-0.660984281412511
1.4072,-0.662060875166007
1.40735,-0.663140099756442
1.4075,-0.664221963789374
1.40765,-0.66530647590596
1.4078,-0.666393644783171
1.40795,-0.667483479133926
1.4081,-0.668575987707317
1.40825,-0.669671179288782
1.4084,-0.670769062700285
1.40855,-0.671869646800504
1.4087,-0.672972940485038
1.40885,-0.674078952686569
1.409,-0.675187692375075
1.40915,-0.676299168558011
1.4093,-0.677413390280513
1.40945,-0.678530366625576
1.4096,-0.679650106714279
1.40975,-0.680772619705944
1.4099,-0.681897914798361
1.41005,-0.683026001227984
1.4102,-0.684156888270127
1.41035,-0.685290585239169
1.4105,-0.686427101488752
1.41065,-0.687566446411993
1.4108,-0.688708629441687
1.41095,-0.689853660050515
1.4111,-0.691001547751256
1.41125,-0.692152302096982
1.4114,-0.693305932681288
1.41155,-0.694462449138497
1.4117,-0.69562186114387
1.41185,-0.696784178413827
1.412,-0.697949410706158
1.41215,-0.69911756782025
1.4123,-0.7002886595973
1.41245,-0.701462695920531
1.4126,-0.702639686715417
1.41275,-0.703819641949926
1.4129,-0.705002571634702
1.41305,-0.706188485823345
1.4132,-0.707377394612588
1.41335,-0.708569308142565
1.4135,-0.709764236597019
1.41365,-0.710962190203537
1.4138,-0.712163179233801
1.41395,-0.713367214003796
1.4141,-0.714574304874073
1.41425,-0.715784462249965
1.4144,-0.716997696581845
1.41455,-0.718214018365351
1.4147,-0.719433438141646
1.41485,-0.720655966497645
1.415,-0.721881614066274
1.41515,-0.723110391526712
1.4153,-0.72434230960464
1.41545,-0.725577379072488
1.4156,-0.726815610749702
1.41575,-0.728057015502985
1.4159,-0.729301604246551
1.41605,-0.730549387942388
1.4162,-0.731800377600519
1.41635,-0.733054584279258
1.4165,-0.734312019085477
1.41665,-0.735572693174866
1.4168,-0.736836617752195
1.41695,-0.73810380407159
1.4171,-0.739374263436801
1.41725,-0.740648007201467
1.4174,-0.741925046769402
1.41755,-0.743205393594842
1.4177,-0.744489059182761
1.41785,-0.74577605508911
1.418,-0.747066392921127
1.41815,-0.748360084337604
1.4183,-0.749657141049172
1.41845,-0.750957574818592
1.4186,-0.752261397461036
1.41875,-0.753568620844372
1.4189,-0.754879256889486
1.41905,-0.756193317570527
1.4192,-0.757510814915243
1.41935,-0.758831761005255
1.4195,-0.760156167976371
1.41965,-0.761484048018872
1.4198,-0.762815413377832
1.41995,-0.764150276353408
1.4201,-0.765488649301155
1.42025,-0.766830544632337
1.4204,-0.768175974814236
1.42055,-0.769524952370459
1.4207,-0.770877489881269
1.42085,-0.772233599983884
1.421,-0.773593295372816
1.42115,-0.774956588800172
1.4213,-0.77632349307601
1.42145,-0.777694021068618
1.4216,-0.779068185704885
1.42175,-0.78044599997062
1.4219,-0.781827476910868
1.42205,-0.783212629630274
1.4222,-0.784601471293396
1.42235,-0.785994015125053
1.4225,-0.787390274410677
1.42265,-0.788790262496641
1.4228,-0.790193992790618
1.42295,-0.791601478761926
1.4231,-0.793012733941879
1.42325,-0.794427771924144
1.4234,-0.795846606365093
1.42355,-0.797269250984162
1.4237,-0.798695719564225
1.42385,-0.800126025951931
1.424,-0.801560184058106
1.42415,-0.802998207858088
1.4243,-0.804440111392122
1.42445,-0.805885908765727
1.4246,-0.807335614150062
1.42475,-0.808789241782317
1.4249,-0.8102468059661
1.42505,-0.811708321071806
1.4252,-0.813173801537014
1.42535,-0.814643261866876
1.4255,-0.816116716634509
1.42565,-0.817594180481386
1.4258,-0.819075668117741
1.42595,-0.820561194322971
1.4261,-0.822050773946021
1.42625,-0.82354442190582
1.4264,-0.825042153191666
1.42655,-0.826543982863649
1.4267,-0.828049926053071
1.42685,-0.829559997962851
1.427,-0.831074213867955
1.42715,-0.832592589115812
1.4273,-0.83411513912676
1.42745,-0.835641879394446
1.4276,-0.837172825486287
1.42775,-0.838707993043891
1.4279,-0.840247397783492
1.42805,-0.841791055496419
1.4282,-0.843338982049505
1.42835,-0.844891193385561
1.4285,-0.846447705523811
1.42865,-0.848008534560369
1.4288,-0.849573696668677
1.42895,-0.851143208099973
1.4291,-0.852717085183763
1.42925,-0.854295344328269
1.4294,-0.855878002020931
1.42955,-0.857465074828854
1.4297,-0.8590565793993
1.42985,-0.860652532460171
1.43,-0.862252950820486
1.43015,-0.863857851370877
1.4303,-0.865467251084078
1.43045,-0.86708116701542
1.4306,-0.868699616303342
1.43075,-0.870322616169866
1.4309,-0.871950183921135
1.43105,-0.873582336947911
1.4312,-0.87521909272608
1.43135,-0.876860468817185
1.4315,-0.878506482868938
1.43165,-0.880157152615752
1.4318,-0.881812495879262
1.43195,-0.883472530568864
1.4321,-0.885137274682253
1.43225,-0.886806746305965
1.4324,-0.88848096361591
1.43255,-0.890159944877936
1.4327,-0.891843708448373
1.43285,-0.893532272774599
1.433,-0.895225656395595
1.43315,-0.8969238779425
1.4333,-0.898626956139204
1.43345,-0.900334909802901
1.4336,-0.902047757844683
1.43375,-0.903765519270106
1.4339,-0.90548821317979
1.43405,-0.907215858770007
1.4342,-0.90894847533327
1.43435,-0.910686082258939
1.4345,-0.91242869903383
1.43465,-0.914176345242806
1.4348,-0.915929040569407
1.43495,-0.917686804796476
1.4351,-0.919449657806745
1.43525,-0.92121761958351
1.4354,-0.922990710211221
1.43555,-0.924768949876144
1.4357,-0.926552358867
1.43585,-0.928340957575604
1.436,-0.930134766497511
1.43615,-0.931933806232699
1.4363,-0.933738097486195
1.43645,-0.935547661068766
1.4366,-0.937362517897581
1.43675,-0.939182688996887
1.4369,-0.941008195498705
1.43705,-0.942839058643484
1.4372,-0.944675299780827
1.43735,-0.946516940370172
1.4375,-0.948364001981496
1.43765,-0.950216506296027
1.4378,-0.95207447510695
1.43795,-0.953937930320134
1.4381,-0.955806893954851
1.43825,-0.957681388144513
1.4384,-0.959561435137401
1.43855,-0.961447057297398
1.4387,-0.963338277104757
1.43885,-0.965235117156843
1.439,-0.967137600168883
1.43915,-0.969045748974748
1.4393,-0.970959586527709
1.43945,-0.972879135901222
1.4396,-0.974804420289704
1.43975,-0.976735463009325
1.4399,-0.978672287498805
1.44005,-0.980614917320209
1.4402,-0.982563376159762
1.44035,-0.984517687828657
1.4405,-0.986477876263868
1.44065,-0.988443965528996
1.4408,-0.990415979815086
1.44095,-0.99239394344146
1.4411,-0.994377880856588
1.44125,-0.996367816638921
1.4414,-0.998363775497749
1.44155,-1.00036578227408
1.4417,-1.0023738619415
1.44185,-1.00438803960707
1.442,-1.00640834051219
1.44215,-1.00843479003351
1.4423,-1.01046741368382
1.44245,-1.01250623711298
1.4426,-1.01455128610879
1.44275,-1.01660258659797
1.4429,-1.01866016464706
1.44305,-1.02072404646335
1.4432,-1.02279425839582
1.44335,-1.02487082693613
1.4435,-1.02695377871955
1.44365,-1.02904314052594
1.4438,-1.03113893928072
1.44395,-1.03324120205583
1.4441,-1.0353499560708
1.44425,-1.03746522869364
1.4444,-1.03958704744193
1.44455,-1.0417154399838
1.4447,-1.04385043413899
1.44485,-1.04599205787981
1.445,-1.04814033933226
1.44515,-1.05029530677704
1.4453,-1.05245698865059
1.44545,-1.05462541354622
1.4456,-1.05680061021511
1.44575,-1.05898260756744
1.4459,-1.06117143467347
1.44605,-1.06336712076464
1.4462,-1.06556969523469
1.44635,-1.06777918764078
1.4465,-1.06999562770459
1.44665,-1.07221904531349
1.4468,-1.07444947052168
1.44695,-1.07668693355136
1.4471,-1.07893146479384
1.44725,-1.08118309481081
1.4474,-1.08344185433544
1.44755,-1.08570777427362
1.4477,-1.08798088570516
1.44785,-1.09026121988499
1.448,-1.09254880824442
1.44815,-1.09484368239233
1.4483,-1.09714587411647
1.44845,-1.09945541538465
1.4486,-1.10177233834608
1.44875,-1.1040966753326
1.4489,-1.10642845885999
1.44905,-1.10876772162925
1.4492,-1.11111449652792
1.44935,-1.11346881663143
1.4495,-1.11583071520439
1.44965,-1.11820022570194
1.4498,-1.12057738177115
1.44995,-1.12296221725232
1.4501,-1.12535476618042
1.45025,-1.12775506278642
1.4504,-1.13016314149876
1.45055,-1.1325790369447
1.4507,-1.1350027839518
1.45085,-1.1374344175493
1.451,-1.13987397296963
1.45115,-1.14232148564983
1.4513,-1.14477699123305
1.45145,-1.14724052557001
1.4516,-1.14971212472056
1.45175,-1.15219182495509
1.4519,-1.15467966275616
1.45205,-1.15717567482001
1.4522,-1.15967989805805
1.45235,-1.16219236959853
1.4525,-1.16471312678804
1.45265,-1.16724220719313
1.4528,-1.16977964860193
1.45295,-1.17232548902574
1.4531,-1.17487976670071
1.45325,-1.17744252008944
1.4534,-1.18001378788267
1.45355,-1.18259360900098
1.4537,-1.18518202259642
1.45385,-1.18777906805429
1.454,-1.19038478499481
1.45415,-1.19299921327488
1.4543,-1.19562239298984
1.45445,-1.19825436447522
1.4546,-1.20089516830852
1.45475,-1.20354484531104
1.4549,-1.20620343654967
1.45505,-1.20887098333872
1.4552,-1.21154752724179
1.45535,-1.21423311007362
1.4555,-1.21692777390196
1.45565,-1.21963156104946
1.4558,-1.22234451409566
1.45595,-1.22506667587879
1.4561,-1.22779808949784
1.45625,-1.23053879831445
1.4564,-1.23328884595495
1.45655,-1.23604827631228
1.4567,-1.23881713354811
1.45685,-1.24159546209478
1.457,-1.24438330665743
1.45715,-1.24718071221604
1.4573,-1.2499877240275
1.45745,-1.25280438762776
1.4576,-1.25563074883397
1.45775,-1.25846685374655
1.4579,-1.26131274875147
1.45805,-1.26416848052234
1.4582,-1.26703409602266
1.45835,-1.26990964250807
1.4585,-1.27279516752856
1.45865,-1.27569071893074
1.4588,-1.27859634486017
1.45895,-1.2815120937636
1.4591,-1.28443801439137
1.45925,-1.28737415579972
1.4594,-1.2903205673532
1.45955,-1.29327729872702
1.4597,-1.29624439990948
1.45985,-1.29922192120443
1.46,-1.30220991323375
1.46015,-1.30520842693975
1.4603,-1.30821751358777
1.46045,-1.31123722476865
1.4606,-1.31426761240133
1.46075,-1.31730872873539
1.4609,-1.32036062635365
1.46105,-1.32342335817483
1.4612,-1.32649697745617
1.46135,-1.32958153779612
1.4615,-1.33267709313702
1.46165,-1.33578369776784
1.4618,-1.33890140632693
1.46195,-1.34203027380478
1.4621,-1.34517035554684
1.46225,-1.34832170725633
1.4624,-1.35148438499711
1.46255,-1.35465844519655
1.4627,-1.35784394464842
1.46285,-1.36104094051587
1.463,-1.36424949033435
1.46315,-1.36746965201462
1.4633,-1.37070148384576
1.46345,-1.37394504449823
1.4636,-1.37720039302692
1.46375,-1.38046758887428
1.4639,-1.38374669187344
1.46405,-1.38703776225139
1.4642,-1.39034086063214
1.46435,-1.39365604803997
1.4645,-1.3969833859027
1.46465,-1.40032293605493
1.4648,-1.40367476074139
1.46495,-1.40703892262029
1.4651,-1.41041548476669
1.46525,-1.41380451067589
1.4654,-1.41720606426694
1.46555,-1.42062020988604
1.4657,-1.42404701231012
1.46585,-1.42748653675034
1.466,-1.43093884885569
1.46615,-1.43440401471661
1.4663,-1.4378821008686
1.46645,-1.44137317429599
1.4666,-1.44487730243554
1.46675,-1.44839455318031
1.4669,-1.45192499488338
1.46705,-1.45546869636171
1.4672,-1.4590257269
1.46735,-1.46259615625459
1.4675,-1.46618005465742
1.46765,-1.46977749281996
1.4678,-1.47338854193731
1.46795,-1.47701327369219
1.4681,-1.48065176025907
1.46825,-1.48430407430829
1.4684,-1.48797028901026
1.46855,-1.49165047803967
1.4687,-1.49534471557976
1.46885,-1.49905307632659
1.469,-1.50277563549343
1.46915,-1.50651246881513
1.4693,-1.51026365255255
1.46945,-1.51402926349703
1.4696,-1.51780937897492
1.46975,-1.52160407685214
1.4699,-1.5254134355388
1.47005,-1.52923753399383
1.4702,-1.53307645172972
1.47035,-1.53693026881724
1.4705,-1.54079906589022
1.47065,-1.54468292415045
1.4708,-1.54858192537254
1.47095,-1.55249615190882
1.4711,-1.55642568669442
1.47125,-1.56037061325222
1.4714,-1.56433101569801
1.47155,-1.56830697874559
1.4717,-1.57229858771197
1.47185,-1.57630592852264
1.472,-1.58032908771684
1.47215,-1.5843681524529
1.4723,-1.58842321051371
1.47245,-1.59249435031212
1.4726,-1.59658166089647
1.47275,-1.60068523195615
1.4729,-1.60480515382728
1.47305,-1.60894151749832
1.4732,-1.61309441461587
1.47335,-1.61726393749045
1.4735,-1.62145017910235
1.47365,-1.62565323310757
1.4738,-1.62987319384378
1.47395,-1.63411015633638
1.4741,-1.63836421630459
1.47425,-1.64263547016761
1.4744,-1.64692401505086
1.47455,-1.65122994879225
1.4747,-1.65555336994859
1.47485,-1.65989437780195
1.475,-1.66425307236616
1.47515,-1.6686295543934
1.4753,-1.67302392538079
1.47545,-1.67743628757707
1.4756,-1.68186674398938
1.47575,-1.68631539839013
1.4759,-1.69078235532377
1.47605,-1.69526772011392
1.4762,-1.69977159887028
1.47635,-1.70429409849584
1.4765,-1.70883532669402
1.47665,-1.71339539197593
1.4768,-1.71797440366774
1.47695,-1.72257247191808
1.4771,-1.72718970770552
1.47725,-1.73182622284618
1.4774,-1.73648213000132
1.47755,-1.74115754268515
1.4777,-1.74585257527255
1.47785,-1.75056734300704
1.478,-1.75530196200872
1.47815,-1.76005654928233
1.4783,-1.76483122272537
1.47845,-1.7696261011364
1.4786,-1.77444130422329
1.47875,-1.77927695261164
1.4789,-1.78413316785329
1.47905,-1.78901007243486
1.4792,-1.79390778978647
1.47935,-1.79882644429048
1.4795,-1.80376616129032
1.47965,-1.8087270670995
1.4798,-1.8137092890106
1.47995,-1.81871295530441
1.4801,-1.82373819525923
1.48025,-1.82878513916011
1.4804,-1.83385391830837
1.48055,-1.83894466503107
1.4807,-1.84405751269068
1.48085,-1.84919259569482
1.481,-1.85435004950607
1.48115,-1.85953001065195
1.4813,-1.86473261673495
1.48145,-1.8699580064427
1.4816,-1.87520631955824
1.48175,-1.88047769697041
1.4819,-1.8857722806843
1.48205,-1.89109021383188
1.4822,-1.89643164068271
1.48235,-1.90179670665478
1.4825,-1.90718555832544
1.48265,-1.91259834344247
1.4828,-1.91803521093529
1.48295,-1.92349631092617
1.4831,-1.92898179474178
1.48325,-1.93449181492466
1.4834,-1.94002652524491
1.48355,-1.94558608071199
1.4837,-1.95117063758664
1.48385,-1.95678035339293
1.484,-1.96241538693047
1.48415,-1.9680758982867
1.4843,-1.97376204884933
1.48445,-1.97947400131896
1.4846,-1.98521191972178
1.48475,-1.99097596942242
1.4849,-1.99676631713696
1.48505,-2.00258313094608
1.4852,-2.00842658030828
1.48535,-2.0142968360734
1.4855,-2.02019407049613
1.48565,-2.02611845724971
1.4858,-2.03207017143989
1.48595,-2.03804938961883
1.4861,-2.04405628979936
1.48625,-2.05009105146926
1.4864,-2.05615385560578
1.48655,-2.06224488469023
1.4867,-2.06836432272283
1.48685,-2.07451235523764
1.487,-2.0806891693177
1.48715,-2.08689495361029
1.4873,-2.09312989834244
1.48745,-2.09939419533652
1.4876,-2.10568803802603
1.48775,-2.11201162147158
1.4879,-2.11836514237706
1.48805,-2.12474879910591
1.4882,-2.13116279169767
1.48835,-2.13760732188461
1.4885,-2.14408259310864
1.48865,-2.15058881053834
1.4888,-2.15712618108617
1.48895,-2.16369491342596
1.4891,-2.17029521801042
1.48925,-2.17692730708905
1.4894,-2.18359139472609
1.48955,-2.19028769681873
1.4897,-2.19701643111552
1.48985,-2.20377781723493
1.49,-2.21057207668426
1.49015,-2.2173994328785
1.4903,-2.2242601111597
1.49045,-2.2311543388163
1.4906,-2.23808234510283
1.49075,-2.24504436125975
1.4909,-2.25204062053351
1.49105,-2.25907135819692
1.4912,-2.26613681156959
1.49135,-2.27323722003872
1.4915,-2.28037282508007
1.49165,-2.28754387027917
1.4918,-2.29475060135274
1.49195,-2.3019932661704
1.4921,-2.30927211477654
1.49225,-2.31658739941248
1.4924,-2.32393937453888
1.49255,-2.33132829685839
1.4927,-2.33875442533851
1.49285,-2.34621802123474
1.493,-2.35371934811395
1.49315,-2.36125867187807
1.4933,-2.36883626078797
1.49345,-2.37645238548764
1.4936,-2.38410731902861
1.49375,-2.39180133689464
1.4939,-2.39953471702673
1.49405,-2.40730773984829
1.4942,-2.41512068829077
1.49435,-2.42297384781932
1.4945,-2.43086750645898
1.49465,-2.43880195482093
1.4948,-2.44677748612927
1.49495,-2.45479439624784
1.4951,-2.4628529837075
1.49525,-2.47095354973366
1.4954,-2.47909639827405
1.49555,-2.48728183602694
1.4957,-2.49551017246948
1.49585,-2.50378171988647
1.496,-2.51209679339943
1.49615,-2.52045571099588
1.4963,-2.52885879355913
1.49645,-2.5373063648982
1.4966,-2.54579875177814
1.49675,-2.55433628395073
1.4969,-2.56291929418535
1.49705,-2.57154811830041
1.4972,-2.5802230951949
1.49735,-2.58894456688042
1.4975,-2.59771287851346
1.49765,-2.60652837842807
1.4978,-2.61539141816888
1.49795,-2.62430235252449
1.4981,-2.63326153956114
1.49825,-2.64226934065679
1.4984,-2.65132612053557
1.49855,-2.66043224730254
1.4987,-2.66958809247891
1.49885,-2.67879403103751
1.499,-2.6880504414387
1.49915,-2.6973577056667
1.4993,-2.70671620926615
1.49945,-2.71612634137926
1.4996,-2.72558849478312
1.49975,-2.7351030659276
1.4999,-2.74467045497351
1.50005,-2.75429106583115
1.5002,-2.76396530619938
1.50035,-2.77369358760497
1.5005,-2.78347632544238
1.50065,-2.79331393901396
1.5008,-2.80320685157057
1.50095,-2.81315549035259
1.5011,-2.82316028663133
1.50125,-2.83322167575092
1.5014,-2.84334009717052
1.50155,-2.85351599450703
1.5017,-2.86374981557819
1.50185,-2.87404201244618
1.502,-2.88439304146149
1.50215,-2.89480336330737
1.5023,-2.90527344304468
1.50245,-2.91580375015709
1.5026,-2.92639475859692
1.50275,-2.93704694683111
1.5029,-2.947760797888
1.50305,-2.95853679940423
1.5032,-2.96937544367226
1.50335,-2.98027722768834
1.5035,-2.99124265320087
1.50365,-3.00227222675924
1.5038,-3.01336645976312
1.50395,-3.02452586851217
1.5041,-3.03575097425632
1.50425,-3.04704230324635
1.5044,-3.05840038678506
1.50455,-3.06982576127884
1.5047,-3.08131896828965
1.50485,-3.09288055458758
1.505,-3.1045110722038
1.50515,-3.11621107848398
1.5053,-3.12798113614215
1.50545,-3.13982181331501
1.5056,-3.15173368361683
1.50575,-3.16371732619463
1.5059,-3.17577332578395
1.50605,-3.18790227276499
1.5062,-3.20010476321926
1.50635,-3.2123813989867
1.5065,-3.22473278772322
1.50665,-3.23715954295867
1.5068,-3.24966228415533
1.50695,-3.2622416367668
1.5071,-3.27489823229729
1.50725,-3.28763270836149
1.5074,-3.30044570874475
1.50755,-3.31333788346374
1.5077,-3.32630988882752
1.50785,-3.33936238749908
1.508,-3.35249604855727
1.50815,-3.36571154755915
1.5083,-3.37900956660274
1.50845,-3.3923907943902
1.5086,-3.40585592629135
1.50875,-3.41940566440767
1.5089,-3.43304071763663
1.50905,-3.44676180173636
1.5092,-3.46056963939078
1.50935,-3.47446496027495
1.5095,-3.48844850112093
1.50965,-3.50252100578388
1.5098,-3.51668322530843
1.50995,-3.53093591799559
1.5101,-3.54527984946958
1.51025,-3.55971579274541
1.5104,-3.57424452829639
1.51055,-3.58886684412201
1.5107,-3.60358353581611
1.51085,-3.61839540663524
1.511,-3.63330326756718
1.51115,-3.64830793739984
1.5113,-3.66341024279009
1.51145,-3.67861101833292
1.5116,-3.69391110663072
1.51175,-3.70931135836257
1.5119,-3.7248126323538
1.51205,-3.74041579564543
1.5122,-3.75612172356382
1.51235,-3.77193129979023
1.5125,-3.78784541643041
1.51265,-3.80386497408418
1.5128,-3.81999088191491
1.51295,-3.83622405771894
1.5131,-3.85256542799485
1.51325,-3.86901592801248
1.5134,-3.885576501882
1.51355,-3.90224810262246
1.5137,-3.9190316922303
1.51385,-3.93592824174733
1.514,-3.95293873132855
1.51415,-3.97006415030951
1.5143,-3.98730549727315
1.51445,-4.00466378011623
1.5146,-4.02214001611526
1.51475,-4.03973523199162
1.5149,-4.05745046397637
1.51505,-4.07528675787409
1.5152,-4.09324516912599
1.51535,-4.11132676287239
1.5155,-4.12953261401408
1.51565,-4.14786380727279
1.5158,-4.16632143725077
1.51595,-4.18490660848915
1.5161,-4.20362043552513
1.51625,-4.22246404294801
1.5164,-4.24143856545376
1.51655,-4.26054514789834
1.5167,-4.27978494534942
1.51685,-4.29915912313656
1.517,-4.31866885689962
1.51715,-4.33831533263548
1.5173,-4.35809974674287
1.51745,-4.37802330606516
1.5176,-4.39808722793106
1.51775,-4.41829274019319
1.5179,-4.43864108126404
1.51805,-4.45913350014993
1.5182,-4.47977125648195
1.51835,-4.50055562054433
1.5185,-4.52148787330007
1.51865,-4.54256930641327
1.5188,-4.56380122226865
1.51895,-4.58518493398745
1.5191,-4.60672176544004
1.51925,-4.62841305125475
1.5194,-4.65026013682299
1.51955,-4.6722643783002
1.5197,-4.69442714260286
1.51985,-4.71674980740083
1.52,-4.73923376110521
1.52015,-4.76188040285144
1.5203,-4.78469114247717
1.52045,-4.80766740049515
1.5206,-4.83081060806041
1.52075,-4.85412220693167
1.5209,-4.87760364942691
1.52105,-4.90125639837243
1.5212,-4.92508192704563
1.52135,-4.94908171911073
1.5215,-4.97325726854742
1.52165,-4.99761007957213
1.5218,-5.0221416665513
1.52195,-5.04685355390688
1.5221,-5.07174727601308
1.52225,-5.09682437708444
1.5224,-5.12208641105471
1.52255,-5.14753494144596
1.5227,-5.17317154122806
1.52285,-5.19899779266745
1.523,-5.22501528716517
1.52315,-5.25122562508356
1.5233,-5.27763041556135
1.52345,-5.30423127631614
1.5236,-5.33102983343465
1.52375,-5.35802772114917
1.5239,-5.38522658160054
1.52405,-5.41262806458656
1.5242,-5.4402338272954
1.52435,-5.4680455340236
1.5245,-5.49606485587771
1.52465,-5.52429347045901
1.5248,-5.55273306153082
1.52495,-5.58138531866734
1.5251,-5.61025193688373
1.52525,-5.63933461624629
1.5254,-5.66863506146201
1.52555,-5.698154981447
1.5257,-5.72789608887226
1.52585,-5.75786009968703
1.526,-5.78804873261735
1.52615,-5.81846370864024
1.5263,-5.84910675043165
1.52645,-5.87997958178734
1.5266,-5.91108392701615
1.52675,-5.94242151030365
1.5269,-5.97399405504581
1.52705,-6.0058032831512
1.5272,-6.03785091431023
1.52735,-6.07013866523091
1.5275,-6.10266824883901
1.52765,-6.13544137344167
1.5278,-6.16845974185294
1.52795,-6.20172505048004
1.5281,-6.23523898836815
1.52825,-6.26900323620317
1.5284,-6.30301946526978
1.52855,-6.33728933636387
1.5287,-6.3718144986573
1.52885,-6.40659658851296
1.529,-6.44163722824901
1.52915,-6.47693802484928
1.5293,-6.51250056861894
1.52945,-6.54832643178247
1.5296,-6.58441716702225
1.52975,-6.62077430595581
1.5299,-6.65739935754868
1.53005,-6.69429380646118
1.5302,-6.73145911132646
1.53035,-6.76889670295714
1.5305,-6.80660798247834
1.53065,-6.84459431938402
1.5308,-6.88285704951405
1.53095,-6.9213974729493
1.5311,-6.96021685182133
1.53125,-6.99931640803462
1.5314,-7.03869732089711
1.53155,-7.07836072465653
1.5317,-7.11830770593937
1.53185,-7.15853930108854
1.532,-7.19905649339665
1.53215,-7.23986021023168
1.5323,-7.28095132005059
1.53245,-7.32233062929788
1.5326,-7.36399887918503
1.53275,-7.40595674234683
1.5329,-7.44820481937115
1.53305,-7.49074363519734
1.5332,-7.53357363537977
1.53335,-7.57669518221221
1.5335,-7.62010855070855
1.53365,-7.66381392443599
1.5338,-7.7078113911962
1.53395,-7.75210093854965
1.5341,-7.79668244917959
1.53425,-7.84155569609026
1.5344,-7.88672033763581
1.53455,-7.93217591237487
1.5347,-7.9779218337465
1.53485,-8.02395738456341
1.535,-8.07028171131757
1.53515,-8.11689381829488
1.5353,-8.16379256149362
1.53545,-8.21097664234365
1.5356,-8.25844460122178
1.53575,-8.30619481076006
1.5359,-8.35422546894307
1.53605,-8.40253459199174
1.5362,-8.45112000702968
1.53635,-8.49997934453007
1.5365,-8.54911003054105
1.53665,-8.59850927868669
1.5368,-8.6481740819438
1.53695,-8.69810120419201
1.5371,-8.74828717153833
1.53725,-8.79872826341551
1.5374,-8.84942050345585
1.53755,-8.90035965014269
1.5377,-8.95154118724168
1.53785,-9.00296031401599
1.538,-9.05461193523056
1.53815,-9.1064906509507
1.5383,-9.15859074614339
1.53845,-9.21090618008863
1.5386,-9.263430575612
1.53875,-9.31615720814965
1.5389,-9.36907899465906
1.53905,-9.42218848239148
1.5392,-9.47547783754256
1.53935,-9.52893883380107
1.5395,-9.58256284081738
1.53965,-9.63634081261513
1.5398,-9.69026327597436
1.53995,-9.74432031881331
1.5401,-9.79850157860301
1.54025,-9.85279623084879
1.5404,-9.907192977678
1.54055,-9.96168003657464
1.5407,-10.0162451293077
1.54085,-10.0708754711004
1.541,-10.1255577600939
1.54115,-10.1802781671622
1.5413,-10.235022326137
1.54145,-10.2897753245093
1.5416,-10.3445216946739
1.54175,-10.3992454057913
1.5419,-10.4539298563425
1.54205,-10.508557867458
1.5422,-10.5631116771068
1.54235,-10.617572935233
1.5425,-10.6719226999336
1.54265,-10.7261414347741
1.5428,-10.7802090073409
1.54295,-10.8341046891346
1.5431,-10.8878071569086
1.54325,-10.9412944955616
1.5434,-10.9945442026939
1.54355,-11.0475331949376
1.5437,-11.1002378161723
1.54385,-11.152633847738
1.544,-11.2046965207541
1.54415,-11.2564005306524
1.5443,-11.3077200540308
1.54445,-11.3586287679249
1.5446,-11.4090998715966
1.54475,-11.4591061109255
1.5449,-11.5086198054844
1.54505,-11.5576128783712
1.5452,-11.6060568888565
1.54535,-11.6539230678952
1.5455,-11.7011823565358
1.54565,-11.7478054472481
1.5458,-11.7937628281671
1.54595,-11.8390248302411
1.5461,-11.8835616772437
1.54625,-11.9273435385932
1.5464,-11.9703405849
1.54655,-12.0125230461358
1.5467,-12.0538612722977
1.54685,-12.0943257964137
1.547,-12.1338873997083
1.54715,-12.1725171787241
1.5473,-12.2101866141676
1.54745,-12.246867641221
1.5476,-12.2825327210399
1.54775,-12.3171549131289
1.5479,-12.3507079482669
1.54805,-12.3831663016353
1.5482,-12.4145052657778
1.54835,-12.4447010230107
1.5485,-12.4737307168865
1.54865,-12.501572522303
1.5488,-12.5282057138454
1.54895,-12.5536107319454
1.5491,-12.5777692464428
1.54925,-12.6006642171404
1.5494,-12.6222799509521
1.54955,-12.6426021552604
1.5497,-12.6616179871142
1.54985,-12.6793160979242
1.55,-12.6956866733366
1.55015,-12.7107214679983
1.5503,-12.7244138349588
1.55045,-12.7367587494933
1.5506,-12.7477528271687
1.55075,-12.7573943360177
1.5509,-12.7656832027304
1.55105,-12.7726210128151
1.5512,-12.7782110047287
1.55135,-12.78245805802
1.5515,-12.7853686755757
1.55165,-12.7869509601014
1.5518,-12.7872145850138
1.55195,-12.7861707599569
1.5521,-12.7838321911965
1.55225,-12.7802130371772
1.5524,-12.7753288595595
1.55255,-12.7691965700797
1.5527,-12.7618343735989
1.55285,-12.7532617077253
1.553,-12.7434991794091
1.55315,-12.7325684989184
1.5533,-12.7204924116103
1.55345,-12.7072946279131
1.5536,-12.6929997519343
1.55375,-12.6776332090989
1.5539,-12.6612211732187
1.55405,-12.6437904933741
1.5542,-12.6253686209786
1.55435,-12.6059835373755
1.5545,-12.5856636822967
1.55465,-12.5644378834905
1.5548,-12.5423352878012
1.55495,-12.5193852939599
1.5551,-12.4956174873191
1.55525,-12.471061576737
1.5554,-12.4457473337938
1.55555,-12.4197045344943
1.5557,-12.3929629035865
1.55585,-12.3655520616015
1.556,-12.3375014746965
1.55615,-12.3088404073597
1.5563,-12.2795978780143
1.55645,-12.2498026175403
1.5566,-12.2194830307123
1.55675,-12.1886671605351
1.5569,-12.1573826554464
1.55705,-12.1256567393343
1.5572,-12.0935161843156
1.55735,-12.0609872861991
1.5575,-12.028095842557
1.55765,-11.9948671333151
1.5578,-11.9613259037655
1.55795,-11.9274963499047
1.5581,-11.8934021059889
1.55825,-11.8590662342005
1.5584,-11.8245112163167
1.55855,-11.7897589472671
1.5587,-11.7548307304709
1.55885,-11.7197472748423
1.559,-11.6845286933528
1.55915,-11.6491945030457
1.5593,-11.6137636263934
1.55945,-11.5782543938975
1.5596,-11.5426845478294
1.55975,-11.5070712470161
1.5599,-11.4714310725784
1.56005,-11.4357800345306
1.5602,-11.4001335791598
1.56035,-11.3645065970996
1.5605,-11.3289134320242
1.56065,-11.2933678898896
1.5608,-11.2578832486519
1.56095,-11.2224722683994
1.5611,-11.187147201838
1.56125,-11.1519198050712
1.5614,-11.1168013486258
1.56155,-11.08180262867
1.5617,-11.0469339783819
1.56185,-11.0122052794243
1.562,-10.977625973488
1.56215,-10.9432050738693
1.5623,-10.9089511770464
1.56245,-10.8748724742282
1.5626,-10.8409767628477
1.56275,-10.807271457974
1.5629,-10.7737636036249
1.56305,-10.7404598839567
1.5632,-10.7073666343164
1.56335,-10.6744898521397
1.5635,-10.641835207682
1.56365,-10.60940805457
1.5638,-10.5772134401642
1.56395,-10.5452561157232
1.5641,-10.5135405463631
1.56425,-10.4820709208054
1.5644,-10.4508511609082
1.56455,-10.4198849309784
1.5647,-10.3891756468601
1.56485,-10.3587264847982
1.565,-10.3285403900771
1.56515,-10.2986200854316
1.5653,-10.2689680792319
1.56545,-10.2395866734446
1.5656,-10.2104779713675
1.56575,-10.1816438851446
1.5659,-10.1530861430591
1.56605,-10.124806296611
1.5662,-10.0968057273789
1.56635,-10.0690856536721
1.5665,-10.0416471369742
1.56665,-10.0144910881834
1.5668,-9.98761827365279
1.56695,-9.96102932103456
1.5671,-9.93472472493284
1.56725,-9.90870485236881
1.5674,-9.88296994806294
1.56755,-9.85752013953786
1.5677,-9.83235544204797
1.56785,-9.80747576333816
1.568,-9.78288090823781
1.56815,-9.75857058309354
1.5683,-9.73454440004513
1.56845,-9.71080188115011
1.5686,-9.68734246235955
1.56875,-9.66416549735115
1.5689,-9.64127026122262
1.56905,-9.6186559540501
1.5692,-9.59632170431579
1.56935,-9.57426657220836
1.5695,-9.55248955280083
1.56965,-9.53098957910919
1.5698,-9.50976552503551
1.56995,-9.48881620820049
1.5701,-9.4681403926667
1.57025,-9.44773679155914
1.5704,-9.42760406958371
1.57055,-9.40774084544871
1.5707,-9.38814569419234
1.57085,-9.36881714941884
1.571,-9.34975370544723
1.57115,-9.33095381937471
1.5713,-9.31241591305875
1.57145,-9.29413837501978
1.5716,-9.27611956226757
1.57175,-9.25835780205462
1.5719,-9.24085139355771
1.57205,-9.22359860949197
1.5722,-9.20659769765835
1.57235,-9.18984688242759
1.5725,-9.17334436616324
1.57265,-9.15708833058507
1.5728,-9.14107693807615
1.57295,-9.12530833293456
1.5731,-9.1097806425725
1.57325,-9.09449197866481
1.5734,-9.07944043824778
1.57355,-9.06462410477162
1.5737,-9.05004104910696
1.57385,-9.03568933050764
1.574,-9.02156699753193
1.57415,-9.00767208892253
1.5743,-8.99400263444827
1.57445,-8.98055665570801
1.5746,-8.96733216689839
1.57475,-8.95432717554728
1.5749,-8.94153968321342
1.57505,-8.92896768615453
1.5752,-8.91660917596414
1.57535,-8.90446214017898
1.5755,-8.89252456285805
1.57565,-8.88079442513399
1.5758,-8.86926970573866
1.57595,-8.85794838150295
1.5761,-8.84682842783267
1.57625,-8.83590781916126
1.5764,-8.82518452937969
1.57655,-8.81465653224549
1.5767,-8.80432180177085
1.57685,-8.79417831259099
1.577,-8.78422404031378
1.57715,-8.77445696185089
1.5773,-8.76487505573205
1.57745,-8.75547630240197
1.5776,-8.74625868450183
1.57775,-8.73722018713515
1.5779,-8.72835879811912
1.57805,-8.71967250822182
1.5782,-8.71115931138616
1.57835,-8.70281720494074
1.5785,-8.69464418979865
1.57865,-8.68663827064437
1.5788,-8.67879745610961
1.57895,-8.67111975893836
1.5791,-8.6636031961415
1.57925,-8.65624578914224
1.5794,-8.64904556391157
1.57955,-8.6420005510954
1.5797,-8.63510878613291
1.57985,-8.62836830936714
1.58,-8.62177716614777
1.58015,-8.61533340692665
1.5803,-8.60903508734664
1.58045,-8.60288026832371
1.5806,-8.5968670161229
1.58075,-8.59099340242861
1.5809,-8.58525750440903
1.58105,-8.57965740477567
1.5812,-8.57419119183775
1.58135,-8.56885695955204
1.5815,-8.5636528075683
1.58165,-8.55857684127063
1.5818,-8.55362717181506
1.58195,-8.54880191616339
1.5821,-8.54409919711389
1.58225,-8.53951714332867
1.5824,-8.53505388935838
1.58255,-8.53070757566409
1.5827,-8.52647634863672
1.58285,-8.52235836061434
1.583,-8.51835176989729
1.58315,-8.51445474076143
1.5833,-8.51066544346974
1.58345,-8.50698205428242
1.5836,-8.50340275546566
1.58375,-8.49992573529914
1.5839,-8.49654918808259
1.58405,-8.4932713141415
1.5842,-8.49009031983203
1.58435,-8.48700441754543
1.5845,-8.48401182571195
1.58465,-8.48111076880448
1.5848,-8.47829947734208
1.58495,-8.47557618789319
1.5851,-8.47293914307933
1.58525,-8.47038659157859
1.5854,-8.46791678812962
1.58555,-8.46552799353589
1.5857,-8.46321847467056
1.58585,-8.46098650448186
1.586,-8.4588303619992
1.58615,-8.45674833234002
1.5863,-8.45473870671754
1.58645,-8.4527997824494
1.5866,-8.45092986296741
1.58675,-8.44912725782831
1.5869,-8.44739028272578
1.58705,-8.44571725950363
1.5872,-8.44410651617037
1.58735,-8.44255638691504
1.5875,-8.4410652121246
1.58765,-8.43963133840275
1.5878,-8.43825311859025
1.58795,-8.43692891178691
1.5881,-8.43565708337518
1.58825,-8.43443600504541
1.5884,-8.43326405482291
1.58855,-8.43213961709666
1.5887,-8.43106108264996
1.58885,-8.4300268486928
1.589,-8.42903531889615
1.58915,-8.42808490342818
1.5893,-8.42717401899234
1.58945,-8.42630108886744
1.5896,-8.42546454294965
1.58975,-8.42466281779652
1.5899,-8.423894356673
1.59005,-8.42315760959945
1.5902,-8.4224510334017
1.59035,-8.42177309176315
1.5905,-8.42112225527885
1.59065,-8.42049700151172
1.5908,-8.41989581505073
1.59095,-8.41931718757114
1.5911,-8.41875961789684
1.59125,-8.41822161206459
1.5914,-8.41770168339048
1.59155,-8.41719835253816
1.5917,-8.41671014758929
1.59185,-8.41623560411587
1.592,-8.41577326525449
1.59215,-8.41532168178263
1.5923,-8.41487941219687
1.59245,-8.4144450227929
1.5926,-8.4140170877475
1.59275,-8.41359418920235
1.5929,-8.41317491734962
1.59305,-8.41275787051938
1.5932,-8.41234165526871
1.59335,-8.41192488647254
1.5935,-8.41150618741623
1.59365,-8.41108418988959
1.5938,-8.41065753428274
1.59395,-8.41022486968324
1.5941,-8.40978485397496
1.59425,-8.40933615393822
1.5944,-8.40887744535135
1.59455,-8.40840741309367
1.5947,-8.40792475124969
1.59485,-8.40742816321452
1.595,-8.4069163618005
1.59515,-8.40638806934489
1.5953,-8.40584201781866
1.59545,-8.40527694893621
1.5956,-8.40469161426603
1.59575,-8.40408477534222
1.5959,-8.4034552037768
1.59605,-8.40280168137267
1.5962,-8.40212300023737
1.59635,-8.40141796289712
1.5965,-8.40068538241177
1.59665,-8.39992408248974
1.5968,-8.39913289760362
1.59695,-8.3983106731059
1.5971,-8.39745626534492
1.59725,-8.3965685417809
1.5974,-8.39564638110207
1.59755,-8.3946886733407
1.5977,-8.39369431998896
1.59785,-8.39266223411466
1.598,-8.39159134047663
1.59815,-8.39048057563968
1.5983,-8.3893288880892
1.59845,-8.38813523834513
1.5986,-8.38689859907523
1.59875,-8.38561795520781
1.5989,-8.38429230404346
1.59905,-8.38292065536598
1.5992,-8.38150203155229
1.59935,-8.38003546768129
1.5995,-8.37852001164154
1.59965,-8.37695472423772
1.5998,-8.37533867929574
1.59995,-8.37367096376638
1.6001,-8.37195067782756
1.60025,-8.37017693498488
1.6004,-8.3683488621706
1.60055,-8.3664655998407
1.6007,-8.36452630207036
1.60085,-8.3625301366472
1.601,-8.36047628516275
1.60115,-8.35836394310176
1.6013,-8.35619231992926
1.60145,-8.35396063917554
1.6016,-8.35166813851862
1.60175,-8.34931406986441
1.6019,-8.34689769942443
1.60205,-8.34441830779093
1.6022,-8.34187519000928
1.60235,-8.33926765564792
1.6025,-8.33659502886526
1.60265,-8.33385664847395
1.6028,-8.33105186800214
1.60295,-8.32818005575184
1.6031,-8.32524059485421
1.60325,-8.32223288332175
1.6034,-8.31915633409743
1.60355,-8.31601037510046
1.6037,-8.31279444926902
1.60385,-8.30950801459952
1.604,-8.30615054418244
1.60415,-8.30272152623503
1.6043,-8.2992204641303
1.60445,-8.29564687642264
1.6046,-8.29200029686983
1.60475,-8.2882802744516
1.6049,-8.28448637338448
1.60505,-8.28061817313299
1.6052,-8.27667526841727
1.60535,-8.27265726921689
1.6055,-8.26856380077107
1.60565,-8.26439450357498
1.6058,-8.26014903337245
1.60595,-8.2558270611448
1.6061,-8.25142827309588
1.60625,-8.24695237063334
1.6064,-8.24239907034605
1.60655,-8.23776810397769
1.6067,-8.23305921839661
1.60685,-8.2282721755617
1.607,-8.22340675248459
1.60715,-8.21846274118793
1.6073,-8.21343994865997
1.60745,-8.20833819680519
1.6076,-8.20315732239128
1.60775,-8.1978971769923
1.6079,-8.19255762692811
1.60805,-8.18713855319997
1.6082,-8.18163985142264
1.60835,-8.17606143175258
1.6085,-8.17040321881266
1.60865,-8.16466515161325
1.6088,-8.15884718346947
1.60895,-8.15294928191544
1.6091,-8.14697142861434
1.60925,-8.14091361926563
1.6094,-8.13477586350843
1.60955,-8.12855818482167
1.6097,-8.12226062042103
1.60985,-8.11588322115235
1.61,-8.10942605138208
1.61015,-8.10288918888442
1.6103,-8.09627272472531
1.61045,-8.08957676314353
1.6106,-8.08280142142862
1.61075,-8.07594682979607
1.6109,-8.06901313125948
1.61105,-8.06200048149995
1.6112,-8.05490904873286
1.61135,-8.0477390135718
1.6115,-8.0404905688901
1.61165,-8.0331639196797
1.6118,-8.02575928290756
1.61195,-8.01827688736984
1.6121,-8.01071697354364
1.61225,-8.0030797934366
1.6124,-7.99536561043426
1.61255,-7.98757469914547
1.6127,-7.97970734524575
1.61285,-7.97176384531865
1.613,-7.9637445066955
1.61315,-7.95564964729317
1.6133,-7.94747959545037
1.61345,-7.9392346897622
1.6136,-7.93091527891325
1.61375,-7.92252172150935
1.6139,-7.91405438590785
1.61405,-7.90551365004679
1.6142,-7.89689990127273
1.61435,-7.88821353616763
1.6145,-7.87945496037468
1.61465,-7.8706245884231
1.6148,-7.86172284355233
1.61495,-7.85275015753519
1.6151,-7.84370697050049
1.61525,-7.8345937307551
1.6154,-7.82541089460537
1.61555,-7.81615892617817
1.6157,-7.80683829724166
1.61585,-7.79744948702553
1.616,-7.78799298204133
1.61615,-7.77846927590245
1.6163,-7.76887886914422
1.61645,-7.75922226904392
1.6166,-7.74949998944085
1.61675,-7.73971255055679
1.6169,-7.72986047881639
1.61705,-7.71994430666821
1.6172,-7.70996457240595
1.61735,-7.69992181999005
1.6175,-7.68981659887014
1.61765,-7.67964946380765
1.6178,-7.66942097469954
1.61795,-7.65913169640237
1.6181,-7.64878219855733
1.61825,-7.63837305541609
1.6184,-7.62790484566755
1.61855,-7.61737815226559
1.6187,-7.60679356225777
1.61885,-7.59615166661509
1.619,-7.58545306006305
1.61915,-7.57469834091366
1.6193,-7.56388811089885
1.61945,-7.55302297500518
1.6196,-7.54210354130962
1.61975,-7.53113042081714
1.6199,-7.52010422729927
1.62005,-7.5090255771345
1.6202,-7.49789508915003
1.62035,-7.48671338446489
1.6205,-7.47548108633509
1.62065,-7.46419881999988
1.6208,-7.45286721253019
1.62095,-7.44148689267823
1.6211,-7.4300584907293
1.62125,-7.41858263835511
1.6214,-7.40705996846877
1.62155,-7.39549111508197
1.6217,-7.38387671316362
1.62185,-7.37221739850065
1.622,-7.36051380756051
1.62215,-7.34876657735558
1.6223,-7.33697634530976
1.62245,-7.3251437491266
1.6226,-7.31326942665985
1.62275,-7.30135401578569
1.6229,-7.28939815427698
1.62305,-7.27740247967973
1.6232,-7.26536762919135
1.62335,-7.25329423954111
1.6235,-7.24118294687262
1.62365,-7.2290343866282
1.6238,-7.2168491934356
1.62395,-7.20462800099647
1.6241,-7.19237144197726
1.62425,-7.18008014790187
1.6244,-7.16775474904644
1.62455,-7.15539587433651
1.6247,-7.14300415124579
1.62485,-7.13058020569741
1.625,-7.1181246619671
1.62515,-7.10563814258822
1.6253,-7.09312126825942
1.62545,-7.08057465775358
1.6256,-7.06799892782966
1.62575,-7.05539469314591
1.6259,-7.04276256617537
1.62605,-7.03010315712366
1.6262,-7.01741707384823
1.62635,-7.00470492178023
1.6265,-6.99196730384794
1.62665,-6.97920482040234
1.6268,-6.9664180691447
1.62695,-6.95360764505608
1.6271,-6.94077414032887
1.62725,-6.92791814430001
1.6274,-6.91504024338641
1.62755,-6.90214102102222
1.6277,-6.88922105759779
1.62785,-6.87628093040077
1.628,-6.86332121355884
1.62815,-6.85034247798437
1.6283,-6.83734529132101
1.62845,-6.82433021789173
1.6286,-6.81129781864907
1.62875,-6.79824865112686
1.6289,-6.78518326939368
1.62905,-6.77210222400823
1.6292,-6.75900606197617
1.62935,-6.74589532670884
1.6295,-6.73277055798338
1.62965,-6.7196322919048
1.6298,-6.7064810608694
1.62995,-6.6933173935298
1.6301,-6.68014181476178
1.63025,-6.66695484563225
1.6304,-6.65375700336916
1.63055,-6.64054880133268
1.6307,-6.62733074898778
1.63085,-6.61410335187851
1.631,-6.60086711160342
1.63115,-6.58762252579271
1.6313,-6.57437008808647
1.63145,-6.56111028811433
1.6316,-6.54784361147668
1.63175,-6.53457053972683
1.6319,-6.52129155035483
1.63205,-6.50800711677229
1.6322,-6.49471770829843
1.63235,-6.48142379014771
1.6325,-6.46812582341803
1.63265,-6.45482426508084
1.6328,-6.44151956797177
1.63295,-6.42821218078264
1.6331,-6.41490254805474
1.63325,-6.40159111017282
1.6334,-6.38827830336046
1.63355,-6.37496455967637
1.6337,-6.36165030701152
1.63385,-6.34833596908761
1.634,-6.33502196545621
1.63415,-6.32170871149899
1.6343,-6.30839661842889
1.63445,-6.29508609329202
1.6346,-6.28177753897073
1.63475,-6.26847135418722
1.6349,-6.25516793350829
1.63505,-6.24186766735068
1.6352,-6.22857094198729
1.63535,-6.2152781395543
1.6355,-6.20198963805871
1.63565,-6.1887058113871
1.6358,-6.17542702931473
1.63595,-6.16215365751536
1.6361,-6.14888605757207
1.63625,-6.13562458698827
1.6364,-6.12236959919983
1.63655,-6.10912144358753
1.6367,-6.09588046549004
1.63685,-6.08264700621795
1.637,-6.06942140306771
1.63715,-6.05620398933675
1.6373,-6.04299509433879
1.63745,-6.02979504341958
1.6376,-6.01660415797354
1.63775,-6.00342275546044
1.6379,-5.99025114942293
1.63805,-5.97708964950415
1.6382,-5.96393856146617
1.63835,-5.95079818720854
1.6385,-5.93766882478734
1.63865,-5.92455076843479
1.6388,-5.91144430857889
1.63895,-5.89834973186379
1.6391,-5.88526732117031
1.63925,-5.8721973556367
1.6394,-5.85914011068009
1.63955,-5.84609585801771
1.6397,-5.833064865689
1.63985,-5.82004739807752
1.64,-5.80704371593327
1.64015,-5.79405407639556
1.6403,-5.78107873301555
1.64045,-5.76811793577958
1.6406,-5.75517193113247
1.64075,-5.74224096200084
1.6409,-5.72932526781715
1.64105,-5.71642508454332
1.6412,-5.70354064469503
1.64135,-5.69067217736589
1.6415,-5.67781990825179
1.64165,-5.66498405967561
1.6418,-5.65216485061172
1.64195,-5.63936249671103
1.6421,-5.62657721032574
1.64225,-5.61380920053441
1.6424,-5.60105867316726
1.64255,-5.58832583083113
1.6427,-5.5756108729351
1.64285,-5.56291399571567
1.643,-5.55023539226222
1.64315,-5.53757525254272
1.6433,-5.52493376342899
1.64345,-5.51231110872258
1.6436,-5.49970746918027
1.64375,-5.48712302253969
1.6439,-5.47455794354521
1.64405,-5.46201240397334
1.6442,-5.44948657265873
1.64435,-5.43698061551975
1.6445,-5.4244946955841
1.64465,-5.41202897301472
1.6448,-5.39958360513522
1.64495,-5.38715874645576
1.6451,-5.37475454869856
1.64525,-5.3623711608234
1.6454,-5.35000872905342
1.64555,-5.33766739690033
1.6457,-5.32534730519011
1.64585,-5.31304859208826
1.646,-5.30077139312522
1.64615,-5.28851584122167
1.6463,-5.27628206671359
1.64645,-5.26407019737767
1.6466,-5.25188035845603
1.64675,-5.23971267268157
1.6469,-5.22756726030264
1.64705,-5.21544423910782
1.6472,-5.20334372445091
1.64735,-5.19126582927521
1.6475,-5.17921066413837
1.64765,-5.16717833723665
1.6478,-5.15516895442919
1.64795,-5.14318261926248
1.6481,-5.13121943299419
1.64825,-5.11927949461734
1.6484,-5.10736290088419
1.64855,-5.09546974632987
1.6487,-5.08360012329622
1.64885,-5.0717541219551
1.649,-5.05993183033202
1.64915,-5.04813333432927
1.6493,-5.03635871774903
1.64945,-5.02460806231658
1.6496,-5.01288144770294
1.64975,-5.00117895154783
1.6499,-4.9895006494822
1.65005,-4.97784661515062
1.6502,-4.96621692023381
1.65035,-4.95461163447065
1.6505,-4.94303082568038
1.65065,-4.93147455978444
1.6508,-4.91994290082823
1.65095,-4.90843591100284
1.6511,-4.89695365066633
1.65125,-4.88549617836531
1.6514,-4.87406355085595
1.65155,-4.86265582312502
1.6517,-4.85127304841092
1.65185,-4.83991527822422
1.652,-4.82858256236841
1.65215,-4.81727494896027
1.6523,-4.80599248445006
1.65245,-4.79473521364185
1.6526,-4.78350317971327
1.65275,-4.77229642423551
1.6529,-4.76111498719295
1.65305,-4.74995890700253
1.6532,-4.73882822053329
1.65335,-4.7277229631255
1.6535,-4.71664316860969
1.65365,-4.70558886932563
1.6538,-4.69456009614088
1.65395,-4.68355687846964
1.6541,-4.67257924429093
1.65425,-4.66162722016709
1.6544,-4.65070083126162
1.65455,-4.63980010135748
1.6547,-4.62892505287465
1.65485,-4.61807570688781
1.655,-4.60725208314404
1.65515,-4.59645420007987
1.6553,-4.58568207483874
1.65545,-4.57493572328792
1.6556,-4.56421516003535
1.65575,-4.55352039844651
1.6559,-4.54285145066087
1.65605,-4.53220832760842
1.6562,-4.52159103902594
1.65635,-4.51099959347303
1.6565,-4.50043399834826
1.65665,-4.48989425990482
1.6568,-4.47938038326634
1.65695,-4.4688923724424
1.6571,-4.45843023034381
1.65725,-4.44799395879801
1.6574,-4.437583558564
1.65755,-4.42719902934743
1.6577,-4.41684036981533
1.65785,-4.40650757761071
1.658,-4.39620064936722
1.65815,-4.38591958072333
1.6583,-4.37566436633675
1.65845,-4.36543499989838
1.6586,-4.35523147414628
1.65875,-4.34505378087952
1.6589,-4.33490191097175
1.65905,-4.32477585438487
1.6592,-4.31467560018229
1.65935,-4.30460113654219
1.6595,-4.29455245077072
1.65965,-4.28452952931487
1.6598,-4.27453235777541
1.65995,-4.26456092091957
1.6601,-4.25461520269354
1.66025,-4.24469518623504
1.6604,-4.23480085388552
1.66055,-4.22493218720243
1.6607,-4.21508916697128
1.66085,-4.20527177321743
1.661,-4.19547998521807
1.66115,-4.18571378151374
1.6613,-4.17597313991999
1.66145,-4.16625803753878
1.6616,-4.15656845076964
1.66175,-4.1469043553211
1.6619,-4.13726572622144
1.66205,-4.1276525378299
1.6622,-4.11806476384733
1.66235,-4.10850237732688
1.6625,-4.09896535068464
1.66265,-4.08945365571006
1.6628,-4.07996726357631
1.66295,-4.07050614485042
1.6631,-4.06107026950354
1.66325,-4.05165960692079
1.6634,-4.04227412591119
1.66355,-4.03291379471747
1.6637,-4.02357858102565
1.66385,-4.01426845197466
1.664,-4.00498337416578
1.66415,-3.99572331367183
1.6643,-3.98648823604663
1.66445,-3.97727810633388
1.6646,-3.96809288907634
1.66475,-3.95893254832468
1.6649,-3.9497970476462
1.66505,-3.94068635013373
1.6652,-3.93160041841394
1.66535,-3.92253921465615
1.6655,-3.91350270058052
1.66565,-3.90449083746633
1.6658,-3.89550358616039
1.66595,-3.88654090708488
1.6661,-3.87760276024555
1.66625,-3.86868910523953
1.6664,-3.85979990126317
1.66655,-3.85093510711978
1.6667,-3.84209468122721
1.66685,-3.83327858162544
1.667,-3.82448676598403
1.66715,-3.81571919160935
1.6673,-3.80697581545205
1.66745,-3.79825659411403
1.6676,-3.78956148385569
1.66775,-3.78089044060283
1.6679,-3.77224341995359
1.66805,-3.76362037718534
1.6682,-3.7550212672613
1.66835,-3.74644604483731
1.6685,-3.73789466426841
1.66865,-3.72936707961521
1.6688,-3.72086324465049
1.66895,-3.71238311286535
1.6691,-3.70392663747561
1.66925,-3.69549377142796
1.6694,-3.68708446740595
1.66955,-3.67869867783615
1.6697,-3.670336354894
1.66985,-3.66199745050973
1.67,-3.6536819163742
1.67015,-3.64538970394443
1.6703,-3.6371207644495
1.67045,-3.62887504889592
1.6706,-3.6206525080733
1.67075,-3.61245309255958
1.6709,-3.6042767527266
1.67105,-3.5961234387453
1.6712,-3.58799310059086
1.67135,-3.57988568804802
1.6715,-3.57180115071603
1.67165,-3.56373943801374
1.6718,-3.55570049918457
1.67195,-3.54768428330128
1.6721,-3.539690739271
1.67225,-3.53171981583973
1.6724,-3.5237714615973
1.67255,-3.51584562498182
1.6727,-3.50794225428431
1.67285,-3.50006129765325
1.673,-3.49220270309896
1.67315,-3.48436641849804
1.6733,-3.4765523915977
1.67345,-3.46876057001999
1.6736,-3.46099090126608
1.67375,-3.45324333272034
1.6739,-3.44551781165452
1.67405,-3.43781428523176
1.6742,-3.43013270051053
1.67435,-3.42247300444866
1.6745,-3.41483514390713
1.67465,-3.40721906565397
1.6748,-3.399624716368
1.67495,-3.3920520426425
1.6751,-3.384500990989
1.67525,-3.37697150784076
1.6754,-3.36946353955645
1.67555,-3.36197703242361
1.6757,-3.3545119326621
1.67585,-3.34706818642758
1.676,-3.33964573981482
1.67615,-3.33224453886104
1.6763,-3.32486452954923
1.67645,-3.31750565781128
1.6766,-3.31016786953128
1.67675,-3.30285111054851
1.6769,-3.29555532666069
1.67705,-3.28828046362693
1.6772,-3.2810264671707
1.67735,-3.27379328298291
1.6775,-3.26658085672467
1.67765,-3.25938913403031
1.6778,-3.25221806051012
1.67795,-3.24506758175311
1.6781,-3.23793764332988
1.67825,-3.23082819079518
1.6784,-3.22373916969069
1.67855,-3.21667052554759
1.6787,-3.20962220388911
1.67885,-3.20259415023319
1.679,-3.19558631009486
1.67915,-3.18859862898882
1.6793,-3.18163105243177
1.67945,-3.17468352594491
1.6796,-3.16775599505623
1.67975,-3.16084840530282
1.6799,-3.15396070223325
1.68005,-3.14709283140969
1.6802,-3.14024473841024
1.68035,-3.13341636883109
1.6805,-3.12660766828858
1.68065,-3.11981858242147
1.6808,-3.11304905689284
1.68095,-3.1062990373923
1.6811,-3.09956846963791
1.68125,-3.0928572993782
1.6814,-3.08616547239412
1.68155,-3.07949293450093
1.6817,-3.07283963155014
1.68185,-3.06620550943135
1.682,-3.05959051407403
1.68215,-3.05299459144942
1.6823,-3.04641768757218
1.68245,-3.03985974850224
1.6826,-3.03332072034647
1.68275,-3.02680054926029
1.6829,-3.02029918144948
1.68305,-3.01381656317163
1.6832,-3.00735264073793
1.68335,-3.00090736051458
1.6835,-2.9944806689244
1.68365,-2.98807251244838
1.6838,-2.98168283762711
1.68395,-2.97531159106232
1.6841,-2.96895871941828
1.68425,-2.96262416942319
1.6844,-2.95630788787066
1.68455,-2.95000982162096
1.6847,-2.94372991760249
1.68485,-2.93746812281304
1.685,-2.93122438432104
1.68515,-2.92499864926693
1.6853,-2.91879086486434
1.68545,-2.91260097840133
1.6856,-2.90642893724166
1.68575,-2.90027468882587
1.6859,-2.89413818067251
1.68605,-2.88801936037926
1.6862,-2.88191817562407
1.68635,-2.87583457416622
1.6865,-2.86976850384743
1.68665,-2.86371991259293
1.6868,-2.8576887484124
1.68695,-2.85167495940114
1.6871,-2.84567849374096
1.68725,-2.83969929970114
1.6874,-2.83373732563953
1.68755,-2.82779252000327
1.6877,-2.82186483132995
1.68785,-2.8159542082483
1.688,-2.81006059947924
1.68815,-2.80418395383666
1.6883,-2.79832422022825
1.68845,-2.7924813476564
1.6886,-2.78665528521897
1.68875,-2.78084598211009
1.6889,-2.77505338762099
1.68905,-2.76927745114065
1.6892,-2.76351812215665
1.68935,-2.75777535025589
1.6895,-2.75204908512523
1.68965,-2.74633927655232
1.6898,-2.7406458744261
1.68995,-2.73496882873767
1.6901,-2.72930808958079
1.69025,-2.72366360715259
1.6904,-2.71803533175419
1.69055,-2.71242321379126
1.6907,-2.70682720377469
1.69085,-2.7012472523211
1.691,-2.69568331015347
1.69115,-2.69013532810163
1.6913,-2.68460325710285
1.69145,-2.67908704820234
1.6916,-2.67358665255374
1.69175,-2.6681020214197
1.6919,-2.66263310617227
1.69205,-2.65717985829342
1.6922,-2.65174222937554
1.69235,-2.64632017112177
1.6925,-2.6409136353466
1.69265,-2.63552257397618
1.6928,-2.63014693904871
1.69295,-2.62478668271497
1.6931,-2.61944175723858
1.69325,-2.61411211499646
1.6934,-2.60879770847918
1.69355,-2.60349849029126
1.6937,-2.5982144131516
1.69385,-2.59294542989376
1.694,-2.58769149346629
1.69415,-2.5824525569331
1.6943,-2.57722857347365
1.69445,-2.57201949638337
1.6946,-2.56682527907382
1.69475,-2.56164587507308
1.6949,-2.55648123802595
1.69505,-2.55133132169419
1.6952,-2.54619607995681
1.69535,-2.54107546681027
1.6955,-2.53596943636873
1.69565,-2.53087794286424
1.6958,-2.525800940647
1.69595,-2.52073838418548
1.6961,-2.51569022806669
1.69625,-2.51065642699631
1.6964,-2.50563693579887
1.69655,-2.50063170941795
1.6967,-2.49564070291631
1.69685,-2.49066387147602
1.697,-2.48570117039866
1.69715,-2.48075255510536
1.6973,-2.47581798113706
1.69745,-2.47089740415448
1.6976,-2.46599077993835
1.69775,-2.46109806438944
1.6979,-2.45621921352868
1.69805,-2.45135418349727
1.6982,-2.44650293055674
1.69835,-2.44166541108899
1.6985,-2.43684158159646
1.69865,-2.43203139870205
1.6988,-2.42723481914932
1.69895,-2.42245179980245
1.6991,-2.41768229764626
1.69925,-2.41292626978635
1.6994,-2.40818367344901
1.69955,-2.40345446598135
1.6997,-2.39873860485124
1.69985,-2.39403604764734
1.7,-2.38934675207914
