"Freq [GHz]","dB(S(1,1)) []"
1.4,-0.560583841346823
1.40015,-0.56139683448316
1.4003,-0.562211566222932
1.40045,-0.563028041323902
1.4006,-0.563846264559824
1.40075,-0.564666240720484
1.4009,-0.565487974611769
1.40105,-0.566311471055733
1.4012,-0.567136734890653
1.40135,-0.567963770971121
1.4015,-0.568792584168077
1.40165,-0.569623179368889
1.4018,-0.570455561477412
1.40195,-0.571289735414076
1.4021,-0.57212570611592
1.40225,-0.572963478536683
1.4024,-0.573803057646857
1.40255,-0.574644448433773
1.4027,-0.575487655901632
1.40285,-0.576332685071619
1.403,-0.577179540981943
1.40315,-0.578028228687902
1.4033,-0.578878753261979
1.40345,-0.579731119793878
1.4036,-0.580585333390616
1.40375,-0.581441399176587
1.4039,-0.582299322293631
1.40405,-0.583159107901107
1.4042,-0.58402076117596
1.40435,-0.584884287312789
1.4045,-0.585749691523939
1.40465,-0.586616979039541
1.4048,-0.587486155107615
1.40495,-0.58835722499412
1.4051,-0.589230193983039
1.40525,-0.590105067376448
1.4054,-0.590981850494599
1.40555,-0.591860548675967
1.4057,-0.59274116727737
1.40585,-0.593623711673987
1.406,-0.594508187259484
1.40615,-0.595394599446065
1.4063,-0.596282953664546
1.40645,-0.597173255364443
1.4066,-0.598065510014027
1.40675,-0.59895972310044
1.4069,-0.599855900129723
1.40705,-0.600754046626939
1.4072,-0.601654168136217
1.40735,-0.602556270220855
1.4075,-0.603460358463377
1.40765,-0.604366438465623
1.4078,-0.605274515848839
1.40795,-0.606184596253741
1.4081,-0.607096685340594
1.40825,-0.608010788789312
1.4084,-0.608926912299514
1.40855,-0.609845061590624
1.4087,-0.610765242401945
1.40885,-0.611687460492748
1.409,-0.612611721642335
1.40915,-0.613538031650149
1.4093,-0.614466396335847
1.40945,-0.615396821539372
1.4096,-0.616329313121055
1.40975,-0.61726387696168
1.4099,-0.618200518962593
1.41005,-0.619139245045772
1.4102,-0.620080061153911
1.41035,-0.621022973250513
1.4105,-0.621967987319981
1.41065,-0.622915109367694
1.4108,-0.623864345420098
1.41095,-0.624815701524799
1.4111,-0.625769183750648
1.41125,-0.626724798187827
1.4114,-0.627682550947946
1.41155,-0.628642448164128
1.4117,-0.629604495991092
1.41185,-0.630568700605257
1.412,-0.63153506820483
1.41215,-0.632503605009886
1.4123,-0.633474317262471
1.41245,-0.634447211226701
1.4126,-0.635422293188831
1.41275,-0.636399569457377
1.4129,-0.637379046363184
1.41305,-0.638360730259542
1.4132,-0.639344627522262
1.41335,-0.640330744549789
1.4135,-0.641319087763281
1.41365,-0.64230966360672
1.4138,-0.643302478546993
1.41395,-0.644297539074001
1.4141,-0.645294851700764
1.41425,-0.646294422963494
1.4144,-0.647296259421706
1.41455,-0.648300367658334
1.4147,-0.649306754279804
1.41485,-0.650315425916146
1.415,-0.651326389221102
1.41515,-0.652339650872206
1.4153,-0.653355217570914
1.41545,-0.654373096042675
1.4156,-0.655393293037054
1.41575,-0.656415815327845
1.4159,-0.657440669713138
1.41605,-0.658467863015461
1.4162,-0.659497402081857
1.41635,-0.660529293784005
1.4165,-0.661563545018329
1.41665,-0.662600162706082
1.4168,-0.663639153793483
1.41695,-0.664680525251797
1.4171,-0.66572428407746
1.41725,-0.666770437292176
1.4174,-0.667818991943048
1.41755,-0.668869955102647
1.4177,-0.669923333869166
1.41785,-0.670979135366503
1.418,-0.672037366744386
1.41815,-0.673098035178471
1.4183,-0.674161147870467
1.41845,-0.675226712048236
1.4186,-0.676294734965932
1.41875,-0.677365223904079
1.4189,-0.678438186169716
1.41905,-0.679513629096495
1.4192,-0.680591560044799
1.41935,-0.681671986401872
1.4195,-0.682754915581921
1.41965,-0.683840355026233
1.4198,-0.684928312203297
1.41995,-0.686018794608932
1.4201,-0.687111809766398
1.42025,-0.688207365226505
1.4204,-0.689305468567759
1.42055,-0.69040612739646
1.4207,-0.691509349346834
1.42085,-0.692615142081161
1.421,-0.693723513289882
1.42115,-0.694834470691738
1.4213,-0.695948022033887
1.42145,-0.697064175092034
1.4216,-0.698182937670548
1.42175,-0.699304317602598
1.4219,-0.70042832275027
1.42205,-0.701554961004716
1.4222,-0.702684240286245
1.42235,-0.703816168544482
1.4225,-0.704950753758499
1.42265,-0.706088003936926
1.4228,-0.707227927118089
1.42295,-0.708370531370155
1.4231,-0.709515824791241
1.42325,-0.710663815509571
1.4234,-0.711814511683597
1.42355,-0.712967921502122
1.4237,-0.71412405318447
1.42385,-0.715282914980576
1.424,-0.716444515171169
1.42415,-0.717608862067872
1.4243,-0.718775964013362
1.42445,-0.719945829381496
1.4246,-0.721118466577463
1.42475,-0.722293884037912
1.4249,-0.723472090231104
1.42505,-0.724653093657041
1.4252,-0.725836902847628
1.42535,-0.727023526366785
1.4255,-0.728212972810623
1.42565,-0.729405250807575
1.4258,-0.730600369018541
1.42595,-0.731798336137033
1.4261,-0.732999160889324
1.42625,-0.7342028520346
1.4264,-0.735409418365101
1.42655,-0.736618868706277
1.4267,-0.737831211916939
1.42685,-0.739046456889392
1.427,-0.740264612549621
1.42715,-0.74148568785741
1.4273,-0.742709691806515
1.42745,-0.743936633424811
1.4276,-0.745166521774452
1.42775,-0.74639936595202
1.4279,-0.747635175088683
1.42805,-0.748873958350368
1.4282,-0.750115724937887
1.42835,-0.751360484087136
1.4285,-0.752608245069224
1.42865,-0.753859017190642
1.4288,-0.755112809793441
1.42895,-0.75636963225537
1.4291,-0.757629493990057
1.42925,-0.758892404447163
1.4294,-0.760158373112563
1.42955,-0.761427409508497
1.4297,-0.762699523193732
1.42985,-0.763974723763757
1.43,-0.765253020850927
1.43015,-0.766534424124641
1.4303,-0.767818943291517
1.43045,-0.769106588095553
1.4306,-0.770397368318325
1.43075,-0.771691293779118
1.4309,-0.772988374335143
1.43105,-0.774288619881693
1.4312,-0.775592040352316
1.43135,-0.776898645719
1.4315,-0.778208445992355
1.43165,-0.779521451221785
1.4318,-0.78083767149567
1.43195,-0.78215711694155
1.4321,-0.783479797726306
1.43225,-0.784805724056343
1.4324,-0.786134906177774
1.43255,-0.787467354376612
1.4327,-0.78880307897895
1.43285,-0.790142090351142
1.433,-0.791484398900017
1.43315,-0.792830015073032
1.4333,-0.794178949358496
1.43345,-0.795531212285744
1.4336,-0.796886814425338
1.43375,-0.798245766389248
1.4339,-0.799608078831066
1.43405,-0.800973762446185
1.4342,-0.802342827972013
1.43435,-0.803715286188154
1.4345,-0.805091147916615
1.43465,-0.806470424022014
1.4348,-0.807853125411775
1.43495,-0.80923926303632
1.4351,-0.810628847889294
1.43525,-0.812021891007766
1.4354,-0.813418403472405
1.43555,-0.814818396407739
1.4357,-0.816221880982323
1.43585,-0.817628868408965
1.436,-0.819039369944933
1.43615,-0.820453396892169
1.4363,-0.821870960597501
1.43645,-0.823292072452865
1.4366,-0.824716743895502
1.43675,-0.826144986408202
1.4369,-0.8275768115195
1.43705,-0.829012230803902
1.4372,-0.83045125588211
1.43735,-0.83189389842124
1.4375,-0.833340170135053
1.43765,-0.834790082784162
1.4378,-0.836243648176277
1.43795,-0.837700878166428
1.4381,-0.839161784657175
1.43825,-0.840626379598868
1.4384,-0.842094674989858
1.43855,-0.843566682876731
1.4387,-0.845042415354544
1.43885,-0.846521884567075
1.439,-0.848005102707026
1.43915,-0.849492082016296
1.4393,-0.850982834786196
1.43945,-0.85247737335771
1.4396,-0.85397571012171
1.43975,-0.855477857519224
1.4399,-0.856983828041677
1.44005,-0.858493634231127
1.4402,-0.860007288680504
1.44035,-0.861524804033903
1.4405,-0.863046192986782
1.44065,-0.864571468286248
1.4408,-0.86610064273129
1.44095,-0.867633729173053
1.4411,-0.86917074051508
1.44125,-0.870711689713575
1.4414,-0.872256589777668
1.44155,-0.87380545376967
1.4417,-0.875358294805325
1.44185,-0.8769151260541
1.442,-0.87847596073943
1.44215,-0.880040812138991
1.4423,-0.881609693584975
1.44245,-0.883182618464354
1.4426,-0.884759600219142
1.44275,-0.886340652346695
1.4429,-0.887925788399962
1.44305,-0.889515021987777
1.4432,-0.891108366775128
1.44335,-0.892705836483439
1.4435,-0.894307444890864
1.44365,-0.895913205832547
1.4438,-0.897523133200932
1.44395,-0.899137240946034
1.4441,-0.90075554307573
1.44425,-0.90237805365606
1.4444,-0.904004786811503
1.44455,-0.905635756725286
1.4447,-0.907270977639673
1.44485,-0.908910463856255
1.445,-0.910554229736266
1.44515,-0.912202289700868
1.4453,-0.913854658231465
1.44545,-0.915511349870009
1.4456,-0.917172379219289
1.44575,-0.918837760943257
1.4459,-0.920507509767343
1.44605,-0.92218164047874
1.4462,-0.923860167926754
1.44635,-0.925543107023085
1.4465,-0.927230472742172
1.44665,-0.928922280121496
1.4468,-0.93061854426192
1.44695,-0.932319280327991
1.4471,-0.934024503548274
1.44725,-0.935734229215689
1.4474,-0.937448472687832
1.44755,-0.939167249387311
1.4477,-0.94089057480207
1.44785,-0.942618464485736
1.448,-0.944350934057957
1.44815,-0.946087999204732
1.4483,-0.947829675678774
1.44845,-0.949575979299817
1.4486,-0.951326925955011
1.44875,-0.953082531599223
1.4489,-0.954842812255424
1.44905,-0.956607784015021
1.4492,-0.958377463038229
1.44935,-0.960151865554404
1.4495,-0.961931007862431
1.44965,-0.963714906331058
1.4498,-0.965503577399286
1.44995,-0.967297037576718
1.4501,-0.969095303443942
1.45025,-0.970898391652871
1.4504,-0.972706318927161
1.45055,-0.974519102062558
1.4507,-0.976336757927271
1.45085,-0.978159303462379
1.451,-0.979986755682193
1.45115,-0.981819131674639
1.4513,-0.983656448601663
1.45145,-0.985498723699608
1.4516,-0.987345974279611
1.45175,-0.989198217727993
1.4519,-0.991055471506664
1.45205,-0.99291775315352
1.4522,-0.994785080282848
1.45235,-0.99665747058572
1.4525,-0.998534941830419
1.45265,-1.00041751186283
1.4528,-1.00230519860688
1.45295,-1.00419802006491
1.4531,-1.00609599431816
1.45325,-1.0079991395271
1.4534,-1.00990747393195
1.45355,-1.01182101585302
1.4537,-1.01373978369122
1.45385,-1.01566379592843
1.454,-1.01759307112795
1.45415,-1.01952762793496
1.4543,-1.02146748507694
1.45445,-1.0234126613641
1.4546,-1.02536317568988
1.45475,-1.02731904703134
1.4549,-1.02928029444962
1.45505,-1.03124693709045
1.4552,-1.03321899418455
1.45535,-1.03519648504809
1.4555,-1.0371794290832
1.45565,-1.0391678457784
1.4558,-1.04116175470908
1.45595,-1.04316117553797
1.4561,-1.04516612801562
1.45625,-1.0471766319809
1.4564,-1.04919270736143
1.45655,-1.05121437417411
1.4567,-1.05324165252561
1.45685,-1.05527456261282
1.457,-1.0573131247234
1.45715,-1.05935735923624
1.4573,-1.06140728662198
1.45745,-1.0634629274435
1.4576,-1.06552430235645
1.45775,-1.06759143210975
1.4579,-1.0696643375461
1.45805,-1.0717430396025
1.4582,-1.0738275593108
1.45835,-1.07591791779818
1.4585,-1.07801413628771
1.45865,-1.08011623609889
1.4588,-1.08222423864816
1.45895,-1.08433816544944
1.4591,-1.08645803811473
1.45925,-1.08858387835456
1.4594,-1.09071570797864
1.45955,-1.09285354889634
1.4597,-1.0949974231173
1.45985,-1.09714735275197
1.46,-1.09930336001217
1.46015,-1.10146546721167
1.4603,-1.10363369676676
1.46045,-1.10580807119685
1.4606,-1.10798861312501
1.46075,-1.11017534527859
1.4609,-1.11236829048979
1.46105,-1.11456747169628
1.4612,-1.11677291194176
1.46135,-1.11898463437659
1.4615,-1.1212026622584
1.46165,-1.12342701895268
1.4618,-1.1256577279334
1.46195,-1.12789481278364
1.4621,-1.13013829719621
1.46225,-1.13238820497427
1.4624,-1.13464456003196
1.46255,-1.13690738639506
1.4627,-1.13917670820158
1.46285,-1.14145254970248
1.463,-1.14373493526226
1.46315,-1.14602388935962
1.4633,-1.14831943658814
1.46345,-1.15062160165694
1.4636,-1.15293040939134
1.46375,-1.15524588473354
1.4639,-1.15756805274327
1.46405,-1.15989693859853
1.4642,-1.16223256759621
1.46435,-1.16457496515283
1.4645,-1.16692415680523
1.46465,-1.16928016821124
1.4648,-1.17164302515043
1.46495,-1.17401275352479
1.4651,-1.17638937935945
1.46525,-1.17877292880343
1.4654,-1.18116342813033
1.46555,-1.18356090373909
1.4657,-1.18596538215471
1.46585,-1.188376890029
1.466,-1.19079545414132
1.46615,-1.19322110139936
1.4663,-1.19565385883987
1.46645,-1.19809375362941
1.4666,-1.20054081306518
1.46675,-1.20299506457574
1.4669,-1.20545653572182
1.46705,-1.20792525419707
1.4672,-1.2104012478289
1.46735,-1.21288454457927
1.4675,-1.21537517254544
1.46765,-1.21787315996086
1.4678,-1.22037853519592
1.46795,-1.22289132675881
1.4681,-1.22541156329632
1.46825,-1.2279392735947
1.4684,-1.23047448658049
1.46855,-1.23301723132134
1.4687,-1.23556753702693
1.46885,-1.23812543304972
1.469,-1.24069094888595
1.46915,-1.24326411417637
1.4693,-1.24584495870724
1.46945,-1.24843351241112
1.4696,-1.25102980536785
1.46975,-1.25363386780533
1.4699,-1.25624573010055
1.47005,-1.25886542278041
1.4702,-1.26149297652268
1.47035,-1.26412842215691
1.4705,-1.26677179066537
1.47065,-1.26942311318396
1.4708,-1.2720824210032
1.47095,-1.27474974556915
1.4711,-1.27742511848438
1.47125,-1.28010857150892
1.4714,-1.28280013656126
1.47155,-1.28549984571933
1.4717,-1.28820773122144
1.47185,-1.29092382546734
1.472,-1.29364816101919
1.47215,-1.29638077060257
1.4723,-1.29912168710751
1.47245,-1.30187094358951
1.4726,-1.30462857327059
1.47275,-1.30739460954029
1.4729,-1.31016908595675
1.47305,-1.31295203624779
1.4732,-1.31574349431194
1.47335,-1.3185434942195
1.4735,-1.3213520702137
1.47365,-1.32416925671169
1.4738,-1.32699508830571
1.47395,-1.32982959976418
1.4741,-1.33267282603279
1.47425,-1.33552480223569
1.4744,-1.33838556367653
1.47455,-1.34125514583969
1.4747,-1.34413358439137
1.47485,-1.34702091518078
1.475,-1.34991717424134
1.47515,-1.35282239779176
1.4753,-1.35573662223734
1.47545,-1.35865988417109
1.4756,-1.36159222037497
1.47575,-1.3645336678211
1.4759,-1.36748426367298
1.47605,-1.37044404528675
1.4762,-1.37341305021236
1.47635,-1.37639131619495
1.4765,-1.37937888117598
1.47665,-1.3823757832946
1.4768,-1.38538206088889
1.47695,-1.38839775249716
1.4771,-1.39142289685929
1.47725,-1.39445753291796
1.4774,-1.39750169982008
1.47755,-1.40055543691806
1.4777,-1.40361878377117
1.47785,-1.40669178014692
1.478,-1.40977446602239
1.47815,-1.41286688158564
1.4783,-1.41596906723709
1.47845,-1.41908106359093
1.4786,-1.42220291147651
1.47875,-1.42533465193979
1.4789,-1.42847632624479
1.47905,-1.43162797587497
1.4792,-1.43478964253476
1.47935,-1.43796136815102
1.4795,-1.44114319487447
1.47965,-1.44433516508127
1.4798,-1.44753732137445
1.47995,-1.45074970658546
1.4801,-1.45397236377573
1.48025,-1.45720533623818
1.4804,-1.46044866749876
1.48055,-1.46370240131808
1.4807,-1.46696658169295
1.48085,-1.47024125285797
1.481,-1.47352645928719
1.48115,-1.47682224569567
1.4813,-1.48012865704115
1.48145,-1.48344573852571
1.4816,-1.48677353559738
1.48175,-1.4901120939519
1.4819,-1.49346145953435
1.48205,-1.49682167854085
1.4822,-1.50019279742033
1.48235,-1.50357486287622
1.4825,-1.50696792186821
1.48265,-1.51037202161402
1.4828,-1.51378720959119
1.48295,-1.51721353353883
1.4831,-1.52065104145946
1.48325,-1.52409978162083
1.4834,-1.52755980255777
1.48355,-1.53103115307401
1.4837,-1.53451388224408
1.48385,-1.53800803941517
1.484,-1.54151367420907
1.48415,-1.54503083652404
1.4843,-1.54855957653678
1.48445,-1.55209994470436
1.4846,-1.55565199176621
1.48475,-1.55921576874608
1.4849,-1.56279132695404
1.48505,-1.56637871798854
1.4852,-1.56997799373837
1.48535,-1.57358920638478
1.4855,-1.57721240840354
1.48565,-1.58084765256698
1.4858,-1.58449499194617
1.48595,-1.58815447991299
1.4861,-1.59182617014227
1.48625,-1.59551011661401
1.4864,-1.59920637361549
1.48655,-1.60291499574352
1.4867,-1.60663603790664
1.48685,-1.61036955532732
1.487,-1.61411560354432
1.48715,-1.61787423841485
1.4873,-1.62164551611694
1.48745,-1.62542949315174
1.4876,-1.62922622634584
1.48775,-1.63303577285365
1.4879,-1.63685819015978
1.48805,-1.64069353608142
1.4882,-1.64454186877078
1.48835,-1.64840324671751
1.4885,-1.6522777287512
1.48865,-1.65616537404383
1.4888,-1.6600662421123
1.48895,-1.66398039282098
1.4891,-1.66790788638417
1.48925,-1.67184878336881
1.4894,-1.67580314469698
1.48955,-1.67977103164856
1.4897,-1.68375250586387
1.48985,-1.68774762934633
1.49,-1.69175646446518
1.49015,-1.69577907395816
1.4903,-1.69981552093429
1.49045,-1.70386586887659
1.4906,-1.70793018164494
1.49075,-1.71200852347881
1.4909,-1.71610095900018
1.49105,-1.72020755321638
1.4912,-1.72432837152296
1.49135,-1.72846347970665
1.4915,-1.73261294394827
1.49165,-1.73677683082574
1.4918,-1.74095520731706
1.49195,-1.74514814080334
1.4921,-1.74935569907186
1.49225,-1.75357795031916
1.4924,-1.75781496315413
1.49255,-1.76206680660118
1.4927,-1.76633355010341
1.49285,-1.77061526352578
1.493,-1.77491201715835
1.49315,-1.77922388171956
1.4933,-1.78355092835951
1.49345,-1.78789322866324
1.4936,-1.79225085465417
1.49375,-1.79662387879737
1.4939,-1.80101237400307
1.49405,-1.80541641363003
1.4942,-1.80983607148907
1.49435,-1.81427142184656
1.4945,-1.81872253942795
1.49465,-1.82318949942136
1.4948,-1.8276723774812
1.49495,-1.83217124973178
1.4951,-1.83668619277101
1.49525,-1.84121728367412
1.4954,-1.84576459999736
1.49555,-1.85032821978185
1.4957,-1.85490822155735
1.49585,-1.85950468434612
1.496,-1.86411768766684
1.49615,-1.86874731153847
1.4963,-1.8733936364843
1.49645,-1.8780567435359
1.4966,-1.88273671423716
1.49675,-1.88743363064838
1.4969,-1.89214757535041
1.49705,-1.89687863144875
1.4972,-1.9016268825778
1.49735,-1.9063924129051
1.4975,-1.91117530713554
1.49765,-1.91597565051575
1.4978,-1.92079352883844
1.49795,-1.92562902844678
1.4981,-1.93048223623888
1.49825,-1.93535323967225
1.4984,-1.94024212676834
1.49855,-1.9451489861171
1.4987,-1.95007390688165
1.49885,-1.95501697880288
1.499,-1.9599782922042
1.49915,-1.96495793799626
1.4993,-1.96995600768179
1.49945,-1.97497259336044
1.4996,-1.98000778773364
1.49975,-1.9850616841096
1.4999,-1.99013437640824
1.50005,-1.99522595916626
1.5002,-2.00033652754226
1.50035,-2.00546617732181
1.5005,-2.0106150049227
1.50065,-2.01578310740018
1.5008,-2.02097058245215
1.50095,-2.02617752842469
1.5011,-2.03140404431727
1.50125,-2.03665022978832
1.5014,-2.04191618516071
1.50155,-2.04720201142724
1.5017,-2.05250781025636
1.50185,-2.05783368399777
1.502,-2.06317973568816
1.50215,-2.06854606905701
1.5023,-2.07393278853238
1.50245,-2.07933999924688
1.5026,-2.08476780704357
1.50275,-2.09021631848199
1.5029,-2.09568564084427
1.50305,-2.10117588214121
1.5032,-2.10668715111851
1.50335,-2.11221955726303
1.5035,-2.1177732108091
1.50365,-2.12334822274494
1.5038,-2.12894470481906
1.50395,-2.13456276954679
1.5041,-2.1402025302169
1.50425,-2.1458641008982
1.5044,-2.15154759644626
1.50455,-2.15725313251024
1.5047,-2.16298082553964
1.50485,-2.16873079279134
1.505,-2.17450315233647
1.50515,-2.18029802306758
1.5053,-2.18611552470571
1.50545,-2.19195577780755
1.5056,-2.19781890377282
1.50575,-2.20370502485154
1.5059,-2.20961426415152
1.50605,-2.21554674564577
1.5062,-2.22150259418014
1.50635,-2.22748193548099
1.5065,-2.23348489616285
1.50665,-2.2395116037363
1.5068,-2.24556218661581
1.50695,-2.25163677412777
1.5071,-2.25773549651842
1.50725,-2.26385848496216
1.5074,-2.27000587156959
1.50755,-2.27617778939596
1.5077,-2.28237437244943
1.50785,-2.28859575569963
1.508,-2.29484207508619
1.50815,-2.30111346752735
1.5083,-2.30741007092877
1.50845,-2.3137320241923
1.5086,-2.32007946722486
1.50875,-2.32645254094755
1.5089,-2.33285138730467
1.50905,-2.33927614927294
1.5092,-2.34572697087077
1.50935,-2.35220399716764
1.5095,-2.35870737429363
1.50965,-2.36523724944894
1.5098,-2.37179377091356
1.50995,-2.37837708805713
1.5101,-2.38498735134868
1.51025,-2.39162471236673
1.5104,-2.39828932380931
1.51055,-2.40498133950416
1.5107,-2.41170091441903
1.51085,-2.41844820467204
1.511,-2.42522336754221
1.51115,-2.43202656148006
1.5113,-2.43885794611837
1.51145,-2.44571768228295
1.5116,-2.45260593200363
1.51175,-2.45952285852528
1.5119,-2.46646862631901
1.51205,-2.47344340109347
1.5122,-2.4804473498062
1.51235,-2.48748064067519
1.5125,-2.49454344319051
1.51265,-2.50163592812607
1.5128,-2.5087582675515
1.51295,-2.51591063484416
1.5131,-2.52309320470126
1.51325,-2.53030615315211
1.5134,-2.53754965757051
1.51355,-2.54482389668726
1.5137,-2.55212905060277
1.51385,-2.55946530079986
1.514,-2.56683283015664
1.51415,-2.57423182295953
1.5143,-2.58166246491646
1.51445,-2.58912494317014
1.5146,-2.59661944631151
1.51475,-2.60414616439329
1.5149,-2.61170528894375
1.51505,-2.61929701298052
1.5152,-2.6269215310246
1.51535,-2.63457903911451
1.5155,-2.64226973482057
1.51565,-2.64999381725933
1.5158,-2.65775148710814
1.51595,-2.66554294661993
1.5161,-2.67336839963804
1.51625,-2.68122805161126
1.5164,-2.68912210960903
1.51655,-2.69705078233679
1.5167,-2.70501428015142
1.51685,-2.713012815077
1.517,-2.7210466008205
1.51715,-2.72911585278785
1.5173,-2.73722078810002
1.51745,-2.74536162560934
1.5176,-2.75353858591598
1.51775,-2.76175189138453
1.5179,-2.77000176616085
1.51805,-2.778288436189
1.5182,-2.7866121292284
1.51835,-2.79497307487111
1.5185,-2.80337150455938
1.51865,-2.81180765160317
1.5188,-2.82028175119812
1.51895,-2.82879404044352
1.5191,-2.83734475836045
1.51925,-2.8459341459102
1.5194,-2.85456244601281
1.51955,-2.86322990356576
1.5197,-2.87193676546297
1.51985,-2.88068328061384
1.52,-2.88946969996254
1.52015,-2.89829627650754
1.5203,-2.90716326532121
1.52045,-2.91607092356974
1.5206,-2.92501951053317
1.52075,-2.93400928762563
1.5209,-2.94304051841578
1.52105,-2.95211346864745
1.5212,-2.96122840626049
1.52135,-2.97038560141179
1.5215,-2.97958532649651
1.52165,-2.98882785616954
1.5218,-2.9981134673671
1.52195,-3.00744243932859
1.5221,-3.01681505361866
1.52225,-3.02623159414946
1.5224,-3.03569234720306
1.52255,-3.04519760145412
1.5227,-3.05474764799281
1.52285,-3.06434278034786
1.523,-3.07398329450984
1.52315,-3.08366948895469
1.5233,-3.09340166466744
1.52345,-3.10318012516608
1.5236,-3.11300517652579
1.52375,-3.12287712740325
1.5239,-3.1327962890612
1.52405,-3.14276297539328
1.5242,-3.15277750294893
1.52435,-3.16284019095873
1.5245,-3.17295136135977
1.52465,-3.1831113388213
1.5248,-3.19332045077063
1.52495,-3.20357902741917
1.5251,-3.2138874017888
1.52525,-3.22424590973834
1.5254,-3.2346548899903
1.52555,-3.24511468415786
1.5257,-3.25562563677198
1.52585,-3.2661880953089
1.526,-3.27680241021763
1.52615,-3.28746893494785
1.5263,-3.29818802597792
1.52645,-3.30896004284309
1.5266,-3.31978534816405
1.52675,-3.33066430767554
1.5269,-3.34159729025528
1.52705,-3.35258466795304
1.5272,-3.36362681601991
1.52735,-3.3747241129379
1.5275,-3.38587694044961
1.52765,-3.39708568358816
1.5278,-3.40835073070727
1.52795,-3.4196724735117
1.5281,-3.4310513070876
1.52825,-3.44248762993339
1.5284,-3.45398184399056
1.52855,-3.4655343546748
1.5287,-3.47714557090732
1.52885,-3.48881590514618
1.529,-3.50054577341815
1.52915,-3.5123355953503
1.5293,-3.52418579420217
1.52945,-3.53609679689783
1.5296,-3.54806903405817
1.52975,-3.5601029400335
1.5299,-3.57219895293608
1.53005,-3.58435751467293
1.5302,-3.59657907097876
1.53035,-3.608864071449
1.5305,-3.62121296957301
1.53065,-3.6336262227674
1.5308,-3.64610429240942
1.53095,-3.65864764387058
1.5311,-3.67125674655015
1.53125,-3.68393207390904
1.5314,-3.69667410350356
1.53155,-3.7094833170193
1.5317,-3.72236020030513
1.53185,-3.73530524340725
1.532,-3.74831894060316
1.53215,-3.76140179043592
1.5323,-3.7745542957482
1.53245,-3.78777696371646
1.5326,-3.80107030588514
1.53275,-3.81443483820075
1.5329,-3.82787108104611
1.53305,-3.84137955927437
1.5332,-3.8549608022431
1.53335,-3.8686153438483
1.5335,-3.88234372255824
1.53365,-3.89614648144738
1.5338,-3.91002416823004
1.53395,-3.92397733529397
1.5341,-3.93800653973381
1.53425,-3.95211234338434
1.5344,-3.96629531285362
1.53455,-3.98055601955584
1.5347,-3.99489503974398
1.53485,-4.00931295454231
1.535,-4.02381034997837
1.53515,-4.03838781701503
1.5353,-4.05304595158187
1.53545,-4.06778535460648
1.5356,-4.08260663204524
1.53575,-4.09751039491377
1.5359,-4.1124972593169
1.53605,-4.12756784647829
1.5362,-4.14272278276947
1.53635,-4.15796269973835
1.5365,-4.17328823413734
1.53665,-4.18870002795059
1.5368,-4.20419872842096
1.53695,-4.21978498807608
1.5371,-4.23545946475381
1.53725,-4.25122282162697
1.5374,-4.26707572722724
1.53755,-4.28301885546833
1.5377,-4.29905288566823
1.53785,-4.31517850257055
1.538,-4.33139639636493
1.53815,-4.34770726270641
1.5383,-4.36411180273382
1.53845,-4.38061072308699
1.5386,-4.39720473592281
1.53875,-4.41389455893015
1.5389,-4.43068091534332
1.53905,-4.44756453395446
1.5392,-4.46454614912429
1.53935,-4.48162650079157
1.5395,-4.49880633448093
1.53965,-4.51608640130902
1.5398,-4.53346745798934
1.53995,-4.55095026683488
1.5401,-4.56853559575924
1.54025,-4.58622421827572
1.5404,-4.60401691349456
1.54055,-4.62191446611786
1.5407,-4.63991766643267
1.54085,-4.6580273103016
1.541,-4.67624419915123
1.54115,-4.69456913995798
1.5413,-4.71300294523147
1.54145,-4.73154643299543
1.5416,-4.75020042676555
1.54175,-4.76896575552475
1.5419,-4.78784325369538
1.54205,-4.80683376110824
1.5422,-4.82593812296863
1.54235,-4.84515718981895
1.5425,-4.86449181749771
1.54265,-4.88394286709524
1.5428,-4.90351120490537
1.54295,-4.92319770237351
1.5431,-4.94300323604056
1.54325,-4.9629286874827
1.5434,-4.98297494324679
1.54355,-5.00314289478142
1.5437,-5.02343343836323
1.54385,-5.04384747501843
1.544,-5.0643859104393
1.54415,-5.08504965489552
1.5443,-5.10583962314024
1.54445,-5.12675673431033
1.5446,-5.14780191182121
1.54475,-5.16897608325548
1.5449,-5.19028018024541
1.54505,-5.21171513834919
1.5452,-5.23328189692023
1.54535,-5.25498139897004
1.5455,-5.27681459102364
1.54565,-5.2987824229679
1.5458,-5.32088584789211
1.54595,-5.34312582192072
1.5461,-5.36550330403815
1.54625,-5.38801925590491
1.5464,-5.41067464166526
1.54655,-5.43347042774584
1.5467,-5.4564075826448
1.54685,-5.47948707671181
1.547,-5.50270988191766
1.54715,-5.52607697161398
1.5473,-5.54958932028211
1.54745,-5.5732479032712
1.5476,-5.59705369652509
1.54775,-5.62100767629732
1.5479,-5.64511081885426
1.54805,-5.66936410016578
1.5482,-5.6937684955831
1.54835,-5.71832497950334
1.5485,-5.74303452502056
1.54865,-5.76789810356261
1.5488,-5.79291668451336
1.54895,-5.81809123482022
1.5491,-5.84342271858576
1.54925,-5.8689120966439
1.5494,-5.89456032611931
1.54955,-5.92036835996991
1.5497,-5.94633714651207
1.54985,-5.97246762892767
1.55,-5.99876074475267
1.55015,-6.0252174253467
1.5503,-6.05183859534258
1.55045,-6.07862517207644
1.5506,-6.10557806499577
1.55075,-6.13269817504728
1.5509,-6.15998639404164
1.55105,-6.18744360399611
1.5512,-6.21507067645377
1.55135,-6.2428684717781
1.5515,-6.27083783842392
1.55165,-6.29897961218152
1.5518,-6.32729461539585
1.55195,-6.3557836561585
1.5521,-6.38444752747148
1.55225,-6.41328700638369
1.5524,-6.44230285309729
1.55255,-6.4714958100448
1.5527,-6.50086660093567
1.55285,-6.53041592977045
1.553,-6.56014447982384
1.55315,-6.59005291259361
1.5533,-6.62014186671618
1.55345,-6.65041195684756
1.5536,-6.68086377250761
1.55375,-6.71149787688915
1.5539,-6.74231480562854
1.55405,-6.77331506553857
1.5542,-6.80449913330228
1.55435,-6.83586745412597
1.5545,-6.86742044035245
1.55465,-6.89915847003119
1.5548,-6.93108188544683
1.55495,-6.96319099160305
1.5551,-6.9954860546626
1.55525,-7.02796730034199
1.5554,-7.060634912259
1.55555,-7.0934890302341
1.5557,-7.12652974854283
1.55585,-7.15975711412006
1.556,-7.19317112471429
1.55615,-7.22677172699079
1.5563,-7.26055881458471
1.55645,-7.29453222610061
1.5566,-7.32869174306009
1.55675,-7.36303708779608
1.5569,-7.39756792129177
1.55705,-7.43228384096632
1.5572,-7.46718437840367
1.55735,-7.50226899702639
1.5575,-7.53753708971334
1.55765,-7.57298797635949
1.5578,-7.60862090138022
1.55795,-7.64443503115661
1.5581,-7.68042945142488
1.55825,-7.71660316460735
1.5584,-7.75295508708584
1.55855,-7.78948404641864
1.5587,-7.82618877849909
1.55885,-7.86306792465834
1.559,-7.90012002871205
1.55915,-7.93734353395049
1.5593,-7.97473678007522
1.55945,-8.012298000081
1.5596,-8.05002531708564
1.55975,-8.08791674110879
1.5599,-8.12597016580026
1.56005,-8.16418336512174
1.5602,-8.20255398998093
1.56035,-8.24107956482344
1.5605,-8.27975748418327
1.56065,-8.31858500919381
1.5608,-8.35755926406507
1.56095,-8.3966772325276
1.5611,-8.43593575424874
1.56125,-8.47533152122475
1.5614,-8.51486107415208
1.56155,-8.5545207987847
1.5617,-8.59430692227987
1.56185,-8.63421550954041
1.562,-8.67424245955834
1.56215,-8.71438350176475
1.5623,-8.75463419239647
1.56245,-8.79498991088223
1.5626,-8.8354458562601
1.56275,-8.87599704363219
1.5629,-8.91663830066556
1.56305,-8.95736426415018
1.5632,-8.9981693766213
1.56335,-9.03904788305986
1.5635,-9.07999382767841
1.56365,-9.12100105080715
1.5638,-9.16206318589071
1.56395,-9.20317365660795
1.5641,-9.24432567413035
1.56425,-9.28551223452978
1.5644,-9.32672611635315
1.56455,-9.36795987837749
1.5647,-9.40920585756069
1.56485,-9.45045616720649
1.565,-9.49170269535725
1.56515,-9.53293710343481
1.5653,-9.57415082514626
1.56545,-9.61533506567146
1.5656,-9.65648080115443
1.56575,-9.69757877851387
1.5659,-9.73861951559568
1.56605,-9.77959330168589
1.5662,-9.82049019840303
1.56635,-9.86130004099293
1.5665,-9.90201244004332
1.56665,-9.94261678364092
1.5668,-9.98310223999007
1.56695,-10.0234577605132
1.5671,-10.0636720834538
1.56725,-10.1037337379997
1.5674,-10.1436310489479
1.56755,-10.1833521419276
1.5677,-10.2228849491992
1.56785,-10.2622172160469
1.568,-10.3013365077798
1.56815,-10.3402302173555
1.5683,-10.3788855736415
1.56845,-10.4172896503219
1.5686,-10.455429375464
1.56875,-10.4932915417492
1.5689,-10.5308628173756
1.56905,-10.5681297576368
1.5692,-10.6050788171757
1.56935,-10.6416963629162
1.5695,-10.6779686876642
1.56965,-10.7138820243752
1.5698,-10.7494225610772
1.56995,-10.7845764564343
1.5701,-10.8193298559389
1.57025,-10.8536689087083
1.5704,-10.8875797848664
1.57055,-10.921048693482
1.5707,-10.9540619010329
1.57085,-10.9866057503642
1.571,-11.0186666800998
1.57115,-11.0502312444699
1.5713,-11.0812861335048
1.57145,-11.1118181935505
1.5716,-11.1418144480523
1.57175,-11.1712621185502
1.5719,-11.2001486458295
1.57205,-11.2284617111628
1.5722,-11.2561892575814
1.57235,-11.2833195111069
1.5725,-11.3098410018751
1.57265,-11.3357425850813
1.5728,-11.3610134616733
1.57295,-11.3856431987193
1.5731,-11.409621749376
1.57325,-11.4329394723804
1.5734,-11.455587150993
1.57355,-11.4775560113153
1.5737,-11.4988377399099
1.57385,-11.5194245006507
1.574,-11.5393089507326
1.57415,-11.5584842557748
1.5743,-11.5769441039502
1.57445,-11.5946827190824
1.5746,-11.6116948726512
1.57475,-11.6279758946529
1.5749,-11.643521683268
1.57505,-11.6583287132917
1.5752,-11.6723940432878
1.57535,-11.6857153214364
1.5755,-11.6982907900437
1.57565,-11.7101192886978
1.5758,-11.721200256052
1.57595,-11.7315337302303
1.5761,-11.7411203478514
1.57625,-11.7499613416759
1.5764,-11.7580585368894
1.57655,-11.7654143460364
1.5767,-11.7720317626304
1.57685,-11.777914353469
1.577,-11.783066249689
1.57715,-11.7874921366027
1.5773,-11.7911972423615
1.57745,-11.7941873254968
1.5776,-11.7964686613944
1.57775,-11.7980480277603
1.5779,-11.798932689143
1.57805,-11.7991303805754
1.5782,-11.7986492904078
1.57835,-11.7974980424008
1.5785,-11.7956856771519
1.57865,-11.7932216329297
1.5788,-11.7901157259895
1.57895,-11.7863781304467
1.5791,-11.7820193577813
1.57925,-11.7770502360492
1.5794,-11.7714818888733
1.57955,-11.7653257142855
1.5797,-11.7585933634914
1.57985,-11.7512967196246
1.58,-11.7434478765571
1.58015,-11.735059117829
1.5803,-11.7261428957581
1.58045,-11.7167118107849
1.5806,-11.7067785911104
1.58075,-11.6963560726734
1.5809,-11.6854571795169
1.58105,-11.6740949045865
1.5812,-11.6622822909999
1.58135,-11.6500324138237
1.5815,-11.6373583623912
1.58165,-11.6242732231874
1.5818,-11.6107900633292
1.58195,-11.5969219146599
1.5821,-11.5826817584772
1.58225,-11.5680825109104
1.5824,-11.5531370089553
1.58255,-11.5378579971798
1.5827,-11.5222581151003
1.58285,-11.5063498852369
1.583,-11.4901457018435
1.58315,-11.4736578203119
1.5833,-11.4568983472458
1.58345,-11.4398792311967
1.5836,-11.4226122540535
1.58375,-11.405109023075
1.5839,-11.3873809635533
1.58405,-11.3694393120947
1.5842,-11.3512951105017
1.58435,-11.3329592002424
1.5845,-11.3144422174881
1.58465,-11.2957545887023
1.5848,-11.2769065267624
1.58495,-11.2579080275938
1.5851,-11.2387688672993
1.58525,-11.2194985997605
1.5854,-11.2001065546942
1.58555,-11.1806018361407
1.5857,-11.1609933213662
1.58585,-11.1412896601565
1.586,-11.1214992744848
1.58615,-11.1016303585299
1.5863,-11.0816908790289
1.58645,-11.0616885759424
1.5866,-11.0416309634146
1.58675,-11.0215253310088
1.5869,-11.001378745201
1.58705,-10.9811980511135
1.5872,-10.9609898744713
1.58735,-10.9407606237654
1.5875,-10.9205164926064
1.58765,-10.9002634622525
1.5878,-10.8800073042989
1.58795,-10.8597535835118
1.5881,-10.8395076607958
1.58825,-10.8192746962794
1.5884,-10.7990596525086
1.58855,-10.7788672977338
1.5887,-10.7587022092813
1.58885,-10.7385687769974
1.589,-10.7184712067548
1.58915,-10.6984135240125
1.5893,-10.6783995774193
1.58945,-10.6584330424525
1.5896,-10.6385174250849
1.58975,-10.6186560654703
1.5899,-10.5988521416429
1.59005,-10.5791086732218
1.5902,-10.5594285251163
1.59035,-10.5398144112249
1.5905,-10.5202688981233
1.59065,-10.5007944087364
1.5908,-10.4813932259896
1.59095,-10.4620674964352
1.5911,-10.4428192338505
1.59125,-10.4236503228029
1.5914,-10.4045625221807
1.59155,-10.3855574686845
1.5917,-10.3666366802778
1.59185,-10.3478015595948
1.592,-10.3290533973017
1.59215,-10.3103933754113
1.5923,-10.2918225705483
1.59245,-10.2733419571634
1.5926,-10.2549524106964
1.59275,-10.2366547106856
1.5929,-10.2184495438234
1.59305,-10.200337506958
1.5932,-10.182319110038
1.59335,-10.1643947790034
1.5935,-10.1465648586189
1.59365,-10.128829615251
1.5938,-10.1111892395898
1.59395,-10.0936438493124
1.5941,-10.0761934916919
1.59425,-10.0588381461483
1.5944,-10.0415777267449
1.59455,-10.0244120846283
1.5947,-10.0073410104125
1.59485,-9.9903642365099
1.595,-9.97348143940604
1.59515,-9.95669224188182
1.5953,-9.93999621518204
1.59545,-9.92339288113129
1.5956,-9.90688171419838
1.59575,-9.89046214350912
1.5959,-9.87413355480913
1.59605,-9.85789529237638
1.5962,-9.84174666088552
1.59635,-9.82568692722353
1.5965,-9.80971532225831
1.59665,-9.79383104256084
1.5968,-9.77803325208151
1.59695,-9.76232108378194
1.5971,-9.74669364122247
1.59725,-9.73115000010672
1.5974,-9.71568920978412
1.59755,-9.70031029471038
1.5977,-9.68501225586809
1.59785,-9.66979407214721
1.598,-9.65465470168658
1.59815,-9.63959308317769
1.5983,-9.62460813713083
1.59845,-9.60969876710522
1.5986,-9.59486386090317
1.59875,-9.58010229172952
1.5989,-9.5654129193172
1.59905,-9.55079459101925
1.5992,-9.53624614286871
1.59935,-9.52176640060647
1.5995,-9.50735418067814
1.59965,-9.49300829120089
1.5998,-9.47872753290046
1.59995,-9.46451070001962
1.6001,-9.45035658119812
1.60025,-9.43626396032542
1.6004,-9.42223161736661
1.60055,-9.40825832916187
1.6007,-9.39434287020085
1.60085,-9.38048401337179
1.601,-9.36668053068633
1.60115,-9.35293119398101
1.6013,-9.33923477559501
1.60145,-9.32559004902611
1.6016,-9.31199578956393
1.60175,-9.29845077490207
1.6019,-9.28495378572942
1.60205,-9.27150360630078
1.6022,-9.25809902498781
1.60235,-9.24473883481041
1.6025,-9.2314218339492
1.60265,-9.21814682623969
1.6028,-9.20491262164816
1.60295,-9.19171803673025
1.6031,-9.17856189507229
1.60325,-9.16544302771578
1.6034,-9.15236027356594
1.60355,-9.13931247978399
1.6037,-9.12629850216415
1.60385,-9.11331720549548
1.604,-9.10036746390873
1.60415,-9.08744816120933
1.6043,-9.07455819119565
1.60445,-9.06169645796422
1.6046,-9.04886187620101
1.60475,-9.03605337146019
1.6049,-9.02326988042977
1.60505,-9.01051035118492
1.6052,-8.9977737434294
1.60535,-8.98505902872482
1.6055,-8.9723651907087
1.60565,-8.95969122530103
1.6058,-8.94703614089987
1.60595,-8.93439895856646
1.6061,-8.92177871219949
1.60625,-8.90917444869959
1.6064,-8.89658522812348
1.60655,-8.88401012382857
1.6067,-8.87144822260815
1.60685,-8.85889862481706
1.607,-8.84636044448864
1.60715,-8.83383280944264
1.6073,-8.82131486138452
1.60745,-8.8088057559965
1.6076,-8.79630466302033
1.60775,-8.78381076633198
1.6079,-8.77132326400877
1.60805,-8.75884136838851
1.6082,-8.74636430612167
1.60835,-8.73389131821583
1.6085,-8.72142166007358
1.60865,-8.70895460152305
1.6088,-8.69648942684196
1.60895,-8.68402543477527
1.6091,-8.67156193854602
1.60925,-8.6590982658604
1.6094,-8.64663375890651
1.60955,-8.63416777434715
1.6097,-8.62169968330717
1.60985,-8.60922887135477
1.61,-8.59675473847782
1.61015,-8.58427669905456
1.6103,-8.57179418181907
1.61045,-8.55930662982211
1.6106,-8.54681350038651
1.61075,-8.53431426505845
1.6109,-8.52180840955347
1.61105,-8.50929543369845
1.6112,-8.49677485136911
1.61135,-8.48424619042307
1.6115,-8.47170899262918
1.61165,-8.45916281359261
1.6118,-8.44660722267598
1.61195,-8.43404180291715
1.6121,-8.4214661509429
1.61225,-8.40887987687951
1.6124,-8.39628260425973
1.61255,-8.38367396992644
1.6127,-8.37105362393338
1.61285,-8.35842122944242
1.613,-8.34577646261847
1.61315,-8.33311901252081
1.6133,-8.32044858099243
1.61345,-8.30776488254619
1.6136,-8.29506764424863
1.61375,-8.2823566056015
1.6139,-8.26963151842067
1.61405,-8.25689214671314
1.6142,-8.24413826655166
1.61435,-8.23136966594729
1.6145,-8.21858614472036
1.61465,-8.20578751436913
1.6148,-8.19297359793705
1.61495,-8.18014422987816
1.6151,-8.16729925592088
1.61525,-8.15443853293059
1.6154,-8.14156192877035
1.61555,-8.12866932216076
1.6157,-8.1157606025383
1.61585,-8.10283566991253
1.616,-8.0898944347224
1.61615,-8.0769368176913
1.6163,-8.06396274968153
1.61645,-8.05097217154762
1.6166,-8.03796503398897
1.61675,-8.02494129740195
1.6169,-8.01190093173122
1.61705,-7.99884391632059
1.6172,-7.98577023976347
1.61735,-7.97267989975259
1.6175,-7.95957290292997
1.61765,-7.94644926473597
1.6178,-7.9333090092587
1.61795,-7.92015216908291
1.6181,-7.90697878513899
1.61825,-7.89378890655189
1.6184,-7.88058259049012
1.61855,-7.86735990201488
1.6187,-7.85412091392927
1.61885,-7.84086570662776
1.619,-7.82759436794603
1.61915,-7.81430699301091
1.6193,-7.80100368409102
1.61945,-7.78768455044761
1.6196,-7.77434970818579
1.61975,-7.76099928010672
1.6199,-7.74763339555981
1.62005,-7.73425219029611
1.6202,-7.72085580632195
1.62035,-7.70744439175339
1.6205,-7.69401810067166
1.62065,-7.680577092979
1.6208,-7.66712153425577
1.62095,-7.65365159561797
1.6211,-7.64016745357612
1.62125,-7.62666928989488
1.6214,-7.61315729145341
1.62155,-7.5996316501073
1.6217,-7.58609256255105
1.62185,-7.57254023018191
1.622,-7.55897485896474
1.62215,-7.54539665929788
1.6223,-7.53180584588051
1.62245,-7.51820263758086
1.6226,-7.50458725730586
1.62275,-7.490959931872
1.6229,-7.47732089187722
1.62305,-7.46367037157458
1.6232,-7.45000860874664
1.62335,-7.43633584458168
1.6235,-7.42265232355103
1.62365,-7.40895829328767
1.6238,-7.39525400446648
1.62395,-7.38153971068559
1.6241,-7.3678156683495
1.62425,-7.35408213655326
1.6244,-7.34033937696821
1.62455,-7.32658765372946
1.6247,-7.31282723332424
1.62485,-7.29905838448237
1.625,-7.28528137806775
1.62515,-7.27149648697145
1.6253,-7.2577039860065
1.62545,-7.24390415180385
1.6256,-7.23009726271015
1.62575,-7.21628359868686
1.6259,-7.20246344121079
1.62605,-7.18863707317657
1.6262,-7.17480477880006
1.62635,-7.16096684352379
1.6265,-7.14712355392373
1.62665,-7.13327519761736
1.6268,-7.11942206317378
1.62695,-7.10556444002481
1.6271,-7.09170261837802
1.62725,-7.07783688913105
1.6274,-7.06396754378737
1.62755,-7.05009487437402
1.6277,-7.03621917336018
1.62785,-7.02234073357783
1.628,-7.0084598481436
1.62815,-6.99457681038213
1.6283,-6.98069191375113
1.62845,-6.96680545176754
1.6286,-6.95291771793562
1.62875,-6.93902900567619
1.6289,-6.92513960825727
1.62905,-6.91124981872656
1.6292,-6.89735992984487
1.62935,-6.88347023402142
1.6295,-6.86958102325016
1.62965,-6.85569258904783
1.6298,-6.84180522239328
1.62995,-6.82791921366804
1.6301,-6.81403485259862
1.63025,-6.8001524281997
1.6304,-6.78627222871918
1.63055,-6.77239454158418
1.6307,-6.7585196533485
1.63085,-6.74464784964152
1.631,-6.73077941511807
1.63115,-6.71691463341006
1.6313,-6.70305378707899
1.63145,-6.68919715756979
1.6316,-6.67534502516614
1.63175,-6.66149766894672
1.6319,-6.64765536674292
1.63205,-6.63381839509766
1.6322,-6.61998702922523
1.63235,-6.60616154297271
1.6325,-6.5923422087821
1.63265,-6.57852929765398
1.6328,-6.56472307911208
1.63295,-6.55092382116889
1.6331,-6.53713179029276
1.63325,-6.52334725137555
1.6334,-6.50957046770181
1.63355,-6.49580170091886
1.6337,-6.48204121100769
1.63385,-6.4682892562553
1.634,-6.45454609322769
1.63415,-6.44081197674406
1.6343,-6.42708715985197
1.63445,-6.4133718938032
1.6346,-6.3996664280311
1.63475,-6.38597101012821
1.6349,-6.37228588582541
1.63505,-6.35861129897156
1.6352,-6.34494749151415
1.63535,-6.331294703481
1.6355,-6.31765317296242
1.63565,-6.3040231360947
1.6358,-6.2904048270441
1.63595,-6.27679847799157
1.6361,-6.26320431911878
1.63625,-6.24962257859418
1.6364,-6.23605348256064
1.63655,-6.22249725512322
1.6367,-6.20895411833787
1.63685,-6.19542429220109
1.637,-6.18190799463988
1.63715,-6.16840544150281
1.6373,-6.15491684655153
1.63745,-6.14144242145283
1.6376,-6.12798237577179
1.63775,-6.1145369169651
1.6379,-6.10110625037535
1.63805,-6.0876905792257
1.6382,-6.07429010461533
1.63835,-6.06090502551543
1.6385,-6.0475355387656
1.63865,-6.03418183907112
1.6388,-6.02084411900049
1.63895,-6.00752256898369
1.6391,-5.99421737731092
1.63925,-5.98092873013172
1.6394,-5.96765681145485
1.63955,-5.95440180314835
1.6397,-5.94116388494045
1.63985,-5.92794323442061
1.64,-5.91474002704103
1.64015,-5.90155443611904
1.6403,-5.88838663283921
1.64045,-5.87523678625657
1.6406,-5.86210506329986
1.64075,-5.84899162877504
1.6409,-5.83589664536979
1.64105,-5.82282027365762
1.6412,-5.809762672103
1.64135,-5.79672399706647
1.6415,-5.78370440281014
1.64165,-5.77070404150371
1.6418,-5.75772306323055
1.64195,-5.74476161599444
1.6421,-5.73181984572625
1.64225,-5.71889789629111
1.6424,-5.70599590949598
1.64255,-5.69311402509717
1.6427,-5.68025238080849
1.64285,-5.66741111230948
1.643,-5.6545903532538
1.64315,-5.64179023527818
1.6433,-5.62901088801119
1.64345,-5.61625243908269
1.6436,-5.60351501413312
1.64375,-5.59079873682313
1.6439,-5.57810372884367
1.64405,-5.56543010992573
1.6442,-5.55277799785087
1.64435,-5.54014750846158
1.6445,-5.52753875567173
1.64465,-5.51495185147766
1.6448,-5.50238690596881
1.64495,-5.48984402733909
1.6451,-5.477323321898
1.64525,-5.46482489408198
1.6454,-5.45234884646614
1.64555,-5.43989527977565
1.6457,-5.42746429289784
1.64585,-5.41505598289381
1.646,-5.40267044501071
1.64615,-5.39030777269372
1.6463,-5.37796805759826
1.64645,-5.36565138960248
1.6466,-5.35335785681944
1.64675,-5.34108754560988
1.6469,-5.32884054059462
1.64705,-5.31661692466722
1.6472,-5.3044167790069
1.64735,-5.292240183091
1.6475,-5.28008721470824
1.64765,-5.26795794997137
1.6478,-5.25585246333012
1.64795,-5.24377082758445
1.6481,-5.23171311389731
1.64825,-5.21967939180798
1.6484,-5.20766972924512
1.64855,-5.19568419253985
1.6487,-5.18372284643911
1.64885,-5.17178575411871
1.649,-5.15987297719672
1.64915,-5.14798457574663
1.6493,-5.13612060831061
1.64945,-5.12428113191288
1.6496,-5.11246620207284
1.64975,-5.10067587281856
1.6499,-5.08891019669994
1.65005,-5.07716922480195
1.6502,-5.06545300675808
1.65035,-5.0537615907634
1.6505,-5.04209502358804
1.65065,-5.03045335059031
1.6508,-5.01883661572987
1.65095,-5.00724486158115
1.6511,-4.99567812934631
1.65125,-4.98413645886856
1.6514,-4.97261988864525
1.65155,-4.96112845584094
1.6517,-4.94966219630062
1.65185,-4.9382211445625
1.652,-4.92680533387133
1.65215,-4.91541479619117
1.6523,-4.90404956221832
1.65245,-4.89270966139442
1.6526,-4.881395121919
1.65275,-4.87010597076256
1.6529,-4.85884223367921
1.65305,-4.84760393521934
1.6532,-4.83639109874241
1.65335,-4.82520374642942
1.6535,-4.81404189929564
1.65365,-4.80290557720299
1.6538,-4.79179479887247
1.65395,-4.78070958189675
1.6541,-4.76964994275225
1.65425,-4.75861589681167
1.6544,-4.74760745835596
1.65455,-4.73662464058673
1.6547,-4.72566745563822
1.65485,-4.71473591458924
1.655,-4.70383002747539
1.65515,-4.6929498033007
1.6553,-4.68209525004967
1.65545,-4.67126637469894
1.6556,-4.660463183229
1.65575,-4.6496856806359
1.6559,-4.63893387094267
1.65605,-4.62820775721099
1.6562,-4.61750734155253
1.65635,-4.60683262514025
1.6565,-4.59618360821985
1.65665,-4.58556029012075
1.6568,-4.57496266926745
1.65695,-4.56439074319048
1.6571,-4.55384450853737
1.65725,-4.54332396108368
1.6574,-4.53282909574369
1.65755,-4.52235990658129
1.6577,-4.51191638682066
1.65785,-4.50149852885676
1.658,-4.49110632426607
1.65815,-4.48073976381684
1.6583,-4.47039883747966
1.65845,-4.46008353443769
1.6586,-4.44979384309683
1.65875,-4.43952975109601
1.6589,-4.42929124531713
1.65905,-4.41907831189519
1.6592,-4.40889093622815
1.65935,-4.3987291029867
1.6595,-4.3885927961242
1.65965,-4.37848199888617
1.6598,-4.36839669382011
1.65995,-4.3583368627849
1.6601,-4.3483024869602
1.66025,-4.33829354685605
1.6604,-4.32831002232192
1.66055,-4.31835189255608
1.6607,-4.30841913611479
1.66085,-4.29851173092118
1.661,-4.28862965427442
1.66115,-4.2787728828585
1.6613,-4.26894139275121
1.66145,-4.25913515943279
1.6616,-4.2493541577946
1.66175,-4.23959836214786
1.6619,-4.22986774623197
1.66205,-4.22016228322315
1.6622,-4.21048194574279
1.66235,-4.2008267058656
1.6625,-4.19119653512803
1.66265,-4.18159140453627
1.6628,-4.17201128457447
1.66295,-4.16245614521256
1.6631,-4.15292595591436
1.66325,-4.14342068564534
1.6634,-4.13394030288032
1.66355,-4.12448477561136
1.6637,-4.11505407135522
1.66385,-4.10564815716103
1.664,-4.09626699961774
1.66415,-4.08691056486144
1.6643,-4.07757881858292
1.66445,-4.06827172603466
1.6646,-4.05898925203827
1.66475,-4.04973136099154
1.6649,-4.04049801687534
1.66505,-4.03128918326091
1.6652,-4.02210482331644
1.66535,-4.01294489981422
1.6655,-4.00380937513725
1.66565,-3.99469821128588
1.6658,-3.98561136988469
1.66595,-3.97654881218883
1.6661,-3.96751049909065
1.66625,-3.95849639112613
1.6664,-3.94950644848114
1.66655,-3.94054063099796
1.6667,-3.93159889818126
1.66685,-3.92268120920451
1.667,-3.91378752291594
1.66715,-3.90491779784461
1.6673,-3.89607199220645
1.66745,-3.88725006391009
1.6676,-3.8784519705628
1.66775,-3.86967766947623
1.6679,-3.86092711767211
1.66805,-3.85220027188801
1.6682,-3.8434970885828
1.66835,-3.83481752394238
1.6685,-3.82616153388501
1.66865,-3.81752907406676
1.6688,-3.80892009988696
1.66895,-3.80033456649336
1.6691,-3.7917724287875
1.66925,-3.78323364142989
1.6694,-3.774718158845
1.66955,-3.76622593522651
1.6697,-3.75775692454218
1.66985,-3.7493110805389
1.67,-3.74088835674757
1.67015,-3.73248870648787
1.6703,-3.72411208287318
1.67045,-3.71575843881517
1.6706,-3.70742772702865
1.67075,-3.69911990003597
1.6709,-3.69083491017182
1.67105,-3.68257270958763
1.6712,-3.67433325025601
1.67135,-3.66611648397525
1.6715,-3.65792236237363
1.67165,-3.64975083691372
1.6718,-3.6416018588967
1.67195,-3.63347537946647
1.6721,-3.62537134961394
1.67225,-3.61728972018099
1.6724,-3.60923044186465
1.67255,-3.60119346522108
1.6727,-3.59317874066949
1.67285,-3.58518621849609
1.673,-3.57721584885796
1.67315,-3.56926758178686
1.6733,-3.56134136719302
1.67345,-3.55343715486881
1.6736,-3.54555489449253
1.67375,-3.53769453563193
1.6739,-3.52985602774786
1.67405,-3.52203932019784
1.6742,-3.51424436223947
1.67435,-3.50647110303403
1.6745,-3.49871949164974
1.67465,-3.49098947706524
1.6748,-3.4832810081729
1.67495,-3.47559403378204
1.6751,-3.4679285026223
1.67525,-3.46028436334671
1.6754,-3.45266156453496
1.67555,-3.44506005469646
1.6757,-3.43747978227343
1.67585,-3.42992069564399
1.676,-3.42238274312505
1.67615,-3.41486587297547
1.6763,-3.40737003339877
1.67645,-3.39989517254614
1.6766,-3.39244123851928
1.67675,-3.38500817937316
1.6769,-3.37759594311887
1.67705,-3.37020447772631
1.6772,-3.36283373112685
1.67735,-3.35548365121613
1.6775,-3.3481541858565
1.67765,-3.3408452828798
1.6778,-3.33355689008981
1.67795,-3.32628895526478
1.6781,-3.31904142615998
1.67825,-3.31181425051006
1.6784,-3.3046073760316
1.67855,-3.2974207504254
1.6787,-3.29025432137882
1.67885,-3.28310803656823
1.679,-3.27598184366115
1.67915,-3.26887569031864
1.6793,-3.26178952419741
1.67945,-3.25472329295214
1.6796,-3.24767694423753
1.67975,-3.24065042571051
1.6799,-3.23364368503233
1.68005,-3.22665666987059
1.6802,-3.21968932790136
1.68035,-3.21274160681116
1.6805,-3.20581345429892
1.68065,-3.19890481807799
1.6808,-3.19201564587801
1.68095,-3.18514588544689
1.6811,-3.17829548455261
1.68125,-3.17146439098511
1.6814,-3.16465255255809
1.68155,-3.1578599171108
1.6817,-3.15108643250983
1.68185,-3.14433204665084
1.682,-3.13759670746024
1.68215,-3.13088036289693
1.6823,-3.12418296095391
1.68245,-3.11750444965997
1.6826,-3.11084477708128
1.68275,-3.10420389132292
1.6829,-3.09758174053058
1.68305,-3.09097827289193
1.6832,-3.08439343663829
1.68335,-3.07782718004601
1.6835,-3.07127945143797
1.68365,-3.06475019918508
1.6838,-3.05823937170761
1.68395,-3.05174691747666
1.6841,-3.04527278501553
1.68425,-3.03881692290099
1.6844,-3.03237927976479
1.68455,-3.02595980429476
1.6847,-3.01955844523626
1.68485,-3.0131751513934
1.685,-3.00680987163023
1.68515,-3.0004625548721
1.6853,-2.99413315010671
1.68545,-2.98782160638543
1.6856,-2.9815278728244
1.68575,-2.9752518986057
1.6859,-2.96899363297845
1.68605,-2.96275302525994
1.6862,-2.95653002483677
1.68635,-2.95032458116582
1.6865,-2.94413664377537
1.68665,-2.93796616226614
1.6868,-2.93181308631227
1.68695,-2.92567736566235
1.6871,-2.91955895014038
1.68725,-2.91345778964673
1.6874,-2.90737383415915
1.68755,-2.90130703373356
1.6877,-2.89525733850515
1.68785,-2.88922469868908
1.688,-2.88320906458154
1.68815,-2.87721038656049
1.6883,-2.87122861508653
1.68845,-2.86526370070378
1.6886,-2.85931559404063
1.68875,-2.85338424581059
1.6889,-2.84746960681308
1.68905,-2.84157162793411
1.6892,-2.83569026014718
1.68935,-2.82982545451387
1.6895,-2.82397716218467
1.68965,-2.81814533439968
1.6898,-2.81232992248919
1.68995,-2.80653087787459
1.6901,-2.80074815206876
1.69025,-2.79498169667698
1.6904,-2.78923146339739
1.69055,-2.78349740402172
1.6907,-2.77777947043586
1.69085,-2.77207761462045
1.691,-2.76639178865152
1.69115,-2.76072194470105
1.6913,-2.75506803503746
1.69145,-2.74943001202627
1.6916,-2.74380782813056
1.69175,-2.73820143591155
1.6919,-2.73261078802907
1.69205,-2.72703583724208
1.6922,-2.72147653640918
1.69235,-2.71593283848903
1.6925,-2.71040469654091
1.69265,-2.70489206372511
1.6928,-2.69939489330335
1.69295,-2.69391313863933
1.6931,-2.68844675319901
1.69325,-2.68299569055113
1.6934,-2.67755990436758
1.69355,-2.67213934842376
1.6937,-2.66673397659902
1.69385,-2.66134374287698
1.694,-2.6559686013459
1.69415,-2.65060850619912
1.6943,-2.64526341173521
1.69445,-2.63993327235853
1.6946,-2.63461804257936
1.69475,-2.62931767701436
1.6949,-2.62403213038679
1.69505,-2.61876135752679
1.6952,-2.61350531337176
1.69535,-2.60826395296654
1.6955,-2.60303723146374
1.69565,-2.59782510412396
1.6958,-2.59262752631608
1.69595,-2.5874444535175
1.6961,-2.5822758413143
1.69625,-2.57712164540159
1.6964,-2.57198182158359
1.69655,-2.56685632577399
1.6967,-2.56174511399605
1.69685,-2.55664814238278
1.697,-2.55156536717725
1.69715,-2.54649674473258
1.6973,-2.54144223151233
1.69745,-2.53640178409049
1.6976,-2.53137535915171
1.69775,-2.52636291349147
1.6979,-2.52136440401615
1.69805,-2.51637978774325
1.6982,-2.51140902180148
1.69835,-2.50645206343086
1.6985,-2.50150886998291
1.69865,-2.49657939892063
1.6988,-2.49166360781876
1.69895,-2.48676145436377
1.6991,-2.48187289635397
1.69925,-2.47699789169962
1.6994,-2.47213639842299
1.69955,-2.46728837465842
1.6997,-2.46245377865242
1.69985,-2.45763256876371
1.7,-2.45282470346326
