"Freq [GHz]","dB(S(1,1)) []"
1.4,-0.699454847826342
1.40015,-0.700593490866222
1.4003,-0.701734790491341
1.40045,-0.702878754600622
1.4006,-0.704025391120886
1.40075,-0.705174708006959
1.4009,-0.706326713241777
1.40105,-0.707481414836508
1.4012,-0.708638820830663
1.40135,-0.709798939292223
1.4015,-0.710961778317742
1.40165,-0.71212734603247
1.4018,-0.71329565059048
1.40195,-0.714466700174754
1.4021,-0.715640502997345
1.40225,-0.716817067299462
1.4024,-0.717996401351612
1.40255,-0.719178513453701
1.4027,-0.720363411935172
1.40285,-0.721551105155118
1.403,-0.722741601502401
1.40315,-0.723934909395777
1.4033,-0.725131037284025
1.40345,-0.726329993646064
1.4036,-0.727531786991073
1.40375,-0.728736425858632
1.4039,-0.72994391881883
1.40405,-0.731154274472396
1.4042,-0.732367501450832
1.40435,-0.733583608416534
1.4045,-0.734802604062913
1.40465,-0.736024497114546
1.4048,-0.737249296327274
1.40495,-0.738477010488363
1.4051,-0.739707648416601
1.40525,-0.740941218962453
1.4054,-0.742177731008193
1.40555,-0.743417193468018
1.4057,-0.744659615288187
1.40585,-0.745905005447171
1.406,-0.747153372955757
1.40615,-0.748404726857211
1.4063,-0.749659076227396
1.40645,-0.750916430174903
1.4066,-0.752176797841209
1.40675,-0.753440188400789
1.4069,-0.754706611061275
1.40705,-0.75597607506357
1.4072,-0.757248589682024
1.40735,-0.758524164224526
1.4075,-0.759802808032678
1.40765,-0.761084530481923
1.4078,-0.762369340981696
1.40795,-0.763657248975558
1.4081,-0.764948263941325
1.40825,-0.76624239539124
1.4084,-0.767539652872106
1.40855,-0.768840045965412
1.4087,-0.770143584287504
1.40885,-0.77145027748973
1.409,-0.772760135258554
1.40915,-0.774073167315749
1.4093,-0.775389383418509
1.40945,-0.776708793359614
1.4096,-0.778031406967587
1.40975,-0.779357234106826
1.4099,-0.780686284677762
1.41005,-0.78201856861701
1.4102,-0.783354095897536
1.41035,-0.784692876528784
1.4105,-0.78603492055685
1.41065,-0.787380238064622
1.4108,-0.788728839171949
1.41095,-0.790080734035788
1.4111,-0.791435932850363
1.41125,-0.792794445847329
1.4114,-0.794156283295905
1.41155,-0.795521455503074
1.4117,-0.796889972813701
1.41185,-0.798261845610727
1.412,-0.799637084315307
1.41215,-0.801015699386983
1.4123,-0.802397701323839
1.41245,-0.803783100662686
1.4126,-0.805171907979182
1.41275,-0.806564133888052
1.4129,-0.807959789043209
1.41305,-0.809358884137946
1.4132,-0.810761429905094
1.41335,-0.812167437117187
1.4135,-0.813576916586641
1.41365,-0.814989879165912
1.4138,-0.816406335747677
1.41395,-0.817826297265003
1.4141,-0.819249774691513
1.41425,-0.820676779041565
1.4144,-0.822107321370424
1.41455,-0.82354141277443
1.4147,-0.82497906439119
1.41485,-0.826420287399743
1.415,-0.827865093020727
1.41515,-0.829313492516585
1.4153,-0.830765497191716
1.41545,-0.832221118392663
1.4156,-0.833680367508309
1.41575,-0.835143255970041
1.4159,-0.836609795251931
1.41605,-0.838079996870932
1.4162,-0.839553872387049
1.41635,-0.841031433403536
1.4165,-0.842512691567077
1.41665,-0.843997658567967
1.4168,-0.845486346140308
1.41695,-0.846978766062189
1.4171,-0.848474930155882
1.41725,-0.849974850288032
1.4174,-0.851478538369852
1.41755,-0.852986006357297
1.4177,-0.854497266251281
1.41785,-0.856012330097849
1.418,-0.857531209988397
1.41815,-0.859053918059845
1.4183,-0.860580466494836
1.41845,-0.862110867521952
1.4186,-0.863645133415891
1.41875,-0.86518327649769
1.4189,-0.866725309134896
1.41905,-0.86827124374179
1.4192,-0.869821092779586
1.41935,-0.871374868756632
1.4195,-0.872932584228606
1.41965,-0.874494251798733
1.4198,-0.876059884118001
1.41995,-0.877629493885335
1.4201,-0.879203093847839
1.42025,-0.88078069680099
1.4204,-0.882362315588848
1.42055,-0.883947963104278
1.4207,-0.885537652289144
1.42085,-0.887131396134546
1.421,-0.888729207681016
1.42115,-0.890331100018742
1.4213,-0.891937086287783
1.42145,-0.893547179678278
1.4216,-0.895161393430687
1.42175,-0.896779740835992
1.4219,-0.898402235235922
1.42205,-0.900028890023184
1.4222,-0.90165971864166
1.42235,-0.903294734586668
1.4225,-0.904933951405167
1.42265,-0.906577382695976
1.4228,-0.908225042110017
1.42295,-0.909876943350544
1.4231,-0.911533100173351
1.42325,-0.91319352638703
1.4234,-0.914858235853191
1.42355,-0.916527242486693
1.4237,-0.918200560255874
1.42385,-0.919878203182807
1.424,-0.92156018534351
1.42415,-0.923246520868203
1.4243,-0.924937223941542
1.42445,-0.926632308802851
1.4246,-0.928331789746373
1.42475,-0.930035681121508
1.4249,-0.931743997333063
1.42505,-0.933456752841484
1.4252,-0.935173962163114
1.42535,-0.936895639870432
1.4255,-0.938621800592307
1.42565,-0.940352459014249
1.4258,-0.94208762987865
1.42595,-0.943827327985058
1.4261,-0.94557156819039
1.42625,-0.947320365409234
1.4264,-0.949073734614073
1.42655,-0.950831690835552
1.4267,-0.952594249162744
1.42685,-0.954361424743387
1.427,-0.956133232784179
1.42715,-0.957909688551003
1.4273,-0.959690807369219
1.42745,-0.961476604623925
1.4276,-0.963267095760199
1.42775,-0.9650622962834
1.4279,-0.966862221759413
1.42805,-0.96866688781493
1.4282,-0.97047631013772
1.42835,-0.972290504476899
1.4285,-0.974109486643203
1.42865,-0.975933272509276
1.4288,-0.977761878009924
1.42895,-0.97959531914242
1.4291,-0.981433611966764
1.42925,-0.983276772605967
1.4294,-0.985124817246344
1.42955,-0.986977762137792
1.4297,-0.98883562359406
1.42985,-0.990698417993069
1.43,-0.992566161777164
1.43015,-0.994438871453432
1.4303,-0.996316563593984
1.43045,-0.998199254836233
1.4306,-1.00008696188321
1.43075,-1.00197970150384
1.4309,-1.00387749053327
1.43105,-1.00578034587311
1.4312,-1.00768828449181
1.43135,-1.00960132342489
1.4315,-1.01151947977529
1.43165,-1.01344277071363
1.4318,-1.01537121347859
1.43195,-1.01730482537713
1.4321,-1.01924362378487
1.43225,-1.02118762614633
1.4324,-1.02313684997533
1.43255,-1.02509131285523
1.4327,-1.02705103243927
1.43285,-1.02901602645091
1.433,-1.03098631268409
1.43315,-1.03296190900363
1.4333,-1.03494283334547
1.43345,-1.03692910371707
1.4336,-1.03892073819766
1.43375,-1.04091775493863
1.4339,-1.04292017216382
1.43405,-1.04492800816987
1.4342,-1.04694128132653
1.43435,-1.04896001007701
1.4345,-1.05098421293834
1.43465,-1.05301390850162
1.4348,-1.05504911543248
1.43495,-1.05708985247131
1.4351,-1.05913613843367
1.43525,-1.06118799221061
1.4354,-1.06324543276901
1.43555,-1.06530847915194
1.4357,-1.06737715047899
1.43585,-1.06945146594666
1.436,-1.07153144482866
1.43615,-1.07361710647631
1.4363,-1.07570847031884
1.43645,-1.07780555586383
1.4366,-1.07990838269749
1.43675,-1.08201697048507
1.4369,-1.0841313389712
1.43705,-1.08625150798025
1.4372,-1.08837749741674
1.43735,-1.09050932726566
1.4375,-1.09264701759286
1.43765,-1.09479058854541
1.4378,-1.096940060352
1.43795,-1.09909545332332
1.4381,-1.10125678785237
1.43825,-1.10342408441494
1.4384,-1.10559736356992
1.43855,-1.10777664595971
1.4387,-1.1099619523106
1.43885,-1.11215330343317
1.439,-1.11435072022267
1.43915,-1.11655422365941
1.4393,-1.11876383480915
1.43945,-1.12097957482352
1.4396,-1.1232014649404
1.43975,-1.12542952648431
1.4399,-1.12766378086683
1.44005,-1.129904249587
1.4402,-1.13215095423174
1.44035,-1.13440391647621
1.4405,-1.1366631580843
1.44065,-1.13892870090896
1.4408,-1.14120056689266
1.44095,-1.14347877806781
1.4411,-1.14576335655718
1.44125,-1.14805432457427
1.4414,-1.15035170442381
1.44155,-1.15265551850215
1.4417,-1.15496578929765
1.44185,-1.15728253939118
1.442,-1.15960579145653
1.44215,-1.1619355682608
1.4423,-1.1642718926649
1.44245,-1.16661478762394
1.4426,-1.16896427618772
1.44275,-1.17132038150112
1.4429,-1.17368312680458
1.44305,-1.17605253543455
1.4432,-1.17842863082391
1.44335,-1.18081143650247
1.4435,-1.18320097609738
1.44365,-1.18559727333362
1.4438,-1.18800035203446
1.44395,-1.19041023612187
1.4441,-1.19282694961707
1.44425,-1.19525051664092
1.4444,-1.19768096141445
1.44455,-1.20011830825928
1.4447,-1.20256258159814
1.44485,-1.20501380595532
1.445,-1.20747200595716
1.44515,-1.20993720633252
1.4453,-1.2124094319133
1.44545,-1.21488870763487
1.4456,-1.21737505853661
1.44575,-1.21986850976238
1.4459,-1.22236908656103
1.44605,-1.22487681428688
1.4462,-1.22739171840023
1.44635,-1.22991382446784
1.4465,-1.2324431581635
1.44665,-1.23497974526846
1.4468,-1.23752361167199
1.44695,-1.24007478337188
1.4471,-1.24263328647495
1.44725,-1.24519914719758
1.4474,-1.24777239186622
1.44755,-1.25035304691795
1.4477,-1.25294113890094
1.44785,-1.25553669447505
1.448,-1.25813974041231
1.44815,-1.26075030359751
1.4483,-1.26336841102867
1.44845,-1.26599408981765
1.4486,-1.26862736719065
1.44875,-1.27126827048876
1.4489,-1.27391682716854
1.44905,-1.27657306480256
1.4492,-1.27923701107993
1.44935,-1.2819086938069
1.4495,-1.28458814090737
1.44965,-1.28727538042353
1.4498,-1.28997044051634
1.44995,-1.2926733494662
1.4501,-1.29538413567341
1.45025,-1.29810282765886
1.4504,-1.30082945406453
1.45055,-1.30356404365411
1.4507,-1.30630662531358
1.45085,-1.30905722805178
1.451,-1.31181588100105
1.45115,-1.31458261341778
1.4513,-1.31735745468303
1.45145,-1.32014043430313
1.4516,-1.32293158191028
1.45175,-1.32573092726317
1.4519,-1.32853850024758
1.45205,-1.331354330877
1.4522,-1.33417844929327
1.45235,-1.33701088576716
1.4525,-1.33985167069902
1.45265,-1.34270083461942
1.4528,-1.34555840818977
1.45295,-1.34842442220295
1.4531,-1.35129890758394
1.45325,-1.35418189539051
1.4534,-1.3570734168138
1.45355,-1.35997350317903
1.4537,-1.36288218594612
1.45385,-1.36579949671034
1.454,-1.368725467203
1.45415,-1.37166012929209
1.4543,-1.37460351498296
1.45445,-1.37755565641899
1.4546,-1.38051658588224
1.45475,-1.38348633579418
1.4549,-1.38646493871633
1.45505,-1.38945242735094
1.4552,-1.39244883454173
1.45535,-1.39545419327453
1.4555,-1.39846853667801
1.45565,-1.40149189802436
1.4558,-1.40452431073
1.45595,-1.40756580835631
1.4561,-1.41061642461033
1.45625,-1.41367619334545
1.4564,-1.41674514856216
1.45655,-1.41982332440877
1.4567,-1.42291075518216
1.45685,-1.42600747532844
1.457,-1.42911351944378
1.45715,-1.43222892227509
1.4573,-1.43535371872076
1.45745,-1.43848794383146
1.4576,-1.44163163281085
1.45775,-1.44478482101634
1.4579,-1.44794754395988
1.45805,-1.45111983730869
1.4582,-1.45430173688605
1.45835,-1.45749327867207
1.4585,-1.46069449880447
1.45865,-1.46390543357936
1.4588,-1.46712611945201
1.45895,-1.47035659303769
1.4591,-1.47359689111242
1.45925,-1.47684705061377
1.4594,-1.48010710864172
1.45955,-1.48337710245936
1.4597,-1.48665706949385
1.45985,-1.48994704733709
1.46,-1.49324707374667
1.46015,-1.49655718664661
1.4603,-1.49987742412823
1.46045,-1.50320782445097
1.4606,-1.50654842604325
1.46075,-1.5098992675033
1.4609,-1.51326038760002
1.46105,-1.51663182527385
1.4612,-1.52001361963757
1.46135,-1.52340580997725
1.4615,-1.52680843575306
1.46165,-1.53022153660017
1.4618,-1.53364515232961
1.46195,-1.53707932292918
1.4621,-1.54052408856433
1.46225,-1.54397948957906
1.4624,-1.54744556649678
1.46255,-1.5509223600213
1.4627,-1.55440991103763
1.46285,-1.55790826061301
1.463,-1.56141744999775
1.46315,-1.56493752062616
1.4633,-1.56846851411755
1.46345,-1.57201047227708
1.4636,-1.57556343709675
1.46375,-1.57912745075634
1.4639,-1.58270255562437
1.46405,-1.58628879425904
1.4642,-1.5898862094092
1.46435,-1.59349484401532
1.4645,-1.59711474121047
1.46465,-1.60074594432131
1.4648,-1.60438849686902
1.46495,-1.60804244257038
1.4651,-1.6117078253387
1.46525,-1.61538468928483
1.4654,-1.61907307871822
1.46555,-1.62277303814786
1.4657,-1.62648461228335
1.46585,-1.63020784603593
1.466,-1.63394278451947
1.46615,-1.63768947305155
1.4663,-1.64144795715449
1.46645,-1.64521828255639
1.4666,-1.6490004951922
1.46675,-1.65279464120478
1.4669,-1.65660076694597
1.46705,-1.66041891897764
1.4672,-1.66424914407285
1.46735,-1.6680914892168
1.4675,-1.67194600160806
1.46765,-1.67581272865961
1.4678,-1.67969171799994
1.46795,-1.68358301747418
1.4681,-1.68748667514522
1.46825,-1.69140273929482
1.4684,-1.69533125842476
1.46855,-1.69927228125799
1.4687,-1.70322585673973
1.46885,-1.70719203403869
1.469,-1.71117086254816
1.46915,-1.71516239188722
1.4693,-1.71916667190193
1.46945,-1.72318375266646
1.4696,-1.72721368448431
1.46975,-1.7312565178895
1.4699,-1.73531230364777
1.47005,-1.73938109275777
1.4702,-1.74346293645233
1.47035,-1.74755788619964
1.4705,-1.75166599370445
1.47065,-1.75578731090941
1.4708,-1.75992188999619
1.47095,-1.76406978338686
1.4711,-1.76823104374504
1.47125,-1.77240572397722
1.4714,-1.77659387723406
1.47155,-1.78079555691161
1.4717,-1.78501081665267
1.47185,-1.78923971034801
1.472,-1.79348229213776
1.47215,-1.79773861641267
1.4723,-1.80200873781544
1.47245,-1.80629271124209
1.4726,-1.81059059184323
1.47275,-1.81490243502547
1.4729,-1.81922829645274
1.47305,-1.82356823204766
1.4732,-1.82792229799293
1.47335,-1.83229055073268
1.4735,-1.83667304697388
1.47365,-1.84106984368773
1.4738,-1.84548099811106
1.47395,-1.84990656774776
1.4741,-1.85434661037019
1.47425,-1.85880118402061
1.4744,-1.86327034701264
1.47455,-1.86775415793266
1.4747,-1.87225267564133
1.47485,-1.87676595927504
1.475,-1.88129406824737
1.47515,-1.88583706225054
1.4753,-1.890395001257
1.47545,-1.89496794552086
1.4756,-1.89955595557943
1.47575,-1.90415909225474
1.4759,-1.90877741665503
1.47605,-1.9134109901764
1.4762,-1.91805987450423
1.47635,-1.92272413161485
1.4765,-1.92740382377704
1.47665,-1.93209901355364
1.4768,-1.93680976380315
1.47695,-1.9415361376813
1.4771,-1.9462781986427
1.47725,-1.95103601044242
1.4774,-1.95580963713766
1.47755,-1.96059914308937
1.4777,-1.96540459296391
1.47785,-1.97022605173469
1.478,-1.97506358468389
1.47815,-1.97991725740411
1.4783,-1.98478713580006
1.47845,-1.98967328609028
1.4786,-1.99457577480888
1.47875,-1.99949466880721
1.4789,-2.00443003525567
1.47905,-2.00938194164536
1.4792,-2.01435045578997
1.47935,-2.01933564582745
1.4795,-2.02433758022182
1.47965,-2.02935632776501
1.4798,-2.0343919575786
1.47995,-2.03944453911568
1.4801,-2.04451414216269
1.48025,-2.04960083684122
1.4804,-2.05470469360991
1.48055,-2.05982578326628
1.4807,-2.06496417694864
1.48085,-2.07011994613796
1.481,-2.0752931626598
1.48115,-2.08048389868618
1.4813,-2.08569222673754
1.48145,-2.09091821968471
1.4816,-2.0961619507508
1.48175,-2.10142349351323
1.4819,-2.10670292190567
1.48205,-2.11200031022003
1.4822,-2.11731573310851
1.48235,-2.12264926558557
1.4825,-2.12800098303002
1.48265,-2.133370961187
1.4828,-2.13875927617012
1.48295,-2.14416600446344
1.4831,-2.14959122292366
1.48325,-2.15503500878214
1.4834,-2.16049743964707
1.48355,-2.1659785935056
1.4837,-2.17147854872593
1.48385,-2.17699738405954
1.484,-2.18253517864334
1.48415,-2.18809201200185
1.4843,-2.1936679640494
1.48445,-2.19926311509238
1.4846,-2.20487754583147
1.48475,-2.21051133736383
1.4849,-2.21616457118548
1.48505,-2.22183732919348
1.4852,-2.22752969368827
1.48535,-2.23324174737599
1.4855,-2.23897357337077
1.48565,-2.24472525519716
1.4858,-2.25049687679238
1.48595,-2.2562885225088
1.4861,-2.26210027711625
1.48625,-2.2679322258045
1.4864,-2.27378445418566
1.48655,-2.27965704829661
1.4867,-2.28555009460152
1.48685,-2.29146367999423
1.487,-2.29739789180086
1.48715,-2.30335281778225
1.4873,-2.30932854613653
1.48745,-2.31532516550164
1.4876,-2.32134276495794
1.48775,-2.32738143403077
1.4879,-2.33344126269305
1.48805,-2.33952234136793
1.4882,-2.34562476093144
1.48835,-2.35174861271508
1.4885,-2.3578939885086
1.48865,-2.36406098056265
1.4888,-2.3702496815915
1.48895,-2.37646018477582
1.4891,-2.38269258376534
1.48925,-2.38894697268177
1.4894,-2.39522344612149
1.48955,-2.40152209915844
1.4897,-2.40784302734692
1.48985,-2.41418632672443
1.49,-2.42055209381466
1.49015,-2.42694042563028
1.4903,-2.43335141967592
1.49045,-2.4397851739511
1.4906,-2.44624178695324
1.49075,-2.45272135768058
1.4909,-2.45922398563528
1.49105,-2.46574977082636
1.4912,-2.47229881377285
1.49135,-2.47887121550685
1.4915,-2.48546707757656
1.49165,-2.49208650204951
1.4918,-2.49872959151566
1.49195,-2.50539644909059
1.4921,-2.5120871784187
1.49225,-2.51880188367642
1.4924,-2.52554066957546
1.49255,-2.53230364136613
1.4927,-2.53909090484058
1.49285,-2.54590256633614
1.493,-2.55273873273868
1.49315,-2.55959951148598
1.4933,-2.56648501057115
1.49345,-2.57339533854601
1.4936,-2.58033060452462
1.49375,-2.58729091818665
1.4939,-2.594276389781
1.49405,-2.60128713012927
1.4942,-2.60832325062935
1.49435,-2.61538486325898
1.4945,-2.62247208057942
1.49465,-2.62958501573903
1.4948,-2.636723782477
1.49495,-2.64388849512704
1.4951,-2.65107926862111
1.49525,-2.65829621849319
1.4954,-2.66553946088303
1.49555,-2.67280911254006
1.4957,-2.68010529082719
1.49585,-2.68742811372465
1.496,-2.69477769983403
1.49615,-2.70215416838211
1.4963,-2.70955763922489
1.49645,-2.71698823285161
1.4966,-2.72444607038876
1.49675,-2.73193127360421
1.4969,-2.73944396491125
1.49705,-2.74698426737278
1.4972,-2.7545523047055
1.49735,-2.76214820128409
1.4975,-2.76977208214545
1.49765,-2.777424072993
1.4978,-2.785104300201
1.49795,-2.7928128908189
1.4981,-2.80054997257571
1.49825,-2.80831567388444
1.4984,-2.81611012384655
1.49855,-2.82393345225645
1.4987,-2.83178578960606
1.49885,-2.83966726708935
1.499,-2.84757801660696
1.49915,-2.85551817077087
1.4993,-2.86348786290905
1.49945,-2.87148722707023
1.4996,-2.87951639802867
1.49975,-2.88757551128891
1.4999,-2.89566470309072
1.50005,-2.90378411041387
1.5002,-2.91193387098317
1.50035,-2.9201141232734
1.5005,-2.92832500651433
1.50065,-2.93656666069578
1.5008,-2.94483922657271
1.50095,-2.95314284567044
1.5011,-2.96147766028973
1.50125,-2.96984381351213
1.5014,-2.9782414492052
1.50155,-2.98667071202782
1.5017,-2.99513174743564
1.50185,-3.00362470168646
1.502,-3.0121497218457
1.50215,-3.02070695579191
1.5023,-3.02929655222237
1.50245,-3.03791866065868
1.5026,-3.04657343145243
1.50275,-3.05526101579094
1.5029,-3.063981565703
1.50305,-3.07273523406471
1.5032,-3.08152217460527
1.50335,-3.09034254191306
1.5035,-3.09919649144148
1.50365,-3.10808417951503
1.5038,-3.11700576333539
1.50395,-3.12596140098756
1.5041,-3.13495125144604
1.50425,-3.14397547458109
1.5044,-3.15303423116505
1.50455,-3.16212768287869
1.5047,-3.1712559923176
1.50485,-3.18041932299872
1.505,-3.18961783936686
1.50515,-3.1988517068013
1.5053,-3.20812109162245
1.50545,-3.21742616109854
1.5056,-3.22676708345243
1.50575,-3.2361440278685
1.5059,-3.24555716449946
1.50605,-3.2550066644734
1.5062,-3.26449269990077
1.50635,-3.27401544388155
1.5065,-3.28357507051234
1.50665,-3.29317175489365
1.5068,-3.30280567313719
1.50695,-3.31247700237324
1.5071,-3.32218592075804
1.50725,-3.33193260748138
1.5074,-3.34171724277414
1.50755,-3.35154000791596
1.5077,-3.3614010852429
1.50785,-3.37130065815531
1.508,-3.38123891112568
1.50815,-3.39121602970657
1.5083,-3.40123220053865
1.50845,-3.41128761135877
1.5086,-3.42138245100814
1.50875,-3.4315169094406
1.5089,-3.44169117773097
1.50905,-3.45190544808336
1.5092,-3.46215991383983
1.50935,-3.47245476948875
1.5095,-3.48279021067365
1.50965,-3.49316643420185
1.5098,-3.5035836380533
1.50995,-3.51404202138952
1.5101,-3.52454178456253
1.51025,-3.53508312912398
1.5104,-3.54566625783434
1.51055,-3.5562913746721
1.5107,-3.56695868484313
1.51085,-3.57766839479015
1.511,-3.58842071220221
1.51115,-3.59921584602439
1.5113,-3.61005400646742
1.51145,-3.62093540501757
1.5116,-3.63186025444653
1.51175,-3.64282876882139
1.5119,-3.65384116351479
1.51205,-3.6648976552151
1.5122,-3.67599846193668
1.51235,-3.68714380303039
1.5125,-3.69833389919396
1.51265,-3.7095689724827
1.5128,-3.72084924632018
1.51295,-3.73217494550905
1.5131,-3.74354629624199
1.51325,-3.75496352611263
1.5134,-3.76642686412689
1.51355,-3.77793654071405
1.5137,-3.78949278773822
1.51385,-3.80109583850979
1.514,-3.81274592779698
1.51415,-3.82444329183759
1.5143,-3.83618816835084
1.51445,-3.84798079654922
1.5146,-3.85982141715065
1.51475,-3.87171027239058
1.5149,-3.8836476060343
1.51505,-3.89563366338941
1.5152,-3.90766869131829
1.51535,-3.9197529382508
1.5155,-3.93188665419709
1.51565,-3.94407009076044
1.5158,-3.9563035011504
1.51595,-3.96858714019591
1.5161,-3.98092126435864
1.51625,-3.9933061317464
1.5164,-4.00574200212666
1.51655,-4.01822913694038
1.5167,-4.03076779931574
1.51685,-4.04335825408217
1.517,-4.05600076778445
1.51715,-4.06869560869696
1.5173,-4.08144304683804
1.51745,-4.09424335398461
1.5176,-4.1070968036868
1.51775,-4.12000367128276
1.5179,-4.1329642339136
1.51805,-4.1459787705386
1.5182,-4.15904756195042
1.51835,-4.17217089079048
1.5185,-4.18534904156458
1.51865,-4.19858230065855
1.5188,-4.2118709563542
1.51895,-4.22521529884527
1.5191,-4.23861562025365
1.51925,-4.25207221464569
1.5194,-4.2655853780487
1.51955,-4.27915540846758
1.5197,-4.29278260590166
1.51985,-4.30646727236167
1.52,-4.32020971188683
1.52015,-4.33401023056222
1.5203,-4.34786913653615
1.52045,-4.36178674003785
1.5206,-4.37576335339528
1.52075,-4.38979929105299
1.5209,-4.40389486959041
1.52105,-4.41805040773996
1.5212,-4.43226622640565
1.52135,-4.44654264868171
1.5215,-4.46087999987135
1.52165,-4.47527860750582
1.5218,-4.48973880136343
1.52195,-4.50426091348908
1.5221,-4.51884527821361
1.52225,-4.53349223217358
1.5224,-4.54820211433112
1.52255,-4.56297526599387
1.5227,-4.57781203083537
1.52285,-4.59271275491532
1.523,-4.60767778670027
1.52315,-4.62270747708423
1.5233,-4.63780217940979
1.52345,-4.65296224948904
1.5236,-4.66818804562507
1.52375,-4.68347992863325
1.5239,-4.69883826186308
1.52405,-4.71426341121989
1.5242,-4.72975574518688
1.52435,-4.74531563484738
1.5245,-4.76094345390721
1.52465,-4.7766395787172
1.5248,-4.792404388296
1.52495,-4.80823826435291
1.5251,-4.82414159131106
1.52525,-4.84011475633066
1.5254,-4.85615814933245
1.52555,-4.87227216302132
1.5257,-4.88845719291007
1.52585,-4.90471363734353
1.526,-4.92104189752256
1.52615,-4.93744237752845
1.5263,-4.95391548434742
1.52645,-4.97046162789515
1.5266,-4.9870812210418
1.52675,-5.00377467963686
1.5269,-5.02054242253434
1.52705,-5.0373848716181
1.5272,-5.05430245182724
1.52735,-5.07129559118178
1.5275,-5.08836472080845
1.52765,-5.10551027496656
1.5278,-5.12273269107401
1.52795,-5.14003240973367
1.5281,-5.15740987475946
1.52825,-5.17486553320303
1.5284,-5.19239983538029
1.52855,-5.21001323489808
1.5287,-5.2277061886811
1.52885,-5.24547915699872
1.529,-5.26333260349227
1.52915,-5.28126699520192
1.5293,-5.29928280259422
1.52945,-5.31738049958923
1.5296,-5.33556056358802
1.52975,-5.35382347550022
1.5299,-5.37216971977157
1.53005,-5.39059978441152
1.5302,-5.409114161021
1.53035,-5.42771334482001
1.5305,-5.44639783467555
1.53065,-5.46516813312929
1.5308,-5.48402474642542
1.53095,-5.50296818453852
1.5311,-5.52199896120117
1.53125,-5.54111759393199
1.5314,-5.56032460406322
1.53155,-5.57962051676847
1.5317,-5.59900586109043
1.53185,-5.61848116996841
1.532,-5.63804698026579
1.53215,-5.65770383279754
1.5323,-5.67745227235749
1.53245,-5.69729284774539
1.5326,-5.71722611179403
1.53275,-5.737252621396
1.5329,-5.75737293753046
1.53305,-5.77758762528951
1.5332,-5.79789725390443
1.53335,-5.81830239677177
1.5335,-5.83880363147889
1.53365,-5.85940153982957
1.5338,-5.88009670786909
1.53395,-5.90088972590895
1.5341,-5.92178118855137
1.53425,-5.94277169471326
1.5344,-5.96386184764985
1.53455,-5.98505225497792
1.5347,-6.00634352869841
1.53485,-6.02773628521865
1.535,-6.04923114537393
1.53515,-6.0708287344487
1.5353,-6.09252968219687
1.53545,-6.11433462286174
1.5356,-6.13624419519508
1.53575,-6.15825904247553
1.5359,-6.18037981252617
1.53605,-6.20260715773149
1.5362,-6.22494173505325
1.53635,-6.24738420604559
1.5365,-6.26993523686921
1.53665,-6.29259549830434
1.5368,-6.31536566576306
1.53695,-6.33824641930008
1.5371,-6.36123844362271
1.53725,-6.38434242809941
1.5374,-6.4075590667671
1.53755,-6.4308890583372
1.5377,-6.45433310620033
1.53785,-6.47789191842924
1.538,-6.50156620778062
1.53815,-6.52535669169491
1.5383,-6.54926409229477
1.53845,-6.57328913638154
1.5386,-6.59743255542996
1.53875,-6.62169508558098
1.5389,-6.64607746763249
1.53905,-6.67058044702807
1.5392,-6.69520477384341
1.53935,-6.71995120277056
1.5395,-6.74482049309977
1.53965,-6.76981340869862
1.5398,-6.79493071798905
1.53995,-6.82017319392117
1.5401,-6.8455416139445
1.54025,-6.87103675997625
1.5404,-6.89665941836657
1.54055,-6.92241037986037
1.5407,-6.94829043955622
1.54085,-6.97430039686143
1.541,-7.00044105544375
1.54115,-7.02671322317919
1.5413,-7.05311771209595
1.54145,-7.07965533831448
1.5416,-7.10632692198296
1.54175,-7.13313328720888
1.5419,-7.16007526198552
1.54205,-7.18715367811402
1.5422,-7.2143693711205
1.54235,-7.24172318016802
1.5425,-7.26921594796309
1.54265,-7.29684852065681
1.5428,-7.32462174774014
1.54295,-7.35253648193335
1.5431,-7.38059357906916
1.54325,-7.40879389796938
1.5434,-7.43713830031502
1.54355,-7.46562765050934
1.5437,-7.49426281553375
1.54385,-7.52304466479633
1.544,-7.55197406997233
1.54415,-7.58105190483683
1.5443,-7.61027904508909
1.54445,-7.63965636816795
1.5446,-7.66918475305864
1.54475,-7.69886508008999
1.5449,-7.728698230722
1.54505,-7.75868508732357
1.5452,-7.7888265329395
1.54535,-7.8191234510472
1.5455,-7.84957672530174
1.54565,-7.88018723926972
1.5458,-7.91095587615091
1.54595,-7.94188351848743
1.5461,-7.9729710478604
1.54625,-8.00421934457282
1.5464,-8.03562928731886
1.54655,-8.06720175283894
1.5467,-8.09893761555947
1.54685,-8.13083774721806
1.547,-8.16290301647206
1.54715,-8.19513428849113
1.5473,-8.22753242453244
1.54745,-8.26009828149843
1.5476,-8.29283271147637
1.54775,-8.32573656125872
1.5479,-8.35881067184424
1.54805,-8.39205587791868
1.5482,-8.42547300731459
1.54835,-8.45906288044942
1.5485,-8.49282630974132
1.54865,-8.52676409900168
1.5488,-8.56087704280361
1.54895,-8.59516592582589
1.5491,-8.62963152217091
1.54925,-8.66427459465663
1.5494,-8.69909589408063
1.54955,-8.73409615845618
1.5497,-8.76927611221902
1.54985,-8.80463646540373
1.55,-8.84017791278916
1.55015,-8.8759011330115
1.5503,-8.91180678764368
1.55045,-8.94789552024132
1.5506,-8.98416795535184
1.55075,-9.02062469748823
1.5509,-9.05726633006397
1.55105,-9.09409341428938
1.5512,-9.13110648802791
1.55135,-9.16830606461004
1.5515,-9.20569263160559
1.55165,-9.24326664955019
1.5518,-9.28102855062766
1.55195,-9.31897873730507
1.5521,-9.35711758091844
1.55225,-9.39544542021015
1.5524,-9.43396255981345
1.55255,-9.47266926868524
1.5527,-9.51156577848425
1.55285,-9.55065228189222
1.553,-9.58992893087901
1.55315,-9.62939583490686
1.5533,-9.66905305907487
1.55345,-9.70890062220073
1.5536,-9.74893849483682
1.55375,-9.78916659722228
1.5539,-9.82958479716524
1.55405,-9.87019290785662
1.5542,-9.91099068561229
1.55435,-9.95197782754113
1.5545,-9.9931539691395
1.55465,-10.0345186818072
1.5548,-10.076071470286
1.55495,-10.1178117700165
1.5551,-10.1597389444133
1.55525,-10.2018522820559
1.5554,-10.244150993793
1.55555,-10.2866342097599
1.5557,-10.3293009763049
1.55585,-10.3721502528262
1.556,-10.4151809085149
1.55615,-10.4583917190028
1.5563,-10.5017813629155
1.55645,-10.5453484183267
1.5566,-10.5890913591139
1.55675,-10.6330085512143
1.5569,-10.6770982487779
1.55705,-10.7213585902194
1.5572,-10.7657875941649
1.55735,-10.8103831552955
1.5575,-10.8551430400862
1.55765,-10.9000648824367
1.5578,-10.9451461792003
1.55795,-10.9903842856027
1.5581,-11.0357764105594
1.55825,-11.0813196118849
1.5584,-11.1270107913981
1.55855,-11.1728466899263
1.5587,-11.2188238822042
1.55885,-11.2649387716751
1.559,-11.3111875851938
1.55915,-11.3575663676327
1.5593,-11.4040709763975
1.55945,-11.4506970758526
1.5596,-11.4974401316632
1.55975,-11.5442954050565
1.5599,-11.591257947008
1.56005,-11.6383225923607
1.5602,-11.6854839538795
1.56035,-11.732736416253
1.5605,-11.7800741300482
1.56065,-11.8274910056259
1.5608,-11.8749807070303
1.56095,-11.9225366458599
1.5611,-11.9701519751334
1.56125,-12.0178195831629
1.5614,-12.0655320874479
1.56155,-12.1132818286049
1.5617,-12.1610608643491
1.56185,-12.2088609635451
1.562,-12.2566736003456
1.56215,-12.3044899484356
1.5623,-12.3523008754081
1.56245,-12.4000969372873
1.5626,-12.4478683732283
1.56275,-12.4956051004169
1.5629,-12.543296709195
1.56305,-12.5909324584414
1.5632,-12.638501271237
1.56335,-12.6859917308462
1.5635,-12.7333920770452
1.56365,-12.7806902028344
1.5638,-12.8278736515674
1.56395,-12.8749296145352
1.5641,-12.9218449290438
1.56425,-12.9686060770236
1.5644,-13.0151991842131
1.56455,-13.061610019957
1.5647,-13.1078239976625
1.56485,-13.1538261759574
1.565,-13.1996012605937
1.56515,-13.245133607142
1.5653,-13.2904072245232
1.56545,-13.3354057794186
1.5656,-13.3801126016099
1.56575,-13.4245106902865
1.5659,-13.4685827213706
1.56605,-13.5123110558987
1.5662,-13.5556777495028
1.56635,-13.5986645630311
1.5665,-13.641252974345
1.56665,-13.6834241913285
1.5668,-13.7251591661419
1.56695,-13.766438610748
1.5671,-13.8072430137363
1.56725,-13.8475526584659
1.5674,-13.8873476425415
1.56755,-13.9266078986355
1.5677,-13.9653132166576
1.56785,-14.0034432672731
1.568,-14.0409776267593
1.56815,-14.0778958031865
1.5683,-14.1141772638993
1.56845,-14.1498014642665
1.5686,-14.1847478776619
1.56875,-14.2189960266266
1.5689,-14.2525255151554
1.56905,-14.2853160620436
1.5692,-14.317347535215
1.56935,-14.3485999869504
1.5695,-14.3790536899199
1.56965,-14.4086891739173
1.5698,-14.4374872631841
1.56995,-14.465429114203
1.5701,-14.4924962538312
1.57025,-14.5186706176373
1.5704,-14.5439345882986
1.57055,-14.5682710339074
1.5707,-14.5916633460314
1.57085,-14.6140954773678
1.571,-14.6355519788252
1.57115,-14.6560180358692
1.5713,-14.6754795039604
1.57145,-14.6939229429182
1.5716,-14.7113356500421
1.57175,-14.7277056918237
1.5719,-14.7430219340915
1.57205,-14.7572740704268
1.5722,-14.770452648705
1.57235,-14.7825490956166
1.5725,-14.7935557390359
1.57265,-14.8034658281129
1.5728,-14.8122735509773
1.57295,-14.8199740499539
1.5731,-14.8265634342035
1.57325,-14.8320387897175
1.5734,-14.836398186608
1.57355,-14.8396406836523
1.5737,-14.8417663300661
1.57385,-14.842776164495
1.574,-14.8426722112304
1.57415,-14.8414574736743
1.5743,-14.8391359250892
1.57445,-14.8357124966889
1.5746,-14.8311930631386
1.57475,-14.8255844255483
1.5749,-14.8188942920554
1.57505,-14.8111312561086
1.5752,-14.8023047725709
1.57535,-14.7924251317761
1.5755,-14.7815034316787
1.57565,-14.7695515482452
1.5758,-14.7565821042437
1.57595,-14.7426084365911
1.5761,-14.7276445624233
1.57625,-14.711705144055
1.5764,-14.6948054529986
1.57655,-14.6769613332088
1.5767,-14.6581891637225
1.57685,-14.6385058208562
1.577,-14.6179286401238
1.57715,-14.5964753780315
1.5773,-14.5741641739
1.57745,-14.5510135118598
1.5776,-14.5270421831572
1.57775,-14.5022692489021
1.5779,-14.4767140033781
1.57805,-14.4503959380308
1.5782,-14.423334706237
1.57835,-14.3955500889516
1.5785,-14.3670619613181
1.57865,-14.3378902603199
1.5788,-14.3080549535407
1.57895,-14.2775760090912
1.5791,-14.2464733667539
1.57925,-14.2147669103862
1.5794,-14.1824764416133
1.57955,-14.1496216548374
1.5797,-14.1162221135791
1.57985,-14.082297228161
1.58,-14.047866234736
1.58015,-14.0129481756569
1.5803,-13.9775618811789
1.58045,-13.941725952478
1.5806,-13.9054587459692
1.58075,-13.8687783588964
1.5809,-13.8317026161684
1.58105,-13.7942490584097
1.5812,-13.7564349311894
1.58135,-13.7182771753938
1.5815,-13.6797924187003
1.58165,-13.6409969681138
1.5818,-13.6019068035222
1.58195,-13.5625375722254
1.5821,-13.5229045843978
1.58225,-13.4830228094332
1.5824,-13.4429068731324
1.58255,-13.402571055685
1.5827,-13.3620292904011
1.58285,-13.3212951631506
1.583,-13.2803819124625
1.58315,-13.2393024302445
1.5833,-13.1980692630804
1.58345,-13.156694614062
1.5836,-13.1151903451199
1.58375,-13.0735679798102
1.5839,-13.0318387065235
1.58405,-12.9900133820794
1.5842,-12.9481025356703
1.58435,-12.9061163731258
1.5845,-12.8640647814611
1.58465,-12.8219573336845
1.5848,-12.779803293832
1.58495,-12.7376116222036
1.5851,-12.6953909807763
1.58525,-12.6531497387684
1.5854,-12.6108959783328
1.58555,-12.5686375003594
1.5857,-12.5263818303645
1.58585,-12.4841362244508
1.586,-12.4419076753185
1.58615,-12.3997029183124
1.5863,-12.3575284374913
1.58645,-12.3153904717016
1.5866,-12.2732950206487
1.58675,-12.2312478509477
1.5869,-12.1892545021469
1.58705,-12.1473202927133
1.5872,-12.1054503259702
1.58735,-12.063649495979
1.5875,-12.021922493359
1.58765,-11.9802738110361
1.5878,-11.9387077499172
1.58795,-11.897228424483
1.5881,-11.8558397682954
1.58825,-11.8145455394145
1.5884,-11.7733493257236
1.58855,-11.7322545501567
1.5887,-11.6912644758266
1.58885,-11.6503822110537
1.589,-11.6096107142893
1.58915,-11.5689527989369
1.5893,-11.5284111380661
1.58945,-11.4879882690217
1.5896,-11.4476865979258
1.58975,-11.4075084040723
1.5899,-11.3674558442162
1.59005,-11.3275309567554
1.5902,-11.2877356658065
1.59035,-11.2480717851762
1.5905,-11.2085410222272
1.59065,-11.169144981642
1.5908,-11.1298851690832
1.59095,-11.0907629947531
1.5911,-11.0517797768548
1.59125,-11.0129367449528
1.5914,-10.9742350432396
1.59155,-10.935675733705
1.5917,-10.897259799213
1.59185,-10.8589881464877
1.592,-10.8208616090075
1.59215,-10.7828809498129
1.5923,-10.7450468642276
1.59245,-10.7073599824939
1.5926,-10.6698208723279
1.59275,-10.6324300413913
1.5929,-10.5951879396872
1.59305,-10.5580949618767
1.5932,-10.5211514495212
1.59335,-10.4843576932525
1.5935,-10.4477139348696
1.59365,-10.4112203693682
1.5938,-10.374877146901
1.59395,-10.3386843746723
1.5941,-10.3026421187698
1.59425,-10.2667504059321
1.5944,-10.2310092252578
1.59455,-10.1954185298541
1.5947,-10.1599782384287
1.59485,-10.1246882368265
1.595,-10.0895483795121
1.59515,-10.0545584910003
1.5953,-10.0197183672352
1.59545,-9.98502777692046
1.5956,-9.95048646280228
1.59575,-9.91609414290501
1.5959,-9.88185051172321
1.59605,-9.8477552413687
1.5962,-9.81380798267726
1.59635,-9.78000836627313
1.5965,-9.74635600359452
1.59665,-9.71285048788126
1.5968,-9.67949139512478
1.59695,-9.64627828498298
1.5971,-9.61321070165997
1.59725,-9.58028817475228
1.5974,-9.5475102200634
1.59755,-9.51487634038584
1.5977,-9.48238602625399
1.59785,-9.45003875666733
1.598,-9.4178339997848
1.59815,-9.38577121359294
1.5983,-9.3538498465465
1.59845,-9.32206933818461
1.5986,-9.29042911972157
1.59875,-9.25892861461388
1.5989,-9.22756723910503
1.59905,-9.19634440274713
1.5992,-9.16525950890218
1.59935,-9.13431195522198
1.5995,-9.10350113410814
1.59965,-9.07282643315357
1.5998,-9.04228723556454
1.59995,-9.01188292056569
1.6001,-8.9816128637873
1.60025,-8.9514764376359
1.6004,-8.92147301164956
1.60055,-8.89160195283672
1.6007,-8.86186262600118
1.60085,-8.83225439405211
1.601,-8.80277661830021
1.60115,-8.77342865874131
1.6013,-8.74420987432607
1.60145,-8.71511962321858
1.6016,-8.686157263042
1.60175,-8.65732215111327
1.6019,-8.62861364466714
1.60205,-8.60003110106877
1.6022,-8.57157387801703
1.60235,-8.54324133373754
1.6025,-8.51503282716602
1.60265,-8.48694771812344
1.6028,-8.45898536748145
1.60295,-8.43114513732024
1.6031,-8.4034263910779
1.60325,-8.37582849369194
1.6034,-8.34835081173398
1.60355,-8.3209927135365
1.6037,-8.29375356931338
1.60385,-8.26663275127352
1.604,-8.23962963372794
1.60415,-8.21274359319151
1.6043,-8.18597400847788
1.60445,-8.15932026078976
1.6046,-8.13278173380295
1.60475,-8.10635781374607
1.6049,-8.08004788947462
1.60505,-8.0538513525406
1.6052,-8.02776759725785
1.60535,-8.00179602076238
1.6055,-7.97593602306934
1.60565,-7.9501870071253
1.6058,-7.92454837885696
1.60595,-7.89901954721643
1.6061,-7.87359992422248
1.60625,-7.84828892499907
1.6064,-7.82308596781014
1.60655,-7.79799047409139
1.6067,-7.77300186847969
1.60685,-7.74811957883871
1.607,-7.7233430362829
1.60715,-7.69867167519818
1.6073,-7.67410493326033
1.60745,-7.64964225145146
1.6076,-7.62528307407364
1.60775,-7.60102684876085
1.6079,-7.5768730264889
1.60805,-7.55282106158288
1.6082,-7.52887041172375
1.60835,-7.50502053795202
1.6085,-7.48127090467088
1.60865,-7.45762097964698
1.6088,-7.43407023400988
1.60895,-7.41061814225049
1.6091,-7.38726418221736
1.60925,-7.36400783511259
1.6094,-7.34084858548593
1.60955,-7.3177859212276
1.6097,-7.2948193335608
1.60985,-7.27194831703217
1.61,-7.24917236950217
1.61015,-7.22649099213407
1.6103,-7.20390368938184
1.61045,-7.18140996897806
1.6106,-7.15900934191998
1.61075,-7.1367013224559
1.6109,-7.11448542807005
1.61105,-7.09236117946721
1.6112,-7.07032810055681
1.61135,-7.04838571843609
1.6115,-7.02653356337326
1.61165,-7.00477116878978
1.6118,-6.98309807124211
1.61195,-6.96151381040362
1.6121,-6.94001792904535
1.61225,-6.918609973017
1.6124,-6.89728949122739
1.61255,-6.87605603562436
1.6127,-6.85490916117496
1.61285,-6.83384842584471
1.613,-6.81287339057739
1.61315,-6.7919836192737
1.6133,-6.7711786787708
1.61345,-6.75045813882078
1.6136,-6.72982157206934
1.61375,-6.70926855403459
1.6139,-6.68879866308517
1.61405,-6.66841148041896
1.6142,-6.64810659004115
1.61435,-6.62788357874242
1.6145,-6.60774203607733
1.61465,-6.58768155434221
1.6148,-6.56770172855359
1.61495,-6.54780215642614
1.6151,-6.52798243835075
1.61525,-6.50824217737299
1.6154,-6.48858097917086
1.61555,-6.46899845203342
1.6157,-6.44949420683893
1.61585,-6.43006785703301
1.616,-6.41071901860738
1.61615,-6.39144731007796
1.6163,-6.37225235246377
1.61645,-6.3531337692655
1.6166,-6.33409118644401
1.61675,-6.31512423239956
1.6169,-6.29623253795043
1.61705,-6.27741573631226
1.6172,-6.25867346307719
1.61735,-6.24000535619299
1.6175,-6.22141105594281
1.61765,-6.20289020492447
1.6178,-6.18444244803044
1.61795,-6.16606743242758
1.6181,-6.1477648075371
1.61825,-6.12953422501484
1.6184,-6.11137533873147
1.61855,-6.09328780475304
1.6187,-6.07527128132158
1.61885,-6.05732542883576
1.619,-6.03944990983202
1.61915,-6.02164438896546
1.6193,-6.00390853299129
1.61945,-5.98624201074618
1.6196,-5.96864449312971
1.61975,-5.95111565308643
1.6199,-5.93365516558743
1.62005,-5.91626270761275
1.6202,-5.89893795813349
1.62035,-5.88168059809415
1.6205,-5.86449031039548
1.62065,-5.847366779877
1.6208,-5.83030969330014
1.62095,-5.81331873933118
1.6211,-5.79639360852466
1.62125,-5.7795339933069
1.6214,-5.76273958795928
1.62155,-5.74601008860249
1.6217,-5.7293451931801
1.62185,-5.71274460144296
1.622,-5.6962080149334
1.62215,-5.67973513696956
1.6223,-5.66332567263031
1.62245,-5.64697932873973
1.6226,-5.63069581385229
1.62275,-5.61447483823796
1.6229,-5.59831611386727
1.62305,-5.58221935439711
1.6232,-5.566184275156
1.62335,-5.55021059313007
1.6235,-5.534298026949
1.62365,-5.51844629687184
1.6238,-5.50265512477363
1.62395,-5.48692423413141
1.6241,-5.47125335001108
1.62425,-5.45564219905397
1.6244,-5.44009050946356
1.62455,-5.42459801099275
1.6247,-5.40916443493073
1.62485,-5.3937895140905
1.625,-5.37847298279618
1.62515,-5.36321457687053
1.6253,-5.34801403362292
1.62545,-5.33287109183685
1.6256,-5.31778549175828
1.62575,-5.30275697508359
1.6259,-5.2877852849478
1.62605,-5.27287016591324
1.6262,-5.25801136395775
1.62635,-5.24320862646366
1.6265,-5.22846170220649
1.62665,-5.21377034134375
1.6268,-5.19913429540425
1.62695,-5.18455331727708
1.6271,-5.17002716120108
1.62725,-5.15555558275418
1.6274,-5.14113833884295
1.62755,-5.12677518769241
1.6277,-5.11246588883564
1.62785,-5.09821020310389
1.628,-5.08400789261645
1.62815,-5.06985872077087
1.6283,-5.05576245223326
1.62845,-5.04171885292853
1.6286,-5.027727690031
1.62875,-5.013788731955
1.6289,-4.99990174834536
1.62905,-4.98606651006852
1.6292,-4.97228278920313
1.62935,-4.95855035903135
1.6295,-4.94486899402969
1.62965,-4.93123846986042
1.6298,-4.91765856336284
1.62995,-4.90412905254455
1.6301,-4.8906497165732
1.63025,-4.87722033576783
1.6304,-4.86384069159077
1.63055,-4.85051056663936
1.6307,-4.83722974463773
1.63085,-4.82399801042896
1.631,-4.81081514996691
1.63115,-4.79768095030861
1.6313,-4.78459519960632
1.63145,-4.77155768709984
1.6316,-4.75856820310907
1.63175,-4.74562653902626
1.6319,-4.73273248730882
1.63205,-4.71988584147183
1.6322,-4.70708639608071
1.63235,-4.69433394674418
1.6325,-4.681628290107
1.63265,-4.66896922384304
1.6328,-4.65635654664826
1.63295,-4.64379005823373
1.6331,-4.63126955931904
1.63325,-4.61879485162526
1.6334,-4.6063657378685
1.63355,-4.59398202175321
1.6337,-4.58164350796558
1.63385,-4.56935000216722
1.634,-4.55710131098859
1.63415,-4.54489724202275
1.6343,-4.53273760381919
1.63445,-4.52062220587733
1.6346,-4.50855085864072
1.63475,-4.49652337349067
1.6349,-4.48453956274043
1.63505,-4.47259923962915
1.6352,-4.4607022183159
1.63535,-4.44884831387403
1.6355,-4.43703734228515
1.63565,-4.42526912043359
1.6358,-4.41354346610069
1.63595,-4.40186019795904
1.6361,-4.39021913556717
1.63625,-4.37862009936379
1.6364,-4.36706291066255
1.63655,-4.35554739164653
1.6367,-4.34407336536288
1.63685,-4.33264065571761
1.637,-4.32124908747021
1.63715,-4.3098984862286
1.6373,-4.29858867844395
1.63745,-4.28731949140544
1.6376,-4.27609075323543
1.63775,-4.26490229288423
1.6379,-4.25375394012537
1.63805,-4.24264552555048
1.6382,-4.23157688056455
1.63835,-4.22054783738112
1.6385,-4.20955822901734
1.63865,-4.19860788928946
1.6388,-4.18769665280793
1.63895,-4.17682435497289
1.6391,-4.16599083196953
1.63925,-4.15519592076344
1.6394,-4.1444394590962
1.63955,-4.13372128548075
1.6397,-4.12304123919711
1.63985,-4.11239916028789
1.64,-4.10179488955375
1.64015,-4.09122826854944
1.6403,-4.08069913957908
1.64045,-4.07020734569222
1.6406,-4.0597527306795
1.64075,-4.04933513906834
1.6409,-4.03895441611902
1.64105,-4.02861040782032
1.6412,-4.01830296088566
1.64135,-4.00803192274886
1.6415,-3.99779714156021
1.64165,-3.9875984661825
1.6418,-3.97743574618695
1.64195,-3.96730883184947
1.6421,-3.95721757414662
1.64225,-3.94716182475179
1.6424,-3.93714143603144
1.64255,-3.92715626104113
1.6427,-3.91720615352199
1.64285,-3.9072909678968
1.643,-3.89741055926629
1.64315,-3.88756478340559
1.6433,-3.8777534967604
1.64345,-3.86797655644354
1.6436,-3.85823382023124
1.64375,-3.84852514655956
1.6439,-3.83885039452096
1.64405,-3.82920942386064
1.6442,-3.81960209497317
1.64435,-3.81002826889901
1.6445,-3.80048780732093
1.64465,-3.79098057256086
1.6448,-3.78150642757621
1.64495,-3.77206523595675
1.6451,-3.76265686192118
1.64525,-3.75328117031372
1.6454,-3.74393802660101
1.64555,-3.73462729686867
1.6457,-3.72534884781821
1.64585,-3.71610254676366
1.646,-3.70688826162851
1.64615,-3.69770586094244
1.6463,-3.68855521383821
1.64645,-3.67943619004855
1.6466,-3.67034865990295
1.64675,-3.66129249432472
1.6469,-3.65226756482788
1.64705,-3.64327374351399
1.6472,-3.63431090306931
1.64735,-3.62537891676165
1.6475,-3.61647765843752
1.64765,-3.60760700251908
1.6478,-3.59876682400114
1.64795,-3.58995699844845
1.6481,-3.58117740199255
1.64825,-3.57242791132903
1.6484,-3.56370840371466
1.64855,-3.55501875696447
1.6487,-3.54635884944901
1.64885,-3.53772856009145
1.649,-3.52912776836488
1.64915,-3.52055635428948
1.6493,-3.51201419842976
1.64945,-3.50350118189189
1.6496,-3.49501718632085
1.64975,-3.48656209389789
1.6499,-3.47813578733774
1.65005,-3.4697381498859
1.6502,-3.46136906531616
1.65035,-3.45302841792774
1.6505,-3.44471609254288
1.65065,-3.4364319745041
1.6508,-3.42817594967164
1.65095,-3.41994790442096
1.6511,-3.41174772564006
1.65125,-3.40357530072708
1.6514,-3.39543051758765
1.65155,-3.38731326463246
1.6517,-3.37922343077476
1.65185,-3.37116090542783
1.652,-3.36312557850257
1.65215,-3.35511734040506
1.6523,-3.34713608203402
1.65245,-3.33918169477856
1.6526,-3.3312540705156
1.65275,-3.32335310160761
1.6529,-3.31547868090019
1.65305,-3.30763070171965
1.6532,-3.29980905787076
1.65335,-3.29201364363432
1.6535,-3.28424435376491
1.65365,-3.27650108348855
1.6538,-3.26878372850038
1.65395,-3.26109218496244
1.6541,-3.25342634950132
1.65425,-3.24578611920601
1.6544,-3.23817139162549
1.65455,-3.23058206476671
1.6547,-3.22301803709223
1.65485,-3.21547920751799
1.655,-3.20796547541126
1.65515,-3.20047674058829
1.6553,-3.1930129033123
1.65545,-3.18557386429122
1.6556,-3.17815952467553
1.65575,-3.17076978605624
1.6559,-3.16340455046264
1.65605,-3.15606372036028
1.6562,-3.14874719864884
1.65635,-3.14145488866002
1.6565,-3.13418669415553
1.65665,-3.12694251932493
1.6568,-3.11972226878369
1.65695,-3.11252584757108
1.6571,-3.10535316114812
1.65725,-3.09820411539563
1.6574,-3.09107861661216
1.65755,-3.08397657151204
1.6577,-3.07689788722338
1.65785,-3.06984247128603
1.658,-3.06281023164975
1.65815,-3.0558010766721
1.6583,-3.04881491511661
1.65845,-3.04185165615084
1.6586,-3.03491120934434
1.65875,-3.0279934846669
1.6589,-3.02109839248649
1.65905,-3.01422584356753
1.6592,-3.00737574906886
1.65935,-3.00054802054192
1.6595,-2.99374256992893
1.65965,-2.98695930956096
1.6598,-2.98019815215614
1.65995,-2.97345901081785
1.6601,-2.96674179903276
1.66025,-2.96004643066919
1.6604,-2.95337281997517
1.66055,-2.94672088157673
1.6607,-2.94009053047607
1.66085,-2.93348168204975
1.661,-2.92689425204702
1.66115,-2.92032815658794
1.6613,-2.91378331216172
1.66145,-2.90725963562496
1.6616,-2.90075704419986
1.66175,-2.89427545547257
1.6619,-2.88781478739141
1.66205,-2.88137495826523
1.6622,-2.87495588676168
1.66235,-2.86855749190548
1.6625,-2.86217969307681
1.66265,-2.85582241000956
1.6628,-2.8494855627898
1.66295,-2.84316907185391
1.6631,-2.83687285798716
1.66325,-2.83059684232195
1.6634,-2.82434094633614
1.66355,-2.81810509185156
1.6637,-2.81188920103226
1.66385,-2.805693196383
1.664,-2.79951700074764
1.66415,-2.79336053730744
1.6643,-2.78722372957968
1.66445,-2.78110650141587
1.6646,-2.77500877700032
1.66475,-2.7689304808486
1.6649,-2.76287153780584
1.66505,-2.75683187304535
1.6652,-2.75081141206696
1.66535,-2.74481008069561
1.6655,-2.73882780507975
1.66565,-2.73286451168979
1.6658,-2.72692012731674
1.66595,-2.72099457907053
1.6661,-2.71508779437869
1.66625,-2.70919970098474
1.6664,-2.70333022694677
1.66655,-2.697479300636
1.6667,-2.69164685073522
1.66685,-2.68583280623744
1.667,-2.68003709644443
1.66715,-2.67425965096517
1.6673,-2.66850039971458
1.66745,-2.66275927291197
1.6676,-2.65703620107967
1.66775,-2.65133111504163
1.6679,-2.64564394592198
1.66805,-2.63997462514367
1.6682,-2.63432308442703
1.66835,-2.62868925578843
1.6685,-2.62307307153892
1.66865,-2.61747446428276
1.6688,-2.61189336691619
1.66895,-2.60632971262594
1.6691,-2.600783434888
1.66925,-2.5952544674662
1.6694,-2.58974274441086
1.66955,-2.58424820005755
1.6697,-2.57877076902564
1.66985,-2.57331038621708
1.67,-2.56786698681509
1.67015,-2.56244050628275
1.6703,-2.55703088036182
1.67045,-2.55163804507136
1.6706,-2.54626193670652
1.67075,-2.54090249183717
1.6709,-2.53555964730672
1.67105,-2.5302333402308
1.6712,-2.52492350799596
1.67135,-2.51963008825853
1.6715,-2.51435301894323
1.67165,-2.50909223824203
1.6718,-2.5038476846129
1.67195,-2.49861929677848
1.6721,-2.49340701372502
1.67225,-2.48821077470099
1.6724,-2.48303051921598
1.67255,-2.47786618703948
1.6727,-2.4727177181996
1.67285,-2.46758505298198
1.673,-2.4624681319285
1.67315,-2.45736689583617
1.6733,-2.45228128575591
1.67345,-2.4472112429914
1.6736,-2.44215670909788
1.67375,-2.437117625881
1.6739,-2.43209393539571
1.67405,-2.42708557994503
1.6742,-2.42209250207895
1.67435,-2.4171146445933
1.6745,-2.41215195052855
1.67465,-2.40720436316878
1.6748,-2.40227182604049
1.67495,-2.39735428291146
1.6751,-2.39245167778971
1.67525,-2.38756395492232
1.6754,-2.38269105879439
1.67555,-2.3778329341279
1.6757,-2.37298952588062
1.67585,-2.36816077924504
1.676,-2.36334663964728
1.67615,-2.35854705274603
1.6763,-2.35376196443144
1.67645,-2.34899132082408
1.6766,-2.34423506827389
1.67675,-2.33949315335908
1.6769,-2.33476552288515
1.67705,-2.33005212388378
1.6772,-2.3253529036118
1.67735,-2.32066780955019
1.6775,-2.31599678940299
1.67765,-2.31133979109633
1.6778,-2.3066967627774
1.67795,-2.30206765281339
1.6781,-2.29745240979053
1.67825,-2.29285098251303
1.6784,-2.28826332000215
1.67855,-2.28368937149514
1.6787,-2.27912908644426
1.67885,-2.27458241451583
1.679,-2.27004930558919
1.67915,-2.26552970975577
1.6793,-2.26102357731808
1.67945,-2.25653085878879
1.6796,-2.2520515048897
1.67975,-2.24758546655081
1.6799,-2.24313269490942
1.68005,-2.23869314130905
1.6802,-2.23426675729864
1.68035,-2.22985349463152
1.6805,-2.22545330526446
1.68065,-2.22106614135684
1.6808,-2.21669195526956
1.68095,-2.2123306995643
1.6811,-2.20798232700246
1.68125,-2.20364679054428
1.6814,-2.199324043348
1.68155,-2.19501403876883
1.6817,-2.19071673035817
1.68185,-2.18643207186264
1.682,-2.18216001722319
1.68215,-2.17790052057424
1.6823,-2.17365353624277
1.68245,-2.16941901874746
1.6826,-2.16519692279781
1.68275,-2.16098720329323
1.6829,-2.15678981532224
1.68305,-2.15260471416154
1.6832,-2.14843185527518
1.68335,-2.14427119431374
1.6835,-2.14012268711339
1.68365,-2.13598628969513
1.6838,-2.13186195826388
1.68395,-2.12774964920769
1.6841,-2.1236493190969
1.68425,-2.11956092468323
1.6844,-2.11548442289911
1.68455,-2.11141977085667
1.6847,-2.10736692584705
1.68485,-2.10332584533958
1.685,-2.09929648698086
1.68515,-2.09527880859409
1.6853,-2.09127276817816
1.68545,-2.08727832390689
1.6856,-2.08329543412829
1.68575,-2.07932405736362
1.6859,-2.07536415230677
1.68605,-2.07141567782335
1.6862,-2.06747859294997
1.68635,-2.06355285689346
1.6865,-2.05963842903005
1.68665,-2.05573526890466
1.6868,-2.05184333623008
1.68695,-2.04796259088625
1.6871,-2.04409299291948
1.68725,-2.04023450254168
1.6874,-2.03638708012966
1.68755,-2.03255068622428
1.6877,-2.02872528152984
1.68785,-2.02491082691322
1.688,-2.02110728340321
1.68815,-2.01731461218974
1.6883,-2.01353277462317
1.68845,-2.00976173221358
1.6886,-2.00600144662997
1.68875,-2.00225187969962
1.6889,-1.99851299340736
1.68905,-1.99478474989481
1.6892,-1.99106711145971
1.68935,-1.98736004055518
1.6895,-1.98366349978909
1.68965,-1.97997745192325
1.6898,-1.9763018598728
1.68995,-1.97263668670549
1.6901,-1.96898189564095
1.69025,-1.96533745005008
1.6904,-1.9617033134543
1.69055,-1.9580794495249
1.6907,-1.95446582208235
1.69085,-1.95086239509564
1.691,-1.94726913268159
1.69115,-1.94368599910421
1.6913,-1.94011295877399
1.69145,-1.9365499762473
1.6916,-1.93299701622566
1.69175,-1.92945404355515
1.6919,-1.92592102322572
1.69205,-1.92239792037055
1.6922,-1.91888470026542
1.69235,-1.91538132832802
1.6925,-1.91188777011736
1.69265,-1.90840399133315
1.6928,-1.90492995781505
1.69295,-1.9014656355422
1.6931,-1.89801099063248
1.69325,-1.89456598934189
1.6934,-1.89113059806403
1.69355,-1.88770478332932
1.6937,-1.88428851180454
1.69385,-1.88088175029211
1.694,-1.87748446572953
1.69415,-1.87409662518878
1.6943,-1.87071819587564
1.69445,-1.86734914512921
1.6946,-1.86398944042121
1.69475,-1.86063904935542
1.6949,-1.85729793966711
1.69505,-1.8539660792224
1.6952,-1.85064343601774
1.69535,-1.84732997817922
1.6955,-1.84402567396213
1.69565,-1.84073049175024
1.6958,-1.83744440005533
1.69595,-1.83416736751656
1.6961,-1.83089936289991
1.69625,-1.82764035509763
1.6964,-1.82439031312764
1.69655,-1.82114920613302
1.6967,-1.81791700338138
1.69685,-1.81469367426436
1.697,-1.81147918829706
1.69715,-1.80827351511747
1.6973,-1.80507662448595
1.69745,-1.80188848628466
1.6976,-1.798709070517
1.69775,-1.79553834730715
1.6979,-1.7923762868994
1.69805,-1.78922285965773
1.6982,-1.78607803606524
1.69835,-1.78294178672356
1.6985,-1.77981408235244
1.69865,-1.77669489378908
1.6988,-1.77358419198773
1.69895,-1.77048194801911
1.6991,-1.76738813306989
1.69925,-1.76430271844219
1.6994,-1.76122567555306
1.69955,-1.75815697593396
1.6997,-1.75509659123027
1.69985,-1.75204449320076
1.7,-1.7490006537171
