"Freq [GHz]","dB(S(1,1)) []"
1.4,-0.620869475125765
1.40015,-0.62183427100917
1.4003,-0.622801269281489
1.40045,-0.623770476521301
1.4006,-0.624741899331258
1.40075,-0.625715544338204
1.4009,-0.626691418193251
1.40105,-0.627669527571933
1.4012,-0.628649879174257
1.40135,-0.629632479724862
1.4015,-0.630617335973103
1.40165,-0.631604454693148
1.4018,-0.632593842684126
1.40195,-0.633585506770206
1.4021,-0.63457945380071
1.40225,-0.635575690650248
1.4024,-0.636574224218797
1.40255,-0.637575061431847
1.4027,-0.638578209240487
1.40285,-0.639583674621539
1.403,-0.640591464577662
1.40315,-0.641601586137462
1.4033,-0.642614046355629
1.40345,-0.643628852313035
1.4036,-0.644646011116851
1.40375,-0.64566552990067
1.4039,-0.646687415824636
1.40405,-0.647711676075535
1.4042,-0.648738317866952
1.40435,-0.649767348439353
1.4045,-0.650798775060224
1.40465,-0.651832605024209
1.4048,-0.652868845653195
1.40495,-0.653907504296475
1.4051,-0.654948588330829
1.40525,-0.655992105160682
1.4054,-0.657038062218222
1.40555,-0.658086466963508
1.4057,-0.659137326884622
1.40585,-0.660190649497771
1.406,-0.661246442347427
1.40615,-0.66230471300646
1.4063,-0.663365469076252
1.40645,-0.664428718186844
1.4066,-0.665494467997048
1.40675,-0.666562726194586
1.4069,-0.667633500496232
1.40705,-0.668706798647926
1.4072,-0.669782628424919
1.40735,-0.670860997631906
1.4075,-0.671941914103142
1.40765,-0.67302538570261
1.4078,-0.674111420324137
1.40795,-0.675200025891519
1.4081,-0.676291210358687
1.40825,-0.677384981709825
1.4084,-0.678481347959509
1.40855,-0.679580317152856
1.4087,-0.680681897365661
1.40885,-0.681786096704537
1.409,-0.682892923307051
1.40915,-0.684002385341873
1.4093,-0.685114491008926
1.40945,-0.686229248539507
1.4096,-0.68734666619647
1.40975,-0.688466752274326
1.4099,-0.689589515099426
1.41005,-0.690714963030092
1.4102,-0.691843104456767
1.41035,-0.692973947802167
1.4105,-0.694107501521423
1.41065,-0.695243774102237
1.4108,-0.696382774065045
1.41095,-0.697524509963142
1.4111,-0.698668990382863
1.41125,-0.699816223943719
1.4114,-0.700966219298553
1.41155,-0.702118985133707
1.4117,-0.703274530169164
1.41185,-0.704432863158721
1.412,-0.705593992890132
1.41215,-0.706757928185275
1.4123,-0.707924677900307
1.41245,-0.709094250925837
1.4126,-0.710266656187071
1.41275,-0.711441902643982
1.4129,-0.712619999291479
1.41305,-0.713800955159564
1.4132,-0.714984779313495
1.41335,-0.716171480853962
1.4135,-0.717361068917251
1.41365,-0.718553552675403
1.4138,-0.719748941336388
1.41395,-0.720947244144289
1.4141,-0.722148470379447
1.41425,-0.723352629358657
1.4144,-0.724559730435322
1.41455,-0.725769782999639
1.4147,-0.726982796478772
1.41485,-0.728198780337017
1.415,-0.729417744075996
1.41515,-0.730639697234826
1.4153,-0.731864649390287
1.41545,-0.733092610157021
1.4156,-0.734323589187703
1.41575,-0.735557596173227
1.4159,-0.736794640842873
1.41605,-0.738034732964517
1.4162,-0.739277882344792
1.41635,-0.740524098829292
1.4165,-0.741773392302747
1.41665,-0.743025772689214
1.4168,-0.744281249952266
1.41695,-0.745539834095187
1.4171,-0.746801535161156
1.41725,-0.748066363233444
1.4174,-0.749334328435606
1.41755,-0.750605440931675
1.4177,-0.751879710926355
1.41785,-0.753157148665226
1.418,-0.754437764434933
1.41815,-0.75572156856339
1.4183,-0.757008571419983
1.41845,-0.758298783415758
1.4186,-0.75959221500364
1.41875,-0.760888876678623
1.4189,-0.762188778977987
1.41905,-0.763491932481492
1.4192,-0.764798347811595
1.41935,-0.766108035633654
1.4195,-0.767421006656129
1.41965,-0.768737271630819
1.4198,-0.770056841353043
1.41995,-0.771379726661867
1.4201,-0.77270593844032
1.42025,-0.774035487615612
1.4204,-0.775368385159341
1.42055,-0.77670464208772
1.4207,-0.778044269461794
1.42085,-0.779387278387655
1.421,-0.780733680016668
1.42115,-0.782083485545704
1.4213,-0.783436706217355
1.42145,-0.784793353320145
1.4216,-0.786153438188791
1.42175,-0.787516972204409
1.4219,-0.788883966794739
1.42205,-0.790254433434401
1.4222,-0.791628383645102
1.42235,-0.793005828995881
1.4225,-0.794386781103345
1.42265,-0.795771251631903
1.4228,-0.797159252294017
1.42295,-0.79855079485041
1.4231,-0.79994589111034
1.42325,-0.80134455293183
1.4234,-0.802746792221903
1.42355,-0.804152620936848
1.4237,-0.80556205108244
1.42385,-0.806975094714211
1.424,-0.808391763937693
1.42415,-0.809812070908657
1.4243,-0.811236027833392
1.42445,-0.812663646968926
1.4246,-0.814094940623308
1.42475,-0.815529921155851
1.4249,-0.816968600977407
1.42505,-0.8184109925506
1.4252,-0.819857108390118
1.42535,-0.82130696106295
1.4255,-0.822760563188669
1.42565,-0.824217927439693
1.4258,-0.825679066541549
1.42595,-0.827143993273158
1.4261,-0.82861272046708
1.42625,-0.830085261009806
1.4264,-0.831561627842039
1.42655,-0.833041833958944
1.4267,-0.834525892410458
1.42685,-0.836013816301544
1.427,-0.837505618792485
1.42715,-0.83900131309916
1.4273,-0.840500912493342
1.42745,-0.842004430302971
1.4276,-0.843511879912449
1.42775,-0.84502327476292
1.4279,-0.846538628352582
1.42805,-0.848057954236959
1.4282,-0.849581266029215
1.42835,-0.851108577400434
1.4285,-0.852639902079931
1.42865,-0.85417525385555
1.4288,-0.855714646573962
1.42895,-0.857258094140979
1.4291,-0.858805610521852
1.42925,-0.86035720974158
1.4294,-0.861912905885221
1.42955,-0.863472713098221
1.4297,-0.865036645586687
1.42985,-0.866604717617752
1.43,-0.868176943519858
1.43015,-0.86975333768308
1.4303,-0.87133391455948
1.43045,-0.87291868866338
1.4306,-0.874507674571735
1.43075,-0.876100886924423
1.4309,-0.8776983404246
1.43105,-0.879300049839027
1.4312,-0.880906029998401
1.43135,-0.882516295797688
1.4315,-0.884130862196463
1.43165,-0.885749744219259
1.4318,-0.887372956955898
1.43195,-0.889000515561838
1.4321,-0.890632435258534
1.43225,-0.892268731333764
1.4324,-0.893909419141993
1.43255,-0.895554514104727
1.4327,-0.89720403171087
1.43285,-0.898857987517078
1.433,-0.900516397148116
1.43315,-0.902179276297226
1.4333,-0.903846640726488
1.43345,-0.905518506267191
1.4336,-0.907194888820206
1.43375,-0.908875804356346
1.4339,-0.910561268916746
1.43405,-0.912251298613237
1.4342,-0.91394590962874
1.43435,-0.915645118217622
1.4345,-0.917348940706101
1.43465,-0.919057393492617
1.4348,-0.920770493048231
1.43495,-0.922488255917015
1.4351,-0.924210698716438
1.43525,-0.925937838137773
1.4354,-0.927669690946485
1.43555,-0.929406273982641
1.4357,-0.931147604161309
1.43585,-0.932893698472962
1.436,-0.934644573983898
1.43615,-0.936400247836644
1.4363,-0.938160737250358
1.43645,-0.939926059521275
1.4366,-0.9416962320231
1.43675,-0.943471272207448
1.4369,-0.945251197604262
1.43705,-0.947036025822232
1.4372,-0.948825774549245
1.43735,-0.950620461552806
1.4375,-0.952420104680476
1.43765,-0.954224721860315
1.4378,-0.956034331101313
1.43795,-0.957848950493854
1.4381,-0.959668598210153
1.43825,-0.961493292504697
1.4384,-0.963323051714718
1.43855,-0.965157894260641
1.4387,-0.966997838646536
1.43885,-0.968842903460597
1.439,-0.970693107375593
1.43915,-0.972548469149355
1.4393,-0.97440900762522
1.43945,-0.976274741732529
1.4396,-0.97814569048711
1.43975,-0.980021872991729
1.4399,-0.981903308436614
1.44005,-0.98379001609991
1.4402,-0.985682015348184
1.44035,-0.987579325636922
1.4405,-0.989481966511028
1.44065,-0.991389957605313
1.4408,-0.993303318645011
1.44095,-0.995222069446278
1.4411,-0.997146229916719
1.44125,-0.999075820055871
1.4414,-1.00101085995577
1.44155,-1.00295136980142
1.4417,-1.00489736987134
1.44185,-1.00684888053813
1.442,-1.00880592226893
1.44215,-1.01076851562601
1.4423,-1.01273668126728
1.44245,-1.01471043994686
1.4426,-1.01668981251562
1.44275,-1.0186748199217
1.4429,-1.02066548321111
1.44305,-1.02266182352824
1.4432,-1.02466386211647
1.44335,-1.0266716203187
1.4435,-1.02868511957793
1.44365,-1.03070438143785
1.4438,-1.03272942754339
1.44395,-1.0347602796413
1.4441,-1.03679695958078
1.44425,-1.03883948931401
1.4444,-1.04088789089679
1.44455,-1.0429421864891
1.4447,-1.04500239835573
1.44485,-1.04706854886687
1.445,-1.04914066049874
1.44515,-1.05121875583415
1.4453,-1.05330285756321
1.44545,-1.05539298848384
1.4456,-1.05748917150251
1.44575,-1.05959142963478
1.4459,-1.06169978600598
1.44605,-1.06381426385184
1.4462,-1.06593488651917
1.44635,-1.0680616774664
1.4465,-1.07019466026439
1.44665,-1.07233385859696
1.4468,-1.07447929626159
1.44695,-1.07663099717014
1.4471,-1.07878898534944
1.44725,-1.080953284942
1.4474,-1.08312392020674
1.44755,-1.08530091551957
1.4477,-1.08748429537419
1.44785,-1.08967408438272
1.448,-1.09187030727641
1.44815,-1.09407298890638
1.4483,-1.09628215424427
1.44845,-1.09849782838303
1.4486,-1.10072003653756
1.44875,-1.1029488040455
1.4489,-1.10518415636795
1.44905,-1.10742611909016
1.4492,-1.10967471792234
1.44935,-1.11192997870035
1.4495,-1.11419192738648
1.44965,-1.11646059007022
1.4498,-1.11873599296897
1.44995,-1.12101816242886
1.4501,-1.12330712492553
1.45025,-1.12560290706486
1.4504,-1.12790553558377
1.45055,-1.13021503735105
1.4507,-1.13253143936812
1.45085,-1.13485476876985
1.451,-1.13718505282532
1.45115,-1.13952231893873
1.4513,-1.14186659465011
1.45145,-1.14421790763624
1.4516,-1.14657628571141
1.45175,-1.14894175682829
1.4519,-1.15131434907879
1.45205,-1.15369409069487
1.4522,-1.15608101004943
1.45235,-1.15847513565716
1.4525,-1.1608764961754
1.45265,-1.16328512040503
1.4528,-1.16570103729133
1.45295,-1.16812427592491
1.4531,-1.17055486554255
1.45325,-1.17299283552814
1.4534,-1.17543821541358
1.45355,-1.17789103487968
1.4537,-1.18035132375711
1.45385,-1.18281911202728
1.454,-1.18529442982333
1.45415,-1.18777730743103
1.4543,-1.19026777528976
1.45445,-1.19276586399343
1.4546,-1.1952716042915
1.45475,-1.19778502708986
1.4549,-1.20030616345191
1.45505,-1.20283504459947
1.4552,-1.2053717019138
1.45535,-1.20791616693661
1.4555,-1.21046847137105
1.45565,-1.21302864708271
1.4558,-1.21559672610068
1.45595,-1.21817274061856
1.4561,-1.22075672299548
1.45625,-1.22334870575719
1.4564,-1.22594872159708
1.45655,-1.22855680337722
1.4567,-1.2311729841295
1.45685,-1.23379729705663
1.457,-1.23642977553328
1.45715,-1.23907045310716
1.4573,-1.24171936350009
1.45745,-1.24437654060916
1.4576,-1.24704201850781
1.45775,-1.24971583144699
1.4579,-1.25239801385627
1.45805,-1.25508860034499
1.4582,-1.25778762570343
1.45835,-1.26049512490396
1.4585,-1.2632111331022
1.45865,-1.26593568563823
1.4588,-1.26866881803773
1.45895,-1.27141056601326
1.4591,-1.27416096546538
1.45925,-1.27692005248391
1.4594,-1.27968786334919
1.45955,-1.28246443453323
1.4597,-1.28524980270103
1.45985,-1.28804400471182
1.46,-1.29084707762029
1.46015,-1.29365905867792
1.4603,-1.29647998533422
1.46045,-1.29930989523804
1.4606,-1.30214882623889
1.46075,-1.30499681638822
1.4609,-1.3078539039408
1.46105,-1.31072012735601
1.4612,-1.31359552529919
1.46135,-1.31648013664303
1.4615,-1.3193740004689
1.46165,-1.32227715606826
1.4618,-1.32518964294402
1.46195,-1.32811150081196
1.4621,-1.33104276960217
1.46225,-1.33398348946039
1.4624,-1.33693370074953
1.46255,-1.33989344405109
1.4627,-1.34286276016656
1.46285,-1.345841690119
1.463,-1.3488302751544
1.46315,-1.35182855674329
1.4633,-1.35483657658213
1.46345,-1.35785437659492
1.4636,-1.36088199893467
1.46375,-1.36391948598498
1.4639,-1.36696688036154
1.46405,-1.37002422491378
1.4642,-1.37309156272636
1.46435,-1.3761689371208
1.4645,-1.37925639165712
1.46465,-1.38235397013538
1.4648,-1.38546171659737
1.46495,-1.38857967532824
1.4651,-1.39170789085814
1.46525,-1.39484640796391
1.4654,-1.39799527167074
1.46555,-1.4011545272539
1.4657,-1.40432422024043
1.46585,-1.40750439641086
1.466,-1.41069510180098
1.46615,-1.41389638270354
1.4663,-1.41710828567008
1.46645,-1.42033085751268
1.4666,-1.42356414530575
1.46675,-1.42680819638785
1.4669,-1.43006305836354
1.46705,-1.43332877910519
1.4672,-1.43660540675484
1.46735,-1.43989298972611
1.4675,-1.44319157670604
1.46765,-1.44650121665701
1.4678,-1.4498219588187
1.46795,-1.45315385270996
1.4681,-1.45649694813079
1.46825,-1.45985129516434
1.4684,-1.46321694417884
1.46855,-1.46659394582964
1.4687,-1.46998235106123
1.46885,-1.47338221110923
1.469,-1.47679357750249
1.46915,-1.48021650206515
1.4693,-1.48365103691871
1.46945,-1.48709723448414
1.4696,-1.49055514748404
1.46975,-1.49402482894468
1.4699,-1.49750633219831
1.47005,-1.50099971088517
1.4702,-1.50450501895583
1.47035,-1.50802231067332
1.4705,-1.51155164061536
1.47065,-1.51509306367667
1.4708,-1.51864663507119
1.47095,-1.52221241033438
1.4711,-1.52579044532556
1.47125,-1.52938079623018
1.4714,-1.53298351956224
1.47155,-1.5365986721666
1.4717,-1.54022631122142
1.47185,-1.54386649424052
1.472,-1.54751927907586
1.47215,-1.55118472391995
1.4723,-1.55486288730836
1.47245,-1.5585538281222
1.4726,-1.56225760559063
1.47275,-1.56597427929339
1.4729,-1.56970390916339
1.47305,-1.5734465554893
1.4732,-1.57720227891809
1.47335,-1.58097114045773
1.4735,-1.5847532014798
1.47365,-1.5885485237222
1.4738,-1.59235716929179
1.47395,-1.59617920066716
1.4741,-1.60001468070138
1.47425,-1.60386367262474
1.4744,-1.60772624004752
1.47455,-1.6116024469629
1.4747,-1.61549235774971
1.47485,-1.61939603717535
1.475,-1.62331355039865
1.47515,-1.62724496297282
1.4753,-1.63119034084838
1.47545,-1.63514975037615
1.4756,-1.63912325831019
1.47575,-1.64311093181092
1.4759,-1.64711283844806
1.47605,-1.65112904620382
1.4762,-1.65515962347591
1.47635,-1.65920463908075
1.4765,-1.66326416225659
1.47665,-1.66733826266667
1.4768,-1.67142701040253
1.47695,-1.67553047598719
1.4771,-1.67964873037843
1.47725,-1.68378184497212
1.4774,-1.68792989160555
1.47755,-1.69209294256077
1.4777,-1.69627107056805
1.47785,-1.70046434880924
1.478,-1.70467285092127
1.47815,-1.70889665099962
1.4783,-1.71313582360185
1.47845,-1.71739044375116
1.4786,-1.72166058693998
1.47875,-1.72594632913357
1.4789,-1.7302477467737
1.47905,-1.7345649167823
1.4792,-1.7388979165652
1.47935,-1.74324682401591
1.4795,-1.74761171751936
1.47965,-1.75199267595577
1.4798,-1.75638977870445
1.47995,-1.76080310564776
1.4801,-1.76523273717499
1.48025,-1.76967875418637
1.4804,-1.77414123809703
1.48055,-1.77862027084106
1.4807,-1.78311593487559
1.48085,-1.78762831318491
1.481,-1.79215748928462
1.48115,-1.79670354722581
1.4813,-1.8012665715993
1.48145,-1.80584664753993
1.4816,-1.81044386073083
1.48175,-1.81505829740783
1.4819,-1.81969004436378
1.48205,-1.82433918895305
1.4822,-1.82900581909598
1.48235,-1.83369002328337
1.4825,-1.83839189058108
1.48265,-1.84311151063464
1.4828,-1.84784897367384
1.48295,-1.85260437051747
1.4831,-1.85737779257804
1.48325,-1.86216933186656
1.4834,-1.86697908099737
1.48355,-1.87180713319299
1.4837,-1.87665358228907
1.48385,-1.88151852273933
1.484,-1.88640204962058
1.48415,-1.89130425863777
1.4843,-1.89622524612912
1.48445,-1.90116510907124
1.4846,-1.90612394508437
1.48475,-1.91110185243764
1.4849,-1.91609893005432
1.48505,-1.92111527751726
1.4852,-1.92615099507421
1.48535,-1.93120618364337
1.4855,-1.93628094481882
1.48565,-1.94137538087616
1.4858,-1.94648959477809
1.48595,-1.95162369018009
1.4861,-1.95677777143612
1.48625,-1.9619519436045
1.4864,-1.96714631245365
1.48655,-1.97236098446803
1.4867,-1.97759606685412
1.48685,-1.98285166754639
1.487,-1.98812789521339
1.48715,-1.99342485926391
1.4873,-1.99874266985314
1.48745,-2.0040814378889
1.4876,-2.00944127503803
1.48775,-2.01482229373271
1.4879,-2.02022460717689
1.48805,-2.02564832935284
1.4882,-2.03109357502769
1.48835,-2.03656045976003
1.4885,-2.04204909990668
1.48865,-2.0475596126294
1.4888,-2.05309211590171
1.48895,-2.05864672851585
1.4891,-2.06422357008966
1.48925,-2.06982276107369
1.4894,-2.07544442275827
1.48955,-2.0810886772807
1.4897,-2.08675564763247
1.48985,-2.09244545766661
1.49,-2.09815823210508
1.49015,-2.1038940965462
1.4903,-2.10965317747225
1.49045,-2.11543560225704
1.4906,-2.12124149917363
1.49075,-2.12707099740207
1.4909,-2.13292422703728
1.49105,-2.13880131909697
1.4912,-2.14470240552964
1.49135,-2.15062761922266
1.4915,-2.15657709401046
1.49165,-2.16255096468277
1.4918,-2.16854936699296
1.49195,-2.17457243766644
1.4921,-2.18062031440921
1.49225,-2.1866931359164
1.4924,-2.19279104188098
1.49255,-2.19891417300253
1.4927,-2.20506267099606
1.49285,-2.21123667860102
1.493,-2.21743633959025
1.49315,-2.22366179877919
1.4933,-2.22991320203507
1.49345,-2.2361906962862
1.4936,-2.24249442953146
1.49375,-2.24882455084971
1.4939,-2.25518121040947
1.49405,-2.26156455947859
1.4942,-2.26797475043408
1.49435,-2.27441193677198
1.4945,-2.2808762731174
1.49465,-2.28736791523461
1.4948,-2.29388702003727
1.49495,-2.30043374559873
1.4951,-2.30700825116248
1.49525,-2.31361069715269
1.4954,-2.32024124518478
1.49555,-2.32690005807629
1.4957,-2.33358729985765
1.49585,-2.3403031357832
1.496,-2.34704773234229
1.49615,-2.35382125727045
1.4963,-2.36062387956075
1.49645,-2.36745576947522
1.4966,-2.37431709855641
1.49675,-2.38120803963911
1.4969,-2.38812876686206
1.49705,-2.39507945568001
1.4972,-2.40206028287564
1.49735,-2.40907142657184
1.4975,-2.41611306624395
1.49765,-2.42318538273219
1.4978,-2.4302885582543
1.49795,-2.43742277641815
1.4981,-2.44458822223461
1.49825,-2.4517850821305
1.4984,-2.45901354396171
1.49855,-2.46627379702641
1.4987,-2.47356603207846
1.49885,-2.48089044134089
1.499,-2.4882472185196
1.49915,-2.49563655881714
1.4993,-2.50305865894665
1.49945,-2.510513717146
1.4996,-2.51800193319201
1.49975,-2.52552350841485
1.4999,-2.53307864571259
1.50005,-2.54066754956589
1.5002,-2.54829042605292
1.50035,-2.5559474828643
1.5005,-2.56363892931832
1.50065,-2.57136497637631
1.5008,-2.57912583665803
1.50095,-2.5869217244575
1.5011,-2.59475285575867
1.50125,-2.60261944825155
1.5014,-2.61052172134832
1.50155,-2.61845989619965
1.5017,-2.62643419571129
1.50185,-2.63444484456072
1.502,-2.64249206921403
1.50215,-2.65057609794297
1.5023,-2.65869716084219
1.50245,-2.66685548984667
1.5026,-2.67505131874932
1.50275,-2.68328488321874
1.5029,-2.69155642081727
1.50305,-2.69986617101913
1.5032,-2.70821437522874
1.50335,-2.7166012767994
1.5035,-2.72502712105198
1.50365,-2.73349215529389
1.5038,-2.74199662883829
1.50395,-2.75054079302342
1.5041,-2.75912490123221
1.50425,-2.76774920891209
1.5044,-2.77641397359497
1.50455,-2.78511945491748
1.5047,-2.79386591464136
1.50485,-2.80265361667422
1.505,-2.81148282709031
1.50515,-2.82035381415168
1.5053,-2.82926684832954
1.50545,-2.83822220232571
1.5056,-2.84722015109455
1.50575,-2.85626097186488
1.5059,-2.86534494416231
1.50605,-2.87447234983168
1.5062,-2.88364347305984
1.50635,-2.89285860039865
1.5065,-2.90211802078817
1.50665,-2.91142202558018
1.5068,-2.92077090856191
1.50695,-2.93016496598003
1.5071,-2.93960449656483
1.50725,-2.94908980155486
1.5074,-2.95862118472159
1.50755,-2.96819895239452
1.5077,-2.97782341348641
1.50785,-2.9874948795189
1.508,-2.9972136646484
1.50815,-3.00698008569213
1.5083,-3.01679446215459
1.50845,-3.02665711625425
1.5086,-3.03656837295047
1.50875,-3.04652855997082
1.5089,-3.05653800783865
1.50905,-3.06659704990084
1.5092,-3.07670602235611
1.50935,-3.08686526428326
1.5095,-3.09707511767013
1.50965,-3.10733592744253
1.5098,-3.11764804149362
1.50995,-3.12801181071368
1.5101,-3.13842758901995
1.51025,-3.14889573338709
1.5104,-3.15941660387775
1.51055,-3.16999056367353
1.5107,-3.1806179791063
1.51085,-3.19129921968981
1.511,-3.20203465815158
1.51115,-3.21282467046532
1.5113,-3.22366963588348
1.51145,-3.23456993697024
1.5116,-3.24552595963485
1.51175,-3.25653809316529
1.5119,-3.26760673026232
1.51205,-3.27873226707386
1.5122,-3.28991510322974
1.51235,-3.30115564187682
1.5125,-3.31245428971442
1.51265,-3.32381145703023
1.5128,-3.33522755773653
1.51295,-3.34670300940674
1.5131,-3.35823823331246
1.51325,-3.36983365446074
1.5134,-3.38148970163194
1.51355,-3.3932068074178
1.5137,-3.40498540826
1.51385,-3.41682594448906
1.514,-3.42872886036367
1.51415,-3.44069460411044
1.5143,-3.45272362796405
1.51445,-3.46481638820772
1.5146,-3.4769733452143
1.51475,-3.48919496348744
1.5149,-3.5014817117036
1.51505,-3.51383406275413
1.5152,-3.5262524937879
1.51535,-3.53873748625447
1.5155,-3.55128952594747
1.51565,-3.56390910304858
1.5158,-3.57659671217189
1.51595,-3.58935285240874
1.5161,-3.60217802737289
1.51625,-3.61507274524631
1.5164,-3.62803751882522
1.51655,-3.64107286556674
1.5167,-3.65417930763597
1.51685,-3.66735737195339
1.517,-3.68060759024295
1.51715,-3.69393049908034
1.5173,-3.70732663994203
1.51745,-3.72079655925451
1.5176,-3.73434080844417
1.51775,-3.74795994398756
1.5179,-3.76165452746213
1.51805,-3.77542512559755
1.5182,-3.78927231032736
1.51835,-3.80319665884114
1.5185,-3.81719875363727
1.51865,-3.83127918257594
1.5188,-3.84543853893296
1.51895,-3.85967742145374
1.5191,-3.87399643440799
1.51925,-3.88839618764472
1.5194,-3.90287729664792
1.51955,-3.9174403825925
1.5197,-3.93208607240097
1.51985,-3.94681499880046
1.52,-3.96162780038019
1.52015,-3.97652512164953
1.5203,-3.99150761309651
1.52045,-4.00657593124685
1.5206,-4.02173073872341
1.52075,-4.03697270430618
1.5209,-4.05230250299277
1.52105,-4.06772081605929
1.5212,-4.08322833112185
1.52135,-4.09882574219846
1.5215,-4.11451374977141
1.52165,-4.13029306085015
1.5218,-4.14616438903461
1.52195,-4.16212845457908
1.5221,-4.17818598445645
1.52225,-4.19433771242296
1.5224,-4.21058437908348
1.52255,-4.22692673195703
1.5227,-4.24336552554309
1.52285,-4.25990152138806
1.523,-4.27653548815229
1.52315,-4.29326820167751
1.5233,-4.31010044505478
1.52345,-4.32703300869266
1.5236,-4.34406669038604
1.52375,-4.3612022953852
1.5239,-4.37844063646536
1.52405,-4.39578253399656
1.5242,-4.41322881601392
1.52435,-4.43078031828835
1.5245,-4.44843788439757
1.52465,-4.46620236579741
1.5248,-4.48407462189357
1.52495,-4.50205552011357
1.5251,-4.52014593597914
1.52525,-4.53834675317883
1.5254,-4.55665886364088
1.52555,-4.57508316760646
1.5257,-4.5936205737029
1.52585,-4.61227199901758
1.526,-4.63103836917161
1.52615,-4.6499206183939
1.5263,-4.66891968959546
1.52645,-4.68803653444355
1.5266,-4.70727211343643
1.52675,-4.72662739597776
1.5269,-4.74610336045133
1.52705,-4.76570099429582
1.5272,-4.78542129407938
1.52735,-4.80526526557456
1.5275,-4.8252339238329
1.52765,-4.84532829325958
1.5278,-4.86554940768792
1.52795,-4.88589831045389
1.5281,-4.90637605447017
1.52825,-4.9269837023003
1.5284,-4.94772232623243
1.52855,-4.96859300835273
1.5287,-4.98959684061867
1.52885,-5.01073492493163
1.529,-5.03200837320941
1.52915,-5.05341830745801
1.5293,-5.07496585984305
1.52945,-5.09665217276053
1.5296,-5.11847839890685
1.52975,-5.14044570134851
1.5299,-5.16255525359062
1.53005,-5.18480823964488
1.5302,-5.20720585409654
1.53035,-5.2297493021705
1.5305,-5.25243979979629
1.53065,-5.27527857367211
1.5308,-5.29826686132752
1.53095,-5.32140591118502
1.5311,-5.34469698262006
1.53125,-5.36814134602008
1.5314,-5.39174028284149
1.53155,-5.41549508566539
1.5317,-5.43940705825148
1.53185,-5.46347751559012
1.532,-5.48770778395246
1.53215,-5.51209920093864
1.5323,-5.53665311552373
1.53245,-5.56137088810139
1.5326,-5.5862538905252
1.53275,-5.61130350614735
1.5329,-5.6365211298548
1.53305,-5.66190816810253
1.5332,-5.68746603894379
1.53335,-5.71319617205732
1.5335,-5.7391000087712
1.53365,-5.76517900208337
1.5338,-5.79143461667842
1.53395,-5.8178683289406
1.5341,-5.84448162696288
1.53425,-5.87127601055165
1.5344,-5.89825299122735
1.53455,-5.92541409222013
1.5347,-5.95276084846094
1.53485,-5.98029480656741
1.535,-6.0080175248244
1.53515,-6.0359305731592
1.5353,-6.06403553311067
1.53545,-6.09233399779247
1.5356,-6.1208275718498
1.53575,-6.14951787140958
1.5359,-6.17840652402348
1.53605,-6.20749516860402
1.5362,-6.23678545535268
1.53635,-6.26627904568019
1.5365,-6.29597761211867
1.53665,-6.32588283822467
1.5368,-6.35599641847366
1.53695,-6.38632005814457
1.5371,-6.41685547319477
1.53725,-6.44760439012451
1.5374,-6.47856854583051
1.53755,-6.5097496874486
1.5377,-6.54114957218437
1.53785,-6.57276996713149
1.538,-6.60461264907744
1.53815,-6.63667940429563
1.5383,-6.66897202832392
1.53845,-6.7014923257283
1.5386,-6.73424210985155
1.53875,-6.76722320254612
1.5389,-6.80043743389035
1.53905,-6.8338866418878
1.5392,-6.8675726721484
1.53935,-6.901497377551
1.5395,-6.93566261788655
1.53965,-6.97007025948059
1.5398,-7.00472217479531
1.53995,-7.03962024200873
1.5401,-7.07476634457148
1.54025,-7.11016237073928
1.5404,-7.14581021308082
1.54055,-7.18171176795906
1.5407,-7.21786893498615
1.54085,-7.2542836164495
1.541,-7.29095771670885
1.54115,-7.32789314156242
1.5413,-7.36509179758119
1.54145,-7.40255559141026
1.5416,-7.44028642903502
1.54175,-7.47828621501177
1.5419,-7.51655685166046
1.54205,-7.55510023821831
1.5422,-7.59391826995297
1.54235,-7.63301283723307
1.5425,-7.67238582455451
1.54265,-7.71203910952099
1.5428,-7.75197456177639
1.54295,-7.79219404188771
1.5431,-7.83269940017583
1.54325,-7.87349247549228
1.5434,-7.91457509393992
1.54355,-7.95594906753508
1.5437,-7.9976161928089
1.54385,-8.03957824934529
1.544,-8.08183699825295
1.54415,-8.12439418056876
1.5443,-8.16725151559028
1.54445,-8.21041069913324
1.5446,-8.25387340171293
1.54475,-8.29764126664451
1.5449,-8.34171590806015
1.54505,-8.38609890883974
1.5452,-8.43079181845076
1.54535,-8.47579615069522
1.5455,-8.52111338135856
1.54565,-8.56674494575778
1.5458,-8.61269223618412
1.54595,-8.65895659923656
1.5461,-8.70553933304233
1.54625,-8.75244168435902
1.5464,-8.79966484555487
1.54655,-8.84720995146224
1.5467,-8.89507807609881
1.54685,-8.94327022925326
1.547,-8.99178735292834
1.54715,-9.0406303176378
1.5473,-9.0897999185507
1.54745,-9.13929687147821
1.5476,-9.18912180869741
1.54775,-9.23927527460547
1.5479,-9.28975772119914
1.54805,-9.34056950337327
1.5482,-9.39171087403187
1.54835,-9.44318197900578
1.5485,-9.49498285177061
1.54865,-9.54711340795795
1.5488,-9.59957343965365
1.54895,-9.65236260947673
1.5491,-9.70548044443101
1.54925,-9.75892632952461
1.5494,-9.8126995011485
1.54955,-9.86679904020845
1.5497,-9.92122386500341
1.54985,-9.97597272384305
1.55,-10.0310441873985
1.55015,-10.0864366407792
1.5503,-10.142148275329
1.55045,-10.1981770801372
1.5506,-10.254520833255
1.55075,-10.3111770926159
1.5509,-10.3681431866507
1.55105,-10.4254162045951
1.5512,-10.482992986484
1.55135,-10.5408701128276
1.5515,-10.5990438939693
1.55165,-10.6575103591174
1.5518,-10.7162652450553
1.55195,-10.7753039845237
1.5521,-10.8346216942774
1.55225,-10.8942131628189
1.5524,-10.954072837808
1.55255,-11.0141948131556
1.5527,-11.0745728158043
1.55285,-11.1352001922026
1.553,-11.1960698944849
1.55315,-11.2571744663645
1.5533,-11.318506028757
1.55345,-11.380056265147
1.5536,-11.4418164067162
1.55375,-11.5037772172592
1.5539,-11.5659289779042
1.55405,-11.6282614716724
1.5542,-11.690763967906
1.55435,-11.7534252065965
1.5545,-11.8162333826596
1.55465,-11.8791761301936
1.5548,-11.9422405067746
1.55495,-12.0054129778385
1.5551,-12.0686794012107
1.55525,-12.1320250118475
1.5554,-12.1954344068551
1.55555,-12.2588915308679
1.5557,-12.3223796618618
1.55585,-12.3858813974949
1.556,-12.4493786420686
1.55615,-12.5128525942088
1.5563,-12.5762837353796
1.55645,-12.6396518193387
1.5566,-12.7029358626614
1.55675,-12.7661141364592
1.5569,-12.8291641594268
1.55705,-12.8920626923632
1.5572,-12.95478573431
1.55735,-13.0173085204626
1.5575,-13.0796055220143
1.55765,-13.141650448092
1.5578,-13.2034162499555
1.55795,-13.2648751276256
1.5581,-13.3259985391168
1.55825,-13.3867572124438
1.5584,-13.4471211605744
1.55855,-13.5070596994991
1.5587,-13.5665414695809
1.55885,-13.6255344603472
1.559,-13.684006038874
1.55915,-13.7419229819046
1.5593,-13.7992515118342
1.55945,-13.8559573366728
1.5596,-13.9120056940866
1.55975,-13.9673613995957
1.5599,-14.0219888989808
1.56005,-14.0758523249349
1.5602,-14.1289155579557
1.56035,-14.1811422914566
1.5605,-14.2324961010318
1.56065,-14.2829405177789
1.5608,-14.3324391055483
1.56095,-14.3809555419406
1.5611,-14.4284537028436
1.56125,-14.4748977502478
1.5614,-14.5202522230429
1.56155,-14.5644821304549
1.5617,-14.6075530477354
1.56185,-14.6494312136806
1.562,-14.6900836295125
1.56215,-14.7294781586175
1.5623,-14.7675836266077
1.56245,-14.8043699211316
1.5626,-14.8398080908432
1.56275,-14.8738704429105
1.5629,-14.9065306384312
1.56305,-14.9377637851151
1.5632,-14.9675465265873
1.56335,-14.9958571276742
1.5635,-15.0226755550413
1.56365,-15.0479835525763
1.5638,-15.0717647109331
1.56395,-15.0940045306903
1.5641,-15.1146904786171
1.56425,-15.1338120365873
1.5644,-15.1513607427398
1.56455,-15.1673302245403
1.5647,-15.1817162234666
1.56485,-15.1945166111081
1.565,-15.2057313965424
1.56515,-15.2153627249252
1.5653,-15.2234148673069
1.56545,-15.2298942017606
1.5656,-15.234809185984
1.56575,-15.2381703216046
1.5659,-15.23999011049
1.56605,-15.2402830034242
1.5662,-15.2390653415729
1.56635,-15.2363552912123
1.5665,-15.2321727722402
1.56665,-15.2265393810313
1.5668,-15.2194783082263
1.56695,-15.2110142520719
1.5671,-15.2011733279445
1.56725,-15.1899829746994
1.5674,-15.1774718584903
1.56755,-15.1636697746974
1.5677,-15.1486075485945
1.56785,-15.1323169353617
1.568,-15.1148305200354
1.56815,-15.0961816179515
1.5683,-15.0764041762115
1.56845,-15.0555326766627
1.5686,-15.0336020408456
1.56875,-15.0106475373234
1.5689,-14.9867046917619
1.56905,-14.9618092000914
1.5692,-14.9359968450344
1.56935,-14.9093034162417
1.5695,-14.8817646342405
1.56965,-14.8534160783527
1.5698,-14.8242931187057
1.56995,-14.7944308524236
1.5701,-14.7638640440444
1.57025,-14.7326270701856
1.5704,-14.7007538684445
1.57055,-14.6682778904942
1.5707,-14.6352320593143
1.57085,-14.6016487304698
1.571,-14.567559657335
1.57115,-14.5329959601436
1.5713,-14.4979880987291
1.57145,-14.4625658488123
1.5716,-14.4267582816792
1.57175,-14.3905937470901
1.5719,-14.3540998592495
1.57205,-14.3173034856715
1.5722,-14.2802307387632
1.57235,-14.2429069699586
1.5725,-14.2053567662295
1.57265,-14.1676039488035
1.5728,-14.1296715739275
1.57295,-14.0915819355093
1.5731,-14.0533565694847
1.57325,-14.0150162597575
1.5734,-13.976581045565
1.57355,-13.9380702301317
1.5737,-13.8995023904772
1.57385,-13.860895388251
1.574,-13.8222663814776
1.57415,-13.7836318370954
1.5743,-13.7450075441864
1.57445,-13.7064086277969
1.5746,-13.6678495632554
1.57475,-13.6293441909036
1.5749,-13.5909057311594
1.57505,-13.552546799839
1.5752,-13.5142794236704
1.57535,-13.4761150559344
1.5755,-13.4380645921798
1.57565,-13.4001383859571
1.5758,-13.3623462645273
1.57595,-13.3246975445002
1.5761,-13.2872010473674
1.57625,-13.2498651148936
1.5764,-13.2126976243366
1.57655,-13.1757060034704
1.5767,-13.1388972453859
1.57685,-13.1022779230502
1.577,-13.0658542036074
1.57715,-13.0296318624033
1.5773,-12.9936162967254
1.57745,-12.9578125392431
1.5776,-12.9222252711436
1.57775,-12.886858834955
1.5779,-12.8517172470515
1.57805,-12.8168042098379
1.5782,-12.782123123612
1.57835,-12.7476770981015
1.5785,-12.7134689636792
1.57865,-12.6795012822545
1.5788,-12.6457763578456
1.57895,-12.6122962468342
1.5791,-12.579062767906
1.57925,-12.546077511683
1.5794,-12.5133418500491
1.57955,-12.480856945178
1.5797,-12.4486237582655
1.57985,-12.4166430579748
1.58,-12.3849154285984
1.58015,-12.3534412779451
1.5803,-12.3222208449575
1.58045,-12.2912542070668
1.5806,-12.2605412872918
1.58075,-12.230081861089
1.5809,-12.1998755629598
1.58105,-12.1699218928236
1.5812,-12.1402202221606
1.58135,-12.1107697999349
1.5815,-12.0815697583007
1.58165,-12.0526191181013
1.5818,-12.0239167941663
1.58195,-11.9954616004127
1.5821,-11.967252254758
1.58225,-11.9392873838507
1.5824,-11.9115655276229
1.58255,-11.8840851436749
1.5827,-11.8568446114923
1.58285,-11.8298422365064
1.583,-11.8030762540006
1.58315,-11.7765448328683
1.5833,-11.7502460792295
1.58345,-11.7241780399085
1.5836,-11.6983387057804
1.58375,-11.6727260149898
1.5839,-11.6473378560454
1.58405,-11.6221720707987
1.5842,-11.5972264573063
1.58435,-11.5724987725844
1.5845,-11.5479867352567
1.58465,-11.5236880281016
1.5848,-11.4996003005015
1.58495,-11.475721170798
1.5851,-11.4520482285571
1.58525,-11.428579036748
1.5854,-11.4053111338373
1.58555,-11.3822420358042
1.5857,-11.3593692380781
1.58585,-11.336690217402
1.586,-11.3142024336248
1.58615,-11.2919033314255
1.5863,-11.2697903419711
1.58645,-11.2478608845114
1.5866,-11.2261123679141
1.58675,-11.20454219214
1.5869,-11.1831477496632
1.58705,-11.1619264268375
1.5872,-11.1408756052104
1.58735,-11.1199926627885
1.5875,-11.0992749752538
1.58765,-11.0787199171352
1.5878,-11.0583248629357
1.58795,-11.0380871882167
1.5881,-11.0180042706425
1.58825,-10.9980734909846
1.5884,-10.9782922340897
1.58855,-10.9586578898102
1.5887,-10.9391678539007
1.58885,-10.9198195288811
1.589,-10.9006103248671
1.58915,-10.8815376603705
1.5893,-10.8625989630688
1.58945,-10.8437916705468
1.5896,-10.8251132310106
1.58975,-10.8065611039748
1.5899,-10.7881327609244
1.59005,-10.7698256859518
1.5902,-10.7516373763702
1.59035,-10.7335653433044
1.5905,-10.715607112259
1.59065,-10.6977602236658
1.5908,-10.6800222334105
1.59095,-10.6623907133392
1.5911,-10.6448632517466
1.59125,-10.6274374538449
1.5914,-10.6101109422153
1.59155,-10.5928813572422
1.5917,-10.57574635753
1.59185,-10.5587036203048
1.592,-10.5417508417998
1.59215,-10.5248857376252
1.5923,-10.5081060431243
1.59245,-10.4914095137141
1.5926,-10.4747939252133
1.59275,-10.4582570741559
1.5929,-10.4417967780918
1.59305,-10.4254108758757
1.5932,-10.4090972279417
1.59335,-10.3928537165677
1.5935,-10.3766782461272
1.59365,-10.3605687433295
1.5938,-10.3445231574493
1.59395,-10.3285394605444
1.5941,-10.3126156476645
1.59425,-10.2967497370475
1.5944,-10.2809397703072
1.59455,-10.2651838126103
1.5947,-10.2494799528439
1.59485,-10.2338263037734
1.595,-10.2182210021907
1.59515,-10.2026622090541
1.5953,-10.1871481096184
1.59545,-10.1716769135561
1.5956,-10.1562468550706
1.59575,-10.1408561930003
1.5959,-10.1255032109145
1.59605,-10.110186217201
1.5962,-10.0949035451455
1.59635,-10.0796535530034
1.5965,-10.0644346240628
1.59665,-10.0492451667012
1.5968,-10.0340836144326
1.59695,-10.0189484259494
1.5971,-10.0038380851545
1.59725,-9.98875110118774
1.5974,-9.97368600844457
1.59755,-9.95864136658722
1.5977,-9.9436157605494
1.59785,-9.92860780053378
1.598,-9.91361612200243
1.59815,-9.89863938566094
1.5983,-9.88367627743528
1.59845,-9.86872550844264
1.5986,-9.85378581495537
1.59875,-9.83885595835839
1.5989,-9.82393472510079
1.59905,-9.80902092664045
1.5992,-9.79411339938313
1.59935,-9.77921100461507
1.5995,-9.76431262842949
1.59965,-9.74941718164759
1.5998,-9.73452359973322
1.59995,-9.71963084270212
1.6001,-9.70473789502531
1.60025,-9.68984376552674
1.6004,-9.67494748727589
1.60055,-9.66004811747434
1.6007,-9.64514473733748
1.60085,-9.63023645197074
1.601,-9.61532239024051
1.60115,-9.60040170464044
1.6013,-9.58547357115215
1.60145,-9.57053718910165
1.6016,-9.55559178101043
1.60175,-9.5406365924421
1.6019,-9.52567089184452
1.60205,-9.51069397038707
1.6022,-9.49570514179383
1.60235,-9.48070374217229
1.6025,-9.46568912983765
1.60265,-9.45066068513347
1.6028,-9.43561781024774
1.60295,-9.42055992902546
1.6031,-9.40548648677722
1.60325,-9.39039695008388
1.6034,-9.37529080659812
1.60355,-9.36016756484196
1.6037,-9.34502675400128
1.60385,-9.32986792371686
1.604,-9.31469064387213
1.60415,-9.29949450437821
1.6043,-9.28427911495561
1.60445,-9.26904410491332
1.6046,-9.25378912292499
1.60475,-9.2385138368027
1.6049,-9.22321793326799
1.60505,-9.20790111772055
1.6052,-9.19256311400473
1.60535,-9.17720366417368
1.6055,-9.16182252825168
1.60565,-9.14641948399425
1.6058,-9.1309943266465
1.60595,-9.11554686869992
1.6061,-9.10007693964724
1.60625,-9.08458438573618
1.6064,-9.06906906972144
1.60655,-9.05353087061551
1.6067,-9.03796968343858
1.60685,-9.0223854189669
1.607,-9.00677800348073
1.60715,-8.991147378511
1.6073,-8.97549350058543
1.60745,-8.95981634097412
1.6076,-8.94411588543443
1.60775,-8.92839213395554
1.6079,-8.91264510050284
1.60805,-8.89687481276166
1.6082,-8.8810813118816
1.60835,-8.86526465222015
1.6085,-8.84942490108694
1.60865,-8.83356213848791
1.6088,-8.81767645686977
1.60895,-8.80176796086512
1.6091,-8.78583676703758
1.60925,-8.7698830036281
1.6094,-8.75390681030142
1.60955,-8.73790833789344
1.6097,-8.72188774815973
1.60985,-8.7058452135244
1.61,-8.68978091683057
1.61015,-8.67369505109165
1.6103,-8.65758781924361
1.61045,-8.64145943389905
1.6106,-8.62531011710193
1.61075,-8.60914010008444
1.6109,-8.59294962302469
1.61105,-8.57673893480629
1.6112,-8.56050829277963
1.61135,-8.54425796252449
1.6115,-8.5279882176149
1.61165,-8.51169933938538
1.6118,-8.49539161669918
1.61195,-8.4790653457187
1.6121,-8.46272082967749
1.61225,-8.4463583786547
1.6124,-8.42997830935135
1.61255,-8.41358094486879
1.6127,-8.39716661448961
1.61285,-8.3807356534603
1.613,-8.36428840277689
1.61315,-8.3478252089721
1.6133,-8.3313464239057
1.61345,-8.31485240455663
1.6136,-8.29834351281782
1.61375,-8.28182011529365
1.6139,-8.26528258309952
1.61405,-8.24873129166444
1.6142,-8.23216662053584
1.61435,-8.21558895318696
1.6145,-8.1989986768273
1.61465,-8.18239618221503
1.6148,-8.16578186347281
1.61495,-8.1491561179057
1.6151,-8.13251934582196
1.61525,-8.11587195035684
1.6154,-8.09921433729856
1.61555,-8.08254691491756
1.6157,-8.06587009379825
1.61585,-8.04918428667337
1.616,-8.03248990826153
1.61615,-8.01578737510703
1.6163,-7.99907710542298
1.61645,-7.98235951893677
1.6166,-7.96563503673837
1.61675,-7.94890408113181
1.6169,-7.93216707548878
1.61705,-7.91542444410566
1.6172,-7.89867661206292
1.61735,-7.88192400508721
1.6175,-7.86516704941666
1.61765,-7.84840617166829
1.6178,-7.83164179870886
1.61795,-7.81487435752782
1.6181,-7.79810427511327
1.61825,-7.78133197833068
1.6184,-7.76455789380402
1.61855,-7.74778244779993
1.6187,-7.73100606611417
1.61885,-7.71422917396092
1.619,-7.69745219586466
1.61915,-7.68067555555459
1.6193,-7.66389967586173
1.61945,-7.64712497861852
1.6196,-7.63035188456076
1.61975,-7.61358081323258
1.6199,-7.59681218289317
1.62005,-7.5800464104267
1.6202,-7.56328391125428
1.62035,-7.54652509924817
1.6205,-7.52977038664901
1.62065,-7.51302018398465
1.6208,-7.49627489999198
1.62095,-7.47953494154057
1.6211,-7.46280071355896
1.62125,-7.44607261896306
1.6214,-7.42935105858653
1.62155,-7.41263643111396
1.6217,-7.39592913301556
1.62185,-7.37922955848454
1.622,-7.36253809937621
1.62215,-7.3458551451493
1.6223,-7.32918108280948
1.62245,-7.31251629685461
1.6226,-7.29586116922229
1.62275,-7.27921607923922
1.6229,-7.26258140357229
1.62305,-7.24595751618216
1.6232,-7.22934478827793
1.62335,-7.21274358827435
1.6235,-7.19615428175055
1.62365,-7.17957723141026
1.6238,-7.16301279704445
1.62395,-7.14646133549499
1.6241,-7.12992320062059
1.62425,-7.11339874326396
1.6244,-7.0968883112207
1.62455,-7.08039224921014
1.6247,-7.06391089884709
1.62485,-7.04744459861584
1.625,-7.03099368384511
1.62515,-7.01455848668467
1.6253,-6.99813933608368
1.62545,-6.98173655776983
1.6256,-6.96535047423059
1.62575,-6.94898140469526
1.6259,-6.93262966511853
1.62605,-6.9162955681656
1.6262,-6.89997942319799
1.62635,-6.88368153626131
1.6265,-6.86740221007371
1.62665,-6.85114174401559
1.6268,-6.83490043412081
1.62695,-6.81867857306861
1.6271,-6.802476450177
1.62725,-6.78629435139695
1.6274,-6.7701325593077
1.62755,-6.75399135311336
1.6277,-6.73787100864006
1.62785,-6.72177179833451
1.628,-6.70569399126322
1.62815,-6.68963785311275
1.6283,-6.67360364619102
1.62845,-6.65759162942904
1.6286,-6.64160205838416
1.62875,-6.62563518524361
1.6289,-6.60969125882894
1.62905,-6.59377052460162
1.6292,-6.57787322466884
1.62935,-6.56199959779057
1.6295,-6.54614987938692
1.62965,-6.53032430154653
1.6298,-6.51452309303547
1.62995,-6.49874647930671
1.6301,-6.48299468251053
1.63025,-6.46726792150513
1.6304,-6.45156641186829
1.63055,-6.43589036590926
1.6307,-6.42023999268126
1.63085,-6.40461549799476
1.631,-6.38901708443092
1.63115,-6.3734449513559
1.6313,-6.35789929493535
1.63145,-6.34238030814949
1.6316,-6.32688818080874
1.63175,-6.31142309956951
1.6319,-6.29598524795082
1.63205,-6.28057480635092
1.6322,-6.2651919520644
1.63235,-6.24983685929994
1.6325,-6.23450969919793
1.63265,-6.21921063984899
1.6328,-6.20393984631234
1.63295,-6.18869748063459
1.6331,-6.17348370186919
1.63325,-6.15829866609553
1.6334,-6.1431425264389
1.63355,-6.12801543309042
1.6337,-6.11291753332711
1.63385,-6.09784897153248
1.634,-6.08280988921716
1.63415,-6.06780042503968
1.6343,-6.05282071482776
1.63445,-6.03787089159919
1.6346,-6.02295108558367
1.63475,-6.00806142424402
1.6349,-5.99320203229817
1.63505,-5.97837303174096
1.6352,-5.96357454186602
1.63535,-5.94880667928814
1.6355,-5.93406955796523
1.63565,-5.91936328922088
1.6358,-5.90468798176675
1.63595,-5.8900437417249
1.6361,-5.87543067265071
1.63625,-5.86084887555515
1.6364,-5.84629844892785
1.63655,-5.83177948875971
1.6367,-5.81729208856561
1.63685,-5.80283633940751
1.637,-5.78841232991702
1.63715,-5.77402014631857
1.6373,-5.75965987245224
1.63745,-5.74533158979649
1.6376,-5.73103537749138
1.63775,-5.71677131236123
1.6379,-5.70253946893773
1.63805,-5.68833991948264
1.6382,-5.67417273401076
1.63835,-5.66003798031281
1.6385,-5.64593572397803
1.63865,-5.63186602841722
1.6388,-5.61782895488517
1.63895,-5.60382456250354
1.6391,-5.58985290828343
1.63925,-5.57591404714781
1.6394,-5.56200803195422
1.63955,-5.54813491351693
1.6397,-5.53429474062961
1.63985,-5.52048756008738
1.64,-5.50671341670899
1.64015,-5.49297235335916
1.6403,-5.47926441097037
1.64045,-5.46558962856492
1.6406,-5.45194804327686
1.64075,-5.43833969037343
1.6409,-5.42476460327716
1.64105,-5.41122281358698
1.6412,-5.39771435110002
1.64135,-5.38423924383272
1.6415,-5.37079751804212
1.64165,-5.35738919824707
1.6418,-5.344014307249
1.64195,-5.33067286615312
1.6421,-5.31736489438892
1.64225,-5.30409040973086
1.6424,-5.29084942831906
1.64255,-5.27764196467942
1.6427,-5.26446803174413
1.64285,-5.25132764087169
1.643,-5.23822080186687
1.64315,-5.22514752300074
1.6433,-5.21210781103021
1.64345,-5.19910167121785
1.6436,-5.18612910735122
1.64375,-5.17319012176218
1.6439,-5.16028471534625
1.64405,-5.14741288758146
1.6442,-5.13457463654743
1.64435,-5.12176995894414
1.6445,-5.10899885011036
1.64465,-5.09626130404245
1.6448,-5.0835573134124
1.64495,-5.07088686958632
1.6451,-5.05824996264232
1.64525,-5.04564658138841
1.6454,-5.03307671338044
1.64555,-5.02054034493949
1.6457,-5.0080374611696
1.64585,-4.99556804597487
1.646,-4.98313208207681
1.64615,-4.97072955103133
1.6463,-4.95836043324557
1.64645,-4.94602470799475
1.6466,-4.93372235343864
1.64675,-4.92145334663815
1.6469,-4.90921766357158
1.64705,-4.89701527915065
1.6472,-4.88484616723678
1.64735,-4.87271030065664
1.6475,-4.86060765121814
1.64765,-4.84853818972584
1.6478,-4.83650188599635
1.64795,-4.82449870887379
1.6481,-4.8125286262447
1.64825,-4.80059160505318
1.6484,-4.7886876113157
1.64855,-4.77681661013572
1.6487,-4.76497856571838
1.64885,-4.75317344138474
1.649,-4.74140119958623
1.64915,-4.72966180191869
1.6493,-4.71795520913626
1.64945,-4.70628138116543
1.6496,-4.69464027711849
1.64975,-4.68303185530736
1.6499,-4.67145607325682
1.65005,-4.6599128877178
1.6502,-4.64840225468067
1.65035,-4.63692412938803
1.6505,-4.62547846634779
1.65065,-4.61406521934582
1.6508,-4.60268434145843
1.65095,-4.59133578506509
1.6511,-4.58001950186045
1.65125,-4.56873544286682
1.6514,-4.55748355844607
1.65155,-4.54626379831154
1.6517,-4.53507611154001
1.65185,-4.52392044658314
1.652,-4.51279675127923
1.65215,-4.50170497286448
1.6523,-4.49064505798431
1.65245,-4.47961695270462
1.6526,-4.4686206025226
1.65275,-4.4576559523779
1.6529,-4.44672294666325
1.65305,-4.43582152923511
1.6532,-4.4249516434243
1.65335,-4.41411323204635
1.6535,-4.40330623741181
1.65365,-4.39253060133646
1.6538,-4.38178626515127
1.65395,-4.37107316971247
1.6541,-4.36039125541124
1.65425,-4.34974046218356
1.6544,-4.33912072951958
1.65455,-4.32853199647338
1.6547,-4.31797420167213
1.65485,-4.30744728332533
1.655,-4.2969511792341
1.65515,-4.28648582680005
1.6553,-4.2760511630343
1.65545,-4.26564712456627
1.6556,-4.25527364765231
1.65575,-4.24493066818441
1.6559,-4.23461812169854
1.65605,-4.2243359433832
1.6562,-4.21408406808759
1.65635,-4.20386243032976
1.6565,-4.19367096430482
1.65665,-4.18350960389273
1.6568,-4.17337828266632
1.65695,-4.16327693389902
1.6571,-4.15320549057244
1.65725,-4.14316388538412
1.6574,-4.13315205075479
1.65755,-4.12316991883598
1.6577,-4.11321742151716
1.65785,-4.10329449043291
1.658,-4.09340105697017
1.65815,-4.08353705227505
1.6583,-4.07370240725993
1.65845,-4.06389705261019
1.6586,-4.0541209187909
1.65875,-4.04437393605358
1.6589,-4.03465603444265
1.65905,-4.024967143802
1.6592,-4.01530719378129
1.65935,-4.00567611384227
1.6595,-3.99607383326504
1.65965,-3.98650028115409
1.6598,-3.97695538644446
1.65995,-3.96743907790766
1.6601,-3.95795128415747
1.66025,-3.94849193365586
1.6604,-3.93906095471865
1.66055,-3.92965827552119
1.6607,-3.92028382410395
1.66085,-3.9109375283779
1.661,-3.90161931613006
1.66115,-3.89232911502871
1.6613,-3.88306685262877
1.66145,-3.87383245637698
1.6616,-3.86462585361688
1.66175,-3.85544697159405
1.6619,-3.84629573746089
1.66205,-3.83717207828169
1.6622,-3.82807592103741
1.66235,-3.81900719263033
1.6625,-3.80996581988894
1.66265,-3.8009517295724
1.6628,-3.79196484837521
1.66295,-3.78300510293161
1.6631,-3.77407241982012
1.66325,-3.76516672556782
1.6634,-3.75628794665464
1.66355,-3.74743600951768
1.6637,-3.73861084055528
1.66385,-3.7298123661312
1.664,-3.72104051257871
1.66415,-3.71229520620441
1.6643,-3.70357637329239
1.66445,-3.69488394010787
1.6646,-3.68621783290121
1.66475,-3.67757797791156
1.6649,-3.66896430137053
1.66505,-3.66037672950594
1.6652,-3.65181518854526
1.66535,-3.64327960471929
1.6655,-3.63476990426556
1.66565,-3.62628601343167
1.6658,-3.61782785847887
1.66595,-3.60939536568511
1.6661,-3.60098846134853
1.66625,-3.59260707179056
1.6664,-3.58425112335905
1.66655,-3.57592054243151
1.6667,-3.56761525541798
1.66685,-3.55933518876424
1.667,-3.55108026895466
1.66715,-3.5428504225151
1.6673,-3.53464557601583
1.66745,-3.52646565607432
1.6676,-3.51831058935806
1.66775,-3.51018030258723
1.6679,-3.50207472253738
1.66805,-3.49399377604214
1.6682,-3.48593738999574
1.66835,-3.47790549135559
1.6685,-3.46989800714482
1.66865,-3.46191486445465
1.6688,-3.45395599044695
1.66895,-3.44602131235647
1.6691,-3.43811075749332
1.66925,-3.43022425324521
1.6694,-3.42236172707967
1.66955,-3.41452310654633
1.6697,-3.40670831927907
1.66985,-3.39891729299821
1.67,-3.39114995551259
1.67015,-3.38340623472157
1.6703,-3.3756860586172
1.67045,-3.36798935528606
1.6706,-3.3603160529114
1.67075,-3.35266607977483
1.6709,-3.34503936425845
1.67105,-3.33743583484656
1.6712,-3.32985542012746
1.67135,-3.32229804879537
1.6715,-3.31476364965202
1.67165,-3.30725215160849
1.6718,-3.29976348368686
1.67195,-3.29229757502179
1.6721,-3.2848543548623
1.67225,-3.27743375257318
1.6724,-3.27003569763668
1.67255,-3.26266011965402
1.6727,-3.25530694834681
1.67285,-3.24797611355862
1.673,-3.24066754525634
1.67315,-3.23338117353163
1.6733,-3.22611692860234
1.67345,-3.21887474081375
1.6736,-3.21165454064004
1.67375,-3.20445625868545
1.6739,-3.19727982568565
1.67405,-3.19012517250897
1.6742,-3.18299223015755
1.67435,-3.17588092976862
1.6745,-3.16879120261561
1.67465,-3.16172298010932
1.6748,-3.15467619379903
1.67495,-3.14765077537354
1.6751,-3.14064665666237
1.67525,-3.13366376963661
1.6754,-3.12670204641013
1.67555,-3.11976141924046
1.6757,-3.11284182052976
1.67585,-3.10594318282588
1.676,-3.09906543882312
1.67615,-3.09220852136327
1.6763,-3.08537236343648
1.67645,-3.07855689818202
1.6766,-3.07176205888924
1.67675,-3.06498777899828
1.6769,-3.05823399210103
1.67705,-3.05150063194171
1.6772,-3.04478763241776
1.67735,-3.03809492758056
1.6775,-3.03142245163607
1.67765,-3.02477013894568
1.6778,-3.01813792402673
1.67795,-3.01152574155325
1.6781,-3.00493352635665
1.67825,-2.9983612134262
1.6784,-2.99180873790981
1.67855,-2.9852760351145
1.6787,-2.97876304050698
1.67885,-2.97226968971431
1.679,-2.96579591852426
1.67915,-2.95934166288603
1.6793,-2.95290685891056
1.67945,-2.94649144287119
1.6796,-2.94009535120401
1.67975,-2.93371852050836
1.6799,-2.92736088754731
1.68005,-2.92102238924798
1.6802,-2.91470296270207
1.68035,-2.9084025451662
1.6805,-2.90212107406223
1.68065,-2.89585848697777
1.6808,-2.88961472166637
1.68095,-2.883389716048
1.6811,-2.87718340820928
1.68125,-2.8709957364038
1.6814,-2.86482663905247
1.68155,-2.85867605474374
1.6817,-2.85254392223392
1.68185,-2.84643018044744
1.682,-2.84033476847699
1.68215,-2.83425762558392
1.6823,-2.82819869119831
1.68245,-2.82215790491928
1.6826,-2.81613520651515
1.68275,-2.81013053592357
1.6829,-2.80414383325182
1.68305,-2.79817503877682
1.6832,-2.79222409294539
1.68335,-2.78629093637438
1.6835,-2.78037550985071
1.68365,-2.77447775433161
1.6838,-2.76859761094462
1.68395,-2.76273502098775
1.6841,-2.75688992592957
1.68425,-2.7510622674092
1.6844,-2.74525198723654
1.68455,-2.73945902739212
1.6847,-2.73368333002733
1.68485,-2.72792483746436
1.685,-2.72218349219623
1.68515,-2.71645923688687
1.6853,-2.71075201437104
1.68545,-2.70506176765441
1.6856,-2.69938843991353
1.68575,-2.69373197449578
1.6859,-2.6880923149194
1.68605,-2.6824694048734
1.6862,-2.67686318821757
1.68635,-2.67127360898242
1.6865,-2.66570061136905
1.68665,-2.66014413974925
1.6868,-2.65460413866522
1.68695,-2.64908055282967
1.6871,-2.64357332712564
1.68725,-2.63808240660638
1.6874,-2.63260773649537
1.68755,-2.62714926218607
1.6877,-2.62170692924192
1.68785,-2.61628068339609
1.688,-2.61087047055152
1.68815,-2.60547623678064
1.6883,-2.60009792832526
1.68845,-2.5947354915965
1.6886,-2.58938887317454
1.68875,-2.58405801980849
1.6889,-2.57874287841627
1.68905,-2.57344339608435
1.6892,-2.56815952006764
1.68935,-2.5628911977893
1.6895,-2.5576383768405
1.68965,-2.55240100498032
1.6898,-2.54717903013542
1.68995,-2.54197240039998
1.6901,-2.53678106403532
1.69025,-2.53160496946987
1.6904,-2.52644406529881
1.69055,-2.5212983002839
1.6907,-2.51616762335324
1.69085,-2.51105198360103
1.691,-2.50595133028735
1.69115,-2.5008656128379
1.6913,-2.49579478084371
1.69145,-2.490738784061
1.6916,-2.48569757241078
1.69175,-2.48067109597871
1.6919,-2.47565930501475
1.69205,-2.47066214993293
1.6922,-2.46567958131108
1.69235,-2.46071154989051
1.6925,-2.4557580065758
1.69265,-2.45081890243445
1.6928,-2.44589418869659
1.69295,-2.44098381675475
1.6931,-2.43608773816351
1.69325,-2.43120590463918
1.6934,-2.4263382680596
1.69355,-2.4214847804637
1.6937,-2.41664539405129
1.69385,-2.4118200611827
1.694,-2.40700873437846
1.69415,-2.40221136631905
1.6943,-2.39742790984444
1.69445,-2.39265831795394
1.6946,-2.38790254380572
1.69475,-2.38316054071657
1.6949,-2.37843226216153
1.69505,-2.37371766177355
1.6952,-2.3690166933432
1.69535,-2.36432931081826
1.6955,-2.35965546830343
1.69565,-2.35499512005994
1.6958,-2.35034822050527
1.69595,-2.34571472421271
1.6961,-2.34109458591108
1.69625,-2.33648776048434
1.6964,-2.33189420297123
1.69655,-2.32731386856496
1.6967,-2.32274671261277
1.69685,-2.31819269061563
1.697,-2.31365175822787
1.69715,-2.30912387125673
1.6973,-2.30460898566214
1.69745,-2.30010705755622
1.6976,-2.29561804320297
1.69775,-2.29114189901788
1.6979,-2.28667858156755
1.69805,-2.28222804756933
1.6982,-2.27779025389093
1.69835,-2.27336515755002
1.6985,-2.26895271571391
1.69865,-2.26455288569907
1.6988,-2.26016562497086
1.69895,-2.25579089114306
1.6991,-2.25142864197751
1.69925,-2.24707883538372
1.6994,-2.24274142941847
1.69955,-2.23841638228547
1.6997,-2.23410365233491
1.69985,-2.22980319806307
1.7,-2.22551497811197
