"Freq [GHz]","dB(S(1,2)) []","dB(S(1,3)) []","dB(S(1,4)) []","dB(S(2,3)) []","dB(S(2,4)) []","dB(S(3,4)) []"
1,-82.2126763994788,-79.5703389040401,-82.1299574820863,-82.2195409419581,-79.5745068024165,-82.1458486153558
1.00033333333333,-82.2055748194117,-79.5603847283134,-82.1229975492176,-82.2124457893941,-79.5645445182213,-82.1387754297389
1.00066666666667,-82.1984618407483,-79.5504200964627,-82.116026068428,-82.2053390616388,-79.5545718039483,-82.1316908321152
1.001,-82.1913374381134,-79.5404450094623,-82.1090430139698,-82.1982207331501,-79.544588660616,-82.1245947969879
1.00133333333333,-82.184201586117,-79.5304594682753,-82.1020483600833,-82.191090778374,-79.5345950892316,-82.1174872988454
1.00166666666667,-82.1770542593542,-79.5204634738535,-82.0950420809972,-82.183949171745,-79.5245910907899,-82.110368312162
1.002,-82.1698954324056,-79.5104570271377,-82.0880241509286,-82.1767958876856,-79.5145766662741,-82.1032378113973
1.00233333333333,-82.1627250798374,-79.5004401290569,-82.0809945440834,-82.1696309006076,-79.504551816655,-82.096095770997
1.00266666666667,-82.1555431762014,-79.4904127805289,-82.0739532346562,-82.1624541849111,-79.4945165428914,-82.0889421653928
1.003,-82.1483496960358,-79.4803749824598,-82.0669001968305,-82.1552657149856,-79.4844708459294,-82.0817769690027
1.00333333333333,-82.1411446138645,-79.4703267357439,-82.0598354047795,-82.1480654652098,-79.4744147267032,-82.074600156231
1.00366666666667,-82.1339279041981,-79.4602680412638,-82.0527588326655,-82.1408534099519,-79.4643481861339,-82.0674117014687
1.004,-82.1266995415334,-79.4501988998901,-82.0456704546405,-82.1336295235698,-79.4542712251305,-82.0602115790937
1.00433333333333,-82.1194595003543,-79.4401193124814,-82.0385702448463,-82.1263937804112,-79.4441838445889,-82.0529997634709
1.00466666666667,-82.1122077551313,-79.4300292798841,-82.0314581774149,-82.1191461548138,-79.4340860453922,-82.0457762289522
1.005,-82.1049442803221,-79.4199288029326,-82.0243342264683,-82.111886621106,-79.4239778284108,-82.038540949877
1.00533333333333,-82.0976690503719,-79.4098178824486,-82.0171983661189,-82.1046151536062,-79.4138591945018,-82.0312939005724
1.00566666666667,-82.090382039713,-79.3996965192415,-82.0100505704699,-82.0973317266238,-79.4037301445093,-82.024035055353
1.006,-82.0830832227658,-79.3895647141084,-82.0028908136152,-82.0900363144591,-79.3935906792641,-82.0167643885216
1.00633333333333,-82.0757725739382,-79.3794224678334,-81.9957190696398,-82.0827288914033,-79.3834407995836,-82.009481874369
1.00666666666667,-82.0684500676264,-79.3692697811879,-81.9885353126197,-82.0754094317393,-79.373280506272,-82.0021874871745
1.007,-82.0611156782148,-79.3591066549306,-81.9813395166225,-82.0680779097411,-79.3631098001196,-81.9948812012057
1.00733333333333,-82.0537693800763,-79.3489330898073,-81.9741316557074,-82.0607342996748,-79.3529286819034,-81.9875629907191
1.00766666666667,-82.0464111475723,-79.3387490865504,-81.9669117039252,-82.0533785757981,-79.3427371523865,-81.9802328299602
1.008,-82.0390409550533,-79.3285546458793,-81.959679635319,-82.0460107123613,-79.332535212318,-81.9728906931634
1.00833333333333,-82.0316587768586,-79.3183497685003,-81.9524354239239,-82.0386306836068,-79.3223228624335,-81.9655365545526
1.00866666666667,-82.0242645873169,-79.3081344551062,-81.9451790437674,-82.0312384637695,-79.312100103454,-81.9581703883412
1.009,-82.0168583607464,-79.2979087063763,-81.9379104688699,-82.0238340270772,-79.3018669360868,-81.9507921687324
1.00933333333333,-82.0094400714546,-79.2876725229762,-81.9306296732441,-82.0164173477508,-79.2916233610247,-81.943401869919
1.00966666666667,-82.0020096937394,-79.2774259055582,-81.9233366308964,-82.0089884000043,-79.2813693789464,-81.9359994660843
1.01,-81.9945672018881,-79.2671688547604,-81.9160313158257,-82.0015471580453,-79.271104990516,-81.9285849314017
1.01033333333333,-81.9871125701789,-79.2569013712073,-81.9087137020249,-81.9940935960748,-79.260830196383,-81.9211582400351
1.01066666666667,-81.97964577288,-79.2466234555094,-81.9013837634803,-81.9866276882878,-79.2505449971825,-81.9137193661394
1.011,-81.9721667842503,-79.236335108263,-81.894041474172,-81.9791494088733,-79.2402493935346,-81.9062682838601
1.01133333333333,-81.9646755785399,-79.2260363300503,-81.8866868080743,-81.9716587320149,-79.2299433860448,-81.898804967334
1.01166666666667,-81.9571721299894,-79.2157271214393,-81.8793197391556,-81.9641556318903,-79.2196269753036,-81.8913293906891
1.012,-81.9496564128312,-79.2054074829833,-81.8719402413788,-81.9566400826721,-79.2093001618863,-81.8838415280452
1.01233333333333,-81.9421284012888,-79.1950774152216,-81.8645482887016,-81.949112058528,-79.1989629463534,-81.8763413535135
1.01266666666667,-81.9345880695776,-79.1847369186785,-81.8571438550765,-81.9415715336207,-79.18861532925,-81.8688288411973
1.013,-81.9270353919047,-79.1743859938639,-81.849726914451,-81.9340184821081,-79.1782573111058,-81.8613039651923
1.01333333333333,-81.9194703424695,-79.1640246412727,-81.842297440768,-81.9264528781442,-79.1678888924353,-81.8537666995861
1.01366666666667,-81.9118928954636,-79.1536528613852,-81.8348554079658,-81.9188746958784,-79.1575100737373,-81.8462170184592
1.014,-81.9043030250709,-79.1432706546664,-81.8274007899786,-81.9112839094563,-79.1471208554952,-81.8386548958847
1.01433333333333,-81.8967007054684,-79.1328780215665,-81.8199335607364,-81.9036804930198,-79.1367212381766,-81.8310803059288
1.01466666666667,-81.8890859108258,-79.1224749625204,-81.8124536941654,-81.8960644207071,-79.1263112222331,-81.8234932226509
1.015,-81.8814586153059,-79.1120614779477,-81.8049611641881,-81.8884356666535,-79.1158908081008,-81.8158936201037
1.01533333333333,-81.873818793065,-79.1016375682527,-81.7974559447236,-81.8807942049909,-79.1054599961995,-81.8082814723335
1.01566666666667,-81.8661664182528,-79.0912032338242,-81.7899380096876,-81.8731400098484,-79.0950187869332,-81.8006567533805
1.016,-81.858501465013,-79.0807584750355,-81.7824073329933,-81.8654730553525,-79.0845671806892,-81.793019437279
1.01633333333333,-81.8508239074828,-79.0703032922442,-81.7748638885504,-81.8577933156274,-79.0741051778393,-81.7853694980574
1.01666666666667,-81.8431337197943,-79.059837685792,-81.7673076502665,-81.8501007647951,-79.0636327787384,-81.7777069097386
1.017,-81.8354308760733,-79.049361656005,-81.7597385920468,-81.8423953769755,-79.0531499837249,-81.7700316463402
1.01733333333333,-81.8277153504408,-79.0388752031931,-81.7521566877942,-81.8346771262871,-79.0426567931209,-81.7623436818747
1.01766666666667,-81.8199871170123,-79.0283783276503,-81.7445619114096,-81.8269459868465,-79.0321532072318,-81.7546429903497
1.018,-81.8122461498984,-79.0178710296545,-81.7369542367924,-81.8192019327694,-79.0216392263463,-81.746929545768
1.01833333333333,-81.804492423205,-79.0073533094671,-81.7293336378404,-81.8114449381702,-79.011114850736,-81.739203322128
1.01866666666667,-81.7967259110337,-78.9968251673335,-81.72170008845,-81.8036749771625,-79.0005800806558,-81.7314642934239
1.019,-81.7889465874815,-78.9862866034824,-81.7140535625168,-81.7958920238597,-78.9900349163436,-81.7237124336458
1.01933333333333,-81.7811544266412,-78.9757376181261,-81.7063940339351,-81.7880960523742,-78.9794793580201,-81.71594771678
1.01966666666667,-81.7733494026024,-78.9651782114602,-81.6987214765991,-81.7802870368189,-78.9689134058887,-81.7081701168091
1.02,-81.7655314894503,-78.9546083836637,-81.691035864402,-81.7724649513064,-78.9583370601358,-81.7003796077125
1.02033333333333,-81.7577006612671,-78.9440281348986,-81.6833371712374,-81.7646297699497,-78.9477503209301,-81.6925761634663
1.02066666666667,-81.7498568921317,-78.9334374653101,-81.6756253709983,-81.7567814668625,-78.9371531884229,-81.6847597580435
1.021,-81.74200015612,-78.9228363750263,-81.6679004375785,-81.7489200161592,-78.9265456627479,-81.6769303654147
1.02133333333333,-81.7341304273052,-78.9122248641585,-81.6601623448719,-81.7410453919551,-78.9159277440214,-81.6690879595478
1.02166666666667,-81.7262476797579,-78.9016029328004,-81.6524110667732,-81.7331575683671,-78.9052994323415,-81.6612325144083
1.022,-81.7183518875463,-78.8909705810286,-81.6446465771779,-81.7252565195131,-78.8946607277887,-81.6533640039597
1.02233333333333,-81.7104430247367,-78.8803278089024,-81.6368688499827,-81.7173422195132,-78.8840116304256,-81.6454824021639
1.02266666666667,-81.7025210653934,-78.8696746164634,-81.6290778590856,-81.7094146424891,-78.8733521402966,-81.6375876829807
1.023,-81.694585983579,-78.8590110037357,-81.6212735783861,-81.7014737625649,-78.8626822574282,-81.6296798203689
1.02333333333333,-81.6866377533549,-78.848336970726,-81.6134559817856,-81.693519553867,-78.8520019818284,-81.6217587882858
1.02366666666667,-81.6786763487809,-78.8376525174228,-81.6056250431874,-81.6855519905243,-78.841311313487,-81.613824560688
1.024,-81.6707017439161,-78.8269576437971,-81.597780736497,-81.677571046669,-78.8306102523756,-81.6058771115311
1.02433333333333,-81.662713912819,-78.8162523498018,-81.5899230356224,-81.6695766964361,-78.819898798447,-81.5979164147704
1.02466666666667,-81.654712829547,-78.8055366353717,-81.5820519144743,-81.6615689139638,-78.8091769516356,-81.5899424443607
1.025,-81.646698468158,-78.7948105004237,-81.5741673469662,-81.6535476733944,-78.7984447118572,-81.5819551742568
1.02533333333333,-81.638670802709,-78.7840739448562,-81.5662693070147,-81.6455129488735,-78.7877020790086,-81.5739545784138
1.02566666666667,-81.6306298072576,-78.7733269685496,-81.5583577685397,-81.6374647145511,-78.776949052968,-81.5659406307871
1.026,-81.6225754558618,-78.7625695713655,-81.5504327054647,-81.6294029445812,-78.7661856335946,-81.5579133053324
1.02633333333333,-81.61450772258,-78.7518017531473,-81.542494091717,-81.6213276131226,-78.7554118207284,-81.5498725760066
1.02666666666667,-81.6064265814716,-78.7410235137197,-81.534541901228,-81.6132386943388,-78.7446276141905,-81.5418184167676
1.027,-81.5983320065969,-78.7302348528888,-81.526576107933,-81.6051361623981,-78.7338330137827,-81.5337508015743
1.02733333333333,-81.5902239720177,-78.7194357704419,-81.518596685772,-81.5970199914743,-78.7230280192876,-81.5256697043874
1.02766666666667,-81.5821024517969,-78.7086262661472,-81.5106036086896,-81.5888901557463,-78.7122126304683,-81.5175750991693
1.028,-81.5739674199997,-78.6978063397544,-81.5025968506353,-81.5807466293992,-78.7013868470684,-81.5094669598841
1.02833333333333,-81.5658188506927,-78.6869759909938,-81.4945763855638,-81.5725893866236,-78.6905506688122,-81.5013452604984
1.02866666666667,-81.5576567179453,-78.6761352195767,-81.4865421874349,-81.5644184016165,-78.6797040954041,-81.493209974981
1.029,-81.5494809958288,-78.665284025195,-81.4784942302143,-81.5562336485814,-78.6688471265288,-81.4850610773034
1.02933333333333,-81.5412916584174,-78.6544224075217,-81.4704324878731,-81.5480351017283,-78.6579797618514,-81.4768985414401
1.02966666666667,-81.5330886797883,-78.6435503662099,-81.4623569343888,-81.5398227352741,-78.6471020010168,-81.4687223413684
1.03,-81.5248720340215,-78.6326679008936,-81.454267543745,-81.5315965234428,-78.6362138436502,-81.4605324510693
1.03033333333333,-81.5166416952007,-78.6217750111869,-81.4461642899315,-81.523356440466,-78.6253152893564,-81.452328844527
1.03066666666667,-81.5083976374129,-78.6108716966845,-81.4380471469453,-81.5151024605826,-78.6144063377203,-81.4441114957296
1.031,-81.5001398347491,-78.5999579569611,-81.4299160887899,-81.5068345580395,-78.6034869883065,-81.4358803786694
1.03133333333333,-81.4918682613044,-78.5890337915718,-81.4217710894762,-81.4985527070917,-78.5925572406591,-81.4276354673427
1.03166666666667,-81.483582891178,-78.5780992000515,-81.4136121230222,-81.4902568820025,-78.5816170943021,-81.4193767357504
1.032,-81.4752836984736,-78.5671541819153,-81.4054391634539,-81.4819470570438,-78.5706665487386,-81.4111041578981
1.03233333333333,-81.4669706572998,-78.5561987366581,-81.3972521848046,-81.4736232064963,-78.5597056034513,-81.4028177077963
1.03266666666667,-81.4586437417702,-78.5452328637544,-81.3890511611162,-81.4652853046496,-78.5487342579024,-81.3945173594606
1.033,-81.4503029260034,-78.5342565626589,-81.3808360664383,-81.4569333258027,-78.5377525115331,-81.3862030869121
1.03333333333333,-81.4419481841237,-78.5232698328053,-81.3726068748296,-81.4485672442642,-78.5267603637637,-81.3778748641776
1.03366666666667,-81.4335794902609,-78.5122726736073,-81.3643635603571,-81.4401870343523,-78.5157578139938,-81.3695326652895
1.034,-81.4251968185508,-78.5012650844579,-81.3561060970968,-81.4317926703953,-78.5047448616018,-81.3611764642866
1.03433333333333,-81.4168001431353,-78.4902470647293,-81.3478344591341,-81.4233841267317,-78.4937215059452,-81.3528062352137
1.03466666666667,-81.4083894381627,-78.4792186137733,-81.3395486205636,-81.4149613777106,-78.4826877463599,-81.3444219521225
1.035,-81.399964677788,-78.4681797309207,-81.3312485554896,-81.4065243976915,-78.471643582161,-81.3360235890712
1.03533333333333,-81.3915258361729,-78.4571304154813,-81.3229342380263,-81.3980731610452,-78.4605890126421,-81.3276111201252
1.03566666666667,-81.3830728874864,-78.4460706667441,-81.3146056422979,-81.3896076421537,-78.4495240370752,-81.319184519357
1.036,-81.3746058059046,-78.4350004839769,-81.3062627424388,-81.38112781541,-78.4384486547109,-81.3107437608468
1.03633333333333,-81.3661245656112,-78.4239198664264,-81.2979055125943,-81.3726336552193,-78.4273628647782,-81.3022888186823
1.03666666666667,-81.3576291407979,-78.4128288133181,-81.2895339269202,-81.3641251359985,-78.4162666664845,-81.2938196669593
1.037,-81.3491195056642,-78.401727323856,-81.2811479595834,-81.3556022321767,-78.4051600590152,-81.2853362797816
1.03733333333333,-81.3405956344179,-78.3906153972229,-81.2727475847618,-81.3470649181952,-78.394043041534,-81.2768386312618
1.03766666666667,-81.3320575012755,-78.3794930325799,-81.2643327766449,-81.3385131685083,-78.3829156131827,-81.2683266955206
1.038,-81.3235050804619,-78.3683602290668,-81.2559035094341,-81.3299469575828,-78.371777773081,-81.259800446688
1.03833333333333,-81.3149383462114,-78.3572169858013,-81.2474597573422,-81.3213662598989,-78.3606295203266,-81.2512598589031
1.03866666666667,-81.3063572727671,-78.3460633018797,-81.2390014945945,-81.3127710499502,-78.3494708539948,-81.2427049063141
1.039,-81.2977618343817,-78.3348991763763,-81.2305286954286,-81.3041613022435,-78.3383017731389,-81.234135563079
1.03933333333333,-81.2891520053178,-78.3237246083437,-81.2220413340945,-81.2955369912999,-78.3271222767897,-81.2255518033655
1.03966666666667,-81.2805277598476,-78.3125395968121,-81.2135393848551,-81.2868980916542,-78.3159323639556,-81.2169536013514
1.04,-81.2718890722535,-78.3013441407899,-81.2050228219863,-81.2782445778559,-78.3047320336225,-81.2083409312249
1.04033333333333,-81.2632359168286,-78.2901382392633,-81.1964916197775,-81.2695764244686,-78.2935212847538,-81.1997137671844
1.04066666666667,-81.2545682678763,-78.278921891196,-81.1879457525311,-81.2608936060712,-78.28230011629,-81.1910720834395
1.041,-81.2458860997109,-78.2676950955298,-81.1793851945635,-81.2521960972573,-78.2710685271491,-81.1824158542103
1.04133333333333,-81.237189386658,-78.2564578511837,-81.1708099202051,-81.2434838726357,-78.2598265162262,-81.1737450537285
1.04166666666667,-81.2284781030543,-78.2452101570542,-81.1622199038002,-81.2347569068311,-78.2485740823934,-81.1650596562371
1.042,-81.2197522232483,-78.2339520120156,-81.1536151197078,-81.2260151744835,-78.2373112244998,-81.1563596359908
1.04233333333333,-81.2110117216003,-78.2226834149189,-81.1449955423011,-81.2172586502493,-78.2260379413715,-81.1476449672562
1.04266666666667,-81.2022565724824,-78.211404364593,-81.1363611459684,-81.2084873088008,-78.2147542318116,-81.1389156243121
1.043,-81.1934867502791,-78.2001148598435,-81.127711905113,-81.199701124827,-78.2034600945997,-81.1301715814497
1.04333333333333,-81.1847022293877,-78.1888148994533,-81.1190477941535,-81.1909000730334,-78.1921555284922,-81.1214128129727
1.04366666666667,-81.1759029842179,-78.1775044821821,-81.1103687875239,-81.1820841281427,-78.1808405322221,-81.1126392931978
1.044,-81.1670889891926,-78.1661836067668,-81.101674859674,-81.1732532648946,-78.169515104499,-81.1038509964548
1.04433333333333,-81.1582602187477,-78.1548522719209,-81.0929659850696,-81.1644074580461,-78.1581792440088,-81.0950478970867
1.04466666666667,-81.149416647333,-78.1435104763348,-81.0842421381924,-81.1555466823721,-78.146832949414,-81.0862299694501
1.045,-81.1405582494116,-78.1321582186754,-81.0755032935409,-81.1466709126653,-78.1354762193532,-81.0773971879155
1.04533333333333,-81.1316849994606,-78.1207954975864,-81.0667494256299,-81.1377801237366,-78.1241090524412,-81.0685495268672
1.04566666666667,-81.1227968719716,-78.1094223116878,-81.0579805089911,-81.1288742904151,-78.1127314472692,-81.0596869607039
1.046,-81.1138938414502,-78.0980386595762,-81.0491965181734,-81.1199533875486,-78.1013434024041,-81.0508094638389
1.04633333333333,-81.1049758824169,-78.0866445398245,-81.0403974277428,-81.1110173900038,-78.0899449163891,-81.0419170106999
1.04666666666667,-81.0960429694071,-78.0752399509819,-81.031583212283,-81.1020662726663,-78.0785359877431,-81.0330095757299
1.047,-81.0870950769712,-78.0638248915737,-81.0227538463951,-81.0931000104412,-78.0671166149609,-81.0240871333869
1.04733333333333,-81.078132179675,-78.0523993601013,-81.0139093046986,-81.084118578253,-78.055686796513,-81.0151496581443
1.04766666666667,-81.0691542520998,-78.0409633550422,-81.0050495618308,-81.0751219510461,-78.0442465308458,-81.0061971244912
1.048,-81.060161268843,-78.0295168748499,-80.9961745924475,-81.0661101037848,-78.0327958163809,-80.9972295069326
1.04833333333333,-81.0511532045179,-78.0180599179536,-80.9872843712231,-81.0570830114536,-78.0213346515158,-80.9882467799897
1.04866666666667,-81.0421300337541,-78.0065924827585,-80.9783788728509,-81.0480406490578,-78.0098630346232,-80.9792489181998
1.049,-81.0330917311976,-77.9951145676453,-80.9694580720432,-81.038982991623,-77.9983809640512,-80.9702358961169
1.04933333333333,-81.0240382715115,-77.9836261709705,-80.9605219435314,-81.029910014196,-77.9868884381233,-80.961207688312
1.04966666666667,-81.0149696293755,-77.9721272910661,-80.9515704620668,-81.0208216918448,-77.9753854551381,-80.9521642693728
1.05,-81.005885779487,-77.9606179262395,-80.9426036024201,-81.0117179996585,-77.9638720133694,-80.9431056139044
1.05033333333333,-80.9967866965604,-77.9490980747736,-80.9336213393818,-81.0025989127483,-77.952348111066,-80.9340316965296
1.05066666666667,-80.9876723553282,-77.9375677349266,-80.9246236477628,-80.9934644062468,-77.9408137464518,-80.9249424918887
1.051,-80.9785427305406,-77.9260269049319,-80.9156105023944,-80.9843144553093,-77.9292689177255,-80.91583797464
1.05133333333333,-80.9693977969661,-77.9144755829981,-80.9065818781281,-80.9751490351128,-77.9177136230606,-80.90671811946
1.05166666666667,-80.9602375293914,-77.9029137673088,-80.8975377498366,-80.9659681208571,-77.9061478606056,-80.8975829010436
1.052,-80.9510619026222,-77.8913414560228,-80.8884780924134,-80.9567716877651,-77.8945716284833,-80.8884322941044
1.05233333333333,-80.9418708914827,-77.8797586472736,-80.8794028807732,-80.9475597110824,-77.8829849247914,-80.8792662733749
1.05266666666667,-80.9326644708165,-77.8681653391696,-80.8703120898522,-80.9383321660777,-77.8713877476022,-80.8700848136067
1.053,-80.9234426154863,-77.8565615297943,-80.8612056946084,-80.9290890280437,-77.8597800949621,-80.8608878895705
1.05333333333333,-80.9142053003744,-77.8449472172054,-80.8520836700214,-80.9198302722964,-77.8481619648921,-80.8516754760568
1.05366666666667,-80.9049525003832,-77.8333223994354,-80.8429459910929,-80.9105558741758,-77.8365333553877,-80.842447547876
1.054,-80.8956841904347,-77.8216870744916,-80.8337926328471,-80.9012658090462,-77.8248942644182,-80.8332040798582
1.05433333333333,-80.8864003454715,-77.8100412403554,-80.8246235703305,-80.8919600522961,-77.8132446899275,-80.823945046854
1.05466666666667,-80.8771009404563,-77.7983848949829,-80.8154387786126,-80.8826385793388,-77.8015846298333,-80.8146704237341
1.055,-80.867785950373,-77.7867180363042,-80.8062382327853,-80.8733013656124,-77.7899140820274,-80.8053801853904
1.05533333333333,-80.8584553502261,-77.775040662224,-80.7970219079643,-80.8639483865799,-77.7782330443756,-80.7960743067354
1.05566666666667,-80.8491091150414,-77.7633527706209,-80.7877897792881,-80.8545796177298,-77.7665415147174,-80.7867527627028
1.056,-80.8397472198661,-77.7516543593475,-80.7785418219191,-80.845195034576,-77.7548394908663,-80.7774155282477
1.05633333333333,-80.830369639769,-77.7399454262308,-80.7692780110433,-80.8357946126581,-77.7431269706095,-80.7680625783467
1.05666666666667,-80.8209763498408,-77.7282259690715,-80.7599983218708,-80.8263783275418,-77.7314039517075,-80.7586938879983
1.057,-80.8115673251944,-77.7164959856441,-80.7507027296357,-80.8169461548189,-77.7196704318949,-80.749309432223
1.05733333333333,-80.8021425409647,-77.7047554736969,-80.7413912095967,-80.8074980701074,-77.7079264088795,-80.7399091860637
1.05766666666667,-80.7927019723093,-77.6930044309521,-80.732063737037,-80.7980340490524,-77.6961718803425,-80.7304931245856
1.058,-80.7832455944088,-77.6812428551054,-80.7227202872646,-80.7885540673254,-77.6844068439386,-80.7210612228766
1.05833333333333,-80.7737733824665,-77.6694707438259,-80.7133608356125,-80.779058100625,-77.6726312972957,-80.7116134560476
1.05866666666667,-80.7642853117089,-77.6576880947566,-80.7039853574391,-80.7695461246774,-77.660845238015,-80.7021497992328
1.059,-80.7547813573862,-77.6458949055136,-80.6945938281279,-80.7600181152359,-77.6490486636706,-80.6926702275895
1.05933333333333,-80.7452614947721,-77.6340911736863,-80.6851862230883,-80.7504740480817,-77.6372415718099,-80.6831747162987
1.05966666666667,-80.7357256991641,-77.6222768968376,-80.6757625177555,-80.740913899024,-77.6254239599534,-80.6736632405652
1.06,-80.7261739458841,-77.6104520725034,-80.6663226875906,-80.7313376438999,-77.6135958255942,-80.6641357756179
1.06033333333333,-80.716606210278,-77.5986166981928,-80.656866708081,-80.7217452585752,-77.6017571661985,-80.6545922967098
1.06066666666667,-80.7070224677164,-77.586770771388,-80.6473945547407,-80.712136718944,-77.589907979205,-80.6450327791185
1.061,-80.6974226935948,-77.574914289544,-80.63790620311,-80.7025120009292,-77.5780482620256,-80.6354571981462
1.06133333333333,-80.6878068633335,-77.5630472500888,-80.6284016287563,-80.6928710804827,-77.5661780120443,-80.6258655291199
1.06166666666667,-80.6781749523782,-77.5511696504233,-80.618880807274,-80.683213933586,-77.5542972266181,-80.6162577473921
1.062,-80.6685269361998,-77.539281487921,-80.6093437142848,-80.6735405362492,-77.5424059030762,-80.6066338283401
1.06233333333333,-80.6588627902951,-77.5273827599281,-80.5997903254375,-80.6638508645129,-77.5305040387203,-80.5969937473671
1.06266666666667,-80.6491824901866,-77.5154734637636,-80.5902206164089,-80.654144894447,-77.5185916308247,-80.587337479902
1.063,-80.6394860114231,-77.5035535967188,-80.5806345629036,-80.6444226021515,-77.5066686766355,-80.5776650013995
1.06333333333333,-80.6297733295796,-77.4916231560575,-80.571032140654,-80.634683963757,-77.4947351733716,-80.5679762873406
1.06366666666667,-80.6200444202573,-77.479682139016,-80.5614133254209,-80.6249289554241,-77.4827911182235,-80.5582713132327
1.064,-80.6102992590848,-77.4677305428028,-80.5517780929933,-80.6151575533443,-77.4708365083541,-80.5485500546099
1.06433333333333,-80.6005378217171,-77.4557683645987,-80.5421264191893,-80.60536973374,-77.4588713408983,-80.538812487033
1.06466666666667,-80.5907600838366,-77.4437956015567,-80.5324582798552,-80.5955654728647,-77.4468956129628,-80.5290585860897
1.065,-80.5809660211532,-77.4318122508017,-80.5227736508666,-80.585744747003,-77.4349093216262,-80.5192883273952
1.06533333333333,-80.5711556094041,-77.4198183094309,-80.5130725081283,-80.5759075324711,-77.422912463939,-80.509501686592
1.06566666666667,-80.5613288243545,-77.4078137745133,-80.5033548275743,-80.5660538056171,-77.4109050369232,-80.4996986393502
1.066,-80.5514856417976,-77.3957986430898,-80.4936205851684,-80.5561835428204,-77.3988870375728,-80.4898791613678
1.06633333333333,-80.5416260375549,-77.3837729121732,-80.4838697569039,-80.546296720493,-77.3868584628531,-80.4800432283711
1.06666666666667,-80.5317499874761,-77.3717365787478,-80.4741023188043,-80.5363933150792,-77.374819309701,-80.4701908161143
1.067,-80.5218574674399,-77.3596896397699,-80.4643182469229,-80.5264733030554,-77.362769575025,-80.4603219003803
1.06733333333333,-80.5119484533536,-77.3476320921672,-80.4545175173437,-80.516536660931,-77.3507092557047,-80.4504364569805
1.06766666666667,-80.5020229211536,-77.335563932839,-80.4447001061808,-80.506583365248,-77.3386383485912,-80.4405344617555
1.068,-80.4920808468056,-77.3234851586558,-80.4348659895792,-80.4966133925819,-77.3265568505068,-80.4306158905746
1.06833333333333,-80.482122206305,-77.31139576646,-80.4250151437148,-80.4866267195411,-77.314464758245,-80.4206807193367
1.06866666666667,-80.4721469756764,-77.2992957530648,-80.4151475447944,-80.4766233227675,-77.3023620685704,-80.4107289239701
1.069,-80.4621551309748,-77.287185115255,-80.4052631690561,-80.4666031789368,-77.2902487782186,-80.4007604804327
1.06933333333333,-80.4521466482851,-77.2750638497863,-80.3953619927694,-80.4565662647584,-77.2781248838963,-80.3907753647123
1.06966666666667,-80.4421215037223,-77.2629319533858,-80.3854439922355,-80.4465125569758,-77.2659903822808,-80.380773552827
1.07,-80.4320796734322,-77.2507894227514,-80.375509143787,-80.4364420323667,-77.2538452700207,-80.3707550208248
1.07033333333333,-80.4220211335912,-77.2386362545519,-80.3655574237889,-80.4263546677432,-77.2416895437349,-80.3607197447846
1.07066666666667,-80.4119458604065,-77.2264724454274,-80.3555888086382,-80.4162504399521,-77.2295232000133,-80.3506677008156
1.071,-80.4018538301165,-77.2142979919883,-80.3456032747638,-80.4061293258748,-77.2173462354162,-80.3405988650583
1.07133333333333,-80.3917450189909,-77.2021128908162,-80.3356007986276,-80.3959913024277,-77.2051586464748,-80.3305132136838
1.07166666666667,-80.3816194033309,-77.189917138463,-80.3255813567239,-80.3858363465626,-77.1929604296905,-80.3204107228948
1.072,-80.3714769594693,-77.1777107314516,-80.3155449255797,-80.3756644352662,-77.1807515815351,-80.3102913689253
1.07233333333333,-80.3613176637709,-77.1654936662752,-80.3054914817552,-80.3654755455612,-77.1685320984512,-80.3001551280411
1.07266666666667,-80.3511414926326,-77.1532659393975,-80.2954210018437,-80.3552696545055,-77.156301976851,-80.2900019765395
1.073,-80.3409484224836,-77.1410275472527,-80.2853334624719,-80.3450467391933,-77.1440612131176,-80.2798318907502
1.07333333333333,-80.3307384297853,-77.1287784862452,-80.2752288402997,-80.3348067767546,-77.1318098036038,-80.269644847035
1.07366666666667,-80.3205114910321,-77.1165187527497,-80.2651071120211,-80.3245497443557,-77.1195477446328,-80.2594408217878
1.074,-80.3102675827511,-77.1042483431113,-80.2549682543634,-80.3142756191993,-77.1072750324976,-80.2492197914356
1.07433333333333,-80.3000066815024,-77.091967253645,-80.2448122440885,-80.3039843785248,-77.0949916634612,-80.2389817324379
1.07466666666667,-80.2897287638795,-77.079675480636,-80.234639057992,-80.2936759996081,-77.0826976337566,-80.2287266212872
1.075,-80.2794338065093,-77.0673730203394,-80.2244486729039,-80.2833504597622,-77.0703929395866,-80.2184544345089
1.07533333333333,-80.2691217860521,-77.0550598689802,-80.214241065689,-80.2730077363371,-77.0580775771238,-80.2081651486622
1.07566666666667,-80.2587926792021,-77.0427360227534,-80.2040162132464,-80.2626478067203,-77.0457515425102,-80.1978587403395
1.076,-80.2484464626876,-77.0304014778237,-80.1937740925101,-80.2522706483364,-77.0334148318578,-80.1875351861668
1.07633333333333,-80.238083113271,-77.0180562303256,-80.1835146804492,-80.2418762386479,-77.0210674412481,-80.1771944628043
1.07666666666667,-80.227702607749,-77.005700276363,-80.1732379540677,-80.2314645551548,-77.0087093667318,-80.166836546946
1.077,-80.2173049229528,-76.9933336120098,-80.162943890405,-80.2210355753952,-76.9963406043293,-80.15646141532
1.07733333333333,-80.2068900357485,-76.9809562333091,-80.152632466536,-80.2105892769453,-76.9839611500305,-80.1460690446892
1.07766666666667,-80.1964579230369,-76.9685681362734,-80.1423036595712,-80.2001256374196,-76.9715709997941,-80.1356594118508
1.078,-80.1860085617539,-76.956169316885,-80.1319574466567,-80.1896446344708,-76.9591701495486,-80.1252324936368
1.07833333333333,-80.1755419288707,-76.943759771095,-80.1215938049745,-80.1791462457905,-76.9467585951912,-80.1147882669141
1.07866666666667,-80.1650580013939,-76.9313394948241,-80.1112127117429,-80.1686304491086,-76.9343363325885,-80.1043267085847
1.079,-80.1545567563657,-76.9189084839621,-80.1008141442161,-80.1580972221944,-76.921903357576,-80.0938477955859
1.07933333333333,-80.1440381708641,-76.9064667343677,-80.0903980796849,-80.147546542856,-76.9094596659583,-80.0833515048905
1.07966666666667,-80.133502222003,-76.894014241869,-80.0799644954763,-80.1369783889406,-76.8970052535087,-80.0728378135068
1.08,-80.1229488869324,-76.8815510022629,-80.0695133689543,-80.126392738335,-76.8845401159695,-80.0623066984788
1.08033333333333,-80.1123781428387,-76.869077011315,-80.0590446775194,-80.1157895689653,-76.8720642490517,-80.0517581368866
1.08066666666667,-80.1017899669446,-76.8565922647602,-80.0485583986091,-80.1051688587975,-76.859577648435,-80.0411921058464
1.081,-80.0911843365095,-76.8440967583018,-80.0380545096981,-80.0945305858372,-76.8470803097679,-80.0306085825105
1.08133333333333,-80.0805612288297,-76.831590487612,-80.0275329882982,-80.0838747281302,-76.8345722286673,-80.0200075440679
1.08166666666667,-80.0699206212383,-76.8190734483315,-80.0169938119585,-80.073201263762,-76.8220534007186,-80.0093889677438
1.082,-80.0592624911055,-76.8065456360696,-80.0064369582657,-80.0625101708587,-76.8095238214758,-79.9987528308006
1.08233333333333,-80.0485868158391,-76.7940070464044,-79.9958624048442,-80.0518014275867,-76.7969834864611,-79.9880991105372
1.08266666666667,-80.0378935728839,-76.781457674882,-79.985270129356,-80.041075012153,-76.7844323911652,-79.97742778429
1.083,-80.0271827397226,-76.7688975170172,-79.9746601095012,-80.0303309028052,-76.7718705310471,-79.9667388294322
1.08333333333333,-80.0164542938756,-76.7563265682928,-79.9640323230176,-80.0195690778317,-76.7592979015336,-79.9560322233746
1.08366666666667,-80.0057082129013,-76.7437448241603,-79.9533867476815,-80.0087895155619,-76.7467144980201,-79.9453079435656
1.084,-79.994944474396,-76.731152280039,-79.9427233613074,-79.9979921943664,-76.7341203158698,-79.9345659674911
1.08433333333333,-79.9841630559944,-76.7185489313163,-79.9320421417483,-79.9871770926569,-76.7215153504139,-79.923806272675
1.08466666666667,-79.9733639353696,-76.7059347733479,-79.9213430668954,-79.9763441888863,-76.7088995969516,-79.9130288366792
1.085,-79.9625470902332,-76.6933098014573,-79.9106261146792,-79.9654934615493,-76.69627305075,-79.9022336371035
1.08533333333333,-79.9517124983354,-76.6806740109361,-79.8998912630686,-79.9546248891822,-76.6836357070439,-79.8914206515863
1.08566666666667,-79.9408601374654,-76.6680273970433,-79.8891384900714,-79.9437384503629,-76.6709875610359,-79.8805898578042
1.086,-79.9299899854514,-76.6553699550062,-79.8783677737348,-79.9328341237112,-76.6583286078962,-79.8697412334726
1.08633333333333,-79.9191020201607,-76.6427016800195,-79.8675790921447,-79.9219118878891,-76.6456588427628,-79.8588747563455
1.08666666666667,-79.9081962194999,-76.6300225672457,-79.8567724234267,-79.9109717216005,-76.6329782607411,-79.8479904042156
1.087,-79.8972725614149,-76.6173326118148,-79.8459477457459,-79.9000136035916,-76.620286856904,-79.8370881549149
1.08733333333333,-79.8863310238916,-76.6046318088244,-79.8351050373064,-79.8890375126512,-76.6075846262918,-79.8261679863145
1.08766666666667,-79.8753715849551,-76.5919201533393,-79.8242442763525,-79.8780434276103,-76.5948715639121,-79.8152298763246
1.088,-79.8643942226708,-76.579197640392,-79.8133654411682,-79.8670313273427,-76.58214766474,-79.804273802895
1.08833333333333,-79.8533989151439,-76.5664642649823,-79.802468510077,-79.8560011907649,-76.5694129237176,-79.793299744015
1.08866666666667,-79.8423856405197,-76.5537200220769,-79.7915534614428,-79.8449529968363,-76.5566673357543,-79.7823076777136
1.089,-79.831354376984,-76.5409649066101,-79.7806202736695,-79.8338867245591,-76.5439108957266,-79.7712975820596
1.08933333333333,-79.8203051027627,-76.5281989134831,-79.7696689252012,-79.8228023529788,-76.5311435984779,-79.7602694351618
1.08966666666667,-79.8092377961226,-76.5154220375642,-79.7586993945223,-79.8116998611839,-76.5183654388187,-79.7492232151691
1.09,-79.7981524353709,-76.5026342736888,-79.7477116601577,-79.8005792283064,-76.5055764115264,-79.7381589002705
1.09033333333333,-79.7870489988559,-76.489835616659,-79.7367057006728,-79.7894404335214,-76.4927765113452,-79.7270764686955
1.09066666666667,-79.7759274649665,-76.477026061244,-79.7256814946737,-79.7782834560479,-76.4799657329861,-79.7159758987141
1.091,-79.764787812133,-76.4642056021796,-79.7146390208071,-79.7671082751482,-76.4671440711268,-79.7048571686367
1.09133333333333,-79.7536300188267,-76.4513742341684,-79.7035782577608,-79.7559148701284,-76.4543115204117,-79.6937202568146
1.09166666666667,-79.7424540635603,-76.4385319518798,-79.6924991842634,-79.7447032203386,-76.4414680754517,-79.6825651416398
1.092,-79.731259924888,-76.4256787499495,-79.6814017790844,-79.7334733051726,-76.4286137308242,-79.6713918015454
1.09233333333333,-79.7200475814054,-76.4128146229801,-79.6702860210347,-79.7222251040683,-76.4157484810734,-79.6602002150054
1.09266666666667,-79.7088170117501,-76.3999395655403,-79.6591518889664,-79.7109585965077,-76.4028723207093,-79.6489903605352
1.093,-79.6975681946011,-76.3870535721656,-79.6479993617728,-79.699673762017,-76.3899852442089,-79.6377622166915
1.09333333333333,-79.6863011086797,-76.3741566373574,-79.6368284183887,-79.6883705801669,-76.377087246015,-79.6265157620722
1.09366666666667,-79.6750157327491,-76.3612487555838,-79.6256390377904,-79.6770490305721,-76.3641783205367,-79.6152509753169
1.094,-79.6637120456147,-76.3483299212788,-79.614431198996,-79.6657090928921,-76.3512584621494,-79.603967835107
1.09433333333333,-79.652390026124,-76.3354001288427,-79.6032048810648,-79.6543507468309,-76.3383276651945,-79.5926663201653
1.09466666666667,-79.6410496531672,-76.3224593726417,-79.5919600630985,-79.6429739721371,-76.3253859239793,-79.5813464092569
1.095,-79.6296909056766,-76.3095076470083,-79.5806967242402,-79.6315787486041,-76.3124332327773,-79.5700080811885
1.09533333333333,-79.6183137626276,-76.2965449462408,-79.569414843675,-79.6201650560701,-76.2994695858276,-79.558651314809
1.09566666666667,-79.6069182030379,-76.2835712646033,-79.5581144006304,-79.6087328744181,-76.2864949773354,-79.5472760890097
1.096,-79.5955042059682,-76.2705865963258,-79.5467953743756,-79.5972821835764,-76.2735094014715,-79.5358823827238
1.09633333333333,-79.5840717505221,-76.2575909356041,-79.5354577442221,-79.585812963518,-76.2605128523724,-79.5244701749271
1.09666666666667,-79.5726208158461,-76.2445842765997,-79.5241014895238,-79.5743251942613,-76.2475053241403,-79.5130394446381
1.097,-79.5611513811301,-76.2315666134395,-79.5127265896767,-79.5628188558697,-76.2344868108431,-79.5015901709174
1.09733333333333,-79.5496634256069,-76.2185379402163,-79.5013330241195,-79.5512939284521,-76.2214573065138,-79.4901223328687
1.09766666666667,-79.5381569285528,-76.2054982509881,-79.4899207723332,-79.5397503921625,-76.2084168051514,-79.4786359096382
1.098,-79.5266318692876,-76.1924475397785,-79.4784898138414,-79.5281882272007,-76.1953653007198,-79.4671308804152
1.09833333333333,-79.5150882271744,-76.1793858005764,-79.4670401282103,-79.5166074138117,-76.1823027871486,-79.4556072244317
1.09866666666667,-79.5035259816201,-76.1663130273361,-79.4555716950487,-79.5050079322861,-76.1692292583323,-79.444064920963
1.099,-79.4919451120751,-76.153229213977,-79.4440844940085,-79.4933897629601,-76.156144708131,-79.4325039493273
1.09933333333333,-79.4803455980336,-76.1401343543837,-79.4325785047842,-79.4817528862157,-76.1430491303695,-79.4209242888863
1.09966666666667,-79.468727419034,-76.1270284424059,-79.421053707113,-79.4700972824807,-76.129942518838,-79.4093259190446
1.1,-79.4570905546582,-76.1139114718585,-79.4095100807754,-79.4584229322283,-76.1168248672916,-79.3977088192506
1.10033333333333,-79.4454349845323,-76.1007834365212,-79.3979476055947,-79.4467298159781,-76.1036961694503,-79.3860729689959
1.10066666666667,-79.4337606883267,-76.0876443301387,-79.3863662614372,-79.4350179142953,-76.090556418999,-79.3744183478157
1.101,-79.4220676457558,-76.0744941464203,-79.3747660282127,-79.423287207791,-76.0774056095874,-79.362744935289
1.10133333333333,-79.4103558365783,-76.0613328790406,-79.3631468858738,-79.4115376771226,-76.06424373483,-79.3510527110383
1.10166666666667,-79.3986252405973,-76.0481605216384,-79.3515088144164,-79.3997693029933,-76.051070788306,-79.3393416547299
1.102,-79.3868758376605,-76.0349770678175,-79.3398517938799,-79.3879820661526,-76.0378867635593,-79.327611746074
1.10233333333333,-79.3751076076597,-76.021782511146,-79.3281758043467,-79.3761759473962,-76.024691654098,-79.3158629648247
1.10266666666667,-79.3633205305316,-76.0085768451568,-79.3164808259428,-79.3643509275655,-76.0114854533951,-79.3040952907801
1.103,-79.3515145862575,-75.9953600633471,-79.3047668388377,-79.352506987549,-75.9982681548879,-79.2923087037824
1.10333333333333,-79.3396897548633,-75.9821321591785,-79.293033823244,-79.3406441082807,-75.985039751978,-79.2805031837178
1.10366666666667,-79.3278460164199,-75.9688931260769,-79.2812817594184,-79.3287622707413,-75.9718002380314,-79.2686787105167
1.104,-79.3159833510428,-75.9556429574327,-79.2695106276606,-79.3168614559579,-75.9585496063784,-79.2568352641539
1.10433333333333,-79.3041017388925,-75.9423816466002,-79.2577204083142,-79.3049416450039,-75.9452878503132,-79.2449728246484
1.10466666666667,-79.2922011601745,-75.9291091868978,-79.2459110817665,-79.293002818999,-75.9320149630945,-79.2330913720635
1.105,-79.2802815951395,-75.9158255716084,-79.2340826284481,-79.2810449591096,-75.9187309379447,-79.2211908865071
1.10533333333333,-79.2683430240829,-75.9025307939785,-79.2222350288338,-79.2690680465484,-75.9054357680506,-79.2092713481315
1.10566666666667,-79.2563854273455,-75.8892248472186,-79.2103682634417,-79.2570720625748,-75.8921294465624,-79.1973327371335
1.106,-79.2444087853135,-75.8759077245032,-79.198482312834,-79.2450569884945,-75.8788119665946,-79.1853750337545
1.10633333333333,-79.2324130784178,-75.8625794189706,-79.1865771576166,-79.23302280566,-75.8654833212254,-79.1733982182805
1.10666666666667,-79.2203982871351,-75.8492399237226,-79.1746527784391,-79.2209694954702,-75.8521435034966,-79.1614022710424
1.107,-79.2083643919873,-75.835889231825,-79.1627091559952,-79.2088970393707,-75.8387925064137,-79.1493871724155
1.10733333333333,-79.1963113735416,-75.8225273363071,-79.1507462710223,-79.1968054188537,-75.825430322946,-79.1373529028202
1.10766666666667,-79.1842392124108,-75.8091542301617,-79.1387641043017,-79.1846946154581,-75.8120569460261,-79.1252994427215
1.108,-79.1721478892531,-75.7957699063451,-79.1267626366589,-79.1725646107693,-75.7986723685502,-79.1132267726292
1.10833333333333,-79.1600373847722,-75.782374357777,-79.114741848963,-79.1604153864196,-75.785276583378,-79.1011348730984
1.10866666666667,-79.1479076797175,-75.7689675773405,-79.1027017221272,-79.1482469240876,-75.7718695833323,-79.0890237247288
1.109,-79.1357587548839,-75.755549557882,-79.0906422371088,-79.136059205499,-75.7584513611995,-79.076893308165
1.10933333333333,-79.1235905911119,-75.7421202922111,-79.078563374909,-79.1238522124259,-75.745021909729,-79.064743604097
1.10966666666667,-79.1114031692878,-75.7286797731004,-79.066465116573,-79.1116259266873,-75.7315812216334,-79.0525745932595
1.11,-79.0991964703437,-75.7152279932859,-79.0543474431901,-79.0993803301487,-75.7181292895885,-79.0403862564324
1.11033333333333,-79.086970475257,-75.7017649454663,-79.0422103358934,-79.0871154047223,-75.7046661062331,-79.0281785744408
1.11066666666667,-79.0747251650515,-75.6882906223036,-79.0300537758605,-79.0748311323673,-75.6911916641687,-79.0159515281547
1.111,-79.0624605207963,-75.6748050164224,-79.0178777443126,-79.0625274950891,-75.6777059559602,-79.0037050984894
1.11133333333333,-79.0501765236066,-75.6613081204103,-79.0056822225152,-79.0502044749403,-75.6642089741349,-78.9914392664055
1.11166666666667,-79.0378731546433,-75.6477999268175,-78.9934671917777,-79.0378620540197,-75.6507007111831,-78.9791540129085
1.112,-79.0255503951132,-75.6342804281571,-78.9812326334537,-79.0255002144731,-75.6371811595577,-78.9668493190494
1.11233333333333,-79.013208226269,-75.6207496169047,-78.9689785289409,-79.0131189384929,-75.6236503116744,-78.9545251659243
1.11266666666667,-79.0008466294093,-75.6072074854986,-78.9567048596808,-79.000718208318,-75.6101081599113,-78.9421815346747
1.113,-78.9884655858786,-75.5936540263393,-78.9444116071592,-78.9882980062341,-75.5965546966091,-78.929818406487
1.11333333333333,-78.9760650770675,-75.5800892317901,-78.9320987529059,-78.9758583145734,-75.5829899140709,-78.9174357625935
1.11366666666667,-78.9636450844122,-75.5665130941764,-78.9197662784947,-78.9633991157147,-75.5694138045624,-78.9050335842711
1.114,-78.9512055893953,-75.552925605786,-78.9074141655433,-78.9509203920834,-75.5558263603113,-78.8926118528426
1.11433333333333,-78.9387465735449,-75.539326758869,-78.8950423957136,-78.9384221261516,-75.5422275735077,-78.8801705496758
1.11466666666667,-78.9262680184355,-75.5257165456376,-78.8826509507116,-78.9259043004375,-75.528617436304,-78.8677096561838
1.115,-78.9137699056871,-75.512094958266,-78.8702398122869,-78.9133668975063,-75.5149959408146,-78.8552291538251
1.11533333333333,-78.9012522169662,-75.4984619888907,-78.8578089622335,-78.9008098999694,-75.501363079116,-78.8427290241035
1.11566666666667,-78.8887149339849,-75.4848176296099,-78.845358382389,-78.8882332904847,-75.4877188432466,-78.8302092485683
1.116,-78.8761580385014,-75.4711618724838,-78.8328880546353,-78.8756370517563,-75.4740632252069,-78.8176698088137
1.11633333333333,-78.8635815123199,-75.4574947095346,-78.8203979608979,-78.8630211665351,-75.4603962169591,-78.8051106864796
1.11666666666667,-78.8509853372904,-75.4438161327459,-78.8078880831464,-78.850385617618,-75.4467178104274,-78.792531863251
1.117,-78.8383694953092,-75.4301261340634,-78.7953584033941,-78.8377303878483,-75.4330279974975,-78.7799333208583
1.11733333333333,-78.8257339683182,-75.4164247053942,-78.7828089036983,-78.8250554601154,-75.4193267700169,-78.7673150410773
1.11766666666667,-78.8130787383054,-75.4027118386071,-78.7702395661601,-78.8123608173553,-75.4056141197947,-78.7546770057287
1.118,-78.8004037873046,-75.3889875255322,-78.7576503729242,-78.7996464425498,-75.3918900386016,-78.7420191966788
1.11833333333333,-78.7877090973958,-75.3752517579613,-78.7450413061791,-78.7869123187269,-75.3781545181695,-78.729341595839
1.11866666666667,-78.7749946507046,-75.3615045276473,-78.7324123481573,-78.7741584289609,-75.3644075501921,-78.716644185166
1.119,-78.7622604294026,-75.3477458263047,-78.7197634811346,-78.7613847563718,-75.3506491263241,-78.7039269466618
1.11933333333333,-78.7495064157072,-75.333975645609,-78.7070946874308,-78.7485912841258,-75.3368792381817,-78.6911898623733
1.11966666666667,-78.7367325918816,-75.3201939771969,-78.6944059494089,-78.7357779954348,-75.3230978773421,-78.6784329143929
1.12,-78.723938940235,-75.3064008126663,-78.6816972494758,-78.7229448735569,-75.3093050353439,-78.6656560848579
1.12033333333333,-78.7111254431221,-75.292596143576,-78.6689685700818,-78.7100919017956,-75.2955007036864,-78.6528593559508
1.12066666666667,-78.6982920829435,-75.2787799614459,-78.6562198937206,-78.6972190635006,-75.2816848738303,-78.6400427098992
1.121,-78.6854388421457,-75.2649522577567,-78.6434512029296,-78.6843263420668,-75.2678575371971,-78.6272061289759
1.12133333333333,-78.6725657032204,-75.25111302395,-78.6306624802892,-78.671413720935,-75.2540186851691,-78.6143495954983
1.12166666666667,-78.6596726487055,-75.2372622514281,-78.6178537084235,-78.6584811835916,-75.2401683090894,-78.6014730918293
1.122,-78.646759661184,-75.223399931554,-78.6050248699995,-78.6455287135683,-75.2263064002618,-78.5885766003765
1.12233333333333,-78.633826723285,-75.2095260556513,-78.5921759477278,-78.6325562944423,-75.2124329499511,-78.5756601035922
1.12266666666667,-78.6208738176826,-75.1956406150042,-78.579306924362,-78.6195639098361,-75.1985479493822,-78.5627235839741
1.123,-78.6079009270968,-75.1817436008574,-78.5664177826988,-78.6065515434175,-75.184651389741,-78.5497670240642
1.12333333333333,-78.594908034293,-75.167835004416,-78.553508505578,-78.5935191788996,-75.1707432621737,-78.5367904064498
1.12366666666667,-78.5818951220817,-75.1539148168455,-78.5405790758824,-78.5804668000403,-75.1568235577867,-78.5237937137624
1.124,-78.5688621733191,-75.1399830292715,-78.5276294765377,-78.5673943906429,-75.1428922676469,-78.5107769286786
1.12433333333333,-78.5558091709065,-75.12603963278,-78.5146596905125,-78.5543019345556,-75.1289493827816,-78.4977400339194
1.12466666666667,-78.5427360977906,-75.1120846184171,-78.5016697008183,-78.5411894156711,-75.1149948941782,-78.4846830122506
1.125,-78.5296429369631,-75.0981179771889,-78.4886594905092,-78.5280568179272,-75.101028792784,-78.4716058464825
1.12533333333333,-78.516529671461,-75.0841397000617,-78.475629042682,-78.5149041253064,-75.0870510695067,-78.4585085194698
1.12566666666667,-78.5033962843663,-75.0701497779615,-78.4625783404762,-78.5017313218358,-75.0730617152139,-78.4453910141115
1.126,-78.4902427588061,-75.0561482017743,-78.4495073670736,-78.4885383915868,-75.059060720733,-78.4322533133513
1.12633333333333,-78.4770690779524,-75.0421349623458,-78.4364161056988,-78.4753253186755,-75.0450480768513,-78.419095400177
1.12666666666667,-78.4638752250221,-75.0281100504815,-78.4233045396185,-78.4620920872621,-75.031023774316,-78.4059172576206
1.127,-78.4506611832769,-75.0140734569466,-78.4101726521418,-78.4488386815513,-75.0169878038339,-78.3927188687584
1.12733333333333,-78.4374269360233,-75.0000251724658,-78.3970204266199,-78.4355650857915,-75.0029401560716,-78.3795002167107
1.12766666666667,-78.4241724666125,-74.9859651877234,-78.3838478464465,-78.4222712842755,-74.988880821655,-78.366261284642
1.128,-78.4108977584404,-74.9718934933631,-78.3706548950569,-78.4089572613398,-74.9748097911699,-78.3530020557606
1.12833333333333,-78.3976027949471,-74.9578100799879,-78.3574415559286,-78.395623001365,-74.9607270551611,-78.3397225133189
1.12866666666667,-78.3842875596176,-74.9437149381603,-78.3442078125811,-78.3822684887751,-74.9466326041332,-78.3264226406128
1.129,-78.3709520359811,-74.9296080584018,-78.3309536485754,-78.3688937080379,-74.9325264285497,-78.3131024209823
1.12933333333333,-78.357596207611,-74.9154894311933,-78.3176790475145,-78.3554986436645,-74.9184085188338,-78.2997618378108
1.12966666666667,-78.3442200581252,-74.9013590469746,-78.3043839930428,-78.3420832802096,-74.9042788653674,-78.2864008745255
1.13,-78.3308235711854,-74.8872168961446,-78.2910684688464,-78.328647602271,-74.8901374584918,-78.273019514597
1.13033333333333,-78.3174067304977,-74.8730629690613,-78.2777324586527,-78.3151915944897,-74.8759842885071,-78.2596177415392
1.13066666666667,-78.3039695198119,-74.8588972560412,-78.2643759462305,-78.3017152415498,-74.8618193456726,-78.2461955389096
1.131,-78.2905119229218,-74.8447197473601,-78.2509989153897,-78.2882185281781,-74.8476426202063,-78.2327528903088
1.13133333333333,-78.277033923665,-74.8305304332521,-78.2376013499815,-78.2747014391445,-74.8334541022851,-78.2192897793806
1.13166666666667,-78.2635355059227,-74.8163293039102,-78.2241832338981,-78.2611639592612,-74.8192537820445,-78.2058061898117
1.132,-78.25001665362,-74.8021163494861,-78.2107445510725,-78.247606073383,-74.8050416495789,-78.192302105332
1.13233333333333,-78.236477350725,-74.7878915600896,-78.1972852854786,-78.2340277664076,-74.7908176949411,-78.1787775097142
1.13266666666667,-78.2229175812495,-74.7736549257895,-78.1838054211312,-78.2204290232741,-74.7765819081425,-78.1652323867738
1.133,-78.2093373292487,-74.7594064366125,-78.1703049420853,-78.2068098289646,-74.762334279153,-78.1516667203688
1.13333333333333,-78.1957365788208,-74.7451460825439,-78.1567838324366,-78.1931701685026,-74.7480747979008,-78.1380804943999
1.13366666666667,-78.1821153141071,-74.7308738535271,-78.1432420763214,-78.1795100269538,-74.7338034542724,-78.1244736928105
1.134,-78.1684735192921,-74.7165897394637,-78.1296796579159,-78.1658293894254,-74.7195202381127,-78.110846299586
1.13433333333333,-78.1548111786027,-74.7022937302134,-78.1160965614367,-78.1521282410665,-74.7052251392246,-78.0971982987542
1.13466666666667,-78.1411282763091,-74.6879858155939,-78.1024927711402,-78.1384065670672,-74.6909181473692,-78.0835296743852
1.135,-78.1274247967238,-74.6736659853808,-78.0888682713229,-78.1246643526595,-74.6765992522655,-78.069840410591
1.13533333333333,-78.1137007242021,-74.6593342293077,-78.0752230463212,-78.1109015831159,-74.6622684435905,-78.0561304915254
1.13566666666667,-78.0999560431414,-74.6449905370658,-78.0615570805107,-78.0971182437505,-74.6479257109793,-78.0423999013843
1.136,-78.0861907379816,-74.6306348983042,-78.0478703583072,-78.0833143199179,-74.6335710440244,-78.0286486244051
1.13633333333333,-78.0724047932046,-74.6162673026295,-78.0341628641652,-78.0694897970135,-74.6192044322762,-78.0148766448668
1.13666666666667,-78.0585981933347,-74.601887739606,-78.0204345825792,-78.0556446604733,-74.604825865243,-78.0010839470899
1.137,-78.0447709229377,-74.5874961987554,-78.0066854980823,-78.0417788957737,-74.5904353323903,-77.9872705154364
1.13733333333333,-78.0309229666215,-74.5730926695568,-77.9929155952469,-78.0278924884313,-74.5760328231414,-77.973436334309
1.13766666666667,-78.0170543090356,-74.5586771414468,-77.9791248586842,-78.0139854240028,-74.5616183268769,-77.9595813881521
1.138,-78.0031649348709,-74.5442496038192,-77.9653132730442,-78.0000576880849,-74.5471918329347,-77.9457056614507
1.13833333333333,-77.9892548288598,-74.5298100460248,-77.9514808230157,-77.986109266314,-74.5327533306102,-77.9318091387307
1.13866666666667,-77.975323975776,-74.5153584573719,-77.9376274933256,-77.9721401443661,-74.5183028091558,-77.9178918045587
1.139,-77.9613723604344,-74.5008948271255,-77.9237532687394,-77.9581503079566,-74.5038402577812,-77.903953643542
1.13933333333333,-77.9473999676907,-74.4864191445078,-77.9098581340608,-77.9441397428402,-74.4893656656529,-77.8899946403279
1.13966666666667,-77.9334067824415,-74.4719313986977,-77.8959420741314,-77.9301084348109,-74.4748790218948,-77.8760147796044
1.14,-77.9193927896243,-74.4574315788311,-77.8820050738311,-77.9160563697012,-74.4603803155874,-77.8620140460997
1.14033333333333,-77.9053579742169,-74.4429196740007,-77.868047118077,-77.9019835333828,-74.445869535768,-77.8479924245817
1.14066666666667,-77.8913023212378,-74.4283956732555,-77.8540681918243,-77.8878899117656,-74.431346671431,-77.8339498998584
1.141,-77.8772258157454,-74.4138595656015,-77.8400682800655,-77.8737754907981,-74.4168117115271,-77.8198864567773
1.14133333333333,-77.8631284428387,-74.3993113400009,-77.8260473678304,-77.859640256467,-74.4022646449639,-77.8058020802257
1.14166666666667,-77.8490101876562,-74.3847509853727,-77.8120054401858,-77.8454841947971,-74.3877054606052,-77.7916967551301
1.142,-77.8348710353765,-74.3701784905918,-77.797942482236,-77.8313072918509,-74.3731341472718,-77.7775704664567
1.14233333333333,-77.8207109712178,-74.3555938444897,-77.7838584791217,-77.8171095337287,-74.3585506937403,-77.7634231992102
1.14266666666667,-77.8065299804378,-74.3409970358541,-77.7697534160205,-77.8028909065681,-74.3439550887439,-77.7492549384348
1.143,-77.7923280483334,-74.3263880534286,-77.7556272781465,-77.7886513965444,-74.3293473209719,-77.7350656692133
1.14333333333333,-77.778105160241,-74.3117668859132,-77.7414800507501,-77.7743909898696,-74.31472737907,-77.7208553766671
1.14366666666667,-77.7638613015356,-74.2971335219634,-77.7273117191181,-77.7601096727928,-74.3000952516397,-77.7066240459562
1.144,-77.7495964576315,-74.282487950191,-77.7131222685731,-77.7458074315998,-74.2854509272385,-77.6923716622789
1.14433333333333,-77.7353106139812,-74.2678301591636,-77.6989116844738,-77.7314842526129,-74.2707943943801,-77.6780982108718
1.14466666666667,-77.7210037560762,-74.2531601374041,-77.6846799522145,-77.7171401221908,-74.2561256415336,-77.6638036770092
1.145,-77.7066758694459,-74.2384778733915,-77.6704270572251,-77.7027750267282,-74.2414446571242,-77.6494880460035
1.14533333333333,-77.6923269396583,-74.2237833555603,-77.6561529849708,-77.688388952656,-74.2267514295327,-77.6351513032048
1.14566666666667,-77.677956952319,-74.2090765723003,-77.6418577209522,-77.6739818864405,-74.2120459470954,-77.6207934340004
1.146,-77.6635658930717,-74.1943575119569,-77.6275412507047,-77.6595538145839,-74.1973281981042,-77.6064144238154
1.14633333333333,-77.6491537475975,-74.1796261628308,-77.6132035597986,-77.6451047236232,-74.1825981708065,-77.5920142581115
1.14666666666667,-77.6347205016152,-74.1648825131778,-77.5988446338389,-77.6306346001311,-74.1678558534048,-77.5775929223879
1.147,-77.6202661408808,-74.1501265512091,-77.5844644584652,-77.6161434307149,-74.1531012340573,-77.5631504021803
1.14733333333333,-77.6057906511873,-74.1353582650909,-77.5700630193514,-77.6016312020165,-74.138334300877,-77.548686683061
1.14766666666667,-77.5912940183647,-74.1205776429443,-77.5556403022052,-77.5870979007125,-74.1235550419322,-77.5342017506391
1.148,-77.5767762282797,-74.1057846728455,-77.5411962927688,-77.5725435135138,-74.1087634452463,-77.5196955905594
1.14833333333333,-77.5622372668355,-74.0909793428255,-77.5267309768176,-77.557968027165,-74.0939594987975,-77.5051681885032
1.14866666666667,-77.5476771199716,-74.07616164087,-77.5122443401611,-77.543371428445,-74.0791431905191,-77.4906195301876
1.149,-77.5330957736638,-74.0613315549194,-77.4977363686418,-77.528753704166,-74.0643145082989,-77.4760496013653
1.14933333333333,-77.5184932139238,-74.0464890728688,-77.4832070481356,-77.5141148411738,-74.0494734399796,-77.4614583878246
1.14966666666667,-77.503869426799,-74.0316341825677,-77.4686563645512,-77.4994548263472,-74.0346199733585,-77.4468458753891
1.15,-77.4892243983723,-74.0167668718202,-77.4540843038305,-77.484773646598,-74.0197540961875,-77.4322120499175
1.15033333333333,-77.4745581147621,-74.0018871283845,-77.4394908519477,-77.4700712888708,-74.0048757961729,-77.4175568973034
1.15066666666667,-77.4598705621218,-73.9869949399733,-77.4248759949095,-77.4553477401426,-73.9899850609754,-77.4028804034754
1.151,-77.44516172664,-73.9720902942534,-77.4102397187548,-77.4406029874229,-73.9750818782099,-77.3881825543961
1.15133333333333,-77.4304315945397,-73.9571731788457,-77.3955820095545,-77.4258370177528,-73.9601662354458,-77.373463336063
1.15166666666667,-77.4156801520788,-73.9422435813251,-77.3809028534116,-77.4110498182057,-73.9452381202063,-77.3587227345074
1.152,-77.4009073855492,-73.9273014892205,-77.3662022364603,-77.3962413758861,-73.9302975199689,-77.3439607357945
1.15233333333333,-77.3861132812772,-73.9123468900145,-77.3514801448665,-77.3814116779304,-73.9153444221649,-77.3291773260236
1.15266666666667,-77.3712978256227,-73.8973797711437,-77.3367365648273,-77.3665607115054,-73.9003788141796,-77.3143724913269
1.153,-77.3564610049796,-73.8824001199983,-77.3219714825707,-77.3516884638095,-73.885400683352,-77.2995462178706
1.15333333333333,-77.3416028057751,-73.8674079239219,-77.3071848843556,-77.3367949220711,-73.8704100169749,-77.2846984918535
1.15366666666667,-77.3267232144696,-73.8524031702118,-77.2923767564715,-77.3218800735494,-73.8554068022946,-77.2698292995074
1.154,-77.3118222175569,-73.8373858461188,-77.2775470852381,-77.3069439055335,-73.8403910265112,-77.2549386270969
1.15433333333333,-77.296899801563,-73.8223559388467,-77.2626958570054,-77.2919864053425,-73.8253626767779,-77.2400264609189
1.15466666666667,-77.2819559530471,-73.807313435553,-77.2478230581535,-77.2770075603251,-73.8103217402016,-77.2250927873026
1.155,-77.2669906586004,-73.792258323348,-77.2329286750919,-77.2620073578594,-73.7952682038422,-77.2101375926093
1.15533333333333,-77.2520039048463,-73.7771905892953,-77.2180126942599,-77.2469857853528,-73.780202054713,-77.195160863232
1.15566666666667,-77.2369956784403,-73.7621102204112,-77.203075102126,-77.2319428302412,-73.7651232797804,-77.1801625855952
1.156,-77.2219659660694,-73.7470172036654,-77.1881158851878,-77.2168784799896,-73.7500318659637,-77.1651427461549
1.15633333333333,-77.206914754452,-73.7319115259799,-77.1731350299717,-77.2017927220911,-73.7349278001352,-77.1501013313982
1.15666666666667,-77.1918420303379,-73.7167931742296,-77.1581325230328,-77.1866855440671,-73.71981106912,-77.1350383278431
1.157,-77.1767477805079,-73.7016621352423,-77.1431083509546,-77.1715569334667,-73.7046816596961,-77.1199537220381
1.15733333333333,-77.1616319917732,-73.6865183957979,-77.1280625003488,-77.1564068778668,-73.6895395585941,-77.1048475005624
1.15766666666667,-77.146494650976,-73.6713619426291,-77.112994957855,-77.1412353648715,-73.674384752497,-77.0897196500254
1.158,-77.1313357449884,-73.6561927624208,-77.0979057101406,-77.1260423821121,-73.6592172280407,-77.0745701570661
1.15833333333333,-77.1161552607127,-73.6410108418103,-77.0827947439005,-77.1108279172467,-73.644036971813,-77.0593990083536
1.15866666666667,-77.1009531850809,-73.6258161673869,-77.0676620458568,-77.09559195796,-73.6288439703544,-77.0442061905865
1.159,-77.0857295050545,-73.6106087256922,-77.0525076027587,-77.080334491963,-73.6136382101574,-77.0289916904925
1.15933333333333,-77.0704842076246,-73.5953885032197,-77.0373314013821,-77.0650555069925,-73.5984196776669,-77.0137554948284
1.15966666666667,-77.055217279811,-73.5801554864148,-77.0221334285297,-77.0497549908115,-73.5831883592795,-76.9984975903796
1.16,-77.0399287086624,-73.5649096616748,-77.0069136710303,-77.0344329312082,-73.567944241344,-76.9832179639606
1.16033333333333,-77.024618481256,-73.5496510153488,-76.9916721157389,-77.019089315996,-73.552687310161,-76.9679166024133
1.16066666666667,-77.0092865846974,-73.5343795337372,-76.9764087495363,-77.0037241330134,-73.5374175519827,-76.9525934926086
1.161,-76.9939330061203,-73.5190952030924,-76.961123559329,-76.9883373701235,-73.5221349530134,-76.9372486214445
1.16133333333333,-76.9785577326859,-73.5037980096181,-76.9458165320487,-76.9729290152139,-73.5068394994085,-76.9218819758468
1.16166666666667,-76.9631607515832,-73.488487939469,-76.9304876546523,-76.957499056196,-73.4915311772752,-76.9064935427687
1.162,-76.9477420500284,-73.4731649787517,-76.9151369141218,-76.9420474810055,-73.476209972672,-76.8910833091903
1.16233333333333,-76.9323016152645,-73.4578291135235,-76.8997642974634,-76.9265742776013,-73.4608758716086,-76.8756512621184
1.16266666666667,-76.9168394345615,-73.442480329793,-76.8843697917081,-76.9110794339658,-73.4455288600462,-76.8601973885867
1.163,-76.9013554952158,-73.4271186135197,-76.8689533839109,-76.8955629381042,-73.4301689238969,-76.8447216756547
1.16333333333333,-76.8858497845499,-73.411743950614,-76.8535150611505,-76.8800247780445,-73.4147960490238,-76.8292241104084
1.16366666666667,-76.8703222899124,-73.3963563269372,-76.8380548105294,-76.8644649418374,-73.399410221241,-76.8137046799592
1.164,-76.8547729986775,-73.3809557283012,-76.8225726191735,-76.8488834175551,-73.3840114263135,-76.798163371444
1.16433333333333,-76.8392018982449,-73.3655421404685,-76.8070684742318,-76.8332801932924,-73.368599649957,-76.7826001720254
1.16466666666667,-76.8236089760392,-73.3501155491522,-76.7915423628761,-76.817655257165,-73.3531748778377,-76.7670150688903
1.165,-76.8079942195102,-73.3346759400157,-76.775994272301,-76.8020085973104,-73.3377370955726,-76.7514080492507
1.16533333333333,-76.7923576161319,-73.3192232986729,-76.7604241897233,-76.7863402018867,-73.322286288729,-76.7357791003431
1.16566666666667,-76.7766991534029,-73.3037576106877,-76.7448321023817,-76.7706500590728,-73.3068224428245,-76.720128209428
1.166,-76.7610188188458,-73.2882788615743,-76.7292179975372,-76.7549381570681,-73.2913455433271,-76.7044553637897
1.16633333333333,-76.7453166000068,-73.2727870367968,-76.7135818624721,-76.739204484092,-73.2758555756549,-76.6887605507364
1.16666666666667,-76.7295924844559,-73.2572821217694,-76.6979236844899,-76.7234490283836,-73.2603525251761,-76.6730437575994
1.167,-76.7138464597858,-73.2417641018559,-76.6822434509154,-76.7076717782018,-73.2448363772087,-76.6573049717333
1.16733333333333,-76.6980785136125,-73.22623296237,-76.666541149094,-76.6918727218243,-73.2293071170209,-76.6415441805153
1.16766666666667,-76.6822886335745,-73.210688688575,-76.6508167663917,-76.6760518475479,-73.2137647298302,-76.6257613713453
1.168,-76.6664768073327,-73.1951312656837,-76.6350702901947,-76.6602091436881,-73.1982092008043,-76.6099565316452
1.16833333333333,-76.6506430225699,-73.1795606788584,-76.6193017079092,-76.6443445985785,-73.18264051506,-76.5941296488592
1.16866666666667,-76.6347872669907,-73.1639769132106,-76.6035110069611,-76.6284582005707,-73.1670586576638,-76.5782807104528
1.169,-76.6189095283214,-73.1483799538013,-76.5876981747957,-76.612549938034,-73.1514636136317,-76.5624097039133
1.16933333333333,-76.6030097943092,-73.1327697856402,-76.5718631988775,-76.5966197993553,-73.1358553679286,-76.5465166167487
1.16966666666667,-76.5870880527223,-73.1171463936864,-76.5560060666897,-76.5806677729381,-73.1202339054689,-76.5306014364882
1.17,-76.5711442913494,-73.1015097628479,-76.5401267657345,-76.564693847203,-73.104599211116,-76.5146641506813
1.17033333333333,-76.5551784979998,-73.0858598779813,-76.5242252835321,-76.5486980105871,-73.088951269682,-76.4987047468978
1.17066666666667,-76.5391906605023,-73.0701967238922,-76.5083016076208,-76.5326802515432,-73.0732900659283,-76.4827232127275
1.171,-76.5231807667058,-73.0545202853345,-76.4923557255567,-76.5166405585403,-73.0576155845647,-76.4667195357799
1.17133333333333,-76.5071488044784,-73.0388305470109,-76.4763876249135,-76.5005789200628,-73.0419278102497,-76.4506937036837
1.17166666666667,-76.4910947617075,-73.0231274935724,-76.4603972932819,-76.4844953246102,-73.0262267275906,-76.434645704087
1.172,-76.475018626299,-73.0074111096183,-76.4443847182698,-76.468389760697,-73.010512321143,-76.4185755246563
1.17233333333333,-76.4589203861776,-72.9916813796962,-76.4283498875014,-76.4522622168521,-72.9947845754106,-76.4024831530769
1.17266666666667,-76.4428000292858,-72.9759382883016,-76.4122927886175,-76.4361126816188,-72.9790434748458,-76.3863685770521
1.173,-76.4266575435844,-72.9601818198782,-76.396213409275,-76.4199411435541,-72.9632890038488,-76.3702317843032
1.17333333333333,-76.4104929170515,-72.9444119588175,-76.3801117371465,-76.4037475912287,-72.947521146768,-76.354072762569
1.17366666666667,-76.3943061376825,-72.9286286894588,-76.3639877599199,-76.3875320132267,-72.9317398878995,-76.3378914996058
1.174,-76.3780971934898,-72.912831996089,-76.3478414652988,-76.3712943981449,-72.9159452114875,-76.3216879831865
1.17433333333333,-76.3618660725024,-72.8970218629428,-76.3316728410011,-76.3550347345929,-72.9001371017238,-76.305462201101
1.17466666666667,-76.3456127627656,-72.8811982742019,-76.3154818747598,-76.3387530111924,-72.8843155427478,-76.2892141411555
1.175,-76.3293372523408,-72.865361213996,-76.2992685543221,-76.3224492165772,-72.8684805186462,-76.2729437911723
1.17533333333333,-76.3130395293051,-72.8495106664014,-76.2830328674492,-76.3061233393928,-72.8526320134535,-76.2566511389893
1.17566666666667,-76.2967195817507,-72.833646615442,-76.2667748019158,-76.2897753682957,-72.836770011151,-76.2403361724599
1.176,-76.2803773977852,-72.8177690450885,-76.2504943455106,-76.2734052919538,-72.8208944956677,-76.2239988794528
1.17633333333333,-76.2640129655308,-72.8018779392586,-76.234191486035,-76.2570130990454,-72.8050054508792,-76.2076392478514
1.17666666666667,-76.247626273124,-72.7859732818169,-76.2178662113034,-76.2405987782591,-72.7891028606082,-76.1912572655534
1.177,-76.2312173087156,-72.7700550565743,-76.2015185091427,-76.2241623182936,-72.7731867086244,-76.1748529204713
1.17733333333333,-76.2147860604699,-72.7541232472888,-76.1851483673921,-76.207703707857,-72.757256978644,-76.1584262005308
1.17766666666667,-76.198332516565,-72.7381778376646,-76.1687557739026,-76.1912229356671,-72.7413136543299,-76.1419770936715
1.178,-76.181856665192,-72.7222188113523,-76.1523407165371,-76.1747199904503,-72.7253567192917,-76.1255055878464
1.17833333333333,-76.1653584945545,-72.7062461519488,-76.1359031831697,-76.1581948609419,-72.7093861570851,-76.109011671021
1.17866666666667,-76.1488379928688,-72.6902598429971,-76.1194431616854,-76.1416475358854,-72.6934019512123,-76.0924953311737
1.179,-76.1322951483635,-72.6742598679862,-76.1029606399802,-76.1250780040321,-72.6774040851214,-76.0759565562951
1.17933333333333,-76.1157299492786,-72.658246210351,-76.0864556059603,-76.1084862541414,-72.6613925422069,-76.0593953343878
1.17966666666667,-76.0991423838659,-72.6422188534722,-76.0699280475422,-76.0918722749793,-72.645367305809,-76.042811653466
1.18,-76.0825324403882,-72.6261777806765,-76.053377952652,-76.0752360553194,-72.6293283592139,-76.0262055015553
1.18033333333333,-76.0659001071192,-72.6101229752356,-76.0368053092254,-76.0585775839413,-72.6132756856533,-76.0095768666921
1.18066666666667,-76.0492453723429,-72.5940544203671,-76.0202101052073,-76.0418968496313,-72.5972092683048,-75.9929257369235
1.181,-76.0325682243536,-72.5779720992338,-76.0035923285514,-76.0251938411815,-72.5811290902911,-75.9762521003071
1.18133333333333,-76.0158686514552,-72.5618759949436,-75.9869519672201,-76.0084685473895,-72.5650351346808,-75.9595559449104
1.18166666666667,-75.9991466419614,-72.5457660905497,-75.9702890091838,-75.991720957058,-72.5489273844871,-75.9428372588104
1.182,-75.9824021841945,-72.5296423690503,-75.9536034424211,-75.9749510589947,-72.5328058226688,-75.9260960300936
1.18233333333333,-75.9656352664861,-72.5135048133882,-75.936895254918,-75.958158842012,-72.5166704321297,-75.9093322468557
1.18266666666667,-75.948845877176,-72.4973534064512,-75.9201644346679,-75.9413442949261,-72.5005211957183,-75.8925458972005
1.183,-75.9320340046119,-72.4811881310717,-75.9034109696713,-75.9245074065572,-72.4843580962279,-75.8757369692407
1.18333333333333,-75.9151996371497,-72.4650089700266,-75.886634847935,-75.9076481657291,-72.4681811163966,-75.8589054510967
1.18366666666667,-75.8983427631522,-72.4488159060371,-75.8698360574724,-75.8907665612684,-72.451990238907,-75.8420513308966
1.184,-75.8814633709896,-72.4326089217688,-75.8530145863029,-75.8738625820048,-72.4357854463861,-75.8251745967759
1.18433333333333,-75.8645614490387,-72.4163879998315,-75.8361704224517,-75.8569362167702,-72.4195667214052,-75.8082752368769
1.18466666666667,-75.8476369856827,-72.4001531227788,-75.819303553949,-75.8399874543987,-72.4033340464798,-75.7913532393487
1.185,-75.8306899693107,-72.3839042731084,-75.8024139688304,-75.8230162837258,-72.3870874040693,-75.7744085923466
1.18533333333333,-75.8137203883176,-72.3676414332617,-75.7855016551361,-75.8060226935887,-72.3708267765774,-75.757441284032
1.18566666666667,-75.7967282311035,-72.3513645856239,-75.7685666009107,-75.7890066728255,-72.3545521463513,-75.7404513025716
1.186,-75.7797134860734,-72.3350737125237,-75.7516087942029,-75.7719682102747,-72.338263495682,-75.7234386361377
1.18633333333333,-75.7626761416371,-72.318768796233,-75.7346282230652,-75.7549072947755,-72.321960806804,-75.7064032729074
1.18666666666667,-75.7456161862086,-72.3024498189673,-75.7176248755532,-75.7378239151666,-72.3056440618954,-75.6893452010622
1.187,-75.7285336082056,-72.2861167628852,-75.7005987397261,-75.7207180602864,-72.2893132430776,-75.672264408788
1.18733333333333,-75.7114283960495,-72.2697696100883,-75.6835498036454,-75.7035897189726,-72.2729683324151,-75.6551608842746
1.18766666666667,-75.6943005381649,-72.253408342621,-75.6664780553753,-75.6864388800615,-72.2566093119154,-75.6380346157152
1.188,-75.6771500229791,-72.2370329424706,-75.649383482982,-75.6692655323882,-72.2402361635291,-75.6208855913061
1.18833333333333,-75.6599768389221,-72.2206433915673,-75.6322660745334,-75.6520696647856,-72.2238488691496,-75.6037137992468
1.18866666666667,-75.6427809744256,-72.2042396717835,-75.615125818099,-75.6348512660845,-72.207447410613,-75.5865192277387
1.189,-75.6255624179233,-72.1878217649341,-75.5979627017491,-75.617610325113,-72.1910317696978,-75.5693018649858
1.18933333333333,-75.6083211578504,-72.1713896527763,-75.5807767135552,-75.6003468306963,-72.1746019281252,-75.5520616991937
1.18966666666667,-75.5910571826428,-72.1549433170097,-75.5635678415887,-75.5830607716561,-72.1581578675586,-75.5347987185691
1.19,-75.5737704807373,-72.1384827392755,-75.5463360739215,-75.5657521368106,-72.1416995696034,-75.5175129113202
1.19033333333333,-75.5564610405708,-72.1220079011572,-75.5290813986251,-75.5484209149737,-72.1252270158073,-75.5002042656557
1.19066666666667,-75.5391288505802,-72.1055187841797,-75.5118038037704,-75.531067094955,-72.1087401876599,-75.4828727697845
1.191,-75.5217738992021,-72.0890153698099,-75.4945032774273,-75.5136906655592,-72.0922390665923,-75.4655184119156
1.19133333333333,-75.5043961748721,-72.0724976394558,-75.4771798076645,-75.4962916155858,-72.0757236339777,-75.4481411802577
1.19166666666667,-75.4869956660245,-72.0559655744673,-75.4598333825491,-75.4788699338287,-72.0591938711304,-75.4307410630184
1.192,-75.4695723610924,-72.039419156135,-75.4424639901463,-75.461425609076,-72.0426497593065,-75.4133180484046
1.19233333333333,-75.4521262485067,-72.022858365691,-75.4250716185188,-75.4439586301093,-72.026091279703,-75.3958721246214
1.19266666666667,-75.4346573166961,-72.0062831843082,-75.4076562557268,-75.4264689857038,-72.0095184134582,-75.3784032798722
1.193,-75.4171655540866,-71.9896935931003,-75.3902178898276,-75.4089566646275,-71.9929311416514,-75.3609115023582
1.19333333333333,-75.3996509491013,-71.9730895731218,-75.372756508875,-75.3914216556408,-71.9763294453027,-75.3433967802779
1.19366666666667,-75.3821134901595,-71.9564711053678,-75.3552721009192,-75.3738639474965,-71.9597133053729,-75.3258591018269
1.194,-75.3645531656772,-71.9398381707737,-75.3377646540062,-75.3562835289393,-71.9430827027636,-75.3082984551977
1.19433333333333,-75.3469699640659,-71.9231907502153,-75.3202341561781,-75.3386803887051,-71.9264376183165,-75.2907148285788
1.19466666666667,-75.3293638737328,-71.9065288245086,-75.3026805954717,-75.3210545155212,-71.9097780328139,-75.2731082101547
1.195,-75.31173488308,-71.8898523744095,-75.285103959919,-75.3034058981053,-71.8931039269783,-75.2554785881058
1.19533333333333,-75.2940829805042,-71.8731613806139,-75.2675042375466,-75.2857345251656,-71.8764152814718,-75.2378259506072
1.19566666666667,-75.2764081543968,-71.8564558237573,-75.2498814163754,-75.2680403854002,-71.859712076897,-75.2201502858293
1.196,-75.2587103931429,-71.839735684415,-75.2322354844199,-75.2503234674968,-71.8429942937958,-75.2024515819367
1.19633333333333,-75.2409896851211,-71.8230009431016,-75.2145664296885,-75.2325837601321,-71.82626191265,-75.1847298270882
1.19666666666667,-75.2232460187034,-71.8062515802712,-75.1968742401823,-75.2148212519719,-71.8095149138807,-75.1669850094361
1.197,-75.2054793822544,-71.7894875763168,-75.1791589038956,-75.1970359316703,-71.7927532778485,-75.1492171171263
1.19733333333333,-75.1876897641313,-71.7727089115707,-75.161420408815,-75.1792277878694,-71.7759769848531,-75.1314261382976
1.19766666666667,-75.1698771526832,-71.755915566304,-75.1436587429194,-75.1613968091989,-71.7591860151331,-75.1136120610813
1.198,-75.1520415362509,-71.7391075207267,-75.125873894179,-75.1435429842761,-71.7423803488664,-75.095774873601
1.19833333333333,-75.1341829031664,-71.7222847549872,-75.1080658505559,-75.1256663017048,-71.7255599661693,-75.0779145639719
1.19866666666667,-75.1163012417529,-71.7054472491724,-75.0902346000029,-75.1077667500757,-71.7087248470969,-75.060031120301
1.199,-75.0983965403236,-71.6885949833077,-75.0723801304637,-75.0898443179654,-71.6918749716428,-75.0421245306862
1.19933333333333,-75.0804687871823,-71.6717279373565,-75.0545024298722,-75.0718989939362,-71.6750103197388,-75.024194783216
1.19966666666667,-75.0625179706221,-71.6548460912202,-75.0366014861521,-75.053930766536,-71.658130871255,-75.0062418659693
1.2,-75.0445440789257,-71.6379494247384,-75.018677287217,-75.0359396242976,-71.6412366059996,-74.988265767015
1.20033333333333,-75.0265471003647,-71.6210379176882,-75.0007298209697,-75.0179255557383,-71.6243275037184,-74.9702664744113
1.20066666666667,-75.0085270231991,-71.6041115497841,-74.9827590753015,-74.9998885493597,-71.6074035440953,-74.9522439762058
1.201,-74.9904838356774,-71.5871703006785,-74.9647650380926,-74.9818285936472,-71.5904647067517,-74.9341982604347
1.20133333333333,-74.9724175260356,-71.5702141499607,-74.9467476972113,-74.9637456770697,-71.5735109712462,-74.9161293151228
1.20166666666667,-74.954328082497,-71.5532430771574,-74.9287070405136,-74.9456397880791,-71.5565423170751,-74.8980371282826
1.202,-74.9362154932722,-71.5362570617321,-74.9106430558429,-74.9275109151099,-71.5395587236715,-74.8799216879144
1.20233333333333,-74.9180797465583,-71.5192560830853,-74.8925557310296,-74.909359046579,-71.5225601704057,-74.8617829820058
1.20266666666667,-74.8999208305383,-71.5022401205541,-74.874445053891,-74.8911841708852,-71.5055466365848,-74.843620998531
1.203,-74.8817387333814,-71.4852091534121,-74.8563110122305,-74.8729862764087,-71.4885181014525,-74.8254357254508
1.20333333333333,-74.8635334432421,-71.4681631608694,-74.8381535938376,-74.8547653515108,-71.4714745441892,-74.8072271507122
1.20366666666667,-74.8453049482598,-71.4511021220723,-74.8199727864873,-74.8365213845336,-71.4544159439116,-74.7889952622474
1.204,-74.8270532365586,-71.4340260161031,-74.8017685779398,-74.8182543637996,-71.4373422796726,-74.7707400479745
1.20433333333333,-74.8087782962469,-71.4169348219801,-74.7835409559403,-74.799964277611,-71.4202535304612,-74.7524614957959
1.20466666666667,-74.7904801154168,-71.3998285186573,-74.7652899082183,-74.7816511142499,-71.4031496752023,-74.7341595935988
1.205,-74.7721586821438,-71.3827070850244,-74.7470154224874,-74.7633148619771,-71.3860306927567,-74.7158343292546
1.20533333333333,-74.7538139844866,-71.3655704999064,-74.7287174864451,-74.7449555090326,-71.3688965619207,-74.6974856906181
1.20566666666667,-74.7354460104865,-71.3484187420638,-74.7103960877721,-74.7265730436344,-71.351747261426,-74.6791136655276
1.206,-74.7170547481668,-71.331251790192,-74.6920512141323,-74.7081674539789,-71.3345827699396,-74.6607182418043
1.20633333333333,-74.6986401855329,-71.3140696229217,-74.6736828531718,-74.6897387282396,-71.3174030660639,-74.6422994072518
1.20666666666667,-74.6802023105715,-71.296872218818,-74.6552909925195,-74.6712868545676,-71.3002081283357,-74.6238571496559
1.207,-74.6617411112504,-71.2796595563809,-74.6368756197857,-74.6528118210906,-71.2829979352273,-74.6053914567843
1.20733333333333,-74.6432565755178,-71.2624316140449,-74.6184367225623,-74.6343136159128,-71.2657724651451,-74.5869023163857
1.20766666666667,-74.6247486913025,-71.2451883701789,-74.5999742884226,-74.6157922271142,-71.2485316964303,-74.56838971619
1.208,-74.6062174465127,-71.2279298030858,-74.5814883049202,-74.5972476427506,-71.2312756073582,-74.5498536439074
1.20833333333333,-74.5876628290364,-71.2106558910024,-74.5629787595895,-74.578679850853,-71.2140041761386,-74.5312940872284
1.20866666666667,-74.5690848267403,-71.1933666120998,-74.5444456399445,-74.5600888394272,-71.196717380915,-74.5127110338231
1.209,-74.5504834274698,-71.1760619444823,-74.525888933479,-74.5414745964534,-71.1794151997647,-74.4941044713411
1.20933333333333,-74.5318586190486,-71.1587418661879,-74.507308627666,-74.5228371098858,-71.162097610699,-74.4754743874107
1.20966666666667,-74.5132103892781,-71.141406355188,-74.4887047099574,-74.5041763676523,-71.1447645916623,-74.456820769639
1.21,-74.4945387259371,-71.1240553893871,-74.4700771677834,-74.485492357654,-71.1274161205326,-74.4381436056108
1.21033333333333,-74.4758436167812,-71.1066889466227,-74.4514259885524,-74.4667850677648,-71.1100521751211,-74.4194428828891
1.21066666666667,-74.457125049543,-71.0893070046653,-74.4327511596506,-74.4480544858311,-71.0926727331717,-74.4007185890139
1.211,-74.4383830119308,-71.0719095412178,-74.4140526684414,-74.4293005996712,-71.0752777723615,-74.3819707115022
1.21133333333333,-74.4196174916289,-71.0544965339159,-74.395330502265,-74.4105233970753,-71.0578672703001,-74.3631992378475
1.21166666666667,-74.4008284762968,-71.0370679603273,-74.3765846484385,-74.3917228658044,-71.0404412045294,-74.3444041555193
1.212,-74.3820159535691,-71.0196237979521,-74.3578150942548,-74.3728989935909,-71.0229995525239,-74.325585451963
1.21233333333333,-74.3631799110549,-71.0021640242224,-74.3390218269829,-74.3540517681372,-71.0055422916901,-74.306743114599
1.21266666666667,-74.3443203363371,-70.984688616502,-74.320204833867,-74.3351811771159,-70.9880693993666,-74.2878771308228
1.213,-74.3254372169727,-70.9671975520864,-74.3013641021264,-74.3162872081692,-70.9705808528236,-74.2689874880044
1.21333333333333,-74.3065305404917,-70.9496908082025,-74.2824996189549,-74.2973698489086,-70.9530766292631,-74.2500741734876
1.21366666666667,-74.2876002943972,-70.9321683620085,-74.2636113715209,-74.2784290869142,-70.9355567058185,-74.23113717459
1.214,-74.2686464661645,-70.914630190594,-74.2446993469661,-74.259464909735,-70.9180210595544,-74.2121764786025
1.21433333333333,-74.2496690432413,-70.897076270979,-74.2257635324062,-74.2404773048875,-70.9004696674666,-74.1931920727887
1.21466666666667,-74.2306680130465,-70.8795065801147,-74.2068039149297,-74.2214662598562,-70.8829025064818,-74.1741839443847
1.215,-74.2116433629705,-70.8619210948828,-74.1878204815977,-74.2024317620925,-70.8653195534574,-74.1551520805986
1.21533333333333,-74.1925950803745,-70.8443197920952,-74.1688132194439,-74.1833737990151,-70.8477207851814,-74.1360964686099
1.21566666666667,-74.1735231525899,-70.8267026484943,-74.1497821154737,-74.1642923580086,-70.8301061783721,-74.1170170955696
1.216,-74.1544275669183,-70.8090696407523,-74.130727156664,-74.145187426424,-70.8124757096781,-74.0979139485993
1.21633333333333,-74.1353083106306,-70.7914207454715,-74.1116483299629,-74.1260589915776,-70.7948293556781,-74.0787870147909
1.21666666666667,-74.1161653709671,-70.7737559391836,-74.0925456222893,-74.1069070407512,-70.7771670928803,-74.0596362812062
1.217,-74.0969987351367,-70.7560751983501,-74.0734190205322,-74.0877315611911,-70.759488897723,-74.0404617348768
1.21733333333333,-74.0778083903165,-70.7383784993616,-74.0542685115509,-74.0685325401083,-70.7417947465736,-74.0212633628031
1.21766666666667,-74.0585943236517,-70.7206658185379,-74.0350940821739,-74.0493099646776,-70.7240846157291,-74.0020411519543
1.218,-74.0393565222547,-70.7029371321277,-74.0158957191991,-74.0300638220374,-70.7063584814153,-73.9827950892678
1.21833333333333,-74.0200949732053,-70.6851924163085,-73.9966734093931,-74.0107940992892,-70.6886163197871,-73.9635251616491
1.21866666666667,-74.0008096635494,-70.6674316471863,-73.9774271394907,-73.9915007834977,-70.6708581069281,-73.9442313559709
1.219,-73.9815005802997,-70.6496548007957,-73.958156896195,-73.9721838616894,-70.6530838188504,-73.9249136590729
1.21933333333333,-73.9621677104343,-70.6318618530992,-73.9388626661764,-73.952843320853,-70.6352934314945,-73.9055720577615
1.21966666666667,-73.9428110408968,-70.6140527799874,-73.9195444360726,-73.9334791479389,-70.6174869207291,-73.8862065388094
1.22,-73.9234305585957,-70.5962275572788,-73.900202192488,-73.9140913298585,-70.5996642623507,-73.8668170889548
1.22033333333333,-73.9040262504041,-70.5783861607196,-73.8808359219936,-73.8946798534839,-70.5818254320838,-73.8474036949014
1.22066666666667,-73.884598103159,-70.560528565983,-73.861445611126,-73.8752447056476,-70.5639704055803,-73.8279663433177
1.221,-73.8651461036613,-70.5426547486699,-73.8420312463878,-73.8557858731421,-70.5460991584197,-73.808505020837
1.22133333333333,-73.8456702386751,-70.5247646843081,-73.8225928142465,-73.8363033427192,-70.5282116661083,-73.7890197140562
1.22166666666667,-73.8261704949273,-70.5068583483522,-73.8031303011345,-73.81679710109,-70.51030790408,-73.7695104095363
1.222,-73.8066468591072,-70.4889357161834,-73.7836436934485,-73.7972671349242,-70.4923878476951,-73.7499770938013
1.22233333333333,-73.787099317866,-70.4709967631094,-73.7641329775493,-73.7777134308499,-70.4744514722405,-73.7304197533381
1.22266666666667,-73.7675278578168,-70.4530414643642,-73.7445981397612,-73.758135975453,-70.4564987529297,-73.7108383745958
1.223,-73.7479324655333,-70.4350697951079,-73.7250391663717,-73.7385347552769,-70.4385296649024,-73.6912329439857
1.22333333333333,-73.7283131275505,-70.4170817304264,-73.705456043631,-73.718909756822,-70.4205441832243,-73.6716034478805
1.22366666666667,-73.7086698303631,-70.3990772453312,-73.6858487577519,-73.6992609665454,-70.4025422828867,-73.6519498726141
1.224,-73.6890025604261,-70.3810563147593,-73.6662172949087,-73.6795883708604,-70.3845239388069,-73.6322722044809
1.22433333333333,-73.6693113041538,-70.3630189135729,-73.6465616412379,-73.6598919561363,-70.3664891258274,-73.6125704297359
1.22466666666667,-73.6495960479195,-70.3449650165595,-73.6268817828365,-73.6401717086976,-70.3484378187158,-73.5928445345935
1.225,-73.629856778055,-70.3268945984312,-73.6071777057628,-73.6204276148241,-70.330369992165,-73.5730945052278
1.22533333333333,-73.6100934808502,-70.3088076338248,-73.587449396035,-73.6006596607497,-70.3122856207926,-73.5533203277719
1.22566666666667,-73.5903061425531,-70.2907040973015,-73.5676968396316,-73.5808678326629,-70.2941846791406,-73.5335219883172
1.226,-73.5704947493685,-70.272583963347,-73.5479200224904,-73.561052116706,-70.2760671416758,-73.5136994729134
1.22633333333333,-73.5506592874584,-70.2544472063706,-73.5281189305083,-73.5412124989745,-70.2579329827887,-73.4938527675679
1.22666666666667,-73.5307997429412,-70.2362938007058,-73.508293549541,-73.5213489655168,-70.2397821767942,-73.4739818582452
1.227,-73.5109161018911,-70.2181237206095,-73.4884438654027,-73.501461502334,-70.2216146979308,-73.4540867308669
1.22733333333333,-73.4910083503381,-70.199936940262,-73.468569863865,-73.4815500953792,-70.2034305203605,-73.4341673713108
1.22766666666667,-73.4710764742672,-70.1817334337669,-73.4486715306573,-73.4616147305573,-70.1852296181687,-73.4142237654106
1.228,-73.4511204596183,-70.1635131751508,-73.4287488514662,-73.4416553937245,-70.1670119653642,-73.3942558989557
1.22833333333333,-73.4311402922854,-70.1452761383628,-73.4088018119346,-73.4216720706879,-70.1487775358782,-73.3742637576906
1.22866666666667,-73.4111359581165,-70.127022297275,-73.388830397662,-73.4016647472049,-70.130526303565,-73.3542473273144
1.229,-73.3911074429128,-70.1087516256813,-73.3688345942034,-73.3816334089832,-70.1122582422014,-73.3342065934804
1.22933333333333,-73.3710547324288,-70.0904640972982,-73.3488143870694,-73.3615780416801,-70.0939733254863,-73.3141415417958
1.22966666666667,-73.3509778123712,-70.0721596857638,-73.3287697617256,-73.3414986309019,-70.0756715270408,-73.2940521578212
1.23,-73.3308766683993,-70.0538383646381,-73.3087007035923,-73.3213951622041,-70.0573528204078,-73.27393842707
1.23033333333333,-73.3107512861237,-70.0355001074023,-73.2886071980437,-73.3012676210902,-70.0390171790518,-73.2538003350083
1.23066666666667,-73.2906016511063,-70.0171448874591,-73.268489230408,-73.281115993012,-70.0206645763587,-73.2336378670539
1.231,-73.27042774886,-69.9987726781321,-73.2483467859666,-73.2609402633687,-70.0022949856359,-73.2134510085766
1.23133333333333,-73.250229564848,-69.9803834526658,-73.2281798499539,-73.2407404175068,-69.9839083801112,-73.1932397448973
1.23166666666667,-73.2300070844835,-69.9619771842252,-73.2079884075568,-73.2205164407194,-69.9655047329337,-73.1730040612876
1.232,-73.2097602931291,-69.9435538458957,-73.1877724439144,-73.2002683182459,-69.9470840171726,-73.1527439429695
1.23233333333333,-73.1894891760967,-69.9251134106827,-73.1675319441173,-73.1799960352719,-69.9286462058177,-73.1324593751147
1.23266666666667,-73.1691937186466,-69.9066558515118,-73.1472668932074,-73.1596995769281,-69.9101912717788,-73.1121503428445
1.233,-73.1488739059875,-69.8881811412281,-73.1269772761774,-73.1393789282906,-69.8917191878855,-73.0918168312292
1.23333333333333,-73.1285297232758,-69.8696892525961,-73.1066630779707,-73.1190340743798,-69.8732299268869,-73.0714588252876
1.23366666666667,-73.1081611556153,-69.8511801582996,-73.0863242834804,-73.0986650001608,-69.8547234614518,-73.0510763099868
1.234,-73.0877681880568,-69.8326538309416,-73.0659608775491,-73.0782716905421,-69.8361997641679,-73.0306692702413
1.23433333333333,-73.0673508055973,-69.8141102430434,-73.045572844969,-73.057854130376,-69.8176588075419,-73.0102376909131
1.23466666666667,-73.04690899318,-69.7955493670453,-73.0251601704805,-73.0374123044573,-69.7991005639994,-72.9897815568108
1.235,-73.0264427356937,-69.7769711753057,-73.0047228387728,-73.0169461975239,-69.7805250058841,-72.9693008526896
1.23533333333333,-73.0059520179724,-69.758375640101,-72.9842608344826,-72.9964557942555,-69.7619321054583,-72.9487955632503
1.23566666666667,-72.9854368247947,-69.7397627336256,-72.9637741421942,-72.9759410792735,-69.743321834902,-72.9282656731396
1.236,-72.9648971408836,-69.7211324279915,-72.9432627464391,-72.955402037141,-69.7246941663133,-72.9077111669488
1.23633333333333,-72.9443329509058,-69.7024846952278,-72.9227266316952,-72.9348386523616,-69.7060490717075,-72.8871320292141
1.23666666666667,-72.9237442394715,-69.6838195072811,-72.9021657823867,-72.9142509093795,-69.6873865230173,-72.8665282444156
1.237,-72.9031309911339,-69.6651368360146,-72.8815801828835,-72.893638792579,-69.6687064920926,-72.8458997969774
1.23733333333333,-72.8824931903885,-69.6464366532084,-72.8609698175009,-72.873002286284,-69.6500089507,-72.8252466712667
1.23766666666667,-72.8618308216733,-69.6277189305587,-72.840334670499,-72.8523413747576,-69.6312938705225,-72.8045688515935
1.238,-72.8411438693674,-69.6089836396781,-72.8196747260825,-72.8316560422018,-69.6125612231598,-72.78386632221
1.23833333333333,-72.8204323177916,-69.590230752095,-72.7989899684003,-72.8109462727568,-69.5938109801275,-72.7631390673108
1.23866666666667,-72.7996961512071,-69.5714602392536,-72.7782803815445,-72.7902120505008,-69.5750431128569,-72.7423870710315
1.239,-72.7789353538156,-69.5526720725135,-72.7575459495508,-72.7694533594497,-69.5562575926951,-72.721610317449
1.23933333333333,-72.7581499097586,-69.5338662231493,-72.7367866563974,-72.7486701835563,-69.5374543909046,-72.7008087905806
1.23966666666667,-72.7373398031171,-69.5150426623508,-72.716002486005,-72.7278625067102,-69.5186334786628,-72.6799824743838
1.24,-72.7165050179109,-69.4962013612224,-72.6951934222362,-72.7070303127372,-69.4997948270621,-72.6591313527559
1.24033333333333,-72.6956455380985,-69.4773422907828,-72.674359448895,-72.6861735853991,-69.4809384071094,-72.6382554095333
1.24066666666667,-72.6747613475766,-69.4584654219651,-72.6535005497264,-72.6652923083928,-69.462064189726,-72.6173546284912
1.241,-72.6538524301793,-69.4395707256162,-72.6326167084161,-72.6443864653505,-69.4431721457475,-72.5964289933432
1.24133333333333,-72.6329187696781,-69.4206581724968,-72.61170790859,-72.6234560398388,-69.4242622459231,-72.5754784877407
1.24166666666667,-72.6119603497811,-69.4017277332809,-72.5907741338137,-72.6025010153586,-69.4053344609157,-72.5545030952725
1.242,-72.5909771541328,-69.3827793785557,-72.5698153675921,-72.5815213753444,-69.3863887613014,-72.5335027994645
1.24233333333333,-72.5699691663138,-69.3638130788214,-72.5488315933688,-72.560517103164,-69.3674251175698,-72.5124775837792
1.24266666666667,-72.5489363698396,-69.3448288044908,-72.5278227945262,-72.5394881821182,-69.3484435001227,-72.4914274316148
1.243,-72.5278787481612,-69.3258265258891,-72.5067889543844,-72.5184345954402,-69.3294438792751,-72.4703523263056
1.24333333333333,-72.5067962846639,-69.3068062132537,-72.4857300562011,-72.4973563262951,-69.3104262252539,-72.4492522511207
1.24366666666667,-72.4856889626671,-69.2877678367338,-72.4646460831714,-72.4762533577798,-69.2913905081982,-72.4281271892641
1.244,-72.4645567654237,-69.2687113663903,-72.4435370184266,-72.4551256729222,-69.2723366981589,-72.4069771238739
1.24433333333333,-72.4433996761201,-69.2496367721953,-72.4224028450347,-72.433973254681,-69.2532647650984,-72.3858020380224
1.24466666666667,-72.4222176778752,-69.2305440240323,-72.4012435459992,-72.4127960859453,-69.2341746788903,-72.3646019147147
1.245,-72.4010107537404,-69.2114330916953,-72.3800591042592,-72.3915941495341,-69.2150664093193,-72.3433767368891
1.24533333333333,-72.3797788866986,-69.192303944889,-72.3588495026885,-72.3703674281958,-69.1959399260808,-72.3221264874163
1.24566666666667,-72.3585220596644,-69.1731565532284,-72.3376147240955,-72.3491159046078,-69.1767951987807,-72.300851149099
1.246,-72.3372402554833,-69.1539908862385,-72.3163547512226,-72.3278395613763,-69.1576321969349,-72.2795507046715
1.24633333333333,-72.3159334569313,-69.134806913354,-72.295069566746,-72.3065383810354,-69.1384508899695,-72.2582251367988
1.24666666666667,-72.2946016467142,-69.1156046039191,-72.2737591532746,-72.2852123460473,-69.11925124722,-72.2368744280769
1.247,-72.2732448074677,-69.0963839271874,-72.2524234933506,-72.2638614388013,-69.1000332379315,-72.2154985610318
1.24733333333333,-72.2518629217565,-69.0771448523211,-72.2310625694479,-72.2424856416136,-69.0807968312581,-72.1940975181191
1.24766666666667,-72.230455972074,-69.0578873483913,-72.2096763639726,-72.2210849367269,-69.0615419962626,-72.1726712817238
1.248,-72.2090239408419,-69.0386113843774,-72.1882648592621,-72.1996593063102,-69.0422687019165,-72.1512198341594
1.24833333333333,-72.1875668104096,-69.0193169291669,-72.1668280375846,-72.1782087324576,-69.0229769170997,-72.1297431576681
1.24866666666667,-72.1660845630539,-69.000003951555,-72.1453658811388,-72.1567331971889,-69.0036666105998,-72.1082412344195
1.249,-72.1445771809784,-68.9806724202448,-72.1238783720537,-72.1352326824483,-68.9843377511124,-72.0867140465108
1.24933333333333,-72.1230446463131,-68.9613223038462,-72.1023654923875,-72.1137071701045,-68.9649903072403,-72.0651615759662
1.24966666666667,-72.1014869411142,-68.9419535708764,-72.0808272241277,-72.09215664195,-68.9456242474935,-72.0435838047361
1.25,-72.079904047363,-68.9225661897592,-72.0592635491907,-72.0705810797009,-68.9262395402891,-72.0219807146971
1.25033333333333,-72.0582959469664,-68.9031601288247,-72.0376744494207,-72.0489804649961,-68.9068361539504,-72.0003522876512
1.25066666666667,-72.0366626217555,-68.8837353563094,-72.0160599065901,-72.0273547793972,-68.8874140567074,-71.9786985053255
1.251,-72.0150040534856,-68.8642918403554,-71.9944199023983,-72.005704004388,-68.8679732166958,-71.9570193493716
1.25133333333333,-71.9933202238358,-68.8448295490103,-71.9727544184717,-71.9840281213741,-68.8485136019571,-71.9353148013655
1.25166666666667,-71.9716111144083,-68.8253484502272,-71.9510634363633,-71.9623271116822,-68.8290351804383,-71.9135848428064
1.252,-71.9498767067283,-68.8058485118639,-71.9293469375518,-71.9406009565599,-68.8095379199916,-71.8918294551172
1.25233333333333,-71.9281169822431,-68.786329701683,-71.9076049034416,-71.9188496371754,-68.7900217883738,-71.870048619643
1.25266666666667,-71.906331922322,-68.7667919873515,-71.8858373153621,-71.8970731346167,-68.7704867532465,-71.8482423176516
1.253,-71.8845215082555,-68.7472353364404,-71.8640441545672,-71.8752714298915,-68.7509327821754,-71.8264105303323
1.25333333333333,-71.8626857212554,-68.7276597164246,-71.8422254022352,-71.8534445039264,-68.7313598426301,-71.8045532387957
1.25366666666667,-71.8408245424536,-68.7080650946822,-71.8203810394677,-71.831592337567,-68.7117679019842,-71.7826704240735
1.254,-71.8189379529024,-68.688451438495,-71.79851104729,-71.8097149115768,-68.6921569275144,-71.7607620671175
1.25433333333333,-71.7970259335732,-68.6688187150471,-71.7766154066498,-71.7878122066374,-68.6725268864003,-71.7388281487994
1.25466666666667,-71.7750884653569,-68.6491668914255,-71.7546940984173,-71.7658842033477,-68.6528777457246,-71.7168686499106
1.255,-71.7531255290629,-68.6294959346195,-71.7327471033845,-71.7439308822233,-68.6332094724724,-71.6948835511611
1.25533333333333,-71.7311371054188,-68.6098058115202,-71.7107744022648,-71.7219522236967,-68.6135220335307,-71.6728728331797
1.25566666666667,-71.7091231750699,-68.5900964889205,-71.6887759756925,-71.6999482081161,-68.5938153956885,-71.6508364765129
1.256,-71.6870837185787,-68.5703679335147,-71.6667518042223,-71.6779188157456,-68.5740895256365,-71.6287744616249
1.25633333333333,-71.6650187164245,-68.5506201118979,-71.6447018683292,-71.6558640267642,-68.5543443899664,-71.6066867688969
1.25666666666667,-71.6429281490031,-68.5308529905661,-71.6226261484073,-71.6337838212659,-68.5345799551709,-71.5845733786266
1.257,-71.620811996626,-68.5110665359159,-71.6005246247702,-71.6116781792588,-68.5147961876433,-71.5624342710281
1.25733333333333,-71.59867023952,-68.4912607142437,-71.5783972776498,-71.589547080665,-68.4949930536771,-71.5402694262307
1.25766666666667,-71.5765028578271,-68.4714354917457,-71.5562440871962,-71.5673905053199,-68.475170519466,-71.5180788242792
1.258,-71.5543098316036,-68.451590834518,-71.5340650334773,-71.545208432972,-68.4553285511032,-71.4958624451327
1.25833333333333,-71.5320911408198,-68.4317267085554,-71.5118600964782,-71.5230008432823,-68.4354671145813,-71.4736202686649
1.25866666666667,-71.5098467653595,-68.4118430797517,-71.4896292561005,-71.5007677158237,-68.4155861757919,-71.4513522746628
1.259,-71.4875766850197,-68.3919399138992,-71.4673724921624,-71.4785090300811,-68.3956857005253,-71.4290584428269
1.25933333333333,-71.46528087951,-68.3720171766886,-71.4450897843976,-71.4562247654502,-68.3757656544702,-71.4067387527704
1.25966666666667,-71.4429593284518,-68.3520748337082,-71.4227811124554,-71.4339149012378,-68.3558260032134,-71.3843931840186
1.26,-71.4206120113787,-68.332112850444,-71.4004464558996,-71.4115794166609,-68.3358667122394,-71.3620217160088
1.26033333333333,-71.3982389077351,-68.3121311922792,-71.3780857942089,-71.3892182908463,-68.3158877469301,-71.3396243280893
1.26066666666667,-71.3758399968761,-68.2921298244938,-71.3556991067753,-71.3668315028302,-68.2958890725646,-71.3172009995195
1.261,-71.3534152580672,-68.2721087122646,-71.3332863729047,-71.3444190315579,-68.2758706543186,-71.294751709469
1.26133333333333,-71.3309646704839,-68.2520678206645,-71.3108475718158,-71.3219808558832,-68.2558324572642,-71.2722764370171
1.26166666666667,-71.3084882132104,-68.2320071146622,-71.2883826826397,-71.2995169545678,-68.2357744463699,-71.2497751611528
1.262,-71.2859858652403,-68.2119265591222,-71.2658916844196,-71.2770273062815,-68.2156965864996,-71.2272478607736
1.26233333333333,-71.2634576054753,-68.1918261188041,-71.2433745561103,-71.2545118896007,-68.1955988424129,-71.2046945146855
1.26266666666667,-71.2409034127251,-68.1717057583624,-71.2208312765776,-71.2319706830089,-68.1754811787643,-71.1821151016025
1.263,-71.2183232657066,-68.1515654423463,-71.1982618245976,-71.2094036648958,-68.1553435601031,-71.1595096001458
1.26333333333333,-71.195717143044,-68.131405135199,-71.175666178857,-71.186810813557,-68.1351859508732,-71.1368779888437
1.26366666666667,-71.1730850232676,-68.1112248012577,-71.1530443179516,-71.1641921071932,-68.1150083154123,-71.1142202461307
1.264,-71.1504268848139,-68.0910244047533,-71.1303962203867,-71.1415475239105,-68.0948106179519,-71.0915363503476
1.26433333333333,-71.1277427060249,-68.0708039098096,-71.1077218645762,-71.1188770417191,-68.0745928226171,-71.0688262797401
1.26466666666667,-71.1050324651474,-68.0505632804434,-71.0850212288418,-71.0961806385334,-68.0543548934259,-71.0460900124592
1.265,-71.0822961403333,-68.0303024805641,-71.0622942914134,-71.0734582921713,-68.0340967942889,-71.0233275265603
1.26533333333333,-71.0595337096379,-68.0100214739731,-71.0395410304278,-71.050709980354,-68.0138184890092,-71.0005388000027
1.26566666666667,-71.0367451510206,-67.9897202243637,-71.0167614239284,-71.027935680705,-67.9935199412818,-70.9777238106492
1.266,-71.0139304423437,-67.9693986953207,-70.9939554498651,-71.0051353707505,-67.9732011146934,-70.9548825362655
1.26633333333333,-70.9910895613722,-67.9490568503198,-70.9711230860934,-70.9823090279179,-67.9528619727221,-70.9320149545198
1.26666666666667,-70.9682224857732,-67.9286946527276,-70.948264310374,-70.9594566295365,-67.9325024787367,-70.9091210429822
1.267,-70.9453291931157,-67.9083120658011,-70.9253791003724,-70.936578152836,-67.9121225959969,-70.8862007791244
1.26733333333333,-70.9224096608695,-67.8879090526872,-70.9024674336583,-70.9136735749468,-67.8917222876523,-70.8632541403189
1.26766666666667,-70.8994638664055,-67.8674855764228,-70.8795292877054,-70.8907428728988,-67.8713015167425,-70.8402811038388
1.268,-70.8764917869945,-67.8470415999336,-70.8565646398903,-70.8677860236218,-67.8508602461968,-70.8172816468572
1.26833333333333,-70.8534933998075,-67.8265770860348,-70.8335734674928,-70.8448030039445,-67.8303984388335,-70.7942557464465
1.26866666666667,-70.8304686819142,-67.8060919974297,-70.8105557476946,-70.821793790594,-67.8099160573595,-70.7712033795781
1.269,-70.8074176102835,-67.7855862967102,-70.7875114575794,-70.7987583601956,-67.7894130643704,-70.7481245231219
1.26933333333333,-70.7843401617824,-67.7650599463558,-70.7644405741323,-70.7756966892723,-67.7688894223496,-70.7250191538459
1.26966666666667,-70.7612363131758,-67.7445129087336,-70.741343074239,-70.7526087542442,-67.7483450936686,-70.7018872484153
1.27,-70.7381060411257,-67.7239451460977,-70.7182189346856,-70.729494531428,-67.7277800405857,-70.6787287833923
1.27033333333333,-70.7149493221913,-67.7033566205891,-70.695068132158,-70.7063539970369,-67.7071942252466,-70.6555437352357
1.27066666666667,-70.6917661328279,-67.6827472942351,-70.6718906432414,-70.6831871271795,-67.6865876096831,-70.6323320803
1.271,-70.6685564493865,-67.6621171289489,-70.6486864444198,-70.6599938978601,-67.6659601558135,-70.6090937948354
1.27133333333333,-70.6453202481138,-67.6414660865294,-70.6254555120755,-70.6367742849777,-67.6453118254421,-70.5858288549867
1.27166666666667,-70.6220575051512,-67.6207941286608,-70.6021978224886,-70.6135282643255,-67.6246425802581,-70.5625372367933
1.272,-70.5987681965344,-67.600101216912,-70.5789133518364,-70.5902558115909,-67.6039523818362,-70.5392189161884
1.27233333333333,-70.5754522981931,-67.5793873127364,-70.5556020761934,-70.5669569023547,-67.5832411916356,-70.5158738689987
1.27266666666667,-70.5521097859504,-67.5586523774716,-70.5322639715298,-70.5436315120904,-67.5625089709999,-70.4925020709435
1.273,-70.5287406355223,-67.5378963723387,-70.508899013712,-70.5202796161643,-67.5417556811564,-70.4691034976348
1.27333333333333,-70.505344822517,-67.5171192584424,-70.4855071785015,-70.4969011898348,-67.5209812832161,-70.4456781245763
1.27366666666667,-70.4819223224348,-67.49632099677,-70.4620884415545,-70.4734962082515,-67.5001857381731,-70.4222259271628
1.274,-70.4584731106675,-67.4755015481916,-70.4386427784218,-70.4500646464554,-67.4793690069042,-70.3987468806802
1.27433333333333,-70.4349971624976,-67.4546608734592,-70.4151701645475,-70.4266064793781,-67.4585310501686,-70.3752409603045
1.27466666666667,-70.4114944530981,-67.4337989332068,-70.3916705752691,-70.4031216818412,-67.4376718286073,-70.3517081411017
1.275,-70.3879649575319,-67.4129156879495,-70.368143985817,-70.3796102285561,-67.4167913027432,-70.3281483980268
1.27533333333333,-70.3644086507513,-67.3920110980834,-70.3445903713135,-70.3560720941235,-67.39588943298,-70.3045617059235
1.27566666666667,-70.3408255075977,-67.3710851238854,-70.3210097067729,-70.3325072530326,-67.3749661796024,-70.2809480395241
1.276,-70.3172155028006,-67.3501377255122,-70.2974019671004,-70.3089156796609,-67.3540215027753,-70.2573073734481
1.27633333333333,-70.2935786109777,-67.3291688630005,-70.273767127092,-70.285297348274,-67.3330553625436,-70.2336396822024
1.27666666666667,-70.2699148066339,-67.3081784962662,-70.2501051614337,-70.2616522330242,-67.312067718832,-70.2099449401806
1.277,-70.2462240641611,-67.2871665851041,-70.2264160447015,-70.2379803079512,-67.2910585314439,-70.1862231216622
1.27733333333333,-70.2225063578377,-67.2661330891877,-70.20269975136,-70.2142815469808,-67.2700277600618,-70.1624742008126
1.27766666666667,-70.1987616618278,-67.2450779680686,-70.1789562557627,-70.1905559239245,-67.2489753642464,-70.1386981516819
1.278,-70.1749899501811,-67.2240011811758,-70.155185532151,-70.1668034124795,-67.2279013034364,-70.1148949482049
1.27833333333333,-70.151191196832,-67.2029026878159,-70.131387554654,-70.1430239862277,-67.2068055369479,-70.0910645642005
1.27866666666667,-70.1273653755994,-67.1817824471722,-70.1075622972876,-70.1192176186354,-67.1856880239741,-70.067206973371
1.279,-70.1035124601859,-67.1606404183047,-70.0837097339544,-70.0953842830529,-67.164548723585,-70.0433221493015
1.27933333333333,-70.0796324241778,-67.1394765601492,-70.0598298384427,-70.071523952714,-67.1433875947267,-70.0194100654597
1.27966666666667,-70.0557252410439,-67.1182908315171,-70.0359225844265,-70.0476366007353,-67.1222045962213,-69.995470695195
1.28,-70.0317908841355,-67.0970831910951,-70.0119879454646,-70.0237222001161,-67.1009996867662,-69.9715040117384
1.28033333333333,-70.0078293266857,-67.0758535974446,-69.988025895,-69.9997807237375,-67.0797728249339,-69.9475099882014
1.28066666666667,-69.9838405418088,-67.0546020090015,-69.9640364063599,-69.9758121443622,-67.0585239691713,-69.923488597576
1.281,-69.9598245025003,-67.0333283840754,-69.9400194527543,-69.9518164346338,-67.0372530777995,-69.8994398127339
1.28133333333333,-69.9357811816354,-67.0120326808494,-69.9159750072765,-69.9277935670766,-67.0159601090134,-69.8753636064257
1.28166666666667,-69.9117105519695,-66.9907148573798,-69.8919030429017,-69.9037435140948,-66.9946450208811,-69.8512599512812
1.282,-69.8876125861371,-66.9693748715953,-69.8678035324869,-69.8796662479721,-66.9733077713435,-69.8271288198077
1.28233333333333,-69.8634872566515,-66.9480126812971,-69.8436764487704,-69.8555617408714,-66.9519483182141,-69.8029701843906
1.28266666666667,-69.8393345359041,-66.9266282441578,-69.8195217643708,-69.8314299648341,-66.9305666191782,-69.7787840172921
1.283,-69.815154396164,-66.9052215177214,-69.7953394517872,-69.8072708917796,-66.9091626317925,-69.7545702906507
1.28333333333333,-69.7909468095777,-66.8837924594028,-69.7711294833978,-69.7830844935049,-66.8877363134852,-69.7303289764811
1.28366666666667,-69.7667117481681,-66.8623410264874,-69.7468918314602,-69.7588707416841,-66.8662876215547,-69.7060600466735
1.284,-69.7424491838343,-66.8408671761304,-69.7226264681103,-69.7346296078678,-66.84481651317,-69.6817634729925
1.28433333333333,-69.7181590883511,-66.8193708653565,-69.6983333653619,-69.7103610634828,-66.8233229453695,-69.6574392270774
1.28466666666667,-69.6938414333684,-66.7978520510597,-69.6740124951062,-69.6860650798314,-66.8018068750612,-69.6330872804411
1.285,-69.6694961904103,-66.7763106900024,-69.6496638291113,-69.6617416280909,-66.7802682590217,-69.6087076044696
1.28533333333333,-69.6451233308755,-66.7547467388152,-69.6252873390214,-69.6373906793133,-66.7587070538962,-69.5843001704218
1.28566666666667,-69.6207228260357,-66.7331601539965,-69.6008829963567,-69.6130122044246,-66.7371232161979,-69.5598649494284
1.286,-69.596294647036,-66.7115508919118,-69.5764507725123,-69.5886061742243,-66.7155167023072,-69.5354019124919
1.28633333333333,-69.5718387648936,-66.6899189087935,-69.5519906387581,-69.5641725593852,-66.6938874684718,-69.5109110304855
1.28666666666667,-69.5473551504977,-66.6682641607404,-69.5275025662381,-69.5397113304525,-66.6722354708058,-69.4863922741531
1.287,-69.5228437746091,-66.646586603717,-69.5029865259697,-69.5152224578434,-66.6505606652896,-69.4618456141083
1.28733333333333,-69.4983046078592,-66.6248861935532,-69.4784424888434,-69.4907059118467,-66.6288630077691,-69.4372710208341
1.28766666666667,-69.4737376207499,-66.6031628859441,-69.4538704256221,-69.4661616626223,-66.6071424539554,-69.4126684646821
1.288,-69.4491427836527,-66.5814166364488,-69.4292703069404,-69.4415896802007,-66.5853989594244,-69.3880379158722
1.28833333333333,-69.4245200668085,-66.5596474004908,-69.4046421033044,-69.416989934482,-66.5636324796161,-69.3633793444921
1.28866666666667,-69.3998694403269,-66.537855133357,-69.3799857850908,-69.3923623952365,-66.5418429698345,-69.3386927204961
1.289,-69.3751908741856,-66.5160397901973,-69.3553013225467,-69.3677070321028,-66.5200303852465,-69.3139780137054
1.28933333333333,-69.3504843382301,-66.494201326024,-69.3305886857885,-69.3430238145884,-66.4981946808822,-69.289235193807
1.28966666666667,-69.3257498021727,-66.4723396957119,-69.3058478448018,-69.3183127120687,-66.4763358116339,-69.2644642303532
1.29,-69.3009872355925,-66.450454853997,-69.2810787694408,-69.2935736937865,-66.4544537322557,-69.2396650927611
1.29033333333333,-69.2761966079346,-66.4285467554766,-69.2562814294274,-69.2688067288515,-66.4325483973632,-69.2148377503122
1.29066666666667,-69.2513778885094,-66.4066153546086,-69.2314557943512,-69.24401178624,-66.4106197614328,-69.1899821721515
1.291,-69.2265310464925,-66.384660605711,-69.2066018336681,-69.219188834794,-66.3886677788012,-69.1650983272869
1.29133333333333,-69.2016560509237,-66.3626824629616,-69.1817195167006,-69.1943378432209,-66.3666924036653,-69.1401861845892
1.29166666666667,-69.1767528707066,-66.3406808803971,-69.1568088126367,-69.1694587800931,-66.3446935900812,-69.1152457127909
1.292,-69.1518214746081,-66.3186558119132,-69.1318696905295,-69.1445516138473,-66.3226712919641,-69.0902768804857
1.29233333333333,-69.1268618312581,-66.2966072112634,-69.1069021192966,-69.1196163127839,-66.3006254630873,-69.0652796561284
1.29266666666667,-69.1018739091483,-66.2745350320592,-69.0819060677195,-69.0946528450667,-66.2785560570824,-69.0402540080339
1.293,-69.0768576766323,-66.2524392277691,-69.056881504443,-69.0696611787222,-66.2564630274383,-69.0151999043764
1.29333333333333,-69.0518131019246,-66.2303197517182,-69.0318283979749,-69.0446412816392,-66.2343463275008,-68.9901173131897
1.29366666666667,-69.0267401531006,-66.2081765570879,-69.0067467166848,-69.0195931215683,-66.2122059104722,-68.9650062023655
1.294,-69.0016387980951,-66.1860095969152,-68.9816364288043,-68.994516666121,-66.1900417294107,-68.9398665396537
1.29433333333333,-68.9765090047029,-66.1638188240923,-68.9564975024258,-68.9694118827697,-66.1678537372299,-68.9146982926614
1.29466666666667,-68.9513507405772,-66.1416041913658,-68.9313299055021,-68.9442787388469,-66.1456418866983,-68.8895014288523
1.295,-68.9261639732299,-66.1193656513368,-68.9061336058461,-68.9191172015446,-66.1234061304389,-68.8642759155463
1.29533333333333,-68.9009486700304,-66.0971031564596,-68.8809085711297,-68.8939272379139,-66.1011464209283,-68.8390217199189
1.29566666666667,-68.8757047982053,-66.0748166590419,-68.8556547688836,-68.8687088148645,-66.0788627104969,-68.8137388090002
1.296,-68.8504323248379,-66.0525061112437,-68.8303721664967,-68.8434618991639,-66.0565549513275,-68.788427149675
1.29633333333333,-68.8251312168676,-66.0301714650774,-68.8050607312152,-68.8181864574373,-66.0342230954555,-68.7630867086816
1.29666666666667,-68.7998014410893,-66.0078126724064,-68.7797204301424,-68.7928824561667,-66.011867094768,-68.7377174526116
1.297,-68.7744429641526,-65.9854296849456,-68.7543512302378,-68.7675498616903,-65.9894869010035,-68.712319347909
1.29733333333333,-68.7490557525618,-65.96302245426,-68.7289530983167,-68.7421886402025,-65.9670824657511,-68.6868923608697
1.29766666666667,-68.7236397726748,-65.9405909317647,-68.7035260010494,-68.7167987577528,-65.94465374045,-68.6614364576413
1.298,-68.6981949907028,-65.9181350687242,-68.678069904961,-68.6913801802452,-65.9222006763895,-68.6359516042217
1.29833333333333,-68.6727213727097,-65.8956548162517,-68.6525847764301,-68.6659328734384,-65.8997232247076,-68.6104377664592
1.29866666666667,-68.6472188846113,-65.8731501253089,-68.6270705816892,-68.6404568029445,-65.8772213363912,-68.5848949100515
1.299,-68.6216874921753,-65.8506209467051,-68.6015272868229,-68.6149519342286,-65.8546949622752,-68.5593230005454
1.29933333333333,-68.5961271610199,-65.8280672310971,-68.5759548577686,-68.5894182326087,-65.8321440530419,-68.5337220033359
1.29966666666667,-68.5705378566139,-65.805488928988,-68.5503532603146,-68.5638556632545,-65.8095685592207,-68.5080918836658
1.3,-68.5449195442759,-65.7828859907273,-68.5247224601005,-68.5382641911874,-65.7869684311875,-68.4824326066249
1.30033333333333,-68.5192721891737,-65.7602583665102,-68.4990624226162,-68.5126437812795,-65.7643436191641,-68.4567441371495
1.30066666666667,-68.4935957563237,-65.7376060063766,-68.4733731132011,-68.4869943982536,-65.7416940732174,-68.431026440022
1.301,-68.4678902105904,-65.7149288602111,-68.4476544970439,-68.4613160066819,-65.7190197432594,-68.4052794798699
1.30133333333333,-68.4421555166857,-65.6922268777423,-68.4219065391815,-68.4356085709862,-65.6963205790462,-68.3795032211652
1.30166666666667,-68.4163916391686,-65.6695000085419,-68.3961292044992,-68.4098720554369,-65.6735965301775,-68.3536976282243
1.302,-68.390598542444,-65.6467482020247,-68.3703224577289,-68.3841064241525,-65.6508475460962,-68.3278626652066
1.30233333333333,-68.364776190763,-65.6239714074476,-68.3444862634497,-68.358311641099,-65.6280735760878,-68.3019982961148
1.30266666666667,-68.3389245482215,-65.601169573909,-68.3186205860863,-68.3324876700898,-65.6052745692797,-68.2761044847933
1.303,-68.3130435787601,-65.5783426503488,-68.2927253899091,-68.3066344747843,-65.5824504746407,-68.2501811949284
1.30333333333333,-68.2871332461633,-65.5554905855471,-68.2668006390331,-68.2807520186881,-65.5596012409807,-68.2242283900471
1.30366666666667,-68.2611935140589,-65.5326133281241,-68.2408462974175,-68.2548402651522,-65.5367268169496,-68.1982460335168
1.304,-68.2352243459178,-65.5097108265393,-68.2148623288652,-68.228899177372,-65.5138271510372,-68.1722340885446
1.30433333333333,-68.2092257050526,-65.4867830290913,-68.1888486970217,-68.2029287183876,-65.4909021915722,-68.1461925181767
1.30466666666667,-68.1831975546178,-65.4638298839164,-68.1628053653751,-68.1769288510824,-65.467951886722,-68.1201212852975
1.305,-68.157139857609,-65.4408513389891,-68.136732297255,-68.150899538183,-65.4449761844921,-68.0940203526294
1.30533333333333,-68.1310525768618,-65.4178473421205,-68.110629455832,-68.1248407422585,-65.4219750327253,-68.0678896827319
1.30566666666667,-68.1049356750519,-65.3948178409586,-68.0844968041171,-68.09875242572,-65.3989483791011,-68.041729238001
1.306,-68.0787891146942,-65.3717627829868,-68.0583343049613,-68.0726345508199,-65.3758961711352,-68.0155389806685
1.30633333333333,-68.052612858142,-65.3486821155242,-68.0321419210544,-68.0464870796514,-65.3528183561791,-67.9893188728015
1.30666666666667,-68.0264068675867,-65.3255757857245,-68.005919614925,-68.0203099741478,-65.3297148814193,-67.9630688763019
1.307,-68.0001711050571,-65.3024437405753,-67.9796673489392,-67.9941031960824,-65.3065856938766,-67.9367889529052
1.30733333333333,-67.9739055324188,-65.2792859268979,-67.9533850853008,-67.9678667070671,-65.2834307404057,-67.9104790641805
1.30766666666667,-67.9476101113736,-65.2561022913464,-67.9270727860497,-67.9416004685526,-65.2602499676948,-67.8841391715294
1.308,-67.9212848034587,-65.2328927804071,-67.900730413062,-67.9153044418274,-65.2370433222641,-67.8577692361856
1.30833333333333,-67.8949295700464,-65.2096573403983,-67.8743579280492,-67.8889785880175,-65.2138107504666,-67.8313692192143
1.30866666666667,-67.8685443723435,-65.186395917469,-67.8479552925572,-67.8626228680852,-65.1905521984862,-67.8049390815111
1.309,-67.8421291713901,-65.1631084575989,-67.8215224679661,-67.8362372428295,-65.1672676123378,-67.778478783802
1.30933333333333,-67.8156839280598,-65.1397949065974,-67.7950594154893,-67.8098216728847,-65.1439569378664,-67.7519882866424
1.30966666666667,-67.7892086030586,-65.1164552101032,-67.7685660961728,-67.78337611872,-65.1206201207467,-67.7254675504162
1.31,-67.7627031569243,-65.0930893135836,-67.7420424708949,-67.7569005406392,-65.0972571064824,-67.6989165353356
1.31033333333333,-67.7361675500261,-65.0696971623339,-67.7154885003652,-67.7303948987798,-65.0738678404053,-67.6723352014404
1.31066666666667,-67.7096017425638,-65.0462787014768,-67.6889041451239,-67.7038591531126,-65.0504522676753,-67.645723508597
1.311,-67.6830056945671,-65.0228338759615,-67.6622893655416,-67.677293263441,-65.0270103332791,-67.6190814164979
1.31133333333333,-67.6563793658955,-64.9993626305635,-67.6356441218181,-67.6506971894004,-65.0035419820299,-67.5924088846613
1.31166666666667,-67.6297227162368,-64.9758649098838,-67.6089683739822,-67.6240708904576,-64.9800471585668,-67.56570587243
1.312,-67.6030357051072,-64.9523406583482,-67.5822620818906,-67.5974143259104,-64.9565258073543,-67.538972338971
1.31233333333333,-67.5763182918506,-64.9287898202066,-67.5555252052276,-67.5707274548868,-64.9329778726811,-67.512208243275
1.31266666666667,-67.5495704356374,-64.9052123395325,-67.5287577035045,-67.5440102363443,-64.9094032986602,-67.4854135441551
1.313,-67.5227920954646,-64.8816081602223,-67.5019595360582,-67.5172626290698,-64.8858020292276,-67.4585882002467
1.31333333333333,-67.4959832301548,-64.8579772259947,-67.4751306620518,-67.4904845916783,-64.8621740081421,-67.431732170007
1.31366666666667,-67.4691437983554,-64.8343194803902,-67.4482710404725,-67.4636760826129,-64.8385191789845,-67.4048454117135
1.314,-67.4422737585386,-64.8106348667699,-67.4213806301321,-67.4368370601438,-64.814837485157,-67.3779278834642
1.31433333333333,-67.4153730689999,-64.7869233283154,-67.3944593896658,-67.4099674823679,-64.7911288698824,-67.3509795431763
1.31466666666667,-67.3884416878581,-64.763184808028,-67.3675072775316,-67.3830673072082,-64.7673932762036,-67.3240003485858
1.315,-67.3614795730546,-64.739419248728,-67.3405242520093,-67.3561364924131,-64.743630646983,-67.2969902572469
1.31533333333333,-67.3344866823525,-64.715626593054,-67.3135102712007,-67.3291749955557,-64.7198409249016,-67.2699492265311
1.31566666666667,-67.307462973336,-64.6918067834622,-67.286465293028,-67.3021827740337,-64.6960240524586,-67.2428772136267
1.316,-67.28040840341,-64.6679597622259,-67.2593892752336,-67.2751597850679,-64.6721799719704,-67.2157741755379
1.31633333333333,-67.2533229297994,-64.6440854714348,-67.2322821753794,-67.2481059857024,-64.6483086255705,-67.1886400690845
1.31666666666667,-67.2262065095481,-64.6201838529942,-67.2051439508458,-67.2210213328038,-64.6244099552083,-67.1614748509005
1.317,-67.1990590995187,-64.5962548486244,-67.1779745588315,-67.1939057830601,-64.6004839026484,-67.1342784774344
1.31733333333333,-67.171880656392,-64.5722983998599,-67.1507739563525,-67.1667592929808,-64.5765304094705,-67.1070509049477
1.31766666666667,-67.1446711366658,-64.5483144480491,-67.1235421002415,-67.1395818188959,-64.5525494170683,-67.0797920895143
1.318,-67.1174304966548,-64.5243029343532,-67.0962789471471,-67.112373316955,-64.5285408666486,-67.0525019870204
1.31833333333333,-67.0901586924896,-64.5002637997457,-67.0689844535333,-67.0851337431274,-64.5045046992313,-67.0251805531632
1.31866666666667,-67.0628556801162,-64.4761969850116,-67.0416585756789,-67.0578630532009,-64.4804408556479,-66.9978277434502
1.319,-67.0355214152953,-64.4521024307469,-67.0143012696761,-67.0305612027814,-64.4563492765417,-66.970443513199
1.31933333333333,-67.0081558536017,-64.4279800773579,-66.9869124914309,-67.0032281472922,-64.4322299023661,-66.9430278175361
1.31966666666667,-66.9807589504236,-64.4038298650601,-66.9594921966616,-66.9758638419735,-64.408082673385,-66.9155806113964
1.32,-66.9533306609618,-64.3796517338782,-66.9320403408984,-66.9484682418816,-64.3839075296712,-66.8881018495225
1.32033333333333,-66.9258709402295,-64.3554456236448,-66.9045568794825,-66.9210413018884,-64.3597044111061,-66.8605914864641
1.32066666666667,-66.898379743051,-64.3312114739998,-66.8770417675658,-66.8935829766807,-64.3354732573791,-66.8330494765769
1.321,-66.8708570240613,-64.30694922439,-66.8494949601097,-66.8660932207597,-64.3112140079866,-66.8054757740224
1.32133333333333,-66.843302737706,-64.2826588140682,-66.8219164118848,-66.8385719884403,-64.2869266022316,-66.7778703327669
1.32166666666667,-66.8157168382395,-64.2583401820923,-66.7943060774701,-66.8110192338503,-64.2626109792226,-66.7502331065806
1.322,-66.7880992797253,-64.2339932673248,-66.766663911252,-66.78343491093,-64.2382670778734,-66.7225640490373
1.32233333333333,-66.7604500160351,-64.2096180084323,-66.7389898674241,-66.7558189734316,-64.213894836902,-66.6948631135136
1.32266666666667,-66.7327690008477,-64.1852143438844,-66.7112838999862,-66.7281713749182,-64.18949419483,-66.6671302531879
1.323,-66.7050561876488,-64.1607822119528,-66.6835459627433,-66.7004920687636,-64.1650650899819,-66.6393654210398
1.32333333333333,-66.6773115297302,-64.1363215507114,-66.6557760093056,-66.6727810081515,-64.1406074604843,-66.6115685698497
1.32366666666667,-66.6495349801892,-64.1118322980347,-66.6279739930872,-66.6450381460747,-64.1161212442653,-66.5837396521976
1.324,-66.6217264919276,-64.0873143915976,-66.6001398673056,-66.6172634353346,-64.0916063790538,-66.5558786204625
1.32433333333333,-66.5938860176514,-64.0627677688744,-66.572273584981,-66.5894568285409,-64.0670628023784,-66.5279854268221
1.32466666666667,-66.56601350987,-64.0381923671382,-66.5443750989356,-66.5616182781101,-64.0424904515673,-66.5000600232514
1.325,-66.5381089208954,-64.0135881234601,-66.5164443617925,-66.5337477362659,-64.0178892637468,-66.4721023615224
1.32533333333333,-66.5101722028415,-63.9889549747086,-66.4884813259758,-66.5058451550375,-63.9932591758415,-66.4441123932033
1.32566666666667,-66.482203307624,-63.9642928575485,-66.4604859437092,-66.4779104862601,-63.9686001245726,-66.4160900696579
1.326,-66.4542021869586,-63.9396017084406,-66.4324581670152,-66.449943681573,-63.9439120464578,-66.3880353420443
1.32633333333333,-66.4261687923615,-63.9148814636406,-66.404397947715,-66.4219446924202,-63.9191948778103,-66.3599481613149
1.32666666666667,-66.398103075148,-63.8901320591987,-66.3763052374274,-66.3939134700487,-63.894448554738,-66.3318284782152
1.327,-66.3700049864318,-63.8653534309583,-66.3481799875678,-66.3658499655087,-63.869673013143,-66.3036762432831
1.32733333333333,-66.3418744771248,-63.8405455145559,-66.3200221493482,-66.3377541296522,-63.8448681887207,-66.2754914068484
1.32766666666667,-66.313711497936,-63.8157082454198,-66.2918316737755,-66.3096259131329,-63.820034016959,-66.247273919032
1.328,-66.2855159993709,-63.7908415587698,-66.2636085116518,-66.2814652664054,-63.7951704331375,-66.2190237297446
1.32833333333333,-66.2572879317308,-63.7659453896158,-66.235352613573,-66.2532721397244,-63.7702773723268,-66.1907407886869
1.32866666666667,-66.2290272451122,-63.7410196727578,-66.2070639299281,-66.2250464831441,-63.745354769388,-66.1624250453481
1.329,-66.2007338894061,-63.7160643427845,-66.1787424108987,-66.1967882465179,-63.7204025589715,-66.1340764490054
1.32933333333333,-66.1724078142971,-63.691079334073,-66.1503880064584,-66.1684973794971,-63.6954206755163,-66.1056949487235
1.32966666666667,-66.144048969263,-63.6660645807875,-66.1220006663715,-66.1401738315307,-63.6704090532497,-66.0772804933533
1.33,-66.1156573035737,-63.6410200168792,-66.0935803401927,-66.1118175518648,-63.6453676261857,-66.0488330315316
1.33033333333333,-66.0872327662912,-63.6159455760847,-66.0651269772664,-66.0834284895416,-63.6202963281252,-66.0203525116803
1.33066666666667,-66.058775306268,-63.5908411919261,-66.0366405267257,-66.055006593399,-63.5951950926544,-65.9918388820053
1.331,-66.030284872147,-63.5657067977093,-66.0081209374917,-66.0265518120698,-63.5700638531443,-65.9632920904962
1.33133333333333,-66.001761412361,-63.5405423265242,-65.979568158273,-65.9980640939811,-63.5449025427501,-65.9347120849251
1.33166666666667,-65.973204875131,-63.5153477112429,-65.9509821375647,-65.9695433873538,-63.5197110944102,-65.9060988128464
1.332,-65.9446152084666,-63.4901228845197,-65.9223628236477,-65.9409896402016,-63.4944894408455,-65.8774522215953
1.33233333333333,-65.9159923601648,-63.4648677787899,-65.8937101645881,-65.9124028003307,-63.4692375145585,-65.8487722582877
1.33266666666667,-65.8873362778091,-63.439582326269,-65.8650241082362,-65.8837828153386,-63.4439552478325,-65.820058869819
1.333,-65.8586469087693,-63.4142664589521,-65.8363046022261,-65.8551296326144,-63.4186425727311,-65.7913120028637
1.33333333333333,-65.8299242002002,-63.3889201086129,-65.8075515939747,-65.8264431993369,-63.3932994210971,-65.7625316038743
1.33366666666667,-65.8011680990416,-63.3635432068031,-65.7787650306807,-65.797723462475,-63.3679257245515,-65.7337176190806
1.334,-65.7723785520167,-63.3381356848513,-65.7499448593246,-65.7689703687864,-63.3425214144934,-65.704869994489
1.33433333333333,-65.7435555056322,-63.3126974738624,-65.7210910266671,-65.7401838648172,-63.3170864220985,-65.6759886758819
1.33466666666667,-65.7146989061774,-63.2872285047168,-65.692203479249,-65.7113638969013,-63.2916206783184,-65.6470736088165
1.335,-65.6858086997229,-63.2617287080694,-65.6632821633901,-65.6825104111594,-63.2661241138803,-65.6181247386244
1.33533333333333,-65.6568848321207,-63.236198014349,-65.6343270251884,-65.6536233534986,-63.2405966592855,-65.5891420104106
1.33566666666667,-65.627927249003,-63.2106363537571,-65.6053380105197,-65.6247026696117,-63.2150382448091,-65.5601253690529
1.336,-65.5989358957815,-63.1850436562677,-65.5763150650364,-65.5957483049766,-63.1894488004986,-65.5310747592009
1.33633333333333,-65.5699107176469,-63.1594198516259,-65.5472581341671,-65.5667602048554,-63.163828256174,-65.5019901252755
1.33666666666667,-65.5408516595681,-63.1337648693473,-65.5181671631155,-65.5377383142939,-63.138176541426,-65.4728714114678
1.337,-65.5117586662914,-63.108078638717,-65.48904209686,-65.508682578121,-63.1124935856155,-65.4437185617385
1.33733333333333,-65.4826316823397,-63.0823610887892,-65.4598828801527,-65.4795929409477,-63.0867793178733,-65.4145315198172
1.33766666666667,-65.4534706520121,-63.0566121483857,-65.4306894575187,-65.450469347167,-63.0610336670984,-65.3853102292014
1.338,-65.4242755193828,-63.0308317460957,-65.4014617732553,-65.4213117409526,-63.0352565619576,-65.3560546331559
1.33833333333333,-65.3950462283007,-63.0050198102745,-65.3721997714312,-65.3921200662588,-63.009447930885,-65.3267646747118
1.33866666666667,-65.3657827223885,-62.9791762690428,-65.3429033958861,-65.3628942668191,-62.9836077020803,-65.297440296666
1.339,-65.3364849450418,-62.953301050286,-65.3135725902292,-65.3336342861465,-62.9577358035088,-65.26808144158
1.33933333333333,-65.3071528394291,-62.9273940816532,-65.2842072978393,-65.3043400675321,-62.9318321629,-65.2386880517796
1.33966666666667,-65.2777863484899,-62.9014552905561,-65.2548074618633,-65.2750115540445,-62.9058967077471,-65.2092600693537
1.34,-65.248385414935,-62.8754846041687,-65.2253730252158,-65.2456486885296,-62.8799293653057,-65.1797974361536
1.34033333333333,-65.2189499812455,-62.849481949426,-65.1959039305783,-65.2162514136091,-62.8539300625936,-65.1503000937926
1.34066666666667,-65.1894799896719,-62.8234472530232,-65.1664001203984,-65.186819671681,-62.8278987263893,-65.1207679836445
1.341,-65.1599753822331,-62.797380441415,-65.1368615368889,-65.1573534049176,-62.8018352832315,-65.0912010468433
1.34133333333333,-65.1304361007165,-62.7712814408147,-65.1072881220273,-65.127852555266,-62.7757396594182,-65.0615992242823
1.34166666666667,-65.1008620866765,-62.7451501771931,-65.0776798175549,-65.0983170644466,-62.7496117810056,-65.0319624566132
1.342,-65.0712532814342,-62.7189865762777,-65.0480365649758,-65.0687468739529,-62.7234515738077,-65.0022906842454
1.34233333333333,-65.0416096260766,-62.6927905635523,-65.0183583055564,-65.0391419250507,-62.6972589633949,-64.9725838473451
1.34266666666667,-65.0119310614555,-62.6665620642554,-64.9886449803247,-65.0095021587772,-62.6710338750935,-64.9428418858348
1.343,-64.9822175281873,-62.6403010033796,-64.9588965300692,-64.9798275159408,-62.6447762339847,-64.9130647393919
1.34333333333333,-64.9524689666521,-62.614007305671,-64.9291128953383,-64.95011793712,-62.6184859649034,-64.8832523474484
1.34366666666667,-64.9226853169928,-62.587680895628,-64.8992940164398,-64.9203733626632,-62.5921629924382,-64.8534046491901
1.344,-64.8928665191143,-62.5613216975004,-64.8694398334394,-64.8905937326872,-62.5658072409295,-64.8235215835554
1.34433333333333,-64.8630125126834,-62.5349296352886,-64.8395502861608,-64.8607789870775,-62.5394186344691,-64.7936030892349
1.34466666666667,-64.8331232371271,-62.5085046327428,-64.8096253141842,-64.8309290654871,-62.5129970968996,-64.7636491046703
1.345,-64.8031986316328,-62.482046613362,-64.7796648568461,-64.8010439073359,-62.4865425518128,-64.7336595680537
1.34533333333333,-64.7732386351468,-62.4555555003929,-64.7496688532379,-64.7711234518101,-62.4600549225494,-64.7036344173269
1.34566666666667,-64.7432431863743,-62.4290312168296,-64.7196372422058,-64.7411676378614,-62.4335341321979,-64.6735735901805
1.346,-64.7132122237778,-62.4024736854118,-64.6895699623495,-64.7111764042066,-62.4069801035937,-64.6434770240529
1.34633333333333,-64.6831456855774,-62.3758828286248,-64.6594669520217,-64.6811496893266,-62.380392759318,-64.6133446561298
1.34666666666667,-64.6530435097491,-62.349258568698,-64.6293281493272,-64.6510874314662,-62.3537720216975,-64.5831764233434
1.347,-64.6229056340246,-62.3226008276042,-64.5991534921221,-64.6209895686327,-62.3271178128026,-64.552972262371
1.34733333333333,-64.5927319958906,-62.2959095270588,-64.5689429180133,-64.5908560385962,-62.3004300544476,-64.5227321096352
1.34766666666667,-64.5625225325877,-62.2691845885185,-64.5386963643572,-64.5606867788879,-62.2737086681885,-64.4924559013019
1.348,-64.53227718111,-62.2424259331808,-64.5084137682594,-64.5304817268005,-62.2469535753233,-64.4621435732806
1.34833333333333,-64.5019958782043,-62.2156334819829,-64.4780950665738,-64.5002408193866,-62.2201646968904,-64.4317950612228
1.34866666666667,-64.4716785603693,-62.1888071556008,-64.4477401959016,-64.4699639934586,-62.1933419536679,-64.4014103005217
1.349,-64.4413251638548,-62.1619468744483,-64.4173490925909,-64.439651185588,-62.1664852661723,-64.3709892263108
1.34933333333333,-64.4109356246612,-62.1350525586762,-64.3869216927356,-64.4093023321045,-62.1395945546585,-64.3405317734637
1.34966666666667,-64.3805098785385,-62.1081241281714,-64.3564579321748,-64.3789173690955,-62.1126697391177,-64.3100378765929
1.35,-64.350047860986,-62.0811615025556,-64.3259577464918,-64.3484962324055,-62.0857107392776,-64.2795074700492
1.35033333333333,-64.3195495072508,-62.054164601185,-64.2954210710137,-64.3180388576354,-62.0587174746005,-64.2489404879208
1.35066666666667,-64.289014752328,-62.0271333431488,-64.2648478408105,-64.2875451801417,-62.0316898642831,-64.2183368640323
1.351,-64.2584435309593,-62.0000676472687,-64.2342379906938,-64.2570151350363,-62.0046278272552,-64.1876965319442
1.35133333333333,-64.2278357776325,-61.9729674320973,-64.203591455217,-64.2264486571853,-61.9775312821789,-64.1570194249519
1.35166666666667,-64.1971914265809,-61.9458326159183,-64.1729081686737,-64.1958456812085,-61.9504001474476,-64.1263054760848
1.352,-64.1665104117822,-61.9186631167442,-64.1421880650972,-64.1652061414792,-61.9232343411851,-64.0955546181057
1.35233333333333,-64.1357926669584,-61.8914588523164,-64.11143107826,-64.1345299721229,-61.8960337812446,-64.0647667835099
1.35266666666667,-64.1050381255742,-61.8642197401038,-64.0806371416724,-64.1038171070173,-61.8687983852079,-64.0339419045244
1.353,-64.0742467208372,-61.8369456973019,-64.0498061885826,-64.0730674797911,-61.8415280703845,-64.0030799131069
1.35333333333333,-64.0434183856967,-61.809636640832,-64.018938151975,-64.0422810238237,-61.8142227538104,-63.9721807409454
1.35366666666667,-64.0125530528427,-61.7822924873399,-63.9880329645701,-64.0114576722445,-61.7868823522472,-63.9412443194567
1.354,-63.9816506547058,-61.7549131531954,-63.9570905588236,-63.9805973579323,-61.7595067821815,-63.9102705797863
1.35433333333333,-63.9507111234563,-61.7274985544911,-63.9261108669251,-63.9497000135145,-61.7320959598236,-63.8792594528073
1.35466666666667,-63.9197343910031,-61.7000486070415,-63.8950938207984,-63.9187655713668,-61.7046498011067,-63.8482108691195
1.355,-63.8887203889934,-61.6725632263817,-63.8640393520997,-63.8877939636121,-61.6771682216858,-63.8171247590486
1.35533333333333,-63.8576690488119,-61.6450423277672,-63.8329473922174,-63.8567851221205,-61.649651136937,-63.7860010526455
1.35566666666667,-63.8265803015798,-61.6174858261723,-63.801817872271,-63.8257389785082,-61.6220984619564,-63.7548396796855
1.356,-63.7954540781547,-61.5898936362893,-63.7706507231109,-63.7946554641369,-61.5945101115591,-63.7236405696672
1.35633333333333,-63.7642903091293,-61.5622656725277,-63.7394458753169,-63.7635345101135,-61.5668860002785,-63.6924036518122
1.35666666666667,-63.7330889248309,-61.5346018490129,-63.7082032591981,-63.7323760472894,-61.5392260423648,-63.6611288550639
1.357,-63.7018498553208,-61.5069020795857,-63.6769228047917,-63.7011800062596,-61.5115301517849,-63.6298161080865
1.35733333333333,-63.6705730303934,-61.479166277801,-63.6456044418625,-63.6699463173624,-61.4837982422204,-63.598465339265
1.35766666666667,-63.6392583795757,-61.4513943569267,-63.6142480999019,-63.6386749106787,-61.4560302270676,-63.5670764767034
1.358,-63.6079058321265,-61.4235862299433,-63.5828537081276,-63.6073657160316,-61.4282260194359,-63.5356494482246
1.35833333333333,-63.5765153170356,-61.3957418095423,-63.5514211954824,-63.5760186629853,-61.4003855321471,-63.5041841813695
1.35866666666667,-63.5450867630234,-61.3678610081257,-63.5199504906336,-63.5446336808451,-61.3725086777346,-63.4726806033956
1.359,-63.5136200985399,-61.3399437378046,-63.4884415219722,-63.5132106986566,-61.3445953684419,-63.4411386412772
1.35933333333333,-63.4821152517642,-61.3119899103987,-63.4568942176126,-63.4817496452048,-61.3166455162222,-63.4095582217036
1.35966666666667,-63.4505721506036,-61.2839994374348,-63.425308505391,-63.4502504490141,-61.2886590327372,-63.377939271079
1.36,-63.4189907226932,-61.2559722301465,-63.3936843128655,-63.4187130383472,-61.2606358293561,-63.3462817155214
1.36033333333333,-63.3873708953951,-61.2279081994724,-63.362021567315,-63.387137341205,-61.2325758171546,-63.3145854808619
1.36066666666667,-63.3557125957975,-61.1998072560559,-63.3303201957384,-63.3555232853256,-61.2044789069142,-63.2828504926437
1.361,-63.3240157507146,-61.1716693102436,-63.298580124854,-63.3238707981841,-61.1763450091208,-63.2510766761217
1.36133333333333,-63.2922802866852,-61.1434942720849,-63.2668012810989,-63.2921798069918,-61.1481740339643,-63.2192639562614
1.36166666666667,-63.2605061299726,-61.1152820513305,-63.2349835906279,-63.2604502386957,-61.119965891337,-63.1874122577381
1.362,-63.2286932065634,-61.0870325574316,-63.203126979313,-63.2286820199782,-61.091720490833,-63.1555215049363
1.36233333333333,-63.1968414421676,-61.0587456995392,-63.171231372743,-63.1968750772561,-61.0634377417474,-63.1235916219488
1.36266666666667,-63.1649507622172,-61.0304213865026,-63.1392966962222,-63.1650293366804,-61.0351175530748,-63.0916225325759
1.363,-63.1330210918659,-61.002059526869,-63.10732287477,-63.1331447241359,-61.0067598335087,-63.0596141603246
1.36333333333333,-63.1010523559883,-60.9736600288819,-63.0753098331202,-63.1012211652401,-60.9783644914406,-63.0275664284081
1.36366666666667,-63.0690444791796,-60.9452228004808,-63.0432574957203,-63.0692585853435,-60.9499314349589,-62.9954792597446
1.364,-63.0369973857543,-60.9167477492995,-63.0111657867307,-63.0372569095282,-60.9214605718476,-62.9633525769569
1.36433333333333,-63.0049109997463,-60.8882347826657,-62.9790346300241,-63.005216062608,-60.8929518095861,-62.9311863023712
1.36466666666667,-62.9727852449077,-60.8596838075997,-62.9468639491847,-62.9731359691278,-60.8644050553473,-62.8989803580168
1.365,-62.9406200447084,-60.8310947308136,-62.9146536675077,-62.941016553363,-60.8358202159976,-62.8667346656251
1.36533333333333,-62.9084153223356,-60.8024674587102,-62.8824037079985,-62.9088577393191,-60.807197198095,-62.8344491466288
1.36566666666667,-62.8761710006928,-60.773801897382,-62.8501139933718,-62.8766594507308,-60.7785359078889,-62.8021237221614
1.366,-62.8438870023995,-60.7450979526103,-62.8177844460515,-62.8444216110625,-60.7498362513185,-62.7697583130559
1.36633333333333,-62.8115632497905,-60.7163555298642,-62.7854149881693,-62.8121441435065,-60.7210981340124,-62.7373528398448
1.36666666666667,-62.7791996649153,-60.6875745342997,-62.7530055415647,-62.7798269709839,-60.6923214612873,-62.7049072227587
1.367,-62.7467961695373,-60.6587548707585,-62.7205560277839,-62.7474700161431,-60.663506138147,-62.6724213817259
1.36733333333333,-62.7143526851338,-60.6298964437672,-62.6880663680794,-62.7150732013598,-60.6346520692815,-62.6398952363715
1.36766666666667,-62.6818691328944,-60.6009991575363,-62.6555364834091,-62.6826364487366,-60.6057591590663,-62.6073287060168
1.368,-62.6493454337214,-60.5720629159592,-62.6229662944358,-62.6501596801025,-60.5768273115609,-62.5747217096785
1.36833333333333,-62.6167815082287,-60.5430876226112,-62.5903557215268,-62.6176428170122,-60.5478564305083,-62.542074166068
1.36866666666667,-62.5841772767412,-60.5140731807486,-62.5577046847527,-62.585085780746,-60.518846419334,-62.5093859935906
1.369,-62.5515326592944,-60.4850194933076,-62.5250131038873,-62.5524884923097,-60.4897971811446,-62.4766571103447
1.36933333333333,-62.5188475756341,-60.4559264629035,-62.4922808984065,-62.5198508724331,-60.4607086187273,-62.4438874341215
1.36966666666667,-62.486121945215,-60.4267939918296,-62.4595079874884,-62.487172841571,-60.431580634549,-62.4110768824037
1.37,-62.453355687201,-60.3976219820561,-62.4266942900116,-62.4544543199017,-60.4024131307547,-62.3782253723653
1.37033333333333,-62.4205487204643,-60.3684103352297,-62.3938397245558,-62.4216952273271,-60.3732060091674,-62.3453328208706
1.37066666666667,-62.3877009635848,-60.3391589526718,-62.3609442094003,-62.3888954834725,-60.3439591712864,-62.3123991444737
1.371,-62.3548123348497,-60.3098677353782,-62.3280076625239,-62.3560550076857,-60.314672518287,-62.2794242594174
1.37133333333333,-62.3218827522528,-60.2805365840178,-62.2950300016039,-62.3231737190372,-60.285345951019,-62.2464080816332
1.37166666666667,-62.2889121334943,-60.2511653989318,-62.262011144016,-62.2902515363196,-60.2559793700059,-62.21335052674
1.372,-62.2559003959799,-60.2217540801326,-62.2289510068333,-62.2572883780472,-60.2265726754442,-62.1802515100437
1.37233333333333,-62.2228474568206,-60.1923025273031,-62.1958495068261,-62.224284162456,-60.1971257672023,-62.1471109465366
1.37266666666667,-62.1897532328321,-60.1628106397954,-62.162706560461,-62.1912388075028,-60.1676385448195,-62.1139287508964
1.373,-62.1566176405341,-60.13327831663,-62.1295220839006,-62.1581522308656,-60.138110907505,-62.080704837486
1.37333333333333,-62.1234405961503,-60.1037054564949,-62.0962959930028,-62.1250243499429,-60.1085427541372,-62.0474391203524
1.37366666666667,-62.0902220156073,-60.0740919577448,-62.0630282033203,-62.0918550818533,-60.0789339832626,-62.0141315132265
1.374,-62.0569618145348,-60.0444377183997,-62.0297186301001,-62.0586443434358,-60.049284493095,-61.9807819295221
1.37433333333333,-62.0236599082646,-60.0147426361444,-61.9963671882832,-62.0253920512489,-60.0195941815142,-61.9473902823352
1.37466666666667,-61.9903162118304,-59.9850066083273,-61.9629737925035,-61.9920981215706,-59.9898629460657,-61.9139564844441
1.375,-61.9569306399673,-59.9552295319596,-61.9295383570879,-61.9587624703985,-59.9600906839592,-61.8804804483078
1.37533333333333,-61.9235031071116,-59.9254113037144,-61.8960607960554,-61.9253850134489,-59.930277292068,-61.8469620860659
1.37566666666667,-61.8900335273999,-59.8955518199256,-61.862541023117,-61.8919656661574,-59.900422666928,-61.8134013095381
1.376,-61.8565218146692,-59.865650976587,-61.8289789516748,-61.8585043436778,-59.8705267047368,-61.7797980302234
1.37633333333333,-61.822967882456,-59.8357086693516,-61.7953744948219,-61.8250009608829,-59.8405893013528,-61.7461521592996
1.37666666666667,-61.7893716439964,-59.8057247935305,-61.7617275653415,-61.7914554323634,-59.8106103522943,-61.7124636076224
1.377,-61.7557330122253,-59.7756992440919,-61.728038075707,-61.7578676724283,-59.7805897527384,-61.6787322857255
1.37733333333333,-61.7220518997765,-59.7456319156606,-61.6943059380813,-61.7242375951049,-59.7505273975206,-61.6449581038195
1.37766666666667,-61.6883282189818,-59.7155227025165,-61.6605310643161,-61.690565114138,-59.7204231811334,-61.6111409717913
1.378,-61.6545618818709,-59.6853714985941,-61.6267133659519,-61.6568501429904,-59.6902769977257,-61.5772807992039
1.37833333333333,-61.6207528001714,-59.6551781974815,-61.5928527542176,-61.6230925948425,-59.6600887411018,-61.5433774952958
1.37866666666667,-61.5869008853078,-59.6249426924196,-61.5589491400297,-61.5892923825926,-59.6298583047206,-61.5094309689803
1.379,-61.5530060484015,-59.594664876301,-61.5250024339922,-61.555449418856,-59.5995855816945,-61.475441128845
1.37933333333333,-61.519068200271,-59.5643446416695,-61.4910125463963,-61.5215636159659,-59.5692704647892,-61.4414078831513
1.37966666666667,-61.4850872514306,-59.5339818807187,-61.4569793872199,-61.4876348859728,-59.5389128464219,-61.4073311398342
1.38,-61.451063112091,-59.5035764852915,-61.4229028661273,-61.4536631406447,-59.5085126186611,-61.3732108065013
1.38033333333333,-61.4169956921585,-59.4731283468791,-61.3887828924686,-61.4196482914669,-59.4780696732257,-61.3390467904328
1.38066666666667,-61.3828849012352,-59.4426373566204,-61.35461937528,-61.3855902496422,-59.4475839014839,-61.3048389985807
1.381,-61.3487306486182,-59.4121034053007,-61.3204122232828,-61.3514889260909,-59.4170551944523,-61.2705873375684
1.38133333333333,-61.3145328432999,-59.3815263833511,-61.2861613448836,-61.3173442314507,-59.3864834427958,-61.2362917136905
1.38166666666667,-61.2802913939676,-59.3509061808478,-61.2518666481738,-61.283156076077,-59.3558685368257,-61.2019520329121
1.382,-61.246006209003,-59.320242687511,-61.2175280409292,-61.2489243700426,-59.3252103664997,-61.1675682008683
1.38233333333333,-61.2116771964827,-59.2895357927043,-61.1831454306101,-61.2146490231383,-59.2945088214209,-61.1331401228642
1.38266666666667,-61.1773042641772,-59.2587853854335,-61.1487187243607,-61.1803299448728,-59.2637637908368,-61.0986677038742
1.383,-61.1428873195516,-59.2279913543465,-61.1142478290091,-61.1459670444725,-59.2329751636386,-61.0641508485415
1.38333333333333,-61.1084262697647,-59.1971535877316,-61.0797326510671,-61.1115602308823,-59.2021428283606,-61.0295894611781
1.38366666666667,-61.0739210216695,-59.1662719735176,-61.0451730967297,-61.0771094127653,-59.171266673179,-60.9949834457642
1.384,-61.0393714818124,-59.1353463992721,-61.0105690718753,-61.0426144985031,-59.1403465859118,-60.9603327059476
1.38433333333333,-61.004777556434,-59.1043767522017,-60.9759204820654,-61.0080753961961,-59.1093824540173,-60.9256371450441
1.38466666666667,-60.9701391514683,-59.0733629191503,-60.9412272325441,-60.9734920136637,-59.0783741645939,-60.8908966660364
1.385,-60.9354561725429,-59.042304786599,-60.9064892282387,-60.9388642584447,-59.047321604379,-60.8561111715743
1.38533333333333,-60.900728524979,-59.0112022406651,-60.871706373759,-60.9041920377973,-59.0162246597486,-60.8212805639741
1.38566666666667,-60.8659561137914,-58.9800551671013,-60.8368785733972,-60.8694752586995,-58.9850832167162,-60.7864047452185
1.386,-60.8311388436883,-58.948863451295,-60.802005731128,-60.8347138278496,-58.9538971609323,-60.7514836169564
1.38633333333333,-60.7962766190715,-58.9176269782677,-60.7670877506089,-60.7999076516666,-58.9226663776839,-60.7165170805025
1.38666666666667,-60.7613693440365,-58.8863456326742,-60.7321245351793,-60.76505663629,-58.8913907518933,-60.681505036837
1.387,-60.7264169223723,-58.8550192988017,-60.6971159878611,-60.7301606875809,-58.8600701681178,-60.6464473866056
1.38733333333333,-60.6914192575616,-58.8236478605696,-60.6620620113586,-60.6952197111222,-58.8287045105489,-60.6113440301192
1.38766666666667,-60.6563762527813,-58.7922312015283,-60.6269625080583,-60.6602336122189,-58.7972936630118,-60.5761948673538
1.388,-60.6212878109015,-58.7607692048587,-60.5918173800291,-60.6252022958986,-58.7658375089644,-60.5409997979501
1.38833333333333,-60.5861538344871,-58.7292617533718,-60.5566265290225,-60.5901256669121,-58.734335931497,-60.5057587212136
1.38866666666667,-60.5509742257968,-58.6977087295076,-60.5213898564721,-60.5550036297341,-58.7027888133314,-60.4704715361145
1.389,-60.5157488867837,-58.6661100153349,-60.4861072634943,-60.5198360885632,-58.6711960368207,-60.4351381412871
1.38933333333333,-60.4804777190957,-58.6344654925502,-60.4507786508884,-60.4846229473233,-58.6395574839482,-60.3997584350307
1.38966666666667,-60.4451606240754,-58.6027750424777,-60.415403919136,-60.4493641096633,-58.607873036327,-60.3643323153082
1.39,-60.4097975027605,-58.5710385460681,-60.3799829684021,-60.4140594789585,-58.5761425751995,-60.3288596797473
1.39033333333333,-60.374388255884,-58.5392558838983,-60.3445156985346,-60.3787089583109,-58.544365981437,-60.2933404256396
1.39066666666667,-60.3389327838745,-58.5074269361709,-60.309002009065,-60.34331245055,-58.5125431355387,-60.2577744499412
1.391,-60.3034309868567,-58.4755515827135,-60.273441799208,-60.3078698582333,-58.4806739176315,-60.2221616492719
1.39133333333333,-60.2678827646513,-58.4436297029783,-60.2378349678624,-60.2723810836475,-58.4487582074693,-60.1865019199163
1.39166666666667,-60.232288016776,-58.4116611760412,-60.2021814136112,-60.236846028809,-58.4167958844327,-60.150795157823
1.392,-60.1966466424453,-58.3796458806017,-60.1664810347213,-60.2012645954646,-58.3847868275283,-60.115041258605
1.39233333333333,-60.1609585405713,-58.3475836949823,-60.1307337291449,-60.165636685093,-58.3527309153884,-60.0792401175397
1.39266666666667,-60.1252236097638,-58.3154744971281,-60.0949393945188,-60.1299621989046,-58.3206280262704,-60.043391629569
1.393,-60.0894417483313,-58.2833181646059,-60.0590979281655,-60.0942410378435,-58.2884780380564,-60.0074956892998
1.39333333333333,-60.053612854281,-58.2511145746042,-60.0232092270933,-60.0584731025878,-58.2562808282527,-59.9715521910035
1.39366666666667,-60.0177368253194,-58.2188636039327,-59.9872731879966,-60.0226582935511,-58.2240362739898,-59.9355610286167
1.394,-59.9818135588532,-58.1865651290216,-59.9512897072568,-59.9867965108828,-58.1917442520211,-59.8995220957413
1.39433333333333,-59.9458429519896,-58.1542190259216,-59.9152586809422,-59.9508876544699,-58.1594046387238,-59.8634352856445
1.39466666666667,-59.9098249015368,-58.1218251703033,-59.879180004809,-59.9149316239378,-58.1270173100974,-59.8273004912595
1.395,-59.873759304005,-58.0893834374567,-59.8430535743017,-59.8789283186514,-58.0945821417638,-59.7911176051854
1.39533333333333,-59.8376460556069,-58.0568937022911,-59.8068792845536,-59.8428776377162,-58.0620990089672,-59.7548865196875
1.39566666666667,-59.8014850522583,-58.0243558393349,-59.7706570303873,-59.80677947998,-58.0295677865736,-59.7186071266981
1.396,-59.765276189579,-57.9917697227347,-59.7343867063156,-59.7706337440334,-57.9969883490703,-59.6822793178162
1.39633333333333,-59.7290193628935,-57.9591352262557,-59.6980682065422,-59.7344403282117,-57.964360570566,-59.6459029843086
1.39666666666667,-59.6927144672319,-57.9264522232811,-59.6617014249619,-59.6981991305963,-57.9316843247905,-59.6094780171096
1.397,-59.6563613973307,-57.8937205868116,-59.6252862551619,-59.6619100490153,-57.8989594850942,-59.573004306822
1.39733333333333,-59.6199600476335,-57.8609401894659,-59.5888225904223,-59.6255729810459,-57.8661859244483,-59.5364817437175
1.39766666666667,-59.5835103122921,-57.8281109034798,-59.552310323717,-59.5891878240153,-57.8333635154443,-59.499910217737
1.398,-59.5470120851676,-57.7952326007065,-59.5157493477144,-59.5527544750024,-57.800492130294,-59.4632896184911
1.39833333333333,-59.5104652598309,-57.7623051526159,-59.4791395547783,-59.5162728308391,-57.7675716408296,-59.4266198352611
1.39866666666667,-59.4738697295643,-57.7293284302952,-59.442480836969,-59.4797427881125,-57.7346019185031,-59.3899007569993
1.399,-59.437225387362,-57.6963023044482,-59.405773086044,-59.4431642431657,-57.7015828343864,-59.3531322723293
1.39933333333333,-59.4005321259317,-57.6632266453954,-59.369016193459,-59.4065370921005,-57.6685142591717,-59.3163142695476
1.39966666666667,-59.3637898376956,-57.6301013230742,-59.3322100503692,-59.3698612307781,-57.6353960631708,-59.2794466366233
1.4,-59.326998414791,-57.5969262070383,-59.29535454763,-59.3331365548218,-57.6022281163154,-59.2425292611995
1.40033333333333,-59.2901577490727,-57.5637011664583,-59.2584495757983,-59.2963629596184,-57.5690102881574,-59.2055620305938
1.40066666666667,-59.2532677321129,-57.5304260701215,-59.2214950251337,-59.2595403403201,-57.5357424478685,-59.1685448317992
1.401,-59.2163282552037,-57.4971007864316,-59.1844907855993,-59.2226685918464,-57.5024244642402,-59.131477551485
1.40133333333333,-59.1793392093576,-57.4637251834094,-59.1474367468635,-59.1857476088867,-57.4690562056848,-59.0943600759974
1.40166666666667,-59.1423004853094,-57.4302991286925,-59.1103327983008,-59.1487772859013,-57.4356375402342,-59.0571922913608
1.402,-59.1052119735174,-57.3968224895354,-59.0731788289932,-59.1117575171246,-57.4021683355413,-59.0199740832784
1.40233333333333,-59.0680735641647,-57.36329513281,-59.0359747277319,-59.0746881965665,-57.3686484588794,-58.9827053371337
1.40266666666667,-59.0308851471614,-57.3297169250055,-58.998720383018,-59.0375692180151,-57.3350777771428,-58.9453859379909
1.403,-58.9936466121453,-57.2960877322287,-58.9614156830647,-59.0004004750387,-57.3014561568469,-58.9080157705965
1.40333333333333,-58.9563578484843,-57.2624074202044,-58.9240605157983,-58.9631818609883,-57.2677834641286,-58.8705947193802
1.40366666666667,-58.9190187452774,-57.2286758542754,-58.8866547688599,-58.925913269,-57.2340595647466,-58.833122668456
1.404,-58.8816291913569,-57.1948928994031,-58.8491983296069,-58.8885945919973,-57.2002843240815,-58.7955995016235
1.40433333333333,-58.8441890752901,-57.1610584201679,-58.811691085115,-58.8512257226939,-57.1664576071367,-58.7580251023694
1.40466666666667,-58.806698285381,-57.1271722807692,-58.7741329221792,-58.8138065535961,-57.1325792785384,-58.7203993538683
1.405,-58.769156709672,-57.0932343450261,-58.7365237273161,-58.7763369770056,-57.0986492025362,-58.6827221389842
1.40533333333333,-58.7315642359463,-57.0592444763781,-58.6988633867656,-58.7388168850221,-57.0646672430037,-58.6449933402723
1.40566666666667,-58.6939207517296,-57.0252025378852,-58.6611517864924,-58.701246169546,-57.0306332634389,-58.6072128399798
1.406,-58.656226144292,-56.9911083922285,-58.6233888121885,-58.6636247222817,-56.9965471269647,-58.5693805200479
1.40633333333333,-58.6184803006504,-56.9569619017111,-58.5855743492745,-58.6259524347399,-56.9624086963298,-58.5314962621131
1.40666666666667,-58.5806831075705,-56.9227629282582,-58.547708282902,-58.5882291982413,-56.9282178339091,-58.4935599475086
1.407,-58.542834451569,-56.8885113334182,-58.5097904979557,-58.5504549039189,-56.8939744017044,-58.4555714572663
1.40733333333333,-58.5049342189159,-56.8542069783633,-58.4718208790552,-58.5126294427219,-56.8596782613452,-58.4175306721183
1.40766666666667,-58.466982295637,-56.8198497238901,-58.4337993105576,-58.4747527054184,-56.8253292740896,-58.3794374724988
1.408,-58.4289785675158,-56.7854394304204,-58.3957256765591,-58.436824582599,-56.7909273008249,-58.3412917385454
1.40833333333333,-58.3909229200965,-56.7509759580022,-58.3575998608981,-58.3988449646798,-56.7564722020686,-58.3030933501016
1.40866666666667,-58.3528152386863,-56.7164591663105,-58.3194217471571,-58.3608137419065,-56.7219638379692,-58.2648421867181
1.409,-58.314655408358,-56.6818889146479,-58.281191218665,-58.3227308043571,-56.6874020683071,-58.2265381276553
1.40933333333333,-58.2764433139526,-56.6472650619462,-58.2429081585002,-58.2845960419462,-56.652786752496,-58.1881810518851
1.40966666666667,-58.238178840082,-56.6125874667667,-58.2045724494923,-58.2464093444285,-56.6181177495833,-58.1497708380924
1.41,-58.199861871132,-56.5778559873018,-58.1661839742254,-58.2081706014023,-56.5833949182518,-58.1113073646784
1.41033333333333,-58.1614922912648,-56.5430704813758,-58.1277426150405,-58.1698797023139,-56.5486181168204,-58.0727905097618
1.41066666666667,-58.1230699844225,-56.5082308064462,-58.0892482540385,-58.1315365364608,-56.5137872032455,-58.0342201511814
1.411,-58.0845948343292,-56.4733368196048,-58.0507007730825,-58.0931409929967,-56.4789020351224,-57.9955961664985
1.41133333333333,-58.0460667244952,-56.4383883775791,-58.0121000538015,-58.0546929609348,-56.443962469686,-57.9569184329992
1.41166666666667,-58.0074855382191,-56.4033853367334,-57.9734459775927,-58.0161923291524,-56.408968363813,-57.9181868276968
1.412,-57.9688511585917,-56.3683275530703,-57.9347384256246,-57.9776389863952,-56.3739195740224,-57.8794012273342
1.41233333333333,-57.9301634684992,-56.3332148822323,-57.8959772788407,-57.9390328212818,-56.3388159564778,-57.8405615083869
1.41266666666667,-57.8914223506261,-56.2980471795027,-57.8571624179621,-57.9003737223078,-56.3036573669883,-57.8016675470651
1.413,-57.8526276874595,-56.2628242998078,-57.818293723491,-57.861661577851,-56.2684436610104,-57.762719219317
1.41333333333333,-57.8137793612918,-56.2275460977182,-57.7793710757141,-57.8228962761756,-56.2331746936493,-57.7237164008309
1.41366666666667,-57.774877254225,-56.1922124274501,-57.7403943547061,-57.7840777054374,-56.1978503196611,-57.6846589670387
1.414,-57.7359212481738,-56.1568231428678,-57.7013634403329,-57.7452057536884,-56.1624703934539,-57.6455467931184
1.41433333333333,-57.6969112248701,-56.1213780974847,-57.6622782122555,-57.706280308882,-56.1270347690904,-57.6063797539975
1.41466666666667,-57.6578470658662,-56.0858771444656,-57.6231385499339,-57.6673012588781,-56.0915433002891,-57.5671577243555
1.415,-57.6187286525392,-56.0503201366284,-57.5839443326301,-57.6282684914483,-56.0559958404262,-57.5278805786277
1.41533333333333,-57.579555866095,-56.0147069264462,-57.544695439413,-57.5891818942813,-56.0203922425385,-57.4885481910081
1.41566666666667,-57.5403285875722,-55.9790373660491,-57.5053917491615,-57.5500413549883,-55.9847323593243,-57.4491604354527
1.416,-57.5010466978468,-55.9433113072265,-57.466033140569,-57.5108467611087,-55.9490160431465,-57.409717185683
1.41633333333333,-57.4617100776362,-55.9075286014294,-57.4266194921474,-57.4715980001156,-55.913243146034,-57.3702183151895
1.41666666666667,-57.4223186075036,-55.8716890997721,-57.3871506822314,-57.4322949594218,-55.8774135196849,-57.3306636972351
1.417,-57.3828721678629,-55.8357926530353,-57.3476265889828,-57.3929375263855,-55.8415270154677,-57.2910532048591
1.41733333333333,-57.343370638983,-55.7998391116677,-57.3080470903949,-57.3535255883168,-55.805583484425,-57.2513867108806
1.41766666666667,-57.3038139009928,-55.7638283257889,-57.2684120642972,-57.3140590324834,-55.769582777275,-57.2116640879025
1.418,-57.2642018338857,-55.727760145192,-57.2287213883596,-57.274537746117,-55.7335247444146,-57.1718852083152
1.41833333333333,-57.2245343175252,-55.6916344193459,-57.1889749400979,-57.2349616164202,-55.6974092359218,-57.1320499443011
1.41866666666667,-57.184811231649,-55.6554509973983,-57.1491725968778,-57.1953305305724,-55.6612361015587,-57.0921581678382
1.419,-57.1450324558751,-55.6192097281782,-57.1093142359204,-57.155644375737,-55.625005190774,-57.0522097507044
1.41933333333333,-57.1051978697066,-55.582910460199,-57.0693997343071,-57.115903039068,-55.5887163527061,-57.0122045644823
1.41966666666667,-57.0653073525372,-55.5465530416612,-57.0294289689848,-57.0761064077171,-55.5523694361863,-56.9721424805628
1.42,-57.0253607836567,-55.5101373204557,-56.9894018167711,-57.0362543688409,-55.5159642897414,-56.9320233701502
1.42033333333333,-56.9853580422566,-55.4736631441669,-56.9493181543597,-56.9963468096078,-55.479500761597,-56.8918471042665
1.42066666666667,-56.9452990074359,-55.4371303600755,-56.9091778583261,-56.9563836172059,-55.4429786996812,-56.8516135537565
1.421,-56.9051835582072,-55.4005388151622,-56.8689808051329,-56.9163646788503,-55.4063979516273,-56.8113225892918
1.42133333333333,-56.8650115735021,-55.3638883561111,-56.8287268711361,-56.8762898817909,-55.3697583647776,-56.7709740813767
1.42166666666667,-56.824782932178,-55.327178829313,-56.7884159325903,-56.8361591133201,-55.3330597861868,-56.7305679003526
1.422,-56.7844975130237,-55.2904100808689,-56.7480478656552,-56.795972260781,-55.2963020626258,-56.6901039164032
1.42233333333333,-56.7441551947664,-55.253581956594,-56.7076225464014,-56.7557292115757,-55.2594850405853,-56.6495819995602
1.42266666666667,-56.7037558560778,-55.2166943020213,-56.6671398508172,-56.7154298531735,-55.2226085662795,-56.6090020197078
1.423,-56.6632993755808,-55.1797469624052,-56.6265996548141,-56.6750740731191,-55.1856724856501,-56.5683638465892
1.42333333333333,-56.6227856318565,-55.1427397827261,-56.5860018342342,-56.634661759042,-55.1486766443708,-56.5276673498116
1.42366666666667,-56.5822145034509,-55.1056726076941,-56.5453462648564,-56.5941927986648,-55.1116208878504,-56.4869123988517
1.424,-56.5415858688819,-55.068545281753,-56.5046328224033,-56.5536670798125,-55.0745050612382,-56.4460988630622
1.42433333333333,-56.5008996066469,-55.0313576490852,-56.4638613825482,-56.5130844904214,-55.0373290094277,-56.4052266116776
1.42466666666667,-56.4601555952296,-54.9941095536156,-56.4230318209219,-56.4724449185489,-55.000092577061,-56.3642955138198
1.425,-56.4193537131081,-54.9568008390163,-56.3821440131205,-56.4317482523828,-54.9627956085337,-56.3233054385047
1.42533333333333,-56.3784938387619,-54.9194313487114,-56.3411978347121,-56.3909943802511,-54.9254379479994,-56.282256254649
1.42566666666667,-56.3375758506804,-54.8820009258814,-56.3001931612449,-56.350183190632,-54.8880194393749,-56.2411478310758
1.426,-56.2965996273703,-54.8445094134686,-56.2591298682544,-56.3093145721641,-54.8505399263444,-56.1999800365217
1.42633333333333,-56.2555650473641,-54.8069566541818,-56.2180078312719,-56.2683884136565,-54.8129992523654,-56.1587527396438
1.42666666666667,-56.2144719892279,-54.7693424905013,-56.1768269258315,-56.2274046040996,-54.7753972606731,-56.1174658090261
1.427,-56.1733203315707,-54.7316667646845,-56.1355870274792,-56.1863630326757,-54.7377337942863,-56.0761191131871
1.42733333333333,-56.1321099530521,-54.6939293187712,-56.0942880117809,-56.14526358877,-54.7000086960128,-56.0347125205864
1.42766666666667,-56.0908407323917,-54.656129994589,-56.0529297543307,-56.1041061619818,-54.6622218084545,-55.9932458996325
1.428,-56.0495125483776,-54.618268633759,-56.0115121307597,-56.0628906421356,-54.6243729740138,-55.9517191186902
1.42833333333333,-56.0081252798761,-54.5803450777019,-55.970035016745,-56.0216169192932,-54.5864620348987,-55.9101320460882
1.42866666666667,-55.9666788058406,-54.5423591676434,-55.9284982880183,-55.9802848837649,-54.5484888331297,-55.8684845501268
1.429,-55.9251730053211,-54.5043107446208,-55.8869018203755,-55.9388944261221,-54.5104532105448,-55.8267764990861
1.42933333333333,-55.8836077574742,-54.466199649489,-55.845245489686,-55.8974454372092,-54.472355008807,-55.785007761234
1.42966666666667,-55.8419829415727,-54.4280257229268,-55.803529171902,-55.8559378081562,-54.4341940694099,-55.7431782048345
1.43,-55.8002984370156,-54.3897888054438,-55.7617527430684,-55.8143714303914,-54.3959702336846,-55.7012876981562
1.43033333333333,-55.7585541233387,-54.3514887373865,-55.7199160793328,-55.7727461956547,-54.3576833428062,-55.6593361094807
1.43066666666667,-55.7167498802247,-54.3131253589458,-55.6780190569556,-55.7310619960101,-54.319333237801,-55.6173233071118
1.431,-55.6748855875143,-54.2746985101636,-55.6360615523203,-55.68931872386,-54.2809197595536,-55.5752491593842
1.43133333333333,-55.6329611252166,-54.23620803094,-55.5940434419439,-55.6475162719582,-54.2424427488137,-55.5331135346726
1.43166666666667,-55.5909763735203,-54.1976537610408,-55.5519646024879,-55.6056545334247,-54.2039020462038,-55.4909163014014
1.432,-55.5489312128052,-54.1590355401048,-55.509824910769,-55.5637334017588,-54.1652974922267,-55.4486573280536
1.43233333333333,-55.5068255236536,-54.1203532076517,-55.4676242437704,-55.5217527708549,-54.1266289272734,-55.4063364831812
1.43266666666667,-55.464659186862,-54.08160660309,-55.425362478653,-55.4797125350163,-54.0878961916306,-55.3639536354146
1.433,-55.4224320834528,-54.0427955657246,-55.3830394927673,-55.4376125889706,-54.049099125489,-55.3215086534727
1.43333333333333,-55.3801440946871,-54.0039199347656,-55.340655163665,-55.3954528278854,-54.0102375689519,-55.2790014061737
1.43366666666667,-55.3377951020763,-53.9649795493362,-55.2982093691107,-55.3532331473832,-53.971311362043,-55.2364317624447
1.434,-55.2953849873956,-53.9259742484816,-55.255701987095,-55.3109534435579,-53.9323203447155,-55.1937995913335
1.43433333333333,-55.2529136326961,-53.8869038711777,-55.2131328958461,-55.2686136129908,-53.893264356861,-55.1511047620183
1.43466666666667,-55.2103809203184,-53.8477682563402,-55.1705019738434,-55.2262135527672,-53.8541432383181,-55.1083471438197
1.435,-55.1677867329058,-53.8085672428337,-55.1278090998294,-55.1837531604929,-53.8149568288819,-55.0655266062116
1.43533333333333,-55.1251309534179,-53.7693006694808,-55.0850541528243,-55.1412323343118,-53.7757049683136,-55.0226430188329
1.43566666666667,-55.0824134651447,-53.7299683750723,-55.0422370121382,-55.0986509729231,-53.73638749635,-54.979696251499
1.436,-55.0396341517202,-53.6905701983766,-54.9993575573855,-55.0560089755991,-53.6970042527132,-54.9366861742142
1.43633333333333,-54.9967928971375,-53.6511059781498,-54.9564156684988,-55.0133062422033,-53.6575550771209,-54.8936126571834
1.43666666666667,-54.953889585763,-53.611575553146,-54.9134112257432,-54.9705426732088,-53.6180398092965,-54.8504755708249
1.437,-54.9109241023511,-53.5719787621276,-54.8703441097304,-54.9277181697171,-53.5784582889798,-54.8072747857829
1.43733333333333,-54.8678963320604,-53.5323154438765,-54.8272142014343,-54.8848326334772,-53.5388103559378,-54.7640101729405
1.43766666666667,-54.8248061604679,-53.4925854372045,-54.7840213822052,-54.8418859669051,-53.4990958499755,-54.7206816034327
1.438,-54.7816534735858,-53.4527885809646,-54.7407655337856,-54.7988780731036,-53.459314610947,-54.6772889486599
1.43833333333333,-54.7384381578772,-53.4129247140627,-54.697446538326,-54.7558088558824,-53.4194664787674,-54.6338320803017
1.43866666666667,-54.6951601002721,-53.3729936754688,-54.6540642784004,-54.712678219779,-53.3795512934242,-54.5903108703303
1.439,-54.6518191881849,-53.3329953042293,-54.6106186370228,-54.6694860700791,-53.3395688949891,-54.5467251910252
1.43933333333333,-54.6084153095307,-53.2929294394794,-54.5671094976637,-54.6262323128382,-53.2995191236308,-54.5030749149875
1.43966666666667,-54.5649483527425,-53.2527959204546,-54.5235367442666,-54.5829168549033,-53.2594018196268,-54.4593599151543
1.44,-54.5214182067895,-53.2125945865042,-54.4799002612658,-54.539539603935,-53.2192168233765,-54.4155800648136
1.44033333333333,-54.4778247611944,-53.1723252771042,-54.4361999336032,-54.4961004684299,-53.1789639754142,-54.3717352376204
1.44066666666667,-54.4341679060518,-53.1319878318705,-54.3924356467465,-54.4525993577436,-53.1386431164223,-54.327825307611
1.441,-54.3904475320469,-53.0915820905718,-54.348607286707,-54.4090361821138,-53.0982540872449,-54.2838501492196
1.44133333333333,-54.3466635304744,-53.0511078931445,-54.3047147400584,-54.3654108526846,-53.0577967289017,-54.2398096372943
1.44166666666667,-54.3028157932576,-53.010565079706,-54.260757893955,-54.3217232815297,-53.0172708826019,-54.195703647113
1.442,-54.2589042129679,-52.9699534905694,-54.2167366361515,-54.2779733816781,-52.9766763897591,-54.1515320544006
1.44233333333333,-54.2149286828454,-52.9292729662581,-54.172650855022,-54.2341610671383,-52.9360130920056,-54.1072947353458
1.44266666666667,-54.1708890968184,-52.8885233475211,-54.1285004395799,-54.1902862529244,-52.8952808312075,-54.0629915666184
1.443,-54.1267853495246,-52.8477044753478,-54.084285279498,-54.1463488550813,-52.8544794494804,-54.0186224253866
1.44333333333333,-54.082617336332,-52.8068161909842,-54.0400052651294,-54.1023487907121,-52.8136087892047,-53.9741871893356
1.44366666666667,-54.0383849533604,-52.7658583359487,-53.9956602875282,-54.0582859780044,-52.7726686930419,-53.929685736685
1.444,-53.994088097503,-52.7248307520479,-53.9512502384703,-54.0141603362575,-52.7316590039506,-53.885117946208
1.44433333333333,-53.949726666449,-52.6837332813943,-53.9067750104761,-53.969971785911,-52.6905795652036,-53.8404836972501
1.44466666666667,-53.9053005587059,-52.6425657664223,-53.8622344968316,-53.9257202485724,-52.6494302204044,-53.7957828697482
1.445,-53.8608096736224,-52.601328049906,-53.8176285916114,-53.8814056470464,-52.608210813505,-53.7510153442502
1.44533333333333,-53.8162539114124,-52.5600199749771,-53.7729571897015,-53.8370279053644,-52.5669211888236,-53.7061810019353
1.44566666666667,-53.7716331731781,-52.5186413851425,-53.7282201868223,-53.792586948814,-52.5255611910623,-53.6612797246336
1.446,-53.7269473609347,-52.4771921243028,-53.6834174795526,-53.7480827039699,-52.4841306653261,-53.6163113948475
1.44633333333333,-53.6821963776351,-52.4356720367718,-53.6385489653538,-53.7035150987245,-52.4426294571412,-53.5712758957719
1.44666666666667,-53.6373801271947,-52.3940809672947,-53.5936145425939,-53.6588840623199,-52.4010574124748,-53.5261731113163
1.447,-53.5924985145174,-52.3524187610684,-53.5486141105729,-53.6141895253797,-52.359414377754,-53.4810029261261
1.44733333333333,-53.5475514455212,-52.3106852637614,-53.5035475695485,-53.5694314199416,-52.3177001998866,-53.435765225605
1.44766666666667,-53.5025388271649,-52.268880321534,-53.4584148207613,-53.524609679491,-52.2759147262808,-53.390459895937
1.448,-53.4574605674753,-52.2270037810593,-53.4132157664614,-53.4797242389947,-52.2340578048665,-53.34508682411
1.44833333333333,-53.4123165755739,-52.1850554895444,-53.3679503099357,-53.4347750349354,-52.1921292841166,-53.2996458979387
1.44866666666667,-53.3671067617056,-52.143035294752,-53.3226183555344,-53.3897620053465,-52.1501290130681,-53.2541370060884
1.449,-53.3218310372664,-52.1009430450227,-53.2772198086992,-53.344685089848,-52.108056841345,-53.2085600380989
1.44933333333333,-53.2764893148329,-52.0587785892977,-53.2317545759915,-53.2995442296833,-52.0659126191802,-53.1629148844096
1.44966666666667,-53.231081508191,-52.0165417771412,-53.1862225651211,-53.2543393677551,-52.023696197439,-53.1172014363837
1.45,-53.1856075323665,-51.9742324587647,-53.1406236849754,-53.2090704486641,-51.9814074276422,-53.0714195863344
1.45033333333333,-53.1400673036552,-51.9318504850505,-53.0949578456493,-53.1637374187465,-51.9390461619906,-53.02556922755
1.45066666666667,-53.0944607396536,-51.8893957075762,-53.0492249584754,-53.1183402261132,-51.8966122533888,-52.9796502543206
1.451,-53.0487877592907,-51.8468679786397,-53.0034249360547,-53.0728788206898,-51.8541055554705,-52.9336625619647
1.45133333333333,-53.0030482828601,-51.8042671512849,-52.9575576922882,-53.0273531542565,-51.8115259226239,-52.8876060468565
1.45166666666667,-52.9572422320522,-51.7615930793273,-52.9116231424086,-52.9817631804891,-51.7688732100175,-52.8414806064532
1.452,-52.9113695299878,-51.7188456173805,-52.8656212030127,-52.9361088550011,-51.7261472736266,-52.7952861393235
1.45233333333333,-52.8654301012514,-51.6760246208836,-52.8195517920947,-52.8903901353861,-51.6833479702606,-52.7490225451758
1.45266666666667,-52.8194238719258,-51.6331299461284,-52.7734148290795,-52.844606981261,-51.6404751575901,-52.7026897248877
1.453,-52.7733507696268,-51.5901614502875,-52.7272102348571,-52.7987593543098,-51.5975286941748,-52.6562875805352
1.45333333333333,-52.727210723539,-51.5471189914436,-52.6809379318172,-52.7528472183289,-51.5545084394929,-52.6098160154228
1.45366666666667,-52.6810036644512,-51.5040024286176,-52.6345978438844,-52.7068705392719,-51.5114142539697,-52.5632749341142
1.454,-52.6347295247939,-51.4608116217995,-52.5881898965545,-52.6608292852969,-51.4682459990072,-52.5166642424633
1.45433333333333,-52.5883882386763,-51.4175464319786,-52.5417140169313,-52.6147234268128,-51.4250035370153,-52.4699838476457
1.45466666666667,-52.5419797419241,-51.3742067211739,-52.4951701337628,-52.5685529365278,-51.3816867314418,-52.4232336581908
1.455,-52.4955039721185,-51.3307923524665,-52.4485581774802,-52.5223177894979,-51.3382954468045,-52.3764135840148
1.45533333333333,-52.4489608686351,-51.2873031900316,-52.4018780802359,-52.4760179631769,-51.2948295487234,-52.3295235364532
1.45566666666667,-52.4023503726842,-51.2437390991715,-52.3551297759426,-52.4296534374668,-51.2512889039536,-52.2825634282952
1.456,-52.355672427351,-51.200099946349,-52.308313200313,-52.3832241947691,-51.2076733804182,-52.2355331738176
1.45633333333333,-52.3089269776374,-51.1563855992218,-52.2614282909009,-52.3367302200372,-51.1639828472433,-52.1884326888197
1.45666666666667,-52.2621139705037,-51.1125959266774,-52.2144749871417,-52.2901715008296,-51.1202171747921,-52.1412618906589
1.457,-52.2152333549113,-51.0687307988689,-52.167453230395,-52.2435480273641,-51.076376234701,-52.0940206982863
1.45733333333333,-52.1682850818663,-51.024790087251,-52.1203629639864,-52.1968597925729,-51.0324598999155,-52.0467090322839
1.45766666666667,-52.1212691044637,-50.9807736646171,-52.0732041332514,-52.1501067921584,-50.9884680447268,-51.999326814901
1.458,-52.0741853779318,-50.9366814051374,-52.0259766855794,-52.1032890246504,-50.94440054481,-51.9518739700925
1.45833333333333,-52.0270338596787,-50.8925131843971,-51.9786805704582,-52.0564064914643,-50.9002572772624,-51.9043504235575
1.45866666666667,-51.979814509338,-50.8482688794359,-51.93131573952,-52.0094591969594,-50.8560381206423,-51.8567561027776
1.459,-51.9325272888165,-50.8039483687878,-51.8838821465871,-51.9624471484996,-50.8117429550091,-51.8090909370569
1.45933333333333,-51.8851721623418,-50.7595515325223,-51.8363797477199,-51.9153703565142,-50.7673716619641,-51.7613548575624
1.45966666666667,-51.8377490965112,-50.7150782522858,-51.7888085012636,-51.8682288345598,-50.7229241246918,-51.7135477973647
1.46,-51.7902580603416,-50.6705284113442,-51.7411683678981,-51.8210225993836,-50.6784002280021,-51.6656696914796
1.46033333333333,-51.7426990253194,-50.6259018946262,-51.6934593106865,-51.7737516709877,-50.6337998583739,-51.6177204769105
1.46066666666667,-51.6950719654522,-50.5811985887674,-51.6456812951262,-51.7264160726945,-50.5891229039985,-51.5697000926907
1.461,-51.6473768573206,-50.5364183821555,-51.5978342891994,-51.6790158312128,-50.5443692548247,-51.5216084799277
1.46133333333333,-51.5996136801312,-50.4915611649762,-51.5499182634254,-51.6315509767059,-50.4995388026045,-51.473445581847
1.46166666666667,-51.5517824157708,-50.4466268292599,-51.5019331909137,-51.5840215428597,-50.4546314409398,-51.425211343837
1.462,-51.5038830488606,-50.4016152689295,-51.4538790474173,-51.5364275669535,-50.4096470653295,-51.3769057134949
1.46233333333333,-51.4559155668119,-50.3565263798493,-51.4057558113875,-51.4887690899304,-50.3645855732184,-51.3285286406728
1.46266666666667,-51.407879959883,-50.3113600598745,-51.3575634640295,-51.4410461564698,-50.3194468640462,-51.2800800775249
1.463,-51.3597762212363,-50.2661162089015,-51.3093019893586,-51.3932588150614,-50.2742308392981,-51.2315599785549
1.46333333333333,-51.3116043469967,-50.2207947289204,-51.2609713742579,-51.3454071180793,-50.2289374025561,-51.1829683006653
1.46366666666667,-51.2633643363111,-50.1753955240668,-51.2125716085363,-51.2974911218587,-50.183566459551,-51.1343050032058
1.464,-51.2150561914085,-50.1299185006755,-51.1641026849878,-51.2495108867732,-50.1381179182162,-51.0855700480236
1.46433333333333,-51.1666799176613,-50.0843635673361,-51.1155645994516,-51.2014664773131,-50.0925916887416,-51.0367633995146
1.46466666666667,-51.1182355236478,-50.0387306349478,-51.0669573508736,-51.1533579621659,-50.0469876836296,-50.9878850246742
1.465,-51.0697230212151,-49.9930196167768,-51.0182809413684,-51.1051854142976,-50.0013058177509,-50.93893489315
1.46533333333333,-51.0211424255436,-49.9472304285142,-50.9695353762821,-51.0569489110353,-49.9555460084029,-50.8899129772949
1.46566666666667,-50.9724937552123,-49.9013629883352,-50.9207206642572,-51.0086485341515,-49.9097081753678,-50.8408192522209
1.466,-50.9237770322651,-49.8554172169593,-50.8718368172972,-50.9602843699496,-49.8637922409726,-50.7916536958536
1.46633333333333,-50.8749922822782,-49.809393037712,-50.8228838508333,-50.9118565093511,-49.8177981301504,-50.742416288988
1.46666666666667,-50.8261395344287,-49.7632903765873,-50.7738617837912,-50.8633650479841,-49.7717257705026,-50.6931070153447
1.467,-50.7772188215638,-49.7171091623117,-50.7247706386602,-50.814810086273,-49.7255750923617,-50.6437258616267
1.46733333333333,-50.7282301802723,-49.6708493264095,-50.6756104415622,-50.7661917295304,-49.6793460288571,-50.5942728175778
1.46766666666667,-50.6791736509556,-49.624510803269,-50.6263812223222,-50.71751008805,-49.6330385159798,-50.5447478760412
1.468,-50.6300492779007,-49.5780935302105,-50.5770830145404,-50.6687652772009,-49.5866524926506,-50.495151033019
1.46833333333333,-50.580857109355,-49.5315974475553,-50.5277158556649,-50.6199574175245,-49.5401879007878,-50.445482287733
1.46866666666667,-50.5315971976007,-49.4850224986963,-50.4782797870653,-50.5710866348315,-49.4936446853778,-50.3957416426856
1.469,-50.4822695990316,-49.4383686301693,-50.4287748541085,-50.5221530603018,-49.4470227945457,-50.3459291037226
1.46933333333333,-50.4328743742309,-49.3916357917273,-50.3792011062345,-50.4731568305856,-49.4003221796281,-50.2960446800957
1.46966666666667,-50.3834115880496,-49.3448239364139,-50.3295585970342,-50.4240980879061,-49.3535427952472,-50.2460883845272
1.47,-50.3338813096869,-49.2979330206404,-50.2798473843276,-50.3749769801637,-49.3066845993858,-50.1960602332738
1.47033333333333,-50.2842836127712,-49.250963004263,-50.2300675302447,-50.3257936610429,-49.2597475534648,-50.1459602461936
1.47066666666667,-50.2346185754431,-49.2039138506622,-50.1802191013056,-50.2765482901197,-49.2127316224211,-50.0957884468118
1.471,-50.1848862804385,-49.1567855268231,-50.1303021685037,-50.2272410329714,-49.1656367747876,-50.0455448623889
1.47133333333333,-50.1350868151746,-49.1095780034183,-50.0803168073888,-50.1778720612889,-49.118462982775,-49.9952295239889
1.47166666666667,-50.0852202718353,-49.0622912548914,-50.0302630981524,-50.128441552989,-49.0712102223543,-49.9448424665486
1.472,-50.0352867474598,-49.0149252595425,-49.9801411257141,-50.0789496923309,-49.0238784733415,-49.8943837289483
1.47233333333333,-49.9852863440311,-48.9674799996157,-49.9299509798085,-50.0293966700327,-48.9764677194846,-49.8438533540829
1.47266666666667,-49.9352191685667,-48.919955461388,-49.8796927550749,-49.9797826833906,-48.9289779485506,-49.793251388934
1.473,-49.8850853332101,-48.87235163526,-49.8293665511467,-49.9301079364005,-48.8814091524159,-49.7425778846433
1.47333333333333,-49.8348849553243,-48.8246685158484,-49.7789724727438,-49.8803726398805,-48.8337613271572,-49.6918328965864
1.47366666666667,-49.7846181575859,-48.7769061020801,-49.7285106297649,-49.8305770115965,-48.7860344731452,-49.6410164844482
1.474,-49.7342850680812,-48.7290643972886,-49.6779811373821,-49.7807212763891,-48.7382285951391,-49.5901287122985
1.47433333333333,-49.6838858204041,-48.6811434093121,-49.6273841161366,-49.7308056663031,-48.6903437023839,-49.5391696486695
1.47466666666667,-49.6334205537539,-48.6331431505934,-49.5767196920358,-49.6808304207185,-48.6423798087089,-49.4881393666332
1.475,-49.5828894130364,-48.5850636382818,-49.5259879966518,-49.6307957864844,-48.5943369326283,-49.4370379438805
1.47533333333333,-49.5322925489656,-48.5369048943369,-49.4751891672216,-49.5807020180546,-48.546215097444,-49.3858654628012
1.47566666666667,-49.4816301181664,-48.4886669456354,-49.4243233467483,-49.5305493776253,-48.4980143313501,-49.3346220105645
1.476,-49.4309022832796,-48.4403498240781,-49.3733906841042,-49.4803381352753,-48.4497346675396,-49.283307679201
1.47633333333333,-49.3801092130686,-48.391953566701,-49.3223913341352,-49.4300685691088,-48.4013761443131,-49.2319225656853
1.47666666666667,-49.3292510825267,-48.3434782157875,-49.2713254577667,-49.3797409653995,-48.3529388051897,-49.1804667720201
1.477,-49.2783280729864,-48.2949238189828,-49.2201932221108,-49.329355618738,-48.3044226990198,-49.1289404053201
1.47733333333333,-49.2273403722307,-48.246290429411,-49.1689948005758,-49.2789128321811,-48.2558278801008,-49.0773435778985
1.47766666666667,-49.1762881746052,-48.1975781057944,-49.1177303729759,-49.2284129174037,-48.2071544082939,-49.0256764073531
1.478,-49.1251716811326,-48.1487869125751,-49.066400125644,-49.1778561948532,-48.1584023491444,-48.9739390166539
1.47833333333333,-49.0739910996281,-48.0999169200388,-49.0150042515448,-49.1272429939059,-48.1095717740034,-48.9221315342318
1.47866666666667,-49.0227466448168,-48.0509682044413,-48.96354295039,-49.0765736530265,-48.0606627601528,-48.8702540940678
1.479,-48.9714385384525,-48.0019408481377,-48.9120164287554,-49.0258485199299,-48.0116753909313,-48.8183068357836
1.47933333333333,-48.9200670094387,-47.9528349397137,-48.8604249001989,-48.9750679517453,-47.9626097558648,-48.766289904733
1.47966666666667,-48.8686322939507,-47.9036505741197,-48.8087685853806,-48.9242323151837,-47.9134659507976,-48.714203452094
1.48,-48.817134635559,-47.8543878528079,-48.7570477121845,-48.8733419867072,-47.8642440780273,-48.6620476349619
1.48033333333333,-48.7655742853562,-47.8050468838714,-48.7052625158416,-48.8223973527013,-47.8149442464417,-48.6098226164439
1.48066666666667,-48.7139515020829,-47.755627782187,-48.6534132390547,-48.7713988096502,-47.7655665716587,-48.5575285657535
1.481,-48.662266552258,-47.70613066956,-48.6015001321249,-48.7203467643147,-47.7161111761688,-48.5051656583068
1.48133333333333,-48.6105197103086,-47.6565556748722,-48.5495234530801,-48.6692416339125,-47.6665781894807,-48.4527340758191
1.48166666666667,-48.558711258703,-47.6069029342333,-48.4974834678045,-48.6180838463022,-47.6169677482691,-48.4002340064027
1.482,-48.5068414880849,-47.5571725911344,-48.4453804501702,-48.5668738401692,-47.5672799965261,-48.3476656446651
1.48233333333333,-48.4549106974096,-47.5073647966056,-48.3932146821705,-48.5156120652153,-47.5175150857154,-48.2950291918089
1.48266666666667,-48.4029191940812,-47.457479709376,-48.3409864540548,-48.4642989823511,-47.4676731749292,-48.2423248557313
1.483,-48.350867294093,-47.407517496037,-48.288696064465,-48.4129350638909,-47.4177544310481,-48.1895528511252
1.48333333333333,-48.2987553221686,-47.3574783312094,-48.2363438205741,-48.3615207937515,-47.3677590289056,-48.1367133995814
1.48366666666667,-48.2465836119046,-47.3073623977133,-48.1839300382257,-48.3100566676532,-47.3176871514532,-48.0838067296904
1.484,-48.1943525059164,-47.2571698867417,-48.1314550420764,-48.2585431933245,-47.2675389899314,-48.0308330771459
1.48433333333333,-48.1420623559845,-47.2069009980375,-48.0789191657386,-48.2069808907101,-47.2173147440426,-47.9777926848488
1.48466666666667,-48.0897135232033,-47.156555940074,-48.0263227519261,-48.1553702921814,-47.1670146221277,-47.9246858030115
1.485,-48.0373063781314,-47.1061349302391,-47.9736661526004,-48.1037119427509,-47.116638841346,-47.8715126892634
1.48533333333333,-47.9848413009443,-47.0556381950238,-47.92094972912,-48.0520064002899,-47.0661876278597,-47.8182736087565
1.48566666666667,-47.9323186815879,-47.0050659702131,-47.86817385239,-48.000254235749,-47.0156612170205,-47.7649688342718
1.486,-47.879738919935,-46.9544185010824,-47.8153389030143,-47.9484560333822,-46.9650598535609,-47.7115986463264
1.48633333333333,-47.8271024259431,-46.9036960425969,-47.7624452714497,-47.8966123909754,-46.9143837917895,-47.6581633332811
1.48666666666667,-47.7744096198135,-46.852898859615,-47.7094933581604,-47.8447239200762,-46.8636332957891,-47.6046631914475
1.487,-47.7216609321534,-46.8020272270965,-47.6564835737761,-47.7927912462299,-46.81280863962,-47.5510985251974
1.48733333333333,-47.6688568041392,-46.7510814303148,-47.60341633925,-47.7408150092167,-46.7619101075263,-47.4974696470709
1.48766666666667,-47.6159976876812,-46.7000617650729,-47.5502920860194,-47.6887958632941,-46.7109379941473,-47.4437768778852
1.488,-47.5630840455912,-46.6489685379243,-47.4971112561683,-47.6367344774421,-46.6598926047319,-47.3900205468446
1.48833333333333,-47.5101163517511,-46.5978020663991,-47.4438743025904,-47.5846315356126,-46.6087742553587,-47.3362009916494
1.48866666666667,-47.4570950912834,-46.5465626792328,-47.390581689155,-47.532487736982,-46.5575832731594,-47.2823185586059
1.489,-47.4040207607242,-46.495250716602,-47.337233890874,-47.4803037962084,-46.5063199965472,-47.2283736027357
1.48933333333333,-47.3508938681974,-46.4438665303636,-47.2838313940703,-47.4280804436917,-46.4549847754498,-47.1743664878862
1.48966666666667,-47.2977149335905,-46.3924104842994,-47.2303746965481,-47.3758184258384,-46.4035779715466,-47.12029758684
1.49,-47.2444844887328,-46.3408829543655,-47.1768643077646,-47.3235185053298,-46.3520999585114,-47.0661672814241
1.49033333333333,-47.1912030775753,-46.2892843289473,-47.1233007490036,-47.2711814613946,-46.3005511222594,-47.0119759626201
1.49066666666667,-47.1378712563721,-46.2376150091194,-47.0696845535499,-47.2188080900851,-46.2489318611996,-46.9577240306732
1.491,-47.0844895938633,-46.1858754089107,-47.0160162668655,-47.1663992045577,-46.1972425864919,-46.9034118952007
1.49133333333333,-47.0310586714608,-46.1340659555763,-46.9622964467682,-47.1139556353582,-46.14548372231,-46.8490399753007
1.49166666666667,-46.9775790834341,-46.0821870898732,-46.9085256636095,-47.0614782307094,-46.0936557061088,-46.7946086996598
1.492,-46.9240514370994,-46.0302392663429,-46.8547045004559,-47.0089678568053,-46.041758988898,-46.7401185066607
1.49233333333333,-46.8704763530095,-45.9782229536003,-46.8008335532709,-46.9564253981082,-45.989794035521,-46.6855698444884
1.49266666666667,-46.8168544651453,-45.9261386346275,-46.7469134310972,-46.9038517576496,-45.9377613249393,-46.6309631712359
1.493,-46.7631864211095,-45.8739868070748,-46.6929447562421,-46.8512478573374,-45.8856613505229,-46.5762989550088
1.49333333333333,-46.7094728823214,-45.8217679835672,-46.6389281644625,-46.7986146382658,-45.8334946203469,-46.5215776740294
1.49366666666667,-46.6557145242136,-45.7694826920184,-46.5848643051517,-46.7459530610302,-45.7812616574936,-46.4667998167387
1.494,-46.6019120364295,-45.7171314759507,-46.5307538415271,-46.6932641060469,-45.7289630003608,-46.4119658818975
1.49433333333333,-46.5480661230235,-45.6647148948218,-46.4765974508194,-46.6405487738774,-45.6765992029779,-46.3570763786863
1.49466666666667,-46.4941775026614,-45.6122335243588,-46.4223958244618,-46.5878080855568,-45.624170835326,-46.3021318268032
1.495,-46.440246908823,-45.5596879568992,-46.3681496682808,-46.5350430829272,-45.5716784836669,-46.2471327565598
1.49533333333333,-46.3862750900061,-45.5070788017395,-46.3138597026878,-46.4822548289764,-45.5191227508777,-46.1920797089763
1.49566666666667,-46.3322628099306,-45.4544066854906,-46.2595266628712,-46.4294444081801,-45.4665042567928,-46.1369732358728
1.496,-46.2782108477459,-45.4016722524417,-46.2051512989889,-46.3766129268502,-45.4138236385526,-46.0818138999597
1.49633333333333,-46.2241199982375,-45.3488761649314,-46.150734376362,-46.3237615134873,-45.3610815509601,-46.0266022749252
1.49666666666667,-46.1699910720356,-45.2960191037276,-46.0962766756684,-46.2708913191384,-45.3082786668444,-45.97133894552
1.497,-46.1158248958253,-45.2431017684143,-46.041778993137,-46.2180035177592,-45.2554156774319,-45.916024507639
1.49733333333333,-46.0616223125568,-45.1901248777889,-45.987242140742,-46.165099306582,-45.202493292726,-45.8606595684009
1.49766666666667,-46.0073841816566,-45.1370891702659,-45.9326669463974,-46.1121799064885,-45.1495122418934,-45.8052447462231
1.498,-45.9531113792407,-45.0839954042914,-45.8780542541518,-46.059246562387,-45.0964732736598,-45.7497806708941
1.49833333333333,-45.8988047983271,-45.0308443587656,-45.8234049243823,-46.0063005435962,-45.0433771567138,-45.6942679836416
1.49866666666667,-45.8444653490497,-44.9776368334748,-45.768719833989,-45.9533431442326,-44.9902246801185,-45.6387073371971
1.499,-45.7900939588727,-44.9243736495334,-45.7139998765886,-45.9003756836043,-44.9370166537329,-45.5830993958558
1.49933333333333,-45.7356915728056,-44.8710556498353,-45.6592459627077,-45.8473995066101,-44.883753908642,-45.5274448355317
1.49966666666667,-45.6812591536184,-44.8176836995156,-45.6044590199752,-45.7944159841427,-44.8304372975953,-45.4717443438087
1.5,-45.6267976820565,-44.7642586864226,-45.5496399933134,-45.7414265134988,-44.7770676954562,-45.4159986199857
1.50033333333333,-45.5723081570575,-44.7107815216002,-45.4947898451297,-45.6884325187937,-44.7236459996597,-45.3602083751165
1.50066666666667,-45.5177915959657,-44.6572531397818,-45.4399095555048,-45.6354354513814,-44.6701731306807,-45.304374332044
1.501,-45.4632490347483,-44.6036744998941,-45.3850001223805,-45.5824367902803,-44.6166500325122,-45.2484972254281
1.50133333333333,-45.4086815282104,-44.5500465855743,-45.3300625617469,-45.5294380426048,-44.5630776731543,-45.1925778017672
1.50166666666667,-45.3540901502106,-44.4963704056971,-45.2750979078256,-45.4764407440014,-44.5094570451133,-45.1366168194124
1.502,-45.2994759938741,-44.442646994915,-45.2201072132524,-45.423446459091,-44.4557891659113,-45.0806150485748
1.50233333333333,-45.244840171808,-44.388877414211,-45.165091549257,-45.3704567819168,-44.4020750786091,-45.024573271325
1.50266666666667,-45.1901838163127,-44.3350627514631,-45.11005200584,-45.3174733363972,-44.3483158523376,-44.9684922815842
1.503,-45.1355080795947,-44.2812041220228,-45.0549896919472,-45.2644977767847,-44.2945125828432,-44.9123728851066
1.50333333333333,-45.0808141339767,-44.2273026693073,-44.9999057356412,-45.2115317881299,-44.2406663930447,-44.8562158994532
1.50366666666667,-45.0261031721068,-44.1733595654042,-44.944801284268,-45.1585770867513,-44.1867784336021,-44.8000221539553
1.504,-44.9713764071661,-44.1193760116917,-44.8896775046216,-45.1056354207104,-44.1328498834984,-44.7437924896681
1.50433333333333,-44.9166350730745,-44.065353239473,-44.8345355831031,-45.052708570292,-44.0788819506346,-44.6875277593141
1.50466666666667,-44.8618804246939,-44.0112925106254,-44.7793767258761,-44.9997983484903,-44.0248758724382,-44.6312288272144
1.505,-44.8071137380297,-43.9571951182652,-44.7242021590164,-44.9469066014998,-43.9708329164848,-44.5748965692081
1.50533333333333,-44.7523363104297,-43.9030623874286,-44.6690131286572,-44.8940352092116,-43.9167543811342,-44.5185318725606
1.50566666666667,-44.6975494607792,-43.8488956757684,-44.6138109011281,-44.8411860857148,-43.8626415961813,-44.4621356358565
1.506,-44.6427545296944,-43.7946963742677,-44.5585967630879,-44.7883611798028,-43.8084959235212,-44.4057087688806
1.50633333333333,-44.5879528797114,-43.7404659079716,-44.5033720216513,-44.7355624754843,-43.75431875783,-44.349252192483
1.50666666666667,-44.5331458954717,-43.6862057367353,-44.4481380045072,-44.6827919924994,-43.7001115272612,-44.2927668384298
1.507,-44.4783349839033,-43.631917355992,-44.392896060031,-44.6300517868394,-43.6458756941581,-44.2362536492365
1.50733333333333,-44.4235215743984,-43.5776022975382,-44.3376475573874,-44.5773439512715,-43.5916127557827,-44.179713577986
1.50766666666667,-44.3687071189848,-43.5232621303398,-44.2823938866249,-44.5246706158672,-43.5373242450623,-44.1231475881272
1.508,-44.3138930924931,-43.4688984613568,-44.2271364587605,-44.4720339485343,-43.4830117313518,-44.0665566532556
1.50833333333333,-44.2590809927182,-43.4145129363897,-44.171876705855,-44.4194361555523,-43.4286768212166,-44.0099417568744
1.50866666666667,-44.2042723405745,-43.3601072409464,-44.1166160810765,-44.3668794821108,-43.3743211592314,-43.9533038921343
1.509,-44.1494686802444,-43.305683101131,-44.0613560587535,-44.3143662128505,-43.3199464287996,-43.8966440615517
1.50933333333333,-44.0946715793206,-43.2512422845555,-44.0060981344147,-44.2618986724057,-43.2655543529916,-43.8399632767049
1.50966666666667,-44.0398826289396,-43.1967866012739,-43.9508438248162,-44.2094792259494,-43.2111466954034,-43.7832625579047
1.51,-43.9851034439084,-43.142317904741,-43.8955946679546,-44.1571102797376,-43.1567252610356,-43.7265429338412
1.51033333333333,-43.930335662822,-43.087838092795,-43.8403522230653,-44.1047942816555,-43.1022918971939,-43.6698054412039
1.51066666666667,-43.8755809481712,-43.0333491086662,-43.7851180706046,-44.0525337217618,-43.0478484944114,-43.613051124273
1.511,-43.8208409864412,-42.9788529420108,-43.729893812215,-44.0003311328317,-42.9933969873933,-43.5562810344832
1.51133333333333,-43.7661174881997,-42.924351629973,-43.6746810706725,-43.9481890908983,-42.9389393559849,-43.4994962299556
1.51166666666667,-43.7114121881725,-42.8698472582737,-43.6194814898151,-43.8961102157885,-42.8844776261629,-43.4426977749979
1.512,-43.6567268453082,-42.8153419623283,-43.5642967344495,-43.844097171656,-42.8300138710522,-43.3858867395709
1.51233333333333,-43.6020632428296,-42.7608379283942,-43.5091284902383,-43.7921526675068,-42.7755502119676,-43.3290641987204
1.51266666666667,-43.5474231882709,-42.7063373947483,-43.4539784635615,-43.7402794577168,-42.7210888194802,-43.2722312319701
1.513,-43.4928085135008,-42.6518426528967,-43.3988483813554,-43.6884803425407,-42.666631914513,-43.2153889226776
1.51333333333333,-43.4382210747294,-42.5973560488157,-43.3437399909243,-43.6367581686083,-42.612181769462,-43.1585383573482
1.51366666666667,-43.3836627524983,-42.5428799842277,-43.2886550597245,-43.5851158294075,-42.5577407093467,-43.1016806249067
1.514,-43.3291354516529,-42.4884169179099,-43.2335953751184,-43.5335562657513,-42.5033111129894,-43.044816815923
1.51433333333333,-43.2746411012958,-42.4339693670403,-43.1785627440981,-43.4820824662256,-42.4488954142254,-42.9879480217922
1.51466666666667,-43.2201816547192,-42.3795399085794,-43.1235589929735,-43.4306974676148,-42.394496103143,-42.9310753338635
1.515,-43.165759089316,-42.32513118069,-43.0685859670265,-43.3794043553029,-42.3401157273565,-42.8741998425179
1.51533333333333,-43.1113754064677,-42.2707458841966,-43.0136455301261,-43.3282062636447,-42.2857568933121,-42.8173226361919
1.51566666666667,-43.0570326314071,-42.2163867840846,-42.9587395643035,-43.277106376304,-42.2314222676272,-42.7604448003427
1.516,-43.0027328130545,-42.1620567110417,-42.9038699692832,-43.2261079265537,-42.1771145784646,-42.703567416354
1.51633333333333,-42.9484780238262,-42.107758563042,-42.8490386619698,-43.1752141975331,-42.122836616944,-42.6466915603795
1.51666666666667,-42.8942703594122,-42.0534953069747,-42.7942475758837,-43.124428522455,-42.0685912385892,-42.5898183021189
1.517,-42.8401119385214,-41.9992699803185,-42.7394986605469,-43.0737542847587,-42.0143813648143,-42.5329487035253
1.51733333333333,-42.7860049025933,-41.9450856928635,-42.6847938808115,-43.0231949181994,-41.9602099844493,-42.4760838174404
1.51766666666667,-42.7319514154714,-41.8909456284818,-42.6301352161297,-42.9727539068662,-41.9060801553059,-42.4192246861516
1.518,-42.6779536630384,-41.8368530469481,-42.5755246597608,-42.9224347851212,-41.8519950057862,-42.3623723398706
1.51833333333333,-42.624013852808,-41.7828112858136,-42.5209642179105,-42.8722411374483,-41.7979577365333,-42.3055277951275
1.51866666666667,-42.5701342134725,-41.7288237623313,-42.4664559087985,-42.8221765982005,-41.7439716221276,-42.2486920530757
1.519,-42.516316994401,-41.6748939754387,-42.412001761649,-42.7722448512339,-41.6900400128274,-42.1918660977052
1.51933333333333,-42.4625644650861,-41.6210255077966,-42.3576038155999,-42.7224496294144,-41.6361663363585,-42.1350508939588
1.51966666666667,-42.408878914535,-41.5672220278863,-42.303264118524,-42.6727947139807,-41.5823540997507,-42.0782473857452
1.52,-42.3552626506002,-41.5134872921688,-42.2489847257566,-42.6232839337473,-41.5286068912256,-42.0214564938462
1.52033333333333,-42.301717999247,-41.4598251473047,-42.1947676987236,-42.5739211641281,-41.474928382135,-41.9646791137112
1.52066666666667,-42.2482473037506,-41.40623953244,-42.1406151034618,-42.5247103259579,-41.4213223289528,-41.9079161131336
1.521,-42.1948529238204,-41.3527344815572,-42.0865290090257,-42.4756553840891,-41.3677925753214,-41.8511683298039
1.52133333333333,-42.1415372346441,-41.2993141258956,-42.0325114857711,-42.4267603457366,-41.3143430541543,-41.7944365687337
1.52166666666667,-42.0883026258451,-41.245982696441,-41.9785646035077,-42.3780292585392,-41.2609777897957,-41.7377215995419
1.522,-42.0351515003489,-41.1927445264882,-41.9246904295109,-42.3294662083069,-41.207700900241,-41.6810241536001
1.52233333333333,-41.9820862731486,-41.1396040542783,-41.8708910263834,-42.2810753164136,-41.1545165994164,-41.6243449210275
1.52266666666667,-41.9291093699629,-41.0865658257111,-41.8171684497542,-42.2328607367959,-41.1014291995227,-41.5676845475282
1.523,-41.8762232257791,-41.0336344971381,-41.763524745805,-42.1848266525098,-41.0484431134423,-41.5110436310656
1.52333333333333,-41.8234302832688,-40.9808148382341,-41.7099619486096,-42.1369772717935,-40.9955628572133,-41.4544227183626
1.52366666666667,-41.7707329910694,-40.9281117349529,-41.6564820772737,-42.0893168235782,-40.94279305257,-41.3978223012219
1.524,-41.7181338019183,-40.8755301925673,-41.6030871328595,-42.0418495523808,-40.890138429554,-41.3412428126566
1.52433333333333,-41.6656351706278,-40.8230753387963,-41.5497790950787,-41.9945797125072,-40.8376038291958,-41.2846846228227
1.52466666666667,-41.6132395518879,-40.7707524270211,-41.4965599187373,-41.9475115614817,-40.7851942062688,-41.2281480347434
1.525,-41.560949397882,-40.7185668395918,-41.4434315299122,-41.9006493526141,-40.7329146321186,-41.1716332798161
1.52533333333333,-41.5087671557004,-40.6665240912277,-41.3903958218395,-41.8539973266005,-40.6807702975674,-41.1151405130925
1.52566666666667,-41.4566952645314,-40.6146298325117,-41.3374546504921,-41.8075597020433,-40.6287665158961,-41.0586698083194
1.526,-41.4047361526148,-40.5628898534816,-41.2846098298223,-41.7613406647628,-40.5769087259061,-41.0022211527328
1.52633333333333,-41.3528922339326,-40.5113100873193,-41.2318631266428,-41.715344355757,-40.5252024950605,-40.9457944415908
1.52666666666667,-41.3011659046165,-40.4598966141403,-41.1792162551183,-41.669574857648,-40.4736535227077,-40.8893894724365
1.527,-41.2495595390441,-40.4086556648836,-41.1266708708353,-41.6240361794358,-40.4222676433878,-40.8330059390778
1.52733333333333,-41.1980754855984,-40.3575936253048,-41.0742285644179,-41.5787322393583,-40.3710508302236,-40.7766434252742
1.52766666666667,-41.1467160620564,-40.3067170400712,-41.0218908546513,-41.5336668456306,-40.3200091983952,-40.7203013981159
1.528,-41.0954835505741,-40.2560326169623,-40.9696591810747,-41.4888436748118,-40.2691490087021,-40.6639792010856
1.52833333333333,-41.0443801922304,-40.2055472311734,-40.9175348959982,-41.4442662475166,-40.2184766712103,-40.6076760467906
1.52866666666667,-40.993408181086,-40.1552679297247,-40.8655192558981,-41.3999379011539,-40.1679987489865,-40.5513910093518
1.529,-40.9425696577127,-40.1052019359735,-40.813613412139,-41.3558617593392,-40.1177219619195,-40.4951230164397
1.52933333333333,-40.8918667021407,-40.0553566542309,-40.7618184009649,-41.3120406975825,-40.0676531906265,-40.4388708409455
1.52966666666667,-40.841301326167,-40.0057396744796,-40.7101351327007,-41.2684773048111,-40.0177994804467,-40.3826330922756
1.53,-40.7908754649628,-39.9563587771923,-40.6585643800962,-41.2251738402279,-39.9681680455187,-40.3264082072607
1.53033333333333,-40.7405909679081,-39.907221938249,-40.607106765741,-41.182132184955,-39.9187662729419,-40.2701944406704
1.53066666666667,-40.6904495885773,-39.858337333947,-40.555762748471,-41.1393537878433,-39.8696017270178,-40.2139898553245
1.531,-40.6404529737888,-39.8097133461034,-40.5045326086818,-41.0968396047599,-39.8206821535716,-40.1577923117954
1.53133333333333,-40.5906026516229,-39.7613585672431,-40.4534164324547,-41.0545900305866,-39.7720154843486,-40.1015994576989
1.53166666666667,-40.5409000182996,-39.7132818058657,-40.4024140943955,-41.0126048230779,-39.7236098414815,-40.0454087165689
1.532,-40.4913463238008,-39.6654920917876,-40.3515252390738,-40.9708830176324,-39.675473542026,-39.9892172763205
1.53233333333333,-40.4419426560999,-39.617998681547,-40.3007492609459,-40.929422831932,-39.6276151025562,-39.9330220773051
1.53266666666667,-40.3926899238544,-39.5708110638653,-40.2500852826281,-40.8882215592896,-39.5800432438158,-39.8768197999676
1.533,-40.343588837396,-39.523938965153,-40.1995321313824,-40.8472754494354,-39.5327668954155,-39.8206068521201
1.53333333333333,-40.2946398878326,-39.4773923550464,-40.1490883136604,-40.8065795753426,-39.4857952005695,-39.7643793558558
1.53366666666667,-40.2458433240586,-39.4311814519622,-40.098751987539,-40.7661276845661,-39.4391375208582,-39.7081331341289
1.534,-40.1971991274438,-39.3853167286514,-40.0485209328724,-40.7259120334364,-39.3928034410089,-39.6518636970412
1.53433333333333,-40.1487069839426,-39.3398089177359,-39.9983925189645,-40.6859232023167,-39.3468027736779,-39.5955662278827
1.53466666666667,-40.100366253339,-39.2946690172044,-39.9483636695563,-40.6461498900032,-39.3011455642208,-39.5392355689868
1.535,-40.0521759353047,-39.2499082958452,-39.8984308249057,-40.6065786852323,-39.2558420954336,-39.4828662074772
1.53533333333333,-40.0041346319128,-39.2055382985877,-39.8485899007212,-40.5671938131575,-39.2109028922443,-39.426452260996
1.53566666666667,-39.9562405062032,-39.1615708517232,-39.7988362436966,-40.5279768545933,-39.1663387263347,-39.3699874635285
1.536,-39.9084912363534,-39.1180180679712,-39.7491645833776,-40.4889064357972,-39.1221606206667,-39.3134651514568
1.53633333333333,-39.8608839649494,-39.074892351353,-39.6995689800772,-40.449957886604,-39.0783798538884,-39.2568782500054
1.53666666666667,-39.813415242795,-39.0322064018319,-39.6500427685426,-40.4111028648545,-39.0350079645859,-39.2002192602717
1.537,-39.7660809666312,-38.9899732196727,-39.6005784970649,-40.3723089453124,-38.9920567553517,-39.1434802470678
1.53733333333333,-39.7188763100634,-38.9482061094704,-39.5511678617173,-40.3335391716688,-38.9495382966293,-39.0866528278454
1.53766666666667,-39.6717956469108,-38.9069186837895,-39.5018016353981,-40.2947515708526,-38.9074649302932,-39.0297281630177
1.538,-39.6248324661064,-38.866124866355,-39.4524695913624,-40.2558986297488,-38.8658492729209,-38.9726969480526
1.53833333333333,-39.5779792771718,-38.8258388947228,-39.4031604209335,-40.216926735645,-38.8247042187042,-38.9155494077674
1.53866666666667,-39.5312275051875,-38.7860753223573,-39.3538616451048,-40.1777755833779,-38.7840429419451,-38.8582752933317
1.539,-39.4845673740604,-38.7468490200322,-39.3045595197803,-40.1383775543175,-38.7438788990775,-38.8008638825639
1.53933333333333,-39.4379877767649,-38.7081751764657,-39.2552389344517,-40.0986570751329,-38.7042258301456,-38.7433039841991
1.53966666666667,-39.3914761311013,-38.67006929809,-39.2058833041863,-40.0585299678489,-38.6650977596679,-38.6855839469122
1.54,-39.345018219379,-38.6325472078514,-39.1564744549038,-40.0179028071591,-38.6265089968069,-38.6276916739972
1.54033333333333,-39.2985980102889,-38.5956250429212,-39.1069925020634,-39.9766723064336,-38.588474134758,-38.5696146447376
1.54066666666667,-39.2521974610945,-38.5593192511948,-39.0574157230652,-39.9347247604645,-38.5510080492628,-38.5113399436518
1.541,-39.2057962981449,-38.5236465864407,-39.00772042392,-39.8919355808084,-38.5141258961457,-38.4528542989662
1.54133333333333,-39.1593717736032,-38.4886241019537,-38.9578808010524,-39.8481689686089,-38.4778431077612,-38.3941441318496
1.54166666666667,-39.1128983962155,-38.4542691425531,-38.9078687995074,-39.8032777799364,-38.4421753882342,-38.3351956181517
1.542,-39.0663476339288,-38.4205993347571,-38.8576539693384,-39.7571036496979,-38.407138707362,-38.275994764608
1.54233333333333,-39.0196875862325,-38.3876325749509,-38.8072033225946,-39.7094774515756,-38.3727492930394,-38.2165275017189
1.54266666666667,-38.9728826242838,-38.3553870153537,-38.756481194117,-39.6602201824784,-38.3390236220589,-38.1567797957683
1.543,-38.9258929972396,-38.3238810475779,-38.7054491103361,-39.6091443694874,-38.3059784091228,-38.0967377827254
1.54333333333333,-38.8786744038071,-38.293133283562,-38.6540656714606,-39.5560561036658,-38.2736305938997,-38.0363879270596
1.54366666666667,-38.8311775289465,-38.2631625336421,-38.6022864539046,-39.5007578063017,-38.24199732594,-37.9757172087916
1.544,-38.7833475470231,-38.23398778152,-38.5500639415512,-39.4430518266395,-38.2110959472596,-37.9147133423952
1.54433333333333,-38.7351235946469,-38.2056281558686,-38.4973474965366,-39.3827449529974,-38.1809439723856,-37.8533650314388
1.54466666666667,-38.6864382191729,-38.1781028983072,-38.4440833826959,-39.319653888336,-38.1515590656481,-37.7916622631047
1.545,-38.6372168125782,-38.1514313274675,-38.3902148576619,-39.2536116940399,-38.1229590154927,-37.7295966469168
1.54533333333333,-38.5873770454974,-38.1256327988612,-38.3356823528707,-39.1844751399902,-38.0951617055755,-37.6671618021271
1.54566666666667,-38.5368283229496,-38.1007266602537,-38.2804237643801,-39.1121328146433,-38.0681850823946,-37.6043537982201
1.546,-38.4854712921589,-38.0767322022409,-38.2243748813964,-39.0365137480664,-38.0420471192028,-37.5411716528482
1.54633333333333,-38.4331974443536,-38.0536686037242,-38.1674699836177,-38.9575961893479,-38.016765775939,-37.4776178911666
1.54666666666667,-38.3798888670808,-38.0315548719777,-38.109642642727,-38.8754160671876,-37.9923589549109,-37.4136991699255
1.547,-38.3254182219288,-38.0104097770051,-38.0508267673111,-38.7900745625267,-37.9688444519559,-37.3494269687389
1.54733333333333,-38.2696490450776,-37.9902517798904,-37.9909579336514,-38.7017441517678,-37.9462399028096,-37.2848183495908
1.54766666666667,-38.2124364950439,-37.9710989548606,-37.9299750466045,-38.6106724568547,-37.924562724409,-37.2198967837895
1.548,-38.1536287031426,-37.9529689047945,-37.8678223742748,-38.5171832808885,-37.9038300508681,-37.1546930431324
1.54833333333333,-38.0930689165599,-37.9358786699377,-37.8044519962629,-38.4216743263055,-37.8840586638679,-37.0892461489052
1.54866666666667,-38.0305986592556,-37.9198446296153,-37.7398266965748,-38.3246112888296,-37.8652649172226,-37.0236043684344
1.549,-37.9660621680197,-37.9048823967736,-37.6739233172116,-38.2265182840101,-37.8474646553996,-36.9578262441598
1.54933333333333,-37.8993123829925,-37.8910067052323,-37.606736565309,-38.1279648704666,-37.830673125802,-36.8919816345679
1.54966666666667,-37.8302187734108,-37.8782312895874,-37.538283233829,-38.0295502498565,-37.8149048846515,-36.8261527398344
1.55,-37.7586772455672,-37.8665687577759,-37.4686067519751,-37.9318855064003,-37.8001736963548,-36.7604350777743
1.55033333333333,-37.6846222919031,-37.8560304563961,-37.3977819262719,-37.8355749574952,-37.7864924262853,-36.694938367855
1.55066666666667,-37.6080413754254,-37.8466263289735,-37.3259196676502,-37.7411977891732,-37.7738729269742,-36.6297872729405
1.551,-37.5289912797284,-37.8383647674693,-37.2531714269998,-37.6492911289754,-37.7623259177721,-36.5651219405616
1.55133333333333,-37.4476157755217,-37.8312524574538,-37.1797329874165,-37.5603355665739,-37.75186085813,-36.5010982784986
1.55166666666667,-37.3641634599183,-37.825294217505,-37.1058471949155,-37.4747438904299,-37.742485814737,-36.4378878941663
1.552,-37.2790040453013,-37.8204928335418,-37.0318051631736,-37.3928535026853,-37.7342073228628,-36.3756776246858
1.55233333333333,-37.1926407860983,-37.8168488889738,-36.9579454768243,-37.314922647337,-37.7270302423712,-36.314668585761
1.55266666666667,-37.105716265234,-37.814360591725,-36.884650957599,-37.2411302805234,-37.7209576090044,-36.2550746736966
1.553,-37.0190085994162,-37.8130235993868,-36.8123426614471,-37.1715791603128,-37.7159904816831,-36.1971204672093
1.55333333333333,-36.9334154672476,-37.8128308439595,-36.741470949575,-37.1063015578843,-37.7121277867287,-36.1410384949018
1.55366666666667,-36.8499243803125,-37.8137723578548,-36.6725037183938,-37.0452668995628,-37.7093661600814,-36.0870658607968
1.554,-36.7695693428107,-37.8158351030557,-36.6059121648945,-36.9883906344528,-37.7076997887743,-36.0354402538566
1.55433333333333,-36.6933763084768,-37.8190028055511,-36.542154772248,-36.9355436710618,-37.7071202531113,-35.9863954068016
1.55466666666667,-36.622302228654,-37.8232557973861,-36.4816604805688,-36.8865618192674,-37.7076163711947,-35.9401561126331
1.555,-36.5571743932762,-37.8285708688843,-36.4248122097626,-36.8412547914758,-37.7091740476522,-35.8969329509239
1.55533333333333,-36.4986375846005,-37.8349211337994,-36.371931980557,-36.7994144413235,-37.7117761286105,-35.8569169161668
1.55566666666667,-36.4471158987948,-37.8422759103381,-36.3232688083645,-36.7608220362839,-37.7154022651649,-35.820274172751
1.556,-36.4027939622001,-37.85060062115,-36.2789903205409,-36.7252544631605,-37.7200287877756,-35.7871411809991
1.55633333333333,-36.3656191531468,-37.859856715499,-36.2391786979091,-36.6924893480622,-37.7256285941988,-35.7576204422748
1.55666666666667,-36.3353231208137,-37.870001616907,-36.2038311179779,-36.6623091339322,-37.732171053706,-35.7317770959861
1.557,-36.3114581813724,-37.8809886995792,-36.1728644456774,-36.6345042003581,-37.7396219304668,-35.709636566724
1.55733333333333,-36.2934426280658,-37.8927672968778,-36.1461235424014,-36.6088751349988,-37.7479433290509,-35.6911834074619
1.55766666666667,-36.2806087724175,-37.9052827449959,-36.1233922957043,-36.5852342769548,-37.7570936650435,-35.6763614185622
1.558,-36.2722484168078,-37.9184764647883,-36.1044063363778,-36.563406653258,-37.767027663746,-35.6650750480707
1.55833333333333,-36.2676519987877,-37.9322860844278,-36.0888664070078,-36.5432304235164,-37.7776963898583,-35.6571920033381
1.55866666666667,-36.2661393649308,-37.9466456051841,-36.0764514547852,-36.5245569372795,-37.7890473108833,-35.6525469345286
1.559,-36.2670816544742,-37.9614856121416,-36.0668307060926,-36.5072504959416,-37.8010243967691,-35.6509459934239
1.55933333333333,-36.2699148955207,-37.9767335311028,-36.0596742019405,-36.4911878975174,-37.8135682579905,-35.652172030854
1.55966666666667,-36.2741465900003,-37.9923139322545,-36.0546614963547,-36.4762578294284,-37.8266163238762,-35.655990175666
1.56,-36.2793568446174,-38.0081488804146,-36.0514884179625,-36.4623601622141,-37.8401030624983,-35.6621535375953
1.56033333333333,-36.2851955998449,-38.0241583308416,-36.0498719526459,-36.4494051861604,-37.8539602428706,-35.6704087938254
1.56066666666667,-36.2913773299217,-38.04026056868,-36.0495534165492,-36.4373128234029,-37.8681172395416,-35.6805014508109
1.561,-36.2976743271822,-38.0563726891702,-36.0503001558474,-36.4260118400891,-37.8825013789391,-35.6921806145599
1.56133333333333,-36.3039094095482,-38.0724111147681,-36.051906039202,-36.4154390766114,-37.8970383260235,-35.7052031491653
1.56166666666667,-36.3099486397607,-38.0882921443519,-36.0541910096078,-36.4055387085964,-37.9116525089645,-35.7193371504487
1.562,-36.3156944373335,-38.1039325287441,-36.0569999434528,-36.3962615471137,-37.9262675786789,-35.7343647054123
1.56233333333333,-36.3210793038668,-38.1192500659003,-36.0602010340983,-36.3875643832703,-37.9408068991846,-35.7500839461008
1.56266666666667,-36.3260602658957,-38.1341642083278,-36.0636838815326,-36.3794093798433,-37.9551940638626,-35.7663104368678
1.563,-36.3306140598055,-38.1485966746368,-36.0673574332839,-36.3717635107192,-37.9693534318975,-35.7828779563362
1.56333333333333,-36.3347330324883,-38.1624720566296,-36.0711478877981,-36.3645980475432,-37.9832106784243,-35.7996387497723
1.56366666666667,-36.3384217018267,-38.1757184130109,-36.0749966415859,-36.3578880920144,-37.9966933512685,-35.8164633349762
1.564,-36.341693906435,-38.1882678406946,-36.0788583363478,-36.3516121516159,-38.0097314266542,-35.8332399462992
1.56433333333333,-36.344570469392,-38.2000570147905,-36.0826990420427,-36.345751756166,-38.0222578559062,-35.8498736983501
1.56466666666667,-36.3470773022702,-38.2110276886948,-36.0864945961295,-36.3402911123508,-38.0342090949937,-35.8662855446479
1.565,-36.3492438809486,-38.2211271462738,-36.0902291074173,-36.3352167933164,-38.0455256087838,-35.882411098118
1.56533333333333,-36.3511020317103,-38.2303085989154,-36.093893624459,-36.3305174604081,-38.0561523420963,-35.8981993708997
1.56566666666667,-36.3526849737786,-38.2385315212102,-36.0974849625903,-36.3261836142277,-38.0660391500772,-35.9136114812401
1.566,-36.3540265720249,-38.245761920175,-36.1010046799467,-36.3222073723059,-38.0751411810394,-35.9286193658714
1.56633333333333,-36.3551607606589,-38.2519725342307,-36.1044581906101,-36.3185822708437,-38.0834192057316,-35.9432045276029
1.56666666666667,-36.356121105087,-38.2571429595337,-36.1078540019961,-36.3153030881518,-38.0908398879773,-35.9573568401513
1.567,-36.3569404747118,-38.2612597027032,-36.1112030633827,-36.312365687595,-38.0973759927407,-35.9710734255814
1.56733333333333,-36.3576508042569,-38.2643161604378,-36.1145182128212,-36.3097668780328,-38.1030065288987,-35.9843576141702
1.56766666666667,-36.3582829252793,-38.2663125279216,-36.117813710372,-36.3075042899198,-38.1077168252769,-35.9972179919823
1.568,-36.358866452948,-38.2672556392466,-36.1211048465173,-36.3055762654021,-38.1114985398194,-36.0096675378688
1.56833333333333,-36.3594297160161,-38.2671587442815,-36.1244076156192,-36.3039817609035,-38.1143496030489,-36.0217228488698
1.56866666666667,-36.3599997202505,-38.2660412274626,-36.1277384453347,-36.302720260844,-38.1162740982069,-36.0334034509851
1.569,-36.3606021375147,-38.2639282748509,-36.1311139739248,-36.3017917012701,-38.1172820816013,-36.0447311908664
1.56933333333333,-36.3612613142632,-38.2608504964643,-36.134550868364,-36.3011964023044,-38.1173893476998,-36.0557297030621
1.56966666666667,-36.3620002944874,-38.2568435113563,-36.1380656770582,-36.3009350084328,-38.1166171443676,-36.0664239469145
1.57,-36.3628408531805,-38.2519475031636,-36.1416747117983,-36.3010084357575,-38.1149918443336,-36.07683980698
1.57033333333333,-36.3638035372296,-38.2462067538951,-36.1453939543116,-36.3014178254328,-38.112544579479,-36.0870037508403
1.57066666666667,-36.3649077113055,-38.2396691636027,-36.1492389834274,-36.3021645025899,-38.1093108448554,-36.0969425383388
1.571,-36.3661716068677,-38.2323857632679,-36.1532249194487,-36.30324994013,-38.1053300794793,-36.1066829765539
1.57133333333333,-36.367612372826,-38.2244102277952,-36.1573663828235,-36.3046757268361,-38.1006452309072,-36.1162517151789
1.57166666666667,-36.3692461267459,-38.2157983954382,-36.1616774646474,-36.3064435393135,-38.0953023104011,-36.1256750773747
1.572,-36.3710880057602,-38.2066077993325,-36.1661717069062,-36.3085551173232,-38.0893499451518,-36.1349789215855
1.57233333333333,-36.3731522165609,-38.1968972160945,-36.1708620906914,-36.3110122421233,-38.0828389335762,-36.1441885302271
1.57266666666667,-36.3754520840205,-38.1867262356961,-36.1757610309021,-36.3138167174745,-38.0758218091536,-36.1533285215744
1.573,-36.3780000981233,-38.1761548560646,-36.1808803761818,-36.316970353006,-38.0683524176494,-36.1624227815665
1.57333333333333,-36.3808079589935,-38.1652431051069,-36.1862314130448,-36.3204749496719,-38.060485511913,-36.1714944126207
1.57366666666667,-36.3838866198874,-38.1540506921379,-36.1918248733167,-36.3243322870579,-38.0522763677539,-36.1805656968903
1.574,-36.3872463280804,-38.1426366900143,-36.1976709441617,-36.3285441123277,-38.0437804237154,-36.1896580717138
1.57433333333333,-36.390896663627,-38.1310592486586,-36.2037792800904,-36.3331121306191,-38.0350529468984,-36.1987921152907
1.57466666666667,-36.3948465760083,-38.1193753400955,-36.2101590164509,-36.3380379967245,-38.026148726354,-36.2079875408737
1.575,-36.3991044187073,-38.1076405346405,-36.2168187839886,-36.3433233079065,-38.017121794974,-36.2172631979985
1.57533333333333,-36.403677981773,-38.0959088074578,-36.223766724138,-36.3489695977187,-38.0080251802679,-36.2266370794747
1.57566666666667,-36.4085745224478,-38.0842323743599,-36.2310105047713,-36.354978330715,-37.9989106839428,-36.236126333043
1.576,-36.4138007939386,-38.0726615554422,-36.2385573361791,-36.3613508979439,-37.989828689782,-36.2457472767608
1.57633333333333,-36.4193630724242,-38.0612446649276,-36.2464139871044,-36.3680886131377,-37.9808279989696,-36.2555154173185
1.57666666666667,-36.4252671823859,-38.050027925445,-36.2545868006856,-36.3751927095152,-37.9719556917171,-36.2654454706096
1.577,-36.4315185203575,-38.039055404857,-36.2630817101961,-36.3826643371259,-37.9632570138208,-36.2755513839829
1.57733333333333,-36.4381220771833,-38.0283689737038,-36.2719042544913,-36.3905045606728,-37.9547752866025,-36.2858463596953
1.57766666666667,-36.4450824588754,-38.0180082813077,-36.281059593097,-36.3987143577575,-37.9465518385672,-36.296342879166
1.578,-36.4524039061563,-38.0080107486094,-36.2905525208889,-36.4072946174978,-37.9386259570317,-36.3070527276962
1.57833333333333,-36.4600903127708,-37.9984115758531,-36.3003874823258,-36.4162461394743,-37.9310348579471,-36.3179870193803
1.57866666666667,-36.468145242648,-37.9892437633059,-36.3105685852153,-36.4255696329653,-37.9238136721314,-36.3291562219827
1.579,-36.4765719459876,-37.9805381432911,-36.3210996139942,-36.4352657164385,-37.916995446162,-36.3405701815981
1.57933333333333,-36.4853733743444,-37.972323421913,-36.3319840425175,-36.4453349172657,-37.9106111562272,-36.3522381469471
1.57966666666667,-36.4945521947788,-37.9646262289613,-36.3432250463559,-36.4557776716365,-37.904689733305,-36.3641687931936
1.58,-36.5041108031367,-37.9574711746015,-36.354825514603,-36.4665943246449,-37.8992580981282,-36.3763702451915
1.58033333333333,-36.5140513365194,-37.9508809115733,-36.3667880612037,-36.4777851305297,-37.894341204484,-36.3888501000951
1.58066666666667,-36.5243756850002,-37.9448762017373,-36.3791150358097,-36.4893502530481,-37.8899620895035,-36.4016154492815
1.581,-36.5350855026408,-37.9394759859274,-36.3918085341792,-36.5012897659685,-37.8861419297009,-36.4146728995515
1.58133333333333,-36.5461822178551,-37.9346974561746,-36.4048704081329,-36.5136036536663,-37.8829001016298,-36.4280285935867
1.58166666666667,-36.5576670431688,-37.9305561294782,-36.4183022750826,-36.5262918118101,-37.8802542461319,-36.4416882296525
1.582,-36.5695409844166,-37.9270659223982,-36.4321055271493,-36.539354048129,-37.8782203352556,-36.4556570805425
1.58233333333333,-36.5818048494159,-37.9242392258383,-36.4462813398872,-36.5527900832481,-37.8768127410246,-36.4699400117698
1.58266666666667,-36.5944592561563,-37.9220869794742,-36.4608306806314,-36.5665995515871,-37.8760443053304,-36.4845414990149
1.583,-36.6075046405379,-37.9206187453652,-36.4757543164858,-36.5807820023111,-37.8759264103145,-36.4994656448436
1.58333333333333,-36.6209412636914,-37.9198427803558,-36.4910528219693,-36.59533690033,-37.8764690486868,-36.5147161947131
1.58366666666667,-36.6347692189092,-37.9197661069441,-36.5067265863351,-36.6102636273379,-37.8776808935073,-36.5302965522867
1.584,-36.6489884382152,-37.9203945823506,-36.5227758205823,-36.6255614828901,-37.8795693670292,-36.5462097940795
1.58433333333333,-36.6635986986004,-37.9217329655757,-36.5392005641725,-36.6412296855109,-37.882140708263,-36.5624586834574
1.58466666666667,-36.6785996279457,-37.9237849822793,-36.5560006914694,-36.6572673738305,-37.8854000389846,-36.5790456840165
1.585,-36.6939907106568,-37.9265533873604,-36.5731759179139,-36.6736736077461,-37.8893514279591,-36.5959729723655
1.58533333333333,-36.7097712930295,-37.9300400251472,-36.5907258059504,-36.6904473696044,-37.8939979532008,-36.6132424503372
1.58566666666667,-36.7259405883655,-37.934245887143,-36.6086497707177,-36.7075875654045,-37.8993417621311,-36.6308557566556
1.586,-36.7424976818563,-37.9391711672976,-36.6269470855157,-36.725093026017,-37.9053841295324,-36.6488142780811
1.58633333333333,-36.7594415352516,-37.9448153147998,-36.6456168870626,-36.7429625084188,-37.9121255132283,-36.6671191600606
1.58666666666667,-36.7767709913262,-37.9511770844028,-36.6646581805522,-36.761194696941,-37.9195656074471,-36.6857713169049
1.587,-36.7944847781619,-37.9582545843146,-36.6840698445237,-36.7797882045298,-37.9277033938508,-36.7047714415173
1.58733333333333,-36.8125815132541,-37.9660453216957,-36.7038506355529,-36.798741574017,-37.9365371902317,-36.7241200146955
1.58766666666667,-36.8310597074586,-37.9745462458186,-36.7239991927769,-36.8180532794018,-37.9460646968943,-36.7438173140293
1.588,-36.8499177687864,-37.9837537889549,-36.7445140422587,-36.8377217271404,-37.9562830407564,-36.7638634224135
1.58833333333333,-36.8691540060593,-37.9936639050567,-36.7653936012031,-36.8577452574443,-37.9671888172151,-36.7842582361971
1.58866666666667,-36.888766632435,-38.0042721063121,-36.7866361820306,-36.8781221455855,-37.9787781298303,-36.8050014729876
1.589,-36.9087537688091,-38.0155734976503,-36.8082399963169,-36.8988506032088,-37.9910466278896,-36.8260926791284
1.58933333333333,-36.9291134471051,-38.0275628092815,-36.8302031586066,-36.91992877965,-38.0039895419216,-36.8475312368664
1.58966666666667,-36.9498436134567,-38.0402344273521,-36.8525236901058,-36.9413547632599,-38.01760171723,-36.8693163712265
1.59,-36.9709421312912,-38.0535824228008,-36.8751995222624,-36.9631265827332,-38.0318776455237,-36.8914471566091
1.59033333333333,-36.9924067843206,-38.0676005784988,-36.8982285002377,-36.9852422084426,-38.046811494721,-36.913922523124
1.59066666666667,-37.0142352794441,-38.0822824147555,-36.9216083862766,-37.0076995537763,-38.0623971370054,-36.936741262676
1.591,-37.0364252495707,-38.0976212132727,-36.9453368629802,-37.0304964764805,-38.0786281752119,-36.9599020348146
1.59133333333333,-37.0589742563632,-38.1136100396258,-36.969411536487,-37.0536307800046,-38.0954979676223,-36.9834033723604
1.59166666666667,-37.0818797929117,-38.130241764349,-36.993829939566,-37.0771002148499,-38.1129996512465,-37.0072436868202
1.592,-37.1051392863378,-38.1475090826997,-37.0185895346266,-37.1009024799206,-38.1311261636657,-37.0314212736013
1.59233333333333,-37.1287501003357,-38.1654045331747,-37.0436877166491,-37.1250352238778,-38.1498702635108,-37.055934317036
1.59266666666667,-37.1527095376517,-38.1839205148469,-37.0691218160385,-37.1494960464952,-38.1692245496489,-37.0807808952256
1.593,-37.1770148425076,-38.2030493035896,-37.0948891014072,-37.174282500016,-38.1891814791473,-37.1059589847128
1.59333333333333,-37.2016632029681,-38.2227830672524,-37.1209867822868,-37.1993920905115,-38.2097333840815,-37.1314664649925
1.59366666666667,-37.2266517532579,-38.2431138798489,-37.1474120117743,-37.2248222792404,-38.2308724872517,-37.157301122867
1.594,-37.2519775760289,-38.2640337348148,-37.174161889114,-37.2505704840078,-38.2525909168714,-37.1834606566547
1.59433333333333,-37.27763770458,-38.2855345573909,-37.2012334622181,-37.2766340805249,-38.2748807202843,-37.2099426802591
1.59466666666667,-37.3036291250327,-38.307608216184,-37.2286237301284,-37.3030104037676,-38.2977338767689,-37.2367447271043
1.595,-37.3299487784631,-38.3302465339547,-37.2563296454208,-37.3296967493341,-38.3211423094828,-37.2638642539436
1.59533333333333,-37.356593562992,-38.3534412976787,-37.2843481165547,-37.3566903748011,-38.3450978965983,-37.2912986445465
1.59566666666667,-37.383560335836,-38.3771842679276,-37.3126760101694,-37.3839885010778,-38.3695924816777,-37.3190452132706
1.596,-37.4108459153189,-38.4014671876082,-37.3413101533288,-37.4115883137572,-38.3946178833345,-37.3471012085222
1.59633333333333,-37.4384470828465,-38.426281790102,-37.3702473357159,-37.4394869644648,-38.4201659042239,-37.375463816111
1.59666666666667,-37.4663605848443,-38.4516198068417,-37.3994843117795,-37.4676815722028,-38.4462283394033,-37.404130162504
1.597,-37.4945831346608,-38.4774729743587,-37.429017802832,-37.4961692246912,-38.4727969841025,-37.4330973179809
1.59733333333333,-37.5231114144352,-38.5038330408349,-37.458844499103,-37.5249469797028,-38.4998636409387,-37.4623622996968
1.59766666666667,-37.5519420769324,-38.5306917721905,-37.488961061746,-37.5540118663943,-38.5274201266125,-37.4919220746547
1.598,-37.5810717473441,-38.5580409577357,-37.5193641248028,-37.5833608866306,-38.5554582781164,-37.5217735625917
1.59833333333333,-37.6104970250584,-38.5858724154137,-37.5500502971234,-37.6129910163022,-38.5839699584858,-37.5519136387818
1.59866666666667,-37.6402144853964,-38.6141779966618,-37.5810161642446,-37.6428992066371,-38.6129470621227,-37.582339136758
1.599,-37.6702206813185,-38.6429495909127,-37.6122582902271,-37.6730823855033,-38.6423815197177,-37.6130468509576
1.59933333333333,-37.7005121450988,-38.6721791297596,-37.6437732194511,-37.7035374587041,-38.6722653027963,-37.6440335392911
1.59966666666667,-37.7310853899693,-38.7018585908065,-37.6755574783732,-37.7342613112644,-38.7025904279129,-37.6752959256403
1.6,-37.7619369117339,-38.7319800012225,-37.707607577243,-37.7652508087069,-38.7333489605157,-37.7068307022843
1.60033333333333,-37.7930631903514,-38.7625354410183,-37.7399200117808,-37.7965027983195,-38.7645330185015,-37.7386345322579
1.60066666666667,-37.8244606914896,-38.7935170460647,-37.7724912648179,-37.8280141104106,-38.7961347754826,-37.7707040516446
1.601,-37.8561258680498,-38.8249170108656,-37.8053178078984,-37.8597815595549,-38.8281464637816,-37.8030358718039
1.60133333333333,-37.8880551616604,-38.856727591104,-37.8383961028442,-37.8918019458256,-38.8605603771733,-37.8356265815363
1.60166666666667,-37.9202450041429,-38.888941105973,-37.8717226032824,-37.9240720560162,-38.8933688733886,-37.8684727491881
1.602,-37.9526918189474,-38.9215499403067,-37.9052937561379,-37.9565886648479,-38.9265643763966,-37.9015709246959
1.60233333333333,-37.9853920225597,-38.9545465465218,-37.939106003088,-37.9893485361642,-38.9601393784776,-37.9349176415731
1.60266666666667,-38.0183420258786,-38.9879234463838,-37.9731557819827,-38.022348424112,-38.9940864421015,-37.9685094188408
1.603,-38.0515382355652,-39.021673232606,-38.0074395282296,-38.0555850743075,-39.0283982016241,-38.0023427629021
1.60333333333333,-38.0849770553622,-39.0557885702943,-38.0419536761435,-38.0890552249877,-39.0630673648111,-38.0364141693631
1.60366666666667,-38.1186548873854,-39.0902621982456,-38.0766946602616,-38.1227556081462,-39.0980867142041,-38.0707201248013
1.604,-38.1525681333854,-39.125086930109,-38.1116589166246,-38.1566829506534,-39.1334491083345,-38.1052571084815
1.60433333333333,-38.1867131959817,-39.1602556554189,-38.1468428840237,-38.1908339753598,-39.169147482799,-38.1400215940215
1.60466666666667,-38.2210864798669,-39.1957613405078,-38.1822430052143,-38.2252054021833,-39.2051748512024,-38.1750100510084
1.605,-38.2556843929837,-39.2315970293053,-38.2178557280961,-38.2597939491789,-39.2415243059789,-38.2102189465653
1.60533333333333,-38.2905033476719,-39.2677558440318,-38.2536775068604,-38.2945963335906,-39.2781890190965,-38.2456447468717
1.60566666666667,-38.3255397617881,-39.3042309857913,-38.2897048031048,-38.3296092728859,-39.3151622426556,-38.2812839186356
1.606,-38.3607900597967,-39.3410157350723,-38.3259340869155,-38.3648294857713,-39.3524373093857,-38.3171329305209
1.60633333333333,-38.3962506738322,-39.3781034521592,-38.3623618379177,-38.40025369319,-39.390007633048,-38.3531882545291
1.60666666666667,-38.4319180447338,-39.4154875774627,-38.398984546294,-38.4358786193,-39.42786670875,-38.3894463673367
1.607,-38.4677886230519,-39.4531616317723,-38.4357987137721,-38.471700992433,-39.4660081131778,-38.4259037515897
1.60733333333333,-38.5038588700261,-39.4911192164358,-38.4728008545805,-38.5077175460343,-39.5044255047502,-38.4625568971547
1.60766666666667,-38.5401252585363,-39.5293540134718,-38.5099874963745,-38.543925019582,-39.5431126237024,-38.4994023023286
1.608,-38.5765842740251,-39.5678597856176,-38.547355181131,-38.5803201594875,-39.5820632921007,-38.5364364750075
1.60833333333333,-38.6132324153934,-39.6066303763173,-38.5849004660138,-38.6168997199743,-39.6212714137949,-38.5736559338139
1.60866666666667,-38.6500661958681,-39.645659709654,-38.622619924209,-38.6536604639379,-39.6607309743122,-38.6110572091859
1.609,-38.6870821438431,-39.6849417902293,-38.6605101457311,-38.6905991637839,-39.7004360406955,-38.6486368444261
1.60933333333333,-38.7242768036926,-39.7244707029935,-38.6985677382,-38.7277126022462,-39.740380761291,-38.6863913967127
1.60966666666667,-38.7616467365583,-39.7642406130295,-38.7367893275898,-38.7649975731844,-39.7805593654876,-38.7243174380732
1.61,-38.7991885211097,-39.8042457652935,-38.7751715589488,-38.8024508823596,-39.8209661634126,-38.7624115563212
1.61033333333333,-38.8368987542775,-39.8444804843159,-38.8137110970923,-38.8400693481902,-39.8615955455844,-38.8006703559561
1.61066666666667,-38.8747740519617,-39.8849391738628,-38.8524046272672,-38.8778498024856,-39.9024419825283,-38.8390904590289
1.611,-38.9128110497135,-39.9256163165645,-38.8912488557903,-38.9157890911603,-39.9435000243557,-38.8776685059713
1.61133333333333,-38.9510064033911,-39.9665064735084,-38.9302405106592,-38.9538840749251,-39.9847643003095,-38.9164011563921
1.61166666666667,-38.9893567897907,-40.0076042838034,-38.9693763421377,-38.9921316299589,-40.0262295182793,-38.9552850898391
1.612,-39.0278589072526,-40.0489044641142,-39.0086531233145,-39.0305286485587,-40.0678904642877,-38.9943170065285
1.61233333333333,-39.0665094762412,-40.0904018081691,-39.0480676506372,-39.0690720397682,-40.10974200195,-39.0334936280417
1.61266666666667,-39.1053052399023,-40.1320911862438,-39.0876167444207,-39.1077587299866,-40.1517790719094,-39.0728116979909
1.613,-39.1442429645953,-40.1739675446208,-39.1272972493317,-39.1465856635553,-40.1939966912497,-39.1122679826536
1.61333333333333,-39.1833194404009,-40.2160259050287,-39.167106034848,-39.1855498033252,-40.2363899528871,-39.1518592715764
1.61366666666667,-39.222531481607,-40.2582613640604,-39.2070399956952,-39.2246481312018,-40.2789540249426,-39.1915823781497
1.614,-39.2618759271701,-40.3006690925746,-39.2470960522595,-39.2638776486712,-40.3216841500977,-39.231434140153
1.61433333333333,-39.301349641154,-40.3432443350785,-39.2872711509773,-39.3032353773052,-40.3645756449327,-39.2714114202714
1.61466666666667,-39.3409495131465,-40.385982409097,-39.3275622647036,-39.3427183592459,-40.4076238992518,-39.3115111065855
1.615,-39.3806724586544,-40.4288787045256,-39.3679663930572,-39.3823236576706,-40.4508243753937,-39.3517301130326
1.61533333333333,-39.4205154194751,-40.4719286829722,-39.4084805627446,-39.4220483572372,-40.4941726075313,-39.3920653798421
1.61566666666667,-39.4604753640492,-40.5151278770854,-39.4491018278639,-39.4618895645092,-40.5376642009595,-39.4325138739455
1.616,-39.5005492877902,-40.5584718898731,-39.4898272701869,-39.5018444083623,-40.5812948313742,-39.4730725893599
1.61633333333333,-39.5407342133946,-40.6019563940109,-39.5306539994211,-39.5419100403706,-40.6250602441419,-39.5137385475476
1.61666666666667,-39.5810271911319,-40.6455771311414,-39.5715791534531,-39.5820836351748,-40.6689562535621,-39.5545087977512
1.617,-39.6214252991146,-40.6893299111666,-39.6125998985716,-39.6223623908319,-40.7129787421234,-39.5953804173057
1.61733333333333,-39.6619256435485,-40.733210611532,-39.6537134296723,-39.6627435291451,-40.7571236597527,-39.6363505119268
1.61766666666667,-39.7025253589651,-40.7772151765061,-39.694916970444,-39.7032242959774,-40.8013870230605,-39.6774162159779
1.618,-39.7432216084342,-40.821339616453,-39.7362077735374,-39.7438019615458,-40.8457649145819,-39.7185746927143
1.61833333333333,-39.7840115837596,-40.8655800071015,-39.7775831207156,-39.7844738206984,-40.8902534820133,-39.7598231345076
1.61866666666667,-39.8248925056561,-40.9099324888103,-39.8190403229888,-39.8252371931748,-40.934848937448,-39.8011587630479
1.619,-39.8658616239098,-40.9543932658292,-39.8605767207318,-39.8660894238486,-40.9795475566082,-39.8425788295274
1.61933333333333,-39.9069162175213,-40.9989586055582,-39.9021896837848,-39.9070278829535,-41.0243456780768,-39.8840806148037
1.61966666666667,-39.9480535948328,-41.0436248378054,-39.9438766115399,-39.9480499662935,-41.0692397025277,-39.9256614295447
1.62,-39.9892710936386,-41.088388354042,-39.9856349330119,-39.9891530954363,-41.1142260919566,-39.967318614355
1.62033333333333,-40.0305660812805,-41.1332456066581,-40.0274621068935,-40.0303347178913,-41.1593013689115,-40.0090495398845
1.62066666666667,-40.0719359547275,-41.1781931082165,-40.0693556215975,-40.0715923072726,-41.204462115724,-40.0508516069194
1.621,-40.1133781406413,-41.2232274307087,-40.1113129952843,-40.1129233634457,-41.2497049737428,-40.0927222464578
1.62133333333333,-40.154890095427,-41.2683452048096,-40.1533317758762,-40.154325412661,-41.2950266425676,-40.1346589197671
1.62166666666667,-40.19646930527,-41.3135431191343,-40.1954095410584,-40.1957960076717,-41.3404238792863,-40.176659118428
1.622,-40.238113286159,-41.3588179194968,-40.2375438982678,-40.2373327278379,-41.3858934977145,-40.2187203643612
1.62233333333333,-40.2798195838967,-41.4041664081692,-40.2797324846694,-40.2789331792175,-41.4314323676373,-40.2608402098413
1.62266666666667,-40.3215857740965,-41.4495854431447,-40.3219729671204,-40.3205949946429,-41.4770374140549,-40.3030162374952
1.623,-40.3634094621683,-41.4950719374023,-40.3642630421241,-40.362315833785,-41.5227056164322,-40.3452460602876
1.62333333333333,-40.4052882832908,-41.5406228581746,-40.4066004357714,-40.4040933832047,-41.5684340079514,-40.3875273214933
1.62366666666667,-40.4472199023735,-41.5862352262189,-40.4489829036725,-40.4459253563914,-41.6142196747695,-40.4298576946563
1.624,-40.4892020140068,-41.6319061150922,-40.4914082308785,-40.4878094937901,-41.6600597552797,-40.4722348835376
1.62433333333333,-40.5312323424015,-41.6776326504293,-40.5338742317921,-40.5297435628164,-41.7059514393779,-40.5146566220499
1.62466666666667,-40.5733086413179,-41.7234120092255,-40.5763787500706,-40.5717253578601,-41.7518919677345,-40.557120674182
1.625,-40.615428693985,-41.7692414191239,-40.6189196585177,-40.6137527002782,-41.79787863107,-40.5996248339126
1.62533333333333,-40.6575903130092,-41.8151181577061,-40.6614948589683,-40.6558234383762,-41.8439087694377,-40.642166925112
1.62566666666667,-40.699791340275,-41.861039551789,-40.7041022821635,-40.6979354473804,-41.8899797715105,-40.6847448014359
1.626,-40.7420296468357,-41.9070029767258,-40.7467398876192,-40.7400866293991,-41.9360890738744,-40.7273563462078
1.62633333333333,-40.7843031327955,-41.9530058557122,-40.7894056634847,-40.7822749133743,-41.982234160327,-40.7699994722934
1.62666666666667,-40.826609727184,-41.9990456590983,-40.8320976263965,-40.8244982550243,-42.0284125611832,-40.8126721219654
1.627,-40.8689473878222,-42.0451199037053,-40.8748138213228,-40.8667546367769,-42.0746218525858,-40.8553722667606
1.62733333333333,-40.9113141011811,-42.0912261521486,-40.9175523214027,-40.9090420676938,-42.120859655823,-40.8980979073278
1.62766666666667,-40.9537078822326,-42.1373620121662,-40.9603112277781,-40.9513585833871,-42.1671236366525,-40.9408470732696
1.628,-40.9961267742942,-42.183525135953,-41.0030886694206,-40.9937022459265,-42.2134115046317,-40.9836178229758
1.62833333333333,-41.0385688488663,-42.229713219501,-41.0458828029509,-41.0360711437404,-42.2597210124545,-41.0264082434498
1.62866666666667,-41.0810322054638,-42.2759240019464,-41.0886918124542,-41.0784633915071,-42.3060499552951,-41.0692164501289
1.629,-41.1235149714409,-42.3221552649217,-41.13151390929,-41.1208771300415,-42.3523961701584,-41.1120405866984
1.62933333333333,-41.1660153018108,-42.3684048319149,-41.1743473318959,-41.1633105261723,-42.3987575352367,-41.1548788248989
1.62966666666667,-41.2085313790598,-42.414670567635,-41.2171903455883,-41.205761772614,-42.4451319692744,-41.1977293643291
1.63,-41.2510614129559,-42.4609503773839,-41.2600412423578,-41.2482290878323,-42.4915174309387,-41.2405904322424
1.63033333333333,-41.2936036403525,-42.5072422064344,-41.3028983406599,-41.2907107159028,-42.5379119181974,-41.283460283339
1.63066666666667,-41.3361563249883,-42.5535440394155,-41.3457599852034,-41.3332049263646,-42.584313467704,-41.3263371995526
1.631,-41.3787177572815,-42.5998538997037,-41.3886245467333,-41.3757100140678,-42.6307201541898,-41.3692194898341
1.63133333333333,-41.421286254121,-42.6461698488214,-41.4314904218117,-41.4182242990157,-42.6771300898627,-41.4121054899293
1.63166666666667,-41.4638601586528,-42.6924899858415,-41.4743560325944,-41.4607461262022,-42.7235414238136,-41.454993562154
1.632,-41.5064378400637,-42.7388124467996,-41.5172198266057,-41.503273865444,-42.7699523414294,-41.4978820951651
1.63233333333333,-41.5490176933609,-42.7851354041119,-41.5600802765091,-41.5458059112088,-42.8163610638137,-41.5407695037283
1.63266666666667,-41.5915981391486,-42.8314570660005,-41.6029358798768,-41.5883406824384,-42.8627658472137,-41.5836542284826
1.633,-41.6341776234018,-42.8777756759257,-41.6457851589556,-41.6308766223683,-42.9091649824553,-41.6265347357023
1.63333333333333,-41.6767546172371,-42.9240895120244,-41.6886266604317,-41.6734121983429,-42.9555567943842,-41.6694095170557
1.63366666666667,-41.7193276166814,-42.9703968865557,-41.731458955193,-41.7159459016278,-43.0019396413151,-41.7122770893619
1.634,-41.7618951424379,-43.0166961453537,-41.7742806380897,-41.7584762472176,-43.0483119144873,-41.7551359943456
1.63433333333333,-41.80445573965,-43.0629856672861,-41.8170903276935,-41.8010017736417,-43.0946720375274,-41.7979847983887
1.63466666666667,-41.8470079776634,-43.1092638637208,-41.859886666055,-41.8435210427656,-43.1410184659192,-41.8408220922817
1.635,-41.8895504497868,-43.1555291779981,-41.9026683184607,-41.886032639591,-43.1873496864809,-41.8836464909727
1.63533333333333,-41.9320817730499,-43.2017800849107,-41.9454339731879,-41.928535172052,-43.2336642168485,-41.9264566333145
1.63566666666667,-41.9746005879619,-43.2480150901897,-41.9881823412594,-41.9710272708094,-43.2799606049667,-41.9692511818114
1.636,-42.0171055582664,-43.2942327299977,-42.0309121561973,-42.0135075890427,-43.3262374285868,-42.0120288223646
1.63633333333333,-42.0595953706975,-43.3404315704285,-42.0736221737759,-42.0559748022399,-43.3724932947709,-42.0547882640165
1.63666666666667,-42.1020687347336,-43.3866102070132,-42.1163111717745,-42.0984276079856,-43.4187268394036,-42.0975282386945
1.637,-42.1445243823509,-43.4327672642338,-42.1589779497299,-42.1408647257472,-43.4649367267097,-42.1402475009543
1.63733333333333,-42.1869610677762,-43.4789013950424,-42.2016213286882,-42.1832848966594,-43.5111216487798,-42.1829448277224
1.63766666666667,-42.2293775672396,-43.525011280387,-42.2442401509569,-42.2256868833077,-43.5572803251011,-42.225619018039
1.638,-42.2717726787262,-43.5710956287452,-42.2868332798574,-42.2680694695104,-43.6034115020963,-42.2682688928003
1.63833333333333,-42.3141452217285,-43.6171531756623,-42.3293995994768,-42.3104314600992,-43.6495139526677,-42.3108932945007
1.63866666666667,-42.3564940369975,-43.6631826832976,-42.371938014421,-42.3527716806996,-43.6955864757494,-42.3534910869756
1.639,-42.3988179862957,-43.7091829399765,-42.4144474495672,-42.3950889775096,-43.7416278958646,-42.3960611551443
1.63933333333333,-42.4411159521481,-43.7551527597481,-42.4569268498175,-42.4373822170783,-43.7876370626899,-42.4386024047527
1.63966666666667,-42.4833868375949,-43.8010909819507,-42.4993751798531,-42.4796502860837,-43.8336128506261,-42.4811137621179
1.64,-42.525629565945,-43.8469964707825,-42.541791423889,-42.5218920911103,-43.8795541583753,-42.5235941738715
1.64033333333333,-42.567843080528,-43.8928681148783,-42.5841745854291,-42.5641065584258,-43.9254599085238,-42.5660426067054
1.64066666666667,-42.6100263444493,-43.9387048268934,-42.6265236870236,-42.6062926337586,-43.9713290471317,-42.6084580471173
1.641,-42.6521783403437,-43.9845055430927,-42.6688377700252,-42.6484492820742,-44.0171605433287,-42.6508395011575
1.64133333333333,-42.6942980701313,-44.0302692229459,-42.7111158943482,-42.6905754873521,-44.0629533889151,-42.6931859941767
1.64166666666667,-42.7363845547737,-44.0759948487293,-42.7533571382278,-42.7326702523631,-44.1087065979705,-42.7354965705747
1.642,-42.778436834031,-44.1216814251329,-42.7955605979807,-42.7747325984461,-44.1544192064664,-42.7777702935505
1.64233333333333,-42.8204539662199,-44.1673279788734,-42.8377253877669,-42.8167615652861,-44.2000902718862,-42.8200062448534
1.64266666666667,-42.8624350279736,-44.2129335583138,-42.8798506393533,-42.8587562106917,-44.2457188728506,-42.8622035245358
1.643,-42.9043791140017,-44.2584972330875,-42.9219355018781,-42.900715610374,-44.2913041087486,-42.9043612507069
1.64333333333333,-42.9462853368522,-44.3040180937292,-42.9639791416163,-42.9426388577255,-44.3368450993741,-42.9464785592879
1.64366666666667,-42.9881528266745,-44.3494952513108,-43.0059807417482,-42.9845250635998,-44.3823409845687,-42.9885546037694
1.644,-43.0299807309842,-44.3949278370828,-43.0479395021276,-43.026373356092,-44.4277909238694,-43.0305885549693
1.64433333333333,-43.0717682144283,-44.4403150021221,-43.0898546390527,-43.0681828803204,-44.473194096162,-43.0725796007934
1.64466666666667,-43.1135144585534,-44.485655916984,-43.1317253850387,-43.1099527982084,-44.5185496993405,-43.1145269459968
1.645,-43.155218661574,-44.5309497713604,-43.1735509885912,-43.1516822882678,-44.5638569499712,-43.1564298119477
1.64533333333333,-43.1968800381431,-44.5761957737434,-43.2153307139821,-43.193370545383,-44.6091150829619,-43.1982874363923
1.64566666666667,-43.2384978191246,-44.6213931510931,-43.2570638410271,-43.2350167805964,-44.6543233512373,-43.2400990732223
1.646,-43.2800712513672,-44.6665411485124,-43.2987496648646,-43.2766202208947,-44.6994810254189,-43.2818639922437
1.64633333333333,-43.3215995974793,-44.7116390289251,-43.3403874957371,-43.3181801089968,-44.7445873935096,-43.3235814789475
1.64666666666667,-43.3630821356073,-44.7566860727602,-43.381976658774,-43.3596957031425,-44.7896417605847,-43.365250834283
1.647,-43.4045181592136,-44.8016815776408,-43.423516493776,-43.4011662768828,-44.8346434484865,-43.4068713744319
1.64733333333333,-43.4459069768585,-44.8466248580782,-43.4650063550021,-43.4425911188716,-44.8795917955244,-43.4484424305855
1.64766666666667,-43.4872479119824,-44.8915152451706,-43.5064456109585,-43.4839695326587,-44.9244861561799,-43.4899633487234
1.648,-43.528540302691,-44.9363520863066,-43.5478336441884,-43.5253008364842,-44.9693259008164,-43.5314334893944
1.64833333333333,-43.5697835015413,-44.981134744874,-43.5891698510651,-43.5665843630742,-45.0141104153933,-43.5728522274994
1.64866666666667,-43.6109768753304,-45.0258625999724,-43.6304536415866,-43.6078194594387,-45.0588391011852,-43.6142189520762
1.649,-43.6521198048864,-45.0705350461314,-43.6716844391718,-43.6490054866702,-45.1035113745056,-43.6555330660868
1.64933333333333,-43.6932116848602,-45.1151514930325,-43.7128616804594,-43.6901418197444,-45.1481266664352,-43.6967939862068
1.64966666666667,-43.7342519235204,-45.1597113652363,-43.7539848151082,-43.7312278473227,-45.1926844225539,-43.7380011426166
1.65,-43.7752399425498,-45.2042141019135,-43.7950533056,-43.7722629715555,-45.2371841026788,-43.7791539787948
1.65033333333333,-43.8161751768438,-45.2486591565806,-43.8360666270444,-43.8132466078881,-45.2816251806046,-43.8202519513145
1.65066666666667,-43.857057074311,-45.2930459968402,-43.8770242669855,-43.8541781848681,-45.3260071438499,-43.8612945296406
1.651,-43.8978850956759,-45.3373741041248,-43.9179257252107,-43.8950571439538,-45.3703294934069,-43.9022811959303
1.65133333333333,-43.9386587142838,-45.3816429734454,-43.9587705135618,-43.9358829393253,-45.4145917434953,-43.9432114448351
1.65166666666667,-43.979377415907,-45.4258521131446,-43.999558155748,-43.976655037697,-45.4587934213204,-43.9840847833058
1.652,-44.0200406985543,-45.4700010446526,-44.0402881871612,-44.0173729181314,-45.5029340668355,-44.0249007303985
1.65233333333333,-44.0606480722815,-45.5140893022484,-44.0809601546928,-44.0580360718555,-45.5470132325077,-44.0656588170841
1.65266666666667,-44.1011990590048,-45.5581164328244,-44.1215736165537,-44.0986440020787,-45.5910304830882,-44.1063585860592
1.653,-44.1416931923156,-45.6020819956551,-44.162128142095,-44.139196223812,-45.634985395386,-44.1469995915592
1.65333333333333,-44.1821300172979,-45.6459855621695,-44.2026233116321,-44.1796922636898,-45.6788775580456,-44.1875813991744
1.65366666666667,-44.2225090903475,-45.6898267157274,-44.2430587162701,-44.2201316597932,-45.7227065713289,-44.2281035856672
1.654,-44.262829978994,-45.7336050513998,-44.2834339577312,-44.2605139614753,-45.7664720468995,-44.2685657387924
1.65433333333333,-44.3030922617232,-45.7773201757522,-44.323748648185,-44.3008387291878,-45.8101736076124,-44.308967457119
1.65466666666667,-44.3432955278039,-45.8209717066321,-44.3640024100798,-44.3411055343103,-45.8538108873054,-44.3493083498547
1.655,-44.3834393771147,-45.8645592729602,-44.4041948759771,-44.3813139589809,-45.8973835305958,-44.3895880366728
1.65533333333333,-44.4235234199743,-45.9080825145247,-44.4443256883868,-44.4214635959287,-45.9408911926791,-44.4298061475398
1.65566666666667,-44.4635472769732,-45.9515410817793,-44.4843944996061,-44.4615540483086,-45.9843335391324,-44.4699623225478
1.656,-44.5035105788075,-45.9949346356446,-44.5244009715586,-44.5015849295373,-46.0277102457198,-44.5100562117459
1.65633333333333,-44.5434129661152,-46.0382628473129,-44.5643447756373,-44.5415558631319,-46.0710209982022,-44.5500874749765
1.65666666666667,-44.5832540893139,-46.0815253980564,-44.6042255925482,-44.5814664825498,-46.11426549215,-44.5900557817122
1.657,-44.6230336084413,-46.1247219790385,-44.6440431121567,-44.6213164310306,-46.1574434327589,-44.6299608108952
1.65733333333333,-44.6627511929968,-46.1678522911279,-44.6837970333351,-44.6611053614404,-46.2005545346691,-44.6698022507789
1.65766666666667,-44.702406521786,-46.2109160447173,-44.7234870638139,-44.7008329361169,-46.243598521787,-44.7095797987715
1.658,-44.7419992827672,-46.2539129595436,-44.7631129200328,-44.7404988267174,-46.286575127111,-44.7492931612818
1.65833333333333,-44.7815291728988,-46.2968427645117,-44.8026743269953,-44.7801027140681,-46.3294840925593,-44.7889420535668
1.65866666666667,-44.8209958979901,-46.339705197522,-44.8421710181248,-44.8196442880154,-46.3723251688012,-44.8285261995819
1.659,-44.8603991725532,-46.3825000053,-44.8816027351221,-44.8591232472792,-46.4150981150915,-44.8680453318327
1.65933333333333,-44.8997387196573,-46.4252269432292,-44.9209692278257,-44.8985392993072,-46.4578026991065,-44.9074991912287
1.65966666666667,-44.9390142707847,-46.4678857751868,-44.9602702540737,-44.9378921601328,-46.5004386967852,-44.9468875269394
1.66,-44.9782255656887,-46.5104762733824,-44.999505579567,-44.9771815542327,-46.5430058921708,-44.9862100962526
1.66033333333333,-45.0173723522536,-46.5529982181993,-45.0386749777354,-45.0164072143878,-46.585504077256,-45.0254666644339
1.66066666666667,-45.0564543863568,-46.5954513980384,-45.0777782296046,-45.0555688815454,-46.6279330518317,-45.0646570045886
1.661,-45.0954714317323,-46.6378356091654,-45.1168151236658,-45.094666304683,-46.670292623337,-45.103780897526
1.66133333333333,-45.1344232598366,-46.6801506555598,-45.1557854557467,-45.1336992406743,-46.7125826067125,-45.1428381316248
1.66166666666667,-45.173309649716,-46.7223963487676,-45.1946890288844,-45.1726674541567,-46.7548028242565,-45.181828502701
1.662,-45.2121303878759,-46.7645725077552,-45.2335256532005,-45.2115707174007,-46.7969531054826,-45.2207518138774
1.66233333333333,-45.2508852681521,-46.806678958767,-45.2722951457767,-45.2504088101807,-46.8390332869808,-45.2596078754549
1.66266666666667,-45.2895740915842,-46.8487155351852,-45.3109973305344,-45.2891815196481,-46.8810432122812,-45.2983965047866
1.663,-45.3281966662899,-46.8906820773916,-45.3496320381136,-45.3278886402056,-46.9229827317185,-45.3371175261522
1.66333333333333,-45.3667528073416,-46.9325784326322,-45.3881991057553,-45.3665299733835,-46.9648517023011,-45.3757707706351
1.66366666666667,-45.4052423366453,-46.9744044548841,-45.4266983771849,-45.4051053277179,-47.0066499875803,-45.4143560760019
1.664,-45.4436650828202,-47.0161600047248,-45.4651297024972,-45.4436145186297,-47.0483774575237,-45.4528732865822
1.66433333333333,-45.4820208810808,-47.0578449492036,-45.5034929380433,-45.4820573683064,-47.0900339883895,-45.4913222531514
1.66466666666667,-45.5203095731206,-47.0994591617156,-45.5417879463193,-45.5204337055848,-47.1316194626036,-45.5297028328148
1.665,-45.5585310069971,-47.1410025218771,-45.5800145958564,-45.5587433658355,-47.1731337686386,-45.5680148888935
1.66533333333333,-45.5966850370188,-47.1824749154044,-45.6181727611126,-45.5969861908493,-47.2145768008954,-45.6062582908117
1.66566666666667,-45.634771523634,-47.2238762339938,-45.6562623223662,-45.6351620287249,-47.255948459586,-45.6444329139864
1.666,-45.6727903333213,-47.2652063752039,-45.694283165611,-45.6732707337583,-47.2972486506198,-45.6825386397181
1.66633333333333,-45.7107413384807,-47.3064652423404,-45.7322351824522,-45.7113121663335,-47.3384772854899,-45.7205753550833
1.66666666666667,-45.7486244173279,-47.3476527443421,-45.7701182700055,-45.7492861928156,-47.3796342811635,-45.7585429528288
1.667,-45.7864394537891,-47.3887687956702,-45.807932330796,-45.7871926854444,-47.4207195599729,-45.7964413312679
1.66733333333333,-45.8241863373976,-47.4298133161977,-45.8456772726597,-45.82503152223,-47.4617330495084,-45.8342703941773
1.66766666666667,-45.8618649631922,-47.470786231103,-45.8833530086461,-45.8628025868506,-47.5026746825144,-45.8720300506965
1.668,-45.8994752316169,-47.5116874707632,-45.9209594569225,-45.9005057685503,-47.5435443967856,-45.9097202152281
1.66833333333333,-45.9370170484221,-47.552516970651,-45.9584965406793,-45.9381409620397,-47.5843421350663,-45.9473408073401
1.66866666666667,-45.9744903245676,-47.5932746712323,-45.9959641880378,-45.9757080673973,-47.6250678449509,-45.9848917516699
1.669,-46.0118949761267,-47.6339605178665,-46.033362331958,-46.0132069899728,-47.6657214787868,-46.0223729778287
1.66933333333333,-46.0492309241921,-47.6745744607073,-46.0706909101486,-46.0506376402914,-47.7063029935776,-46.0597844203085
1.66966666666667,-46.0864980947829,-47.7151164546071,-46.1079498649789,-46.0879999339597,-47.7468123508899,-46.0971260183904
1.67,-46.1236964187535,-47.7555864590213,-46.1451391433908,-46.1252937915731,-47.7872495167604,-46.1343977160538
1.67033333333333,-46.1608258317034,-47.7959844379154,-46.1822586968135,-46.1625191386244,-47.8276144616052,-46.1715994618875
1.67066666666667,-46.1978862738886,-47.8363103596734,-46.2193084810782,-46.1996759054143,-47.8679071601307,-46.2087312090023
1.671,-46.2348776901349,-47.8765641970078,-46.2562884563357,-46.2367640269622,-47.9081275912457,-46.2457929149442
1.67133333333333,-46.2718000297512,-47.9167459268712,-46.2931985869735,-46.2737834429194,-47.9482757379757,-46.2827845416101
1.67166666666667,-46.3086532464459,-47.9568555303697,-46.3300388415359,-46.3107340974834,-47.9883515873782,-46.319706055164
1.672,-46.3454372982435,-47.9968929926779,-46.3668091926443,-46.3476159393128,-48.0283551304599,-46.3565574259549
1.67233333333333,-46.3821521474022,-48.0368583029544,-46.4035096169189,-46.3844289214445,-48.068286362095,-46.3933386284359
1.67266666666667,-46.418797760334,-48.0767514542606,-46.440140094902,-46.4211730012114,-48.1081452809451,-46.4300496410846
1.673,-46.4553741075253,-48.1165724434794,-46.4767006109826,-46.4578481401621,-48.147931889381,-46.4666904463252
1.67333333333333,-46.4918811634586,-48.1563212712358,-46.5131911533214,-46.4944543039808,-48.187646193405,-46.5032610304507
1.67366666666667,-46.5283189065361,-48.1959979418198,-46.5496117137776,-46.5309914624095,-48.2272882025753,-46.539761383548
1.674,-46.5646873190036,-48.235602463109,-46.5859622878375,-46.5674595891709,-48.2668579299319,-46.5761914994227
1.67433333333333,-46.6009863868767,-48.2751348464941,-46.6222428745424,-46.6038586618927,-48.3063553919224,-46.6125513755263
1.67466666666667,-46.6372160998675,-48.314595106805,-46.6584534764198,-46.6401886620324,-48.3457806083317,-46.6488410128835
1.675,-46.6733764513124,-48.3539832622384,-46.6945940994146,-46.6764495748049,-48.3851336022102,-46.6850604160218
1.67533333333333,-46.7094674381013,-48.3932993342866,-46.7306647528208,-46.7126413891088,-48.4244143998052,-46.7212095929013
1.67566666666667,-46.7454890606084,-48.432543347668,-46.7666654492159,-46.7487640974566,-48.4636230304927,-46.7572885548465
1.676,-46.7814413226228,-48.471715330258,-46.8025962043951,-46.7848176959037,-48.5027595267108,-46.793297316478
1.67633333333333,-46.8173242312819,-48.5108153130219,-46.8384570373069,-46.8208021839798,-48.5418239238937,-46.8292358956469
1.67666666666667,-46.8531377970044,-48.5498433299491,-46.8742479699902,-46.8567175646213,-48.580816260408,-46.8651043133693
1.677,-46.8888820334254,-48.5887994179875,-46.9099690275118,-46.8925638441042,-48.6197365774887,-46.9009025937617
1.67733333333333,-46.9245569573322,-48.6276836169804,-46.9456202379051,-46.9283410319784,-48.6585849191775,-46.9366307639781
1.67766666666667,-46.9601625886008,-48.6664959696033,-46.9812016321102,-46.9640491410034,-48.6973613322623,-46.9722888541479
1.678,-46.9956989501341,-48.7052365213031,-47.0167132439145,-46.9996881870845,-48.7360658662162,-47.007876897315
1.67833333333333,-47.0311660678008,-48.7439053202368,-47.0521551098944,-47.0352581892101,-48.7746985731398,-47.0433949293771
1.67866666666667,-47.0665639703751,-48.7825024172133,-47.0875272693582,-47.0707591693904,-48.8132595077029,-47.0788429890273
1.679,-47.1018926894777,-48.8210278656343,-47.1228297642895,-47.1061911525968,-48.8517487270879,-47.1142211176958
1.67933333333333,-47.1371522595175,-48.8594817214376,-47.1580626392921,-47.141554166702,-48.8901662909345,-47.1495293594928
1.67966666666667,-47.172342717635,-48.897864043041,-47.1932259415353,-47.1768482424219,-48.9285122612845,-47.1847677611521
1.68,-47.2074641036451,-48.9361748912869,-47.2283197207007,-47.2120734132573,-48.9667867025286,-47.2199363719764
1.68033333333333,-47.2425164599828,-48.9744143293885,-47.2633440289287,-47.2472297154379,-49.0049896813535,-47.2550352437827
1.68066666666667,-47.2774998316482,-49.0125824228768,-47.2982989207678,-47.2823171878659,-49.0431212666904,-47.290064430849
1.681,-47.3124142661532,-49.0506792395479,-47.333184453123,-47.3173358720616,-49.081181529664,-47.3250239898618
1.68133333333333,-47.347259813469,-49.0887048494122,-47.3680006852054,-47.3522858121088,-49.1191705435428,-47.3599139798648
1.68166666666667,-47.3820365259743,-49.1266593246444,-47.402747678484,-47.3871670546025,-49.1570883836901,-47.394734462208
1.682,-47.4167444584047,-49.1645427395336,-47.4374254966363,-47.4219796485962,-49.1949351275158,-47.4294855004977
1.68233333333333,-47.451383667802,-49.2023551704349,-47.4720342055013,-47.4567236455503,-49.2327108544296,-47.4641671605481
1.68266666666667,-47.4859542134664,-49.2400966957225,-47.5065738730325,-47.4913990992824,-49.2704156457945,-47.4987795103324
1.683,-47.5204561569067,-49.2777673957421,-47.5410445692518,-47.5260060659169,-49.308049584881,-47.5333226199363
1.68333333333333,-47.5548895617937,-49.3153673527655,-47.5754463662043,-47.5605446038363,-49.3456127568231,-47.5677965615106
1.68366666666667,-47.5892544939135,-49.3528966509458,-47.6097793379144,-47.5950147736336,-49.3831052485738,-47.6022014092265
1.684,-47.6235510211212,-49.3903553762728,-47.6440435603411,-47.6294166380647,-49.4205271488628,-47.6365372392298
1.68433333333333,-47.657779213296,-49.4277436165299,-47.678239111336,-47.6637502620018,-49.4578785481536,-47.6708041295972
1.68466666666667,-47.6919391422968,-49.4650614612513,-47.7123660706004,-47.6980157123882,-49.4951595386024,-47.7050021602927
1.685,-47.7260308819187,-49.5023090016804,-47.7464245196442,-47.7322130581931,-49.5323702140175,-47.7391314131253
1.68533333333333,-47.7600545078498,-49.5394863307288,-47.780414541745,-47.7663423703676,-49.569510669819,-47.7731919717066
1.68566666666667,-47.7940100976296,-49.5765935429357,-47.8143362219078,-47.8004037218012,-49.6065810029998,-47.80718392141
1.686,-47.8278977306071,-49.6136307344287,-47.8481896468261,-47.8343971872791,-49.6435813120872,-47.8411073493301
1.68633333333333,-47.8617174879003,-49.6505980028847,-47.8819749048425,-47.8683228434404,-49.6805116971047,-47.8749623442429
1.68666666666667,-47.8954694523564,-49.6874954474922,-47.9156920859112,-47.9021807687369,-49.7173722595354,-47.9087489965669
1.687,-47.9291537085121,-49.7243231689135,-47.9493412815604,-47.9359710433922,-49.7541631022854,-47.9424673983243
1.68733333333333,-47.9627703425549,-49.7610812692481,-47.9829225848553,-47.9696937493625,-49.790884329648,-47.9761176431038
1.68766666666667,-47.9963194422858,-49.7977698519968,-48.0164360903624,-48.0033489702966,-49.8275360472684,-48.0096998260231
1.688,-48.0298010970814,-49.8343890220264,-48.0498818941139,-48.0369367914981,-49.86411836211,-48.043214043693
1.68833333333333,-48.063215397857,-49.8709388855345,-48.0832600935723,-48.0704572998874,-49.9006313824198,-48.0766603941807
1.68866666666667,-48.0965624370313,-49.9074195500161,-48.116570787597,-48.1039105839641,-49.9370752176956,-48.1100389769759
1.689,-48.1298423084905,-49.9438311242296,-48.1498140764098,-48.1372967337709,-49.9734499786533,-48.1433498929551
1.68933333333333,-48.1630551075534,-49.9801737181643,-48.1829900615624,-48.1706158408575,-50.0097557771954,-48.1765932443484
1.68966666666667,-48.1962009309376,-50.016447443008,-48.2160988459036,-48.2038679982452,-50.0459927263789,-48.2097691347059
1.69,-48.2292798767256,-50.0526524111158,-48.2491405335472,-48.2370533003924,-50.0821609403851,-48.242877668865
1.69033333333333,-48.2622920443318,-50.0887887359783,-48.2821152298409,-48.2701718431602,-50.1182605344891,-48.2759189529181
1.69066666666667,-48.2952375344701,-50.1248565321919,-48.3150230413356,-48.3032237237792,-50.1542916250305,-48.3088930941815
1.691,-48.3281164491223,-50.1608559154286,-48.3478640757545,-48.3362090408162,-50.1902543293836,-48.3418002011637
1.69133333333333,-48.360928891506,-50.1967870024065,-48.3806384419638,-48.3691278941422,-50.2261487659297,-48.3746403835354
1.69166666666667,-48.393674966045,-50.2326499108615,-48.4133462499436,-48.4019803849004,-50.2619750540285,-48.4074137520992
1.692,-48.4263547783379,-50.2684447595185,-48.4459876107586,-48.4347666154747,-50.2977333139908,-48.4401204187605
1.69233333333333,-48.4589684351291,-50.3041716680641,-48.4785626365303,-48.4674866894596,-50.3334236670516,-48.4727604964986
1.69266666666667,-48.4915160442797,-50.3398307571192,-48.5110714404093,-48.5001407116293,-50.3690462353433,-48.5053340993381
1.693,-48.5239977147381,-50.3754221482123,-48.5435141365479,-48.5327287879088,-50.4046011418703,-48.5378413423212
1.69333333333333,-48.5564135565129,-50.4109459637535,-48.5758908400733,-48.5652510253439,-50.4400885104828,-48.5702823414804
1.69366666666667,-48.5887636806442,-50.4464023270087,-48.6082016670616,-48.5977075320734,-50.4755084658523,-48.6026572138113
1.694,-48.6210481991773,-50.4817913620741,-48.6404467345118,-48.6300984173006,-50.5108611334469,-48.6349660772469
1.69433333333333,-48.6532672251354,-50.5171131938521,-48.6726261603205,-48.6624237912656,-50.546146639507,-48.6672090506307
1.69466666666667,-48.6854208724939,-50.5523679480263,-48.7047400632568,-48.6946837652182,-50.5813651110221,-48.6993862536922
1.695,-48.717509256154,-50.5875557510381,-48.7367885629384,-48.7268784513915,-50.6165166757071,-48.7314978070213
1.69533333333333,-48.7495324919182,-50.6226767300635,-48.768771779807,-48.7590079629754,-50.6516014619802,-48.7635438320442
1.69566666666667,-48.7814906964649,-50.6577310129895,-48.8006898351052,-48.7910724140909,-50.6866195989399,-48.7955244509989
1.696,-48.8133839873243,-50.6927187283925,-48.8325428508528,-48.823071919765,-50.7215712163435,-48.8274397869118
1.69633333333333,-48.8452124828541,-50.7276400055153,-48.8643309498247,-48.8550065959059,-50.7564564445854,-48.8592899635743
1.69666666666667,-48.8769763022166,-50.7624949742463,-48.8960542555281,-48.8868765592782,-50.7912754146763,-48.8910751055204
1.697,-48.9086755653551,-50.7972837650977,-48.9277128921808,-48.9186819274797,-50.8260282582224,-48.9227953380037
1.69733333333333,-48.9403103929711,-50.8320065091847,-48.9593069846895,-48.950422818917,-50.8607151074049,-48.9544507869759
1.69766666666667,-48.9718809065026,-50.8666633382054,-48.9908366586289,-48.982099352783,-50.8953360949604,-48.9860415790651
1.698,-49.0033872281018,-50.9012543844204,-49.0223020402207,-49.0137116490342,-50.9298913541613,-49.0175678415546
1.69833333333333,-49.0348294806137,-50.9357797806335,-49.0537032563136,-49.0452598283682,-50.9643810187966,-49.0490297023621
1.69866666666667,-49.0662077875551,-50.9702396601718,-49.0850404343626,-49.0767440122016,-50.998805223153,-49.0804272900191
1.699,-49.0975222730939,-51.0046341568675,-49.1163137024103,-49.1081643226493,-51.0331641019969,-49.1117607336515
1.69933333333333,-49.1287730620285,-51.0389634050388,-49.1475231890666,-49.1395208825025,-51.0674577905557,-49.1430301629589
1.69966666666667,-49.1599602797682,-51.073227539472,-49.1786690234908,-49.1708138152086,-51.1016864245008,-49.1742357081964
1.7,-49.1910840523136,-51.1074266954034,-49.209751335372,-49.2020432448506,-51.1358501399296,-49.205377500155
1.70033333333333,-49.222144506237,-51.1415610085019,-49.2407702549118,-49.2332092961271,-51.1699490733488,-49.2364556701431
1.70066666666667,-49.253141768664,-51.1756306148522,-49.2717259128058,-49.2643120943328,-51.2039833616577,-49.2674703499683
1.701,-49.2840759672545,-51.2096356509371,-49.302618440226,-49.2953517653393,-51.2379531421315,-49.2984216719195
1.70133333333333,-49.3149472301847,-51.2435762536217,-49.333447968804,-49.3263284355759,-51.2718585524055,-49.3293097687495
1.70166666666667,-49.3457556861296,-51.2774525601371,-49.3642146306137,-49.3572422320113,-51.3056997304593,-49.3601347736574
1.702,-49.3765014642447,-51.3112647080642,-49.3949185581548,-49.3880932821355,-51.3394768146013,-49.3908968202718
1.70233333333333,-49.4071846941493,-51.3450128353184,-49.4255598843364,-49.4188817139414,-51.3731899434535,-49.4215960426345
1.70266666666667,-49.4378055059099,-51.3786970801343,-49.4561387424612,-49.4496076559079,-51.4068392559367,-49.4522325751838
1.703,-49.4683640300228,-51.4123175810505,-49.4866552662096,-49.4802712369819,-51.4404248912558,-49.4828065527386
1.70333333333333,-49.4988603973985,-51.4458744768953,-49.5171095896243,-49.5108725865623,-51.4739469888859,-49.5133181104829
1.70366666666667,-49.5292947393455,-51.4793679067719,-49.5475018470955,-49.5414118344825,-51.5074056885576,-49.5437673839502
1.704,-49.5596671875545,-51.5127980100446,-49.5778321733453,-49.5718891109947,-51.5408011302441,-49.5741545090086
1.70433333333333,-49.5899778740834,-51.5461649263248,-49.6081007034141,-49.6023045467536,-51.5741334541469,-49.6044796218457
1.70466666666667,-49.6202269313418,-51.5794687954574,-49.6383075726456,-49.6326582728008,-51.6074028006833,-49.6347428589544
1.705,-49.6504144920765,-51.6127097575078,-49.668452916673,-49.6629504205496,-51.6406093104732,-49.6649443571185
1.70533333333333,-49.6805406893565,-51.6458879527483,-49.6985368714054,-49.6931811217692,-51.673753124326,-49.6950842533984
1.70566666666667,-49.7106056565597,-51.6790035216459,-49.728559573014,-49.7233505085707,-51.706834383229,-49.725162685118
1.706,-49.7406095273577,-51.7120566048496,-49.7585211579192,-49.7534587133922,-51.7398532283345,-49.7551797898509
1.70633333333333,-49.770552435703,-51.7450473431778,-49.7884217627774,-49.783505868984,-51.7728098009482,-49.7851357054071
1.70666666666667,-49.8004345158152,-51.7779758776067,-49.8182615244683,-49.8134921083956,-51.8057042425176,-49.8150305698203
1.707,-49.8302559021677,-51.8108423492583,-49.8480405800823,-49.843417564961,-51.8385366946199,-49.8448645213349
1.70733333333333,-49.8600167294749,-51.8436468993889,-49.8777590669086,-49.8732823722858,-51.8713072989518,-49.8746376983941
1.70766666666667,-49.8897171326794,-51.8763896693777,-49.9074171224227,-49.9030866642335,-51.9040161973174,-49.9043502396269
1.708,-49.9193572469397,-51.9090708007159,-49.9370148842751,-49.9328305749131,-51.9366635316182,-49.934002283837
1.70833333333333,-49.9489372076177,-51.9416904349956,-49.9665524902793,-49.9625142386656,-51.969249443842,-49.9635939699903
1.70866666666667,-49.9784571502671,-51.974248713899,-49.9960300784008,-49.9921377900522,-52.001774076053,-49.993125437204
1.709,-50.007917210621,-52.0067457791887,-50.0254477867457,-50.0217013638416,-52.0342375703812,-50.0225968247349
1.70933333333333,-50.0373175245812,-52.0391817726966,-50.0548057535501,-50.051205094998,-52.0666400690129,-50.0520082719685
1.70966666666667,-50.0666582282061,-52.0715568363142,-50.0841041171691,-50.0806491186698,-52.0989817141805,-50.0813599184082
1.71,-50.0959394577002,-52.1038711119831,-50.1133430160666,-50.110033570177,-52.1312626481532,-50.1106519036645
1.71033333333333,-50.1251613494028,-52.136124741685,-50.1425225888048,-50.1393585850011,-52.1634830132278,-50.1398843674448
1.71066666666667,-50.1543240397775,-52.1683178674322,-50.1716429740342,-50.1686242987729,-52.1956429517192,-50.1690574495431
1.711,-50.1834276654021,-52.200450631259,-50.200704310484,-50.1978308472622,-52.2277426059517,-50.1981712898298
1.71133333333333,-50.2124723629574,-52.2325231752118,-50.2297067369519,-50.2269783663669,-52.2597821182501,-50.2272260282422
1.71166666666667,-50.2414582692183,-52.2645356413409,-50.2586503922949,-50.2560669921025,-52.291761630931,-50.2562218047748
1.712,-50.2703855210432,-52.2964881716918,-50.2875354154202,-50.285096860592,-52.3236812862947,-50.2851587594697
1.71233333333333,-50.2992542553643,-52.3283809082961,-50.3163619452757,-50.3140681080553,-52.3555412266165,-50.3140370324074
1.71266666666667,-50.3280646091787,-52.3602139931641,-50.3451301208412,-50.3429808708,-52.3873415941392,-50.3428567636981
1.713,-50.3568167195386,-52.3919875682759,-50.3738400811197,-50.3718352852111,-52.4190825310645,-50.3716180934723
1.71333333333333,-50.3855107235424,-52.4237017755739,-50.402491965129,-50.4006314877418,-52.4507641795459,-50.4003211618726
1.71366666666667,-50.4141467583258,-52.4553567569546,-50.4310859118928,-50.4293696149042,-52.4823866816807,-50.4289661090448
1.714,-50.4427249610531,-52.4869526542615,-50.4596220604331,-50.4580498032601,-52.5139501795029,-50.4575530751299
1.71433333333333,-50.4712454689083,-52.5184896092772,-50.4881005497613,-50.4866721894118,-52.5454548149755,-50.4860822002556
1.71466666666667,-50.4997084190872,-52.5499677637162,-50.5165215188713,-50.5152369099938,-52.5769007299838,-50.5145536245286
1.715,-50.5281139487889,-52.5813872592179,-50.5448851067311,-50.5437441016639,-52.6082880663285,-50.5429674880266
1.71533333333333,-50.5564621952079,-52.6127482373393,-50.5731914522752,-50.5721939010948,-52.6396169657184,-50.5713239307907
1.71566666666667,-50.5847532955259,-52.6440508395483,-50.6014406943974,-50.6005864449658,-52.6708875697643,-50.5996230928179
1.716,-50.6129873869044,-52.6752952072172,-50.6296329719435,-50.6289218699548,-52.7021000199721,-50.6278651140535
1.71633333333333,-50.641164606477,-52.7064814816159,-50.6577684237042,-50.6572003127305,-52.7332544577367,-50.6560501343843
1.71666666666667,-50.6692850913419,-52.7376098039053,-50.6858471884078,-50.6854219099443,-52.7643510243355,-50.6841782936313
1.717,-50.6973489785549,-52.7686803151316,-50.713869404714,-50.713586798223,-52.7953898609225,-50.7122497315428
1.71733333333333,-50.7253564051218,-52.7996931562195,-50.7418352112065,-50.7416951141612,-52.8263711085223,-50.7402645877877
1.71766666666667,-50.7533075079922,-52.8306484679666,-50.7697447463869,-50.7697469943138,-52.8572949080243,-50.7682230019488
1.718,-50.7812024240517,-52.8615463910376,-50.7975981486682,-50.7977425751894,-52.8881614001768,-50.7961251135166
1.71833333333333,-50.8090412901161,-52.8923870659581,-50.8253955563685,-50.8256819932428,-52.9189707255818,-50.8239710618826
1.71866666666667,-50.8368242429243,-52.9231706331095,-50.8531371077046,-50.8535653848683,-52.9497230246889,-50.8517609863331
1.719,-50.8645514191323,-52.9538972327232,-50.8808229407867,-50.8813928863931,-52.980418437791,-50.8794950260437
1.71933333333333,-50.8922229553065,-52.9845670048754,-50.9084531936117,-50.9091646340704,-53.011057105018,-50.9071733200725
1.71966666666667,-50.9198389879177,-53.0151800894814,-50.9360280040578,-50.9368807640734,-53.0416391663323,-50.934796007355
1.72,-50.9473996533356,-53.0457366262913,-50.9635475098791,-50.9645414124886,-53.0721647615238,-50.9623632266981
1.72033333333333,-50.9749050878221,-53.0762367548843,-50.9910118486996,-50.99214671531,-53.102634030205,-50.9898751167746
1.72066666666667,-51.0023554275261,-53.1066806146641,-51.0184211580082,-51.0196968084328,-53.1330471118061,-51.0173318161177
1.721,-51.0297508084778,-53.1370683448539,-51.0457755751532,-51.0471918276474,-53.1634041455705,-51.0447334631159
1.72133333333333,-51.057091366583,-53.167400084492,-51.0730752373374,-51.074631908634,-53.1937052705503,-51.0720801960075
1.72166666666667,-51.0843772376178,-53.1976759724271,-51.1003202816128,-51.1020171869565,-53.2239506256016,-51.0993721528756
1.722,-51.1116085572236,-53.2278961473139,-51.1275108448756,-51.1293477980575,-53.2541403493807,-51.1266094716435
1.72233333333333,-51.1387854609014,-53.2580607476084,-51.1546470638616,-51.1566238772523,-53.2842745803393,-51.1537922900693
1.72266666666667,-51.1659080840072,-53.2881699115643,-51.1817290751416,-51.1838455597238,-53.3143534567208,-51.1809207457414
1.723,-51.1929765617471,-53.3182237772283,-51.2087570151165,-51.2110129805176,-53.3443771165561,-51.207994976074
1.72333333333333,-51.219991029172,-53.3482224824362,-51.2357310200128,-51.2381262745365,-53.3743456976596,-51.2350151183022
1.72366666666667,-51.2469516211734,-53.3781661648091,-51.2626512258783,-51.265185576536,-53.4042593376256,-51.2619813094779
1.724,-51.2738584724787,-53.4080549617493,-51.2895177685781,-51.2921910211191,-53.4341181738244,-51.2888936864655
1.72433333333333,-51.3007117176463,-53.4378890104367,-51.3163307837897,-51.3191427427313,-53.4639223433985,-51.3157523859373
1.72466666666667,-51.3275114910618,-53.4676684478252,-51.3430904069996,-51.3460408756569,-53.4936719832596,-51.3425575443697
1.725,-51.3542579269332,-53.4973934106388,-51.3697967734987,-51.3728855540135,-53.5233672300845,-51.3693092980393
1.72533333333333,-51.380951159287,-53.5270640353683,-51.396450018379,-51.3996769117481,-53.5530082203119,-51.3960077830183
1.72566666666667,-51.4075913219639,-53.5566804582681,-51.4230502765291,-51.4264150826325,-53.5825950901393,-51.4226531351714
1.726,-51.434178548615,-53.5862428153524,-51.4495976826311,-51.4531002002594,-53.6121279755197,-51.4492454901517
1.72633333333333,-51.4607129726976,-53.6157512423925,-51.4760923711564,-51.4797323980378,-53.6416070121584,-51.4757849833969
1.72666666666667,-51.4871947274717,-53.6452058749131,-51.5025344763626,-51.5063118091896,-53.67103233551,-51.5022717501263
1.727,-51.513623945996,-53.6746068481898,-51.5289241322897,-51.5328385667449,-53.7004040807753,-51.5287059253365
1.72733333333333,-51.5400007611243,-53.7039542972454,-51.5552614727569,-51.5593128035388,-53.7297223828986,-51.5550876437987
1.72766666666667,-51.5663253055022,-53.7332483568478,-51.5815466313593,-51.5857346522071,-53.7589873765647,-51.581417040055
1.728,-51.5925977115632,-53.7624891615066,-51.6077797414645,-51.6121042451833,-53.7881991961965,-51.6076942484153
1.72833333333333,-51.6188181115257,-53.7916768454702,-51.6339609362096,-51.6384217146943,-53.8173579759518,-51.6339194029541
1.72866666666667,-51.6449866373894,-53.8208115427238,-51.6600903484981,-51.6646871927571,-53.8464638497211,-51.6600926375073
1.729,-51.6711034209322,-53.8498933869861,-51.686168110997,-51.6909008111759,-53.8755169511249,-51.6862140856698
1.72933333333333,-51.697168593707,-53.8789225117071,-51.7121943561336,-51.717062701538,-53.9045174135113,-51.7122838807916
1.72966666666667,-51.7231822870389,-53.9078990500655,-51.7381692160929,-51.7431729952112,-53.9334653699536,-51.7383021559758
1.73,-51.7491446320218,-53.9368231349664,-51.7640928228151,-51.76923182334,-53.962360953248,-51.7642690440755
1.73033333333333,-51.7750557595157,-53.9656948990388,-51.7899653079921,-51.7952393168432,-53.9912042959114,-51.790184677691
1.73066666666667,-51.8009158001437,-53.9945144746334,-51.8157868030658,-51.8211956064102,-54.0199955301787,-51.8160491891673
1.731,-51.8267248842896,-54.0232819938204,-51.841557439225,-51.8471008224987,-54.0487347880018,-51.8418627105918
1.73133333333333,-51.8524831420947,-54.0519975883874,-51.8672773474027,-51.8729550953313,-54.0774222010461,-51.8676253737912
1.73166666666667,-51.8781907034556,-54.0806613898372,-51.8929466582745,-51.898758554893,-54.1060579006896,-51.8933373103295
1.732,-51.9038476980214,-54.1092735293857,-51.9185655022554,-51.9245113309283,-54.1346420180206,-51.9189986515058
1.73233333333333,-51.9294542551912,-54.1378341379604,-51.944134009498,-51.9502135529389,-54.1631746838355,-51.9446095283516
1.73266666666667,-51.9550105041118,-54.1663433461977,-51.9696523098902,-51.9758653501806,-54.1916560286375,-51.9701700716288
1.733,-51.9805165736754,-54.1948012844419,-51.9951205330528,-52.0014668516612,-54.2200861826343,-51.9956804118277
1.73333333333333,-52.0059725925169,-54.2232080827429,-52.0205388083377,-52.0270181861379,-54.2484652757369,-52.0211406791642
1.73366666666667,-52.0313786890122,-54.2515638708544,-52.0459072648256,-52.0525194821149,-54.2767934375576,-52.0465510035788
1.734,-52.0567349912756,-54.2798687782326,-52.0712260313242,-52.0779708678411,-54.3050707974083,-52.0719115147338
1.73433333333333,-52.082041627158,-54.3081229340343,-52.0964952363662,-52.1033724713079,-54.3332974842993,-52.0972223420118
1.73466666666667,-52.1072987242446,-54.3363264671154,-52.1217150082074,-52.1287244202468,-54.3614736269374,-52.1224836145136
1.735,-52.132506409853,-54.3644795060294,-52.1468854748249,-52.1540268421277,-54.3895993537249,-52.1476954610565
1.73533333333333,-52.1576648110315,-54.3925821790258,-52.1720067639154,-52.1792798641563,-54.4176747927576,-52.1728580101725
1.73566666666667,-52.1827740545567,-54.4206346140489,-52.1970790028933,-52.2044836132724,-54.4457000718241,-52.1979713901068
1.736,-52.2078342669321,-54.4486369387363,-52.2221023188894,-52.2296382161481,-54.4736753184038,-52.2230357288158
1.73633333333333,-52.2328455743863,-54.4765892804174,-52.2470768387489,-52.2547437991853,-54.5016006596664,-52.2480511539658
1.73666666666667,-52.257808102871,-54.5044917661124,-52.27200268903,-52.2798004885146,-54.5294762224697,-52.2730177929313
1.737,-52.2827219780597,-54.5323445225312,-52.2968799960027,-52.3048084099931,-54.5573021333596,-52.2979357727936
1.73733333333333,-52.3075873253459,-54.5601476760716,-52.3217088856468,-52.3297676892024,-54.585078518568,-52.3228052203393
1.73766666666667,-52.3324042698412,-54.5879013528187,-52.3464894836506,-52.3546784514477,-54.612805504012,-52.3476262620589
1.738,-52.3571729363746,-54.6156056785437,-52.3712219154102,-52.3795408217553,-54.6404832152933,-52.3723990241455
1.73833333333333,-52.3818934494904,-54.6432607787028,-52.3959063060272,-52.4043549248717,-54.6681117776964,-52.3971236324935
1.73866666666667,-52.4065659334468,-54.670866778436,-52.4205427803082,-52.4291208852616,-54.6956913161883,-52.4218002126972
1.739,-52.4311905122149,-54.6984238025664,-52.4451314627632,-52.4538388271069,-54.7232219554173,-52.44642889005
1.73933333333333,-52.455767309477,-54.7259319755991,-52.4696724776044,-52.4785088743047,-54.7507038197121,-52.4710097895425
1.73966666666667,-52.4802964486255,-54.7533914217205,-52.4941659487453,-52.5031311504663,-54.7781370330812,-52.4955430358622
1.74,-52.5047780527619,-54.7808022647973,-52.5186119997995,-52.5277057789158,-54.8055217192116,-52.5200287533918
1.74033333333333,-52.5292122446949,-54.8081646283756,-52.5430107540795,-52.5522328826886,-54.8328580014686,-52.5444670662086
1.74066666666667,-52.55359914694,-54.8354786356802,-52.5673623345959,-52.5767125845306,-54.8601460028947,-52.5688580980831
1.741,-52.5779388817182,-54.862744409614,-52.5916668640564,-52.6011450068964,-54.8873858462089,-52.5932019724785
1.74133333333333,-52.6022315709545,-54.889962072757,-52.6159244648645,-52.6255302719487,-54.9145776538063,-52.6174988125492
1.74166666666667,-52.6264773362776,-54.917131747366,-52.6401352591191,-52.6498685015567,-54.9417215477572,-52.6417487411405
1.742,-52.6506762990181,-54.9442535553737,-52.6642993686136,-52.6741598172955,-54.9688176498069,-52.6659518807875
1.74233333333333,-52.6748285802084,-54.9713276183882,-52.6884169148346,-52.6984043404445,-54.9958660813745,-52.6901083537141
1.74266666666667,-52.6989343005811,-54.9983540576921,-52.7124880189617,-52.722602191987,-55.0228669635528,-52.7142182818327
1.743,-52.7229935805686,-55.0253329942428,-52.7365128018663,-52.7467534926087,-55.0498204171081,-52.7382817867429
1.74333333333333,-52.7470065403018,-55.052264548671,-52.7604913841112,-52.7708583626973,-55.0767265624789,-52.7622989897315
1.74366666666667,-52.7709732996098,-55.0791488412808,-52.7844238859497,-52.794916922341,-55.1035855197761,-52.7862700117711
1.744,-52.794893978019,-55.1059859920494,-52.808310427325,-52.8189292913283,-55.1303974087827,-52.8101949735199
1.74433333333333,-52.818768694752,-55.1327761206259,-52.8321511278697,-52.8428955891467,-55.1571623489527,-52.834073995321
1.74466666666667,-52.8425975687274,-55.1595193463318,-52.855946106905,-52.8668159349822,-55.1838804594116,-52.857907197202
1.745,-52.8663807185588,-55.1862157881605,-52.8796954834407,-52.8906904477186,-55.2105518589555,-52.8816946988743
1.74533333333333,-52.8901182625545,-55.2128655647763,-52.9033993761738,-52.9145192459362,-55.2371766660511,-52.9054366197324
1.74566666666667,-52.9138103187165,-55.2394687945148,-52.9270579034887,-52.9383024479122,-55.2637549988353,-52.9291330788538
1.746,-52.9374570047403,-55.2660255953825,-52.9506711834564,-52.9620401716191,-55.2902869751149,-52.9527841949985
1.74633333333333,-52.9610584380142,-55.2925360850562,-52.9742393338344,-52.9857325347244,-55.3167727123667,-52.9763900866083
1.74666666666667,-52.9846147356187,-55.3190003808832,-52.9977624720658,-53.0093796545902,-55.3432123277369,-52.9999508718067
1.747,-53.0081260143263,-55.345418599881,-53.0212407152794,-53.0329816482726,-55.3696059380415,-53.0234666683987
1.74733333333333,-53.0315923906008,-55.371790858737,-53.0446741802893,-53.056538632521,-55.3959536597653,-53.0469375938699
1.74766666666667,-53.0550139805971,-55.3981172738084,-53.0680629835941,-53.0800507237778,-55.4222556090627,-53.0703637653867
1.748,-53.0783909001606,-55.4243979611222,-53.0914072413772,-53.1035180381778,-55.4485119017571,-53.0937452997958
1.74833333333333,-53.1017232648269,-55.450633036375,-53.1147070695063,-53.1269406915479,-55.4747226533409,-53.1170823136242
1.74866666666667,-53.1250111898217,-55.476822614933,-53.137962583533,-53.1503187994067,-55.5008879789755,-53.1403749230786
1.749,-53.1482547900602,-55.5029668118319,-53.1611738986929,-53.173652476964,-55.5270079934916,-53.1636232440456
1.74933333333333,-53.1714541801469,-55.5290657417768,-53.1843411299052,-53.1969418391207,-55.5530828113884,-53.1868273920911
1.74966666666667,-53.1946094743754,-55.5551195191424,-53.2074643917724,-53.2201870004681,-55.5791125468344,-53.2099874824607
1.75,-53.2177207867282,-55.5811282579729,-53.2305437985806,-53.243388075288,-55.6050973136672,-53.2331036300791
1.75033333333333,-53.2407882308765,-55.6070920719819,-53.2535794642989,-53.2665451775523,-55.6310372253933,-53.2561759495501
1.75066666666667,-53.2638119201798,-55.6330110745527,-53.2765715025797,-53.2896584209227,-55.6569323951886,-53.2792045551568
1.751,-53.286791967686,-55.6588853787385,-53.2995200267583,-53.3127279187506,-55.6827829358982,-53.3021895608612
1.75133333333333,-53.3097284861311,-55.6847150972618,-53.3224251498531,-53.3357537840766,-55.7085889600368,-53.3251310803045
1.75166666666667,-53.3326215879395,-55.7105003425153,-53.3452869845654,-53.3587361296309,-55.7343505797885,-53.3480292268065
1.752,-53.3554713852231,-55.7362412265619,-53.3681056432794,-53.3816750678326,-55.7600679070072,-53.3708841133666
1.75233333333333,-53.378277989782,-55.7619378611343,-53.3908812380623,-53.4045707107898,-55.7857410532166,-53.3936958526628
1.75266666666667,-53.4010415131041,-55.7875903576357,-53.4136138806643,-53.4274231702997,-55.8113701296108,-53.4164645570523
1.753,-53.4237620663652,-55.8131988271401,-53.4363036825186,-53.4502325578483,-55.8369552470539,-53.4391903385715
1.75333333333333,-53.4464397604289,-55.8387633803919,-53.4589507547416,-53.4729989846102,-55.8624965160808,-53.4618733089362
1.75366666666667,-53.4690747058466,-55.8642841278068,-53.4815552081326,-53.4957225614489,-55.8879940468969,-53.4845135795412
1.754,-53.4916670128576,-55.8897611794715,-53.5041171531746,-53.5184033989166,-55.9134479493791,-53.5071112614612
1.75433333333333,-53.5142167913893,-55.9151946451443,-53.5266367000338,-53.5410416072543,-55.9388583330752,-53.5296664654504
1.75466666666667,-53.5367241510569,-55.9405846342553,-53.5491139585598,-53.5636372963918,-55.9642253072049,-53.5521793019426
1.755,-53.559189201164,-55.9659312559066,-53.5715490382863,-53.5861905759475,-55.9895489806598,-53.5746498810518
1.75533333333333,-53.5816120507021,-55.9912346188726,-53.5939420484305,-53.608701555229,-56.0148294620037,-53.5970783125723
1.75566666666667,-53.6039928083512,-56.0164948316005,-53.6162930978939,-53.6311703432325,-56.0400668594729,-53.6194647059784
1.756,-53.6263315824798,-56.0417120022106,-53.6386022952624,-53.6535970486436,-56.065261280977,-53.6418091704253
1.75633333333333,-53.6486284811451,-56.0668862384962,-53.6608697488061,-53.675981779837,-56.0904128340986,-53.6641118147491
1.75666666666667,-53.670883612093,-56.0920176479247,-53.6830955664801,-53.6983246448767,-56.1155216260941,-53.6863727474669
1.757,-53.6930970827586,-56.1171063376375,-53.7052798559245,-53.7206257515162,-56.1405877638941,-53.7085920767774
1.75733333333333,-53.7152690002662,-56.1421524144504,-53.7274227244645,-53.7428852071985,-56.1656113541034,-53.7307699105607
1.75766666666667,-53.7373994714294,-56.1671559848542,-53.7495242791111,-53.7651031190567,-56.1905925030022,-53.7529063563791
1.758,-53.7594886027517,-56.192117155015,-53.7715846265611,-53.7872795939138,-56.2155313165456,-53.7750015214773
1.75833333333333,-53.7815365004266,-56.2170360307745,-53.7936038731973,-53.8094147382832,-56.2404279003647,-53.7970555127825
1.75866666666667,-53.8035432703377,-56.2419127176508,-53.8155821250893,-53.8315086583685,-56.2652823597667,-53.819068436905
1.759,-53.8255090180591,-56.2667473208385,-53.8375194879933,-53.8535614600645,-56.2900947997359,-53.8410404001386
1.75933333333333,-53.8474338488559,-56.2915399452094,-53.8594160673529,-53.8755732489566,-56.3148653249332,-53.8629715084605
1.75966666666667,-53.8693178676842,-56.3162906953126,-53.8812719682991,-53.8975441303216,-56.3395940396978,-53.8848618675324
1.76,-53.8911611791916,-56.3409996753756,-53.9030872956509,-53.9194742091282,-56.3642810480465,-53.9067115827005
1.76033333333333,-53.9129638877176,-56.3656669893043,-53.9248621539158,-53.9413635900365,-56.3889264536753,-53.9285207589956
1.76066666666667,-53.9347260972936,-56.3902927406837,-53.9465966472897,-53.9632123773992,-56.413530359959,-53.9502895011342
1.761,-53.9564479116439,-56.4148770327783,-53.9682908796581,-53.9850206752613,-56.4380928699524,-53.9720179135187
1.76133333333333,-53.9781294341853,-56.4394199685327,-53.9899449545957,-54.0067885873609,-56.4626140863904,-53.9937061002375
1.76166666666667,-53.9997707680282,-56.4639216505723,-54.0115589753673,-54.0285162171293,-56.4870941116889,-54.0153541650658
1.762,-54.0213720159765,-56.4883821812035,-54.0331330449284,-54.0502036676913,-56.5115330479452,-54.036962211466
1.76233333333333,-54.0429332805283,-56.5128016624146,-54.0546672659251,-54.0718510418657,-56.5359309969382,-54.0585303425882
1.76266666666667,-54.0644546638763,-56.5371801958762,-54.0761617406952,-54.093458442166,-56.5602880601298,-54.0800586612707
1.763,-54.085936267908,-56.5615178829416,-54.0976165712682,-54.1150259708002,-56.5846043386648,-54.1015472700403
1.76333333333333,-54.1073781942063,-56.5858148246478,-54.1190318593659,-54.1365537296716,-56.6088799333716,-54.1229962711131
1.76366666666667,-54.1287805440501,-56.6100711217157,-54.1404077064032,-54.1580418203792,-56.6331149447632,-54.1444057663948
1.764,-54.1501434184146,-56.6342868745511,-54.1617442134882,-54.1794903442182,-56.6573094730372,-54.1657758574816
1.76433333333333,-54.1714669179717,-56.6584621832447,-54.183041481423,-54.2008994021801,-56.6814636180769,-54.18710664566
1.76466666666667,-54.1927511430908,-56.6825971475735,-54.204299610704,-54.2222690949537,-56.7055774794518,-54.2083982319082
1.765,-54.2139961938388,-56.7066918670006,-54.2255187015226,-54.243599522925,-56.7296511564183,-54.229650716896
1.76533333333333,-54.2352021699811,-56.7307464406766,-54.2466988537658,-54.2648907861781,-56.7536847479199,-54.2508642009859
1.76566666666667,-54.2563691709818,-56.7547609674396,-54.2678401670165,-54.2861429844956,-56.7776783525884,-54.2720387842331
1.766,-54.2774972960045,-56.7787355458164,-54.2889427405544,-54.307356217359,-56.8016320687444,-54.2931745663866
1.76633333333333,-54.2985866439125,-56.8026702740226,-54.3100066733562,-54.3285305839492,-56.8255459943978,-54.3142716468895
1.76666666666667,-54.3196373132694,-56.8265652499636,-54.3310320640965,-54.3496661831471,-56.8494202272486,-54.3353301248796
1.767,-54.34064940234,-56.8504205712355,-54.3520190111482,-54.3707631135341,-56.8732548646876,-54.3563500991904
1.76733333333333,-54.3616230090904,-56.8742363351251,-54.3729676125832,-54.3918214733928,-56.8970500037968,-54.3773316683509
1.76766666666667,-54.382558231189,-56.8980126386111,-54.3938779661728,-54.4128413607071,-56.9208057413506,-54.398274930587
1.768,-54.4034551660065,-56.9217495783646,-54.4147501693886,-54.4338228731633,-56.9445221738159,-54.4191799838219
1.76833333333333,-54.4243139106171,-56.9454472507498,-54.4355843194027,-54.4547661081502,-56.9681993973534,-54.4400469256765
1.76866666666667,-54.4451345617986,-56.9691057518249,-54.4563805130891,-54.4756711627598,-56.9918375078177,-54.4608758534702
1.769,-54.4659172160334,-56.9927251773425,-54.4771388470232,-54.4965381337883,-57.0154366007586,-54.4816668642217
1.76933333333333,-54.4866619695087,-57.0163056227502,-54.4978594174835,-54.5173671177358,-57.0389967714213,-54.5024200546494
1.76966666666667,-54.5073689181174,-57.039847183192,-54.5185423204515,-54.5381582108078,-57.0625181147475,-54.5231355211723
1.77,-54.5280381574587,-57.0633499535081,-54.5391876516129,-54.5589115089153,-57.0860007253756,-54.5438133599102
1.77033333333333,-54.5486697828383,-57.0868140282365,-54.5597955063575,-54.5796271076754,-57.1094446976423,-54.5644536666851
1.77066666666667,-54.5692638892699,-57.110239501613,-54.580365979781,-54.600305102412,-57.1328501255826,-54.5850565370213
1.771,-54.5898205714747,-57.1336264675723,-54.6008991666844,-54.6209455881566,-57.1562171029304,-54.6056220661462
1.77133333333333,-54.610339923883,-57.1569750197487,-54.6213951615755,-54.6415486596485,-57.1795457231202,-54.6261503489911
1.77166666666667,-54.6308220406345,-57.1802852514768,-54.6418540586694,-54.662114411336,-57.2028360792869,-54.6466414801918
1.772,-54.6512670155786,-57.2035572557923,-54.6622759518891,-54.6826429373763,-57.2260882642668,-54.6670955540894
1.77233333333333,-54.6716749422756,-57.2267911254327,-54.682660934866,-54.7031343316368,-57.2493023705988,-54.6875126647308
1.77266666666667,-54.6920459139972,-57.2499869528378,-54.703009100941,-54.7235886876955,-57.2724784905244,-54.7078929058698
1.773,-54.712380023727,-57.2731448301512,-54.7233205431649,-54.7440060988416,-57.2956167159891,-54.7282363709673
1.77333333333333,-54.7326773641611,-57.2962648492201,-54.7435953542992,-54.7643866580761,-57.3187171386429,-54.7485431531923
1.77366666666667,-54.7529380277092,-57.3193471015968,-54.7638336268168,-54.7847304581127,-57.3417798498411,-54.7688133454226
1.774,-54.773162106495,-57.3423916785391,-54.7840354529024,-54.8050375913781,-57.3648049406449,-54.7890470402457
1.77433333333333,-54.7933496923567,-57.3653986710111,-54.804200924454,-54.8253081500132,-57.3877925018224,-54.809244329959
1.77466666666667,-54.813500876848,-57.3883681696842,-54.8243301330825,-54.8455422258733,-57.4107426238495,-54.8294053065711
1.775,-54.8336157512388,-57.4113002649376,-54.8444231701136,-54.8657399105288,-57.4336553969103,-54.8495300618021
1.77533333333333,-54.8536944065156,-57.4341950468591,-54.8644801265875,-54.8859012952663,-57.4565309108981,-54.8696186870848
1.77566666666667,-54.8737369333824,-57.4570526052463,-54.8845010932603,-54.9060264710889,-57.4793692554162,-54.8896712735651
1.776,-54.8937434222615,-57.4798730296068,-54.9044861606044,-54.926115528717,-57.5021705197785,-54.9096879121025
1.77633333333333,-54.913713963294,-57.5026564091592,-54.9244354188094,-54.9461685585891,-57.5249347930108,-54.9296686932717
1.77666666666667,-54.9336486463407,-57.5254028328341,-54.9443489577826,-54.9661856508621,-57.5476621638508,-54.9496137073625
1.777,-54.9535475609825,-57.5481123892747,-54.96422686715,-54.9861668954128,-57.5703527207496,-54.9695230443808
1.77733333333333,-54.9734107965214,-57.5707851668374,-54.984069236257,-55.0061123818377,-57.5930065518721,-54.9893967940497
1.77766666666667,-54.9932384419814,-57.5934212535931,-55.0038761541689,-55.0260221994544,-57.6156237450979,-55.0092350458098
1.778,-55.0130305861086,-57.6160207373277,-55.023647709672,-55.0458964373018,-57.6382043880222,-55.0290378888204
1.77833333333333,-55.0327873173727,-57.6385837055427,-55.0433839912741,-55.0657351841414,-57.6607485679566,-55.0488054119596
1.77866666666667,-55.052508723967,-57.6611102454563,-55.0630850872052,-55.0855385284573,-57.6832563719295,-55.068537703826
1.779,-55.0721948938097,-57.6836004440043,-55.0827510854186,-55.1053065584576,-57.7057278866877,-55.0882348527385
1.77933333333333,-55.0918459145441,-57.7060543878405,-55.1023820735913,-55.1250393620747,-57.7281631986964,-55.1078969467379
1.77966666666667,-55.1114618735401,-57.7284721633378,-55.121978139125,-55.1447370269663,-57.7505623941405,-55.1275240735871
1.78,-55.131042857894,-57.750853856589,-55.1415393691465,-55.1643996405158,-57.7729255589251,-55.1471163207722
1.78033333333333,-55.1505889544301,-57.7731995534075,-55.161065850509,-55.1840272898334,-57.7952527786767,-55.166673775503
1.78066666666667,-55.1701002497009,-57.7955093393282,-55.1805576697924,-55.2036200617566,-57.8175441387437,-55.1861965247142
1.781,-55.189576829988,-57.8177832996083,-55.2000149133044,-55.223178042851,-57.8397997241972,-55.2056846550658
1.78133333333333,-55.209018781303,-57.840021519228,-55.219437667081,-55.2427013194112,-57.8620196198322,-55.2251382529439
1.78166666666667,-55.228426189388,-57.8622240828914,-55.2388260168873,-55.2621899774612,-57.8842039101678,-55.2445574044618
1.782,-55.2477991397165,-57.8843910750276,-55.2581800482186,-55.2816441027554,-57.9063526794486,-55.2639421954605
1.78233333333333,-55.2671377174942,-57.9065225797908,-55.2774998463008,-55.3010637807795,-57.9284660116452,-55.2832927115095
1.78266666666667,-55.2864420076596,-57.9286186810621,-55.2967854960912,-55.3204490967508,-57.9505439904551,-55.3026090379078
1.783,-55.3057120948848,-57.9506794624492,-55.3160370822795,-55.3398001356193,-57.9725866993035,-55.3218912596845
1.78333333333333,-55.3249480635766,-57.9727050072882,-55.3352546892885,-55.3591169820683,-57.9945942213441,-55.3411394615997
1.78366666666667,-55.3441499978765,-57.9946953986439,-55.3544384012748,-55.3783997205154,-58.0165666394602,-55.3603537281452
1.784,-55.3633179816625,-58.0166507193108,-55.3735883021295,-55.3976484351129,-58.0385040362651,-55.3795341435453
1.78433333333333,-55.3824520985487,-58.0385710518138,-55.3927044754792,-55.4168632097488,-58.060406494103,-55.3986807917577
1.78466666666667,-55.4015524318872,-58.0604564784092,-55.4117870046868,-55.4360441280473,-58.0822740950501,-55.4177937564742
1.785,-55.420619064768,-58.0823070810852,-55.4308359728519,-55.4551912733702,-58.1041069209152,-55.4368731211217
1.78533333333333,-55.4396520800203,-58.1041229415631,-55.4498514628121,-55.4743047288168,-58.1259050532407,-55.4559189688625
1.78566666666667,-55.4586515602128,-58.125904141298,-55.4688335571433,-55.4933845772253,-58.1476685733032,-55.4749313825956
1.786,-55.477617587655,-58.1476507614795,-55.4877823381609,-55.5124309011732,-58.1693975621144,-55.4939104449575
1.78633333333333,-55.4965502443977,-58.1693628830327,-55.5066978879203,-55.5314437829784,-58.191092100422,-55.5128562383226
1.78666666666667,-55.5154496122336,-58.1910405866187,-55.5255802882178,-55.5504233046996,-58.2127522687105,-55.5317688448042
1.787,-55.5343157726984,-58.2126839526359,-55.5444296205915,-55.5693695481375,-58.234378147202,-55.5506483462556
1.78733333333333,-55.5531488070715,-58.2342930612206,-55.5632459663217,-55.5882825948351,-58.255969815857,-55.5694948242704
1.78766666666667,-55.5719487963765,-58.2558679922476,-55.5820294064323,-55.6071625260788,-58.2775273543753,-55.5883083601836
1.788,-55.5907158213824,-58.2774088253315,-55.600780021691,-55.626009422899,-58.2990508421969,-55.6070890350723
1.78833333333333,-55.609449962604,-58.298915639827,-55.6194978926103,-55.644823366071,-58.3205403585024,-55.6258369297567
1.78866666666667,-55.6281513003029,-58.3203885148301,-55.6381830994484,-55.6636044361158,-58.3419959822145,-55.6445521248005
1.789,-55.6468199144881,-58.3418275291789,-55.65683572221,-55.6823527133007,-58.3634177919981,-55.6632347005122
1.78933333333333,-55.6654558849171,-58.3632327614542,-55.6754558406469,-55.70106827764,-58.3848058662618,-55.6818847369454
1.78966666666667,-55.6840592910964,-58.3846042899804,-55.6940435342588,-55.7197512088961,-58.4061602831581,-55.7005023139
1.79,-55.7026302122821,-58.4059421928266,-55.7125988822942,-55.7384015865803,-58.4274811205849,-55.7190875109229
1.79033333333333,-55.7211687274812,-58.427246547807,-55.7311219637514,-55.7570194899531,-58.4487684561856,-55.7376404073086
1.79066666666667,-55.739674915452,-58.448517432482,-55.7496128573788,-55.7756049980252,-58.4700223673504,-55.7561610821002
1.791,-55.7581488547051,-58.469754924159,-55.768071641676,-55.7941581895587,-58.4912429312172,-55.7746496140904
1.79133333333333,-55.7765906235036,-58.490959099893,-55.7864983948945,-55.8126791430671,-58.5124302246717,-55.7931060818216
1.79166666666667,-55.7950002998649,-58.5121300364878,-55.8048931950386,-55.8311679368169,-58.5335843243494,-55.8115305635877
1.792,-55.8133779615606,-58.5332678104964,-55.8232561198661,-55.8496246488275,-58.5547053066353,-55.8299231374338
1.79233333333333,-55.8317236861175,-58.5543724982221,-55.8415872468889,-55.8680493568728,-58.5757932476652,-55.8482838811581
1.79266666666667,-55.8500375508187,-58.5754441757193,-55.8598866533743,-55.8864421384815,-58.5968482233267,-55.8666128723118
1.793,-55.868319632704,-58.5964829187943,-55.8781544163452,-55.904803070938,-58.6178703092597,-55.8849101882004
1.79333333333333,-55.8865700085708,-58.6174888030059,-55.8963906125814,-55.923132231283,-58.6388595808572,-55.9031759058844
1.79366666666667,-55.9047887549748,-58.6384619036664,-55.9145953186198,-55.9414296963146,-58.6598161132664,-55.9214101021798
1.794,-55.9229759482312,-58.6594022958428,-55.9327686107558,-55.959695542589,-58.6807399813895,-55.9396128536597
1.79433333333333,-55.9411316644147,-58.6803100543567,-55.9509105650438,-55.977929846421,-58.701631259884,-55.9577842366539
1.79466666666667,-55.9592559793611,-58.7011852537859,-55.9690212572978,-55.9961326838851,-58.7224900231641,-55.9759243272509
1.795,-55.9773489686673,-58.7220279684649,-55.9871007630926,-56.0143041308159,-58.7433163454014,-55.9940332012978
1.79533333333333,-55.9954107076927,-58.7428382724858,-56.0051491577641,-56.0324442628093,-58.7641103005253,-56.0121109344016
1.79566666666667,-56.0134412715597,-58.7636162396991,-56.0231665164107,-56.0505531552231,-58.7848719622244,-56.0301576019298
1.796,-56.0314407351545,-58.7843619437143,-56.0411529138933,-56.0686308831777,-58.8056014039469,-56.0481732790112
1.79633333333333,-56.0494091731278,-58.805075457901,-56.0591084248369,-56.0866775215567,-58.8262986989016,-56.0661580405367
1.79666666666667,-56.0673466598957,-58.8257568553898,-56.0770331236307,-56.1046931450084,-58.8469639200584,-56.0841119611603
1.797,-56.0852532696405,-58.8464062090724,-56.0949270844294,-56.1226778279455,-58.8675971401497,-56.1020351152995
1.79733333333333,-56.1031290763112,-58.8670235916035,-56.1127903811534,-56.1406316445468,-58.8881984316706,-56.1199275771363
1.79766666666667,-56.1209741536245,-58.8876090754005,-56.1306230874902,-56.1585546687574,-58.9087678668801,-56.1377894206181
1.798,-56.1387885750657,-58.9081627326452,-56.1484252768949,-56.1764469742898,-58.9293055178016,-56.1556207194583
1.79833333333333,-56.156572413889,-58.9286846352839,-56.1661970225907,-56.1943086346244,-58.9498114562238,-56.1734215471371
1.79866666666667,-56.1743257431188,-58.9491748550287,-56.1839383975702,-56.2121397230105,-58.9702857537018,-56.1911919769023
1.799,-56.19204863555,-58.969633463358,-56.2016494745958,-56.2299403124669,-58.9907284815576,-56.2089320817704
1.79933333333333,-56.2097411637492,-58.9900605315175,-56.2193303262005,-56.2477104757828,-59.0111397108806,-56.2266419345267
1.79966666666667,-56.227403400055,-59.0104561305209,-56.236981024689,-56.2654502855184,-59.0315195125291,-56.2443216077269
1.8,-56.2450354165792,-59.0308203311506,-56.254601642138,-56.2831598140057,-59.0518679571307,-56.2619711736971
1.80033333333333,-56.2626372852072,-59.0511532039587,-56.2721922503972,-56.3008391333496,-59.0721851150829,-56.2795907045351
1.80066666666667,-56.2802090775991,-59.0714548192675,-56.2897529210903,-56.3184883154279,-59.0924710565543,-56.2971802721111
1.801,-56.2977508651902,-59.0917252471707,-56.3072837256151,-56.336107431893,-59.1127258514852,-56.3147399480682
1.80133333333333,-56.3152627191918,-59.1119645575338,-56.3247847351449,-56.3536965541719,-59.1329495695881,-56.3322698038236
1.80166666666667,-56.3327447105919,-59.132172819995,-56.3422560206293,-56.3712557534673,-59.1531422803491,-56.3497699105688
1.802,-56.3501969101563,-59.1523501039663,-56.3596976527942,-56.3887851007584,-59.1733040530283,-56.3672403392711
1.80233333333333,-56.3676193884289,-59.1724964786336,-56.3771097021435,-56.4062846668015,-59.1934349566605,-56.3846811606738
1.80266666666667,-56.3850122157327,-59.1926120129583,-56.3944922389592,-56.4237545221307,-59.2135350600562,-56.402092445297
1.803,-56.4023754621706,-59.2126967756774,-56.4118453333024,-56.4411947370589,-59.2336044318023,-56.4194742634389
1.80333333333333,-56.4197091976259,-59.2327508353046,-56.4291690550141,-56.4586053816783,-59.2536431402628,-56.4368266851758
1.80366666666667,-56.4370134917633,-59.2527742601311,-56.4464634737159,-56.4759865258614,-59.2736512535798,-56.4541497803634
1.804,-56.4542884140294,-59.2727671182263,-56.4637286588107,-56.4933382392615,-59.293628839674,-56.4714436186376
1.80433333333333,-56.4715340336538,-59.2927294774384,-56.4809646794835,-56.5106605913135,-59.3135759662455,-56.4887082694148
1.80466666666667,-56.4887504196495,-59.3126614053957,-56.4981716047021,-56.5279536512348,-59.3334927007748,-56.5059438018929
1.805,-56.5059376408139,-59.3325629695066,-56.515349503218,-56.5452174880261,-59.3533791105236,-56.5231502850524
1.80533333333333,-56.5230957657292,-59.3524342369612,-56.5324984435669,-56.5624521704715,-59.3732352625349,-56.5403277876565
1.80566666666667,-56.5402248627636,-59.3722752747313,-56.5496184940699,-56.5796577671403,-59.3930612236349,-56.5574763782525
1.806,-56.5573250000717,-59.3920861495717,-56.5667097228334,-56.5968343463868,-59.4128570604326,-56.574596125172
1.80633333333333,-56.5743962455952,-59.4118669280208,-56.5837721977509,-56.6139819763514,-59.4326228393213,-56.5916870965321
1.80666666666667,-56.591438667064,-59.4316176764012,-56.6008059865029,-56.6311007249616,-59.4523586264792,-56.6087493602359
1.807,-56.6084523319965,-59.4513384608209,-56.617811156558,-56.6481906599322,-59.47206448787,-56.6257829839732
1.80733333333333,-56.6254373077007,-59.4710293471732,-56.6347877751737,-56.6652518487664,-59.4917404892439,-56.6427880352215
1.80766666666667,-56.6423936612746,-59.4906904011387,-56.6517359093969,-56.6822843587566,-59.511386696138,-56.6597645812464
1.808,-56.6593214596072,-59.5103216881849,-56.6686556260647,-56.6992882569848,-59.5310031738776,-56.6767126891027
1.80833333333333,-56.6762207693792,-59.5299232735676,-56.6855469918054,-56.7162636103235,-59.5505899875762,-56.693632425635
1.80866666666667,-56.6930916570633,-59.5494952223314,-56.7024100730388,-56.7332104854365,-59.570147202137,-56.7105238574783
1.809,-56.7099341889257,-59.5690375993107,-56.7192449359774,-56.7501289487796,-59.5896748822533,-56.7273870510588
1.80933333333333,-56.7267484310261,-59.5885504691299,-56.7360516466265,-56.767019066601,-59.609173092409,-56.744222072595
1.80966666666667,-56.7435344492188,-59.6080338962049,-56.7528302707858,-56.7838809049426,-59.6286418968799,-56.7610289880977
1.81,-56.7602923091534,-59.6274879447433,-56.769580874049,-56.8007145296405,-59.648081359734,-56.7778078633714
1.81033333333333,-56.7770220762752,-59.6469126787452,-56.7863035218057,-56.8175200063251,-59.6674915448325,-56.7945587640147
1.81066666666667,-56.7937238158264,-59.6663081620042,-56.8029982792412,-56.8342974004231,-59.6868725158301,-56.8112817554213
1.811,-56.8103975928465,-59.685674458108,-56.8196652113377,-56.8510467771568,-59.7062243361766,-56.8279769027803
1.81133333333333,-56.8270434721732,-59.7050116304388,-56.8363043828751,-56.867768201546,-59.7255470691165,-56.8446442710771
1.81166666666667,-56.8436615184426,-59.7243197421747,-56.8529158584311,-56.8844617384078,-59.7448407776908,-56.8612839250946
1.812,-56.8602517960909,-59.7435988562898,-56.8694997023827,-56.9011274523581,-59.7641055247371,-56.877895929413
1.81233333333333,-56.8768143693539,-59.7628490355555,-56.8860559789061,-56.9177654078115,-59.7833413728903,-56.8944803484115
1.81266666666667,-56.8933493022687,-59.7820703425406,-56.9025847519784,-56.9343756689828,-59.8025483845837,-56.911037246268
1.813,-56.9098566586739,-59.8012628396126,-56.9190860853773,-56.950958299887,-59.8217266220495,-56.9275666869609
1.81333333333333,-56.9263365022105,-59.8204265889381,-56.9355600426824,-56.9675133643407,-59.8408761473195,-56.9440687342689
1.81366666666667,-56.9427888963224,-59.8395616524835,-56.9520066872757,-56.9840409259621,-59.859997022226,-56.9605434517721
1.814,-56.9592139042572,-59.8586680920159,-56.9684260823426,-57.0005410481722,-59.8790893084022,-56.976990902853
1.81433333333333,-56.9756115890669,-59.8777459691038,-56.9848182908719,-57.0170137941953,-59.8981530672832,-56.9934111506965
1.81466666666667,-56.9919820136088,-59.8967953451176,-57.0011833756573,-57.0334592270599,-59.9171883601066,-57.0098042582912
1.815,-57.0083252405458,-59.9158162812307,-57.0175213992977,-57.0498774095988,-59.9361952479133,-57.0261702884299
1.81533333333333,-57.0246413323473,-59.9348088384196,-57.0338324241978,-57.0662684044506,-59.9551737915481,-57.0425093037103
1.81566666666667,-57.04093035129,-59.9537730774654,-57.0501165125692,-57.08263227406,-59.9741240516603,-57.0588213665356
1.816,-57.0571923594582,-59.9727090589538,-57.0663737264304,-57.0989690806782,-59.9930460887048,-57.0751065391153
1.81633333333333,-57.073427418745,-59.9916168432762,-57.0826041276083,-57.1152788863641,-60.0119399629423,-57.0913648834662
1.81666666666667,-57.0896355908526,-60.0104964906303,-57.0988077777382,-57.1315617529849,-60.0308057344405,-57.1075964614123
1.817,-57.1058169372931,-60.0293480610207,-57.1149847382651,-57.1478177422162,-60.0496434630743,-57.1238013345863
1.81733333333333,-57.1219715193892,-60.0481716142599,-57.1311350704436,-57.1640469155437,-60.0684532085271,-57.1399795644299
1.81766666666667,-57.1380993982749,-60.0669672099686,-57.1472588353395,-57.1802493342628,-60.0872350302907,-57.1561312121945
1.818,-57.1542006348961,-60.0857349075767,-57.1633560938298,-57.1964250594801,-60.1059889876668,-57.172256338942
1.81833333333333,-57.1702752900111,-60.1044747663238,-57.1794269066035,-57.2125741521137,-60.1247151397671,-57.1883550055453
1.81866666666667,-57.1863234241919,-60.1231868452601,-57.1954713341625,-57.228696672894,-60.1434135455145,-57.2044272726893
1.819,-57.2023450978241,-60.1418712032467,-57.2114894368221,-57.244792682364,-60.1620842636432,-57.2204732008712
1.81933333333333,-57.218340371108,-60.160527898957,-57.2274812747117,-57.2608622408806,-60.1807273526997,-57.2364928504015
1.81966666666667,-57.2343093040592,-60.1791569908764,-57.2434469077755,-57.2769054086149,-60.1993428710438,-57.2524862814042
1.82,-57.2502519565092,-60.1977585373038,-57.259386395773,-57.2929222455528,-60.2179308768486,-57.2684535538183
1.82033333333333,-57.2661683881062,-60.2163325963521,-57.27529979828,-57.3089128114958,-60.2364914281017,-57.2843947273977
1.82066666666667,-57.2820586583155,-60.2348792259485,-57.291187174689,-57.3248771660617,-60.2550245826056,-57.3003098617119
1.821,-57.2979228264203,-60.2533984838357,-57.3070485842097,-57.3408153686853,-60.2735303979787,-57.3161990161474
1.82133333333333,-57.3137609515226,-60.2718904275721,-57.3228840858702,-57.3567274786186,-60.2920089316555,-57.3320622499075
1.82166666666667,-57.3295730925435,-60.2903551145328,-57.3386937385172,-57.3726135549321,-60.3104602408876,-57.3478996220135
1.822,-57.3453593082237,-60.3087926019101,-57.3544776008166,-57.3884736565151,-60.3288843827444,-57.3637111913052
1.82233333333333,-57.3611196571249,-60.3272029467144,-57.3702357312548,-57.4043078420764,-60.3472814141135,-57.3794970164413
1.82266666666667,-57.3768541976296,-60.3455862057745,-57.3859681881383,-57.420116170145,-60.3656513917016,-57.3952571559007
1.823,-57.3925629879422,-60.3639424357385,-57.4016750295954,-57.4358986990706,-60.3839943720351,-57.4109916679825
1.82333333333333,-57.4082460860897,-60.3822716930745,-57.4173563135762,-57.4516554870246,-60.4023104114607,-57.4267006108068
1.82366666666667,-57.423903549922,-60.4005740340712,-57.4330120978534,-57.4673865920002,-60.4205995661461,-57.4423840423158
1.824,-57.4395354371128,-60.4188495148383,-57.448642440023,-57.4830920718135,-60.4388618920807,-57.4580420202738
1.82433333333333,-57.4551418051601,-60.4370981913077,-57.4642473975049,-57.498771984104,-60.4570974450761,-57.4736746022684
1.82466666666667,-57.4707227113872,-60.4553201192336,-57.4798270275434,-57.5144263863352,-60.475306280767,-57.4892818457106
1.825,-57.4862782129427,-60.4735153541936,-57.4953813872083,-57.5300553357953,-60.4934884546116,-57.5048638078361
1.82533333333333,-57.5018083668014,-60.4916839515889,-57.510910533395,-57.5456588895977,-60.5116440218924,-57.5204205457052
1.82566666666667,-57.5173132297655,-60.5098259666454,-57.5264145228251,-57.5612371046817,-60.5297730377167,-57.535952116204
1.826,-57.5327928584641,-60.527941454414,-57.5418934120478,-57.5767900378133,-60.5478755570174,-57.5514585760449
1.82633333333333,-57.548247309355,-60.5460304697715,-57.5573472574395,-57.5923177455856,-60.5659516345537,-57.566939981767
1.82666666666667,-57.5636766387243,-60.564093067421,-57.5727761152052,-57.6078202844195,-60.5840013249115,-57.5823963897371
1.827,-57.5790809026877,-60.5821293018927,-57.5881800413788,-57.6232977105643,-60.6020246825042,-57.59782785615
1.82733333333333,-57.5944601571911,-60.6001392275445,-57.6035590918236,-57.6387500800985,-60.6200217615731,-57.6132344370294
1.82766666666667,-57.6098144580106,-60.6181228985626,-57.6189133222333,-57.65417744893,-60.6379926161886,-57.6286161882281
1.828,-57.625143860754,-60.6360803689622,-57.6342427881321,-57.6695798727973,-60.65593730025,-57.6439731654292
1.82833333333333,-57.6404484208604,-60.654011692588,-57.649547544876,-57.6849574072695,-60.673855867487,-57.6593054241463
1.82866666666667,-57.655728193602,-60.6719169231149,-57.6648276476527,-57.7003101077475,-60.6917483714596,-57.6746130197243
1.829,-57.6709832340835,-60.6897961140488,-57.6800831514827,-57.7156380294642,-60.7096148655591,-57.68989600734
1.82933333333333,-57.6862135972436,-60.7076493187269,-57.6953141112196,-57.7309412274852,-60.7274554030088,-57.7051544420024
1.82966666666667,-57.7014193378553,-60.7254765903186,-57.710520581551,-57.7462197567095,-60.7452700368643,-57.7203883785539
1.83,-57.7166005105262,-60.7432779818258,-57.7257026169988,-57.7614736718701,-60.7630588200144,-57.7355978716706
1.83033333333333,-57.7317571696996,-60.761053546084,-57.74086027192,-57.7767030275344,-60.7808218051815,-57.7507829758626
1.83066666666667,-57.746889369655,-60.7788033357625,-57.7559936005074,-57.7919078781051,-60.7985590449223,-57.7659437454753
1.831,-57.7619971645082,-60.7965274033651,-57.7711026567899,-57.8070882778207,-60.8162705916286,-57.7810802346891
1.83133333333333,-57.7770806082126,-60.8142258012307,-57.7861874946331,-57.8222442807558,-60.8339564975275,-57.7961924975212
1.83166666666667,-57.7921397545592,-60.8318985815341,-57.8012481677403,-57.8373759408223,-60.8516168146824,-57.8112805878248
1.832,-57.8071746571778,-60.8495457962865,-57.8162847296527,-57.8524833117693,-60.8692515949935,-57.8263445592909
1.83233333333333,-57.822185369537,-60.867167497336,-57.8312972337502,-57.8675664471843,-60.8868608901981,-57.8413844654482
1.83266666666667,-57.8371719449449,-60.8847637363682,-57.8462857332518,-57.8826254004934,-60.9044447518717,-57.856400359664
1.833,-57.8521344365501,-60.902334564907,-57.8612502812164,-57.897660224962,-60.9220032314283,-57.8713922951445
1.83333333333333,-57.8670728973418,-60.9198800343152,-57.8761909305431,-57.9126709736955,-60.939536380121,-57.8863603249358
1.83366666666667,-57.8819873801507,-60.9374001957946,-57.8911077339722,-57.9276576996397,-60.9570442490425,-57.901304501924
1.834,-57.8968779376493,-60.9548951003872,-57.9060007440853,-57.9426204555813,-60.9745268891261,-57.9162248788364
1.83433333333333,-57.9117446223527,-60.9723647989758,-57.9208700133063,-57.957559294149,-60.9919843511458,-57.9311215082415
1.83466666666667,-57.9265874866192,-60.9898093422838,-57.9357155939017,-57.9724742678135,-61.0094166857173,-57.9459944425497
1.835,-57.9414065826507,-61.0072287808768,-57.9505375379813,-57.9873654288882,-61.0268239432984,-57.9608437340142
1.83533333333333,-57.9562019624931,-61.0246231651626,-57.9653358974986,-58.0022328295301,-61.0442061741892,-57.9756694347313
1.83566666666667,-57.9709736780376,-61.0419925453917,-57.9801107242517,-58.01707652174,-61.0615634285337,-57.990471596641
1.836,-57.9857217810203,-61.0593369716585,-57.9948620698835,-58.0318965573632,-61.0788957563191,-58.0052502715276
1.83633333333333,-58.0004463230235,-61.0766564939011,-58.0095899858826,-58.0466929880901,-61.0962032073776,-58.0200055110203
1.83666666666667,-58.015147355476,-61.0939511619024,-58.0242945235836,-58.0614658654567,-61.1134858313859,-58.0347373665938
1.837,-58.0298249296534,-61.1112210252905,-58.0389757341678,-58.0762152408454,-61.1307436778666,-58.0494458895687
1.83733333333333,-58.0444790966794,-61.1284661335394,-58.0536336686636,-58.090941165485,-61.1479767961883,-58.0641311311123
1.83766666666667,-58.0591099075254,-61.1456865359693,-58.0682683779472,-58.105643690452,-61.1651852355665,-58.0787931422389
1.838,-58.0737174130118,-61.1628822817474,-58.0828799127434,-58.1203228666705,-61.1823690450636,-58.0934319738106
1.83833333333333,-58.0883016638081,-61.1800534198886,-58.0974683236256,-58.1349787449132,-61.1995282735904,-58.1080476765377
1.83866666666667,-58.1028627104339,-61.1971999992556,-58.1120336610167,-58.1496113758016,-61.2166629699055,-58.1226403009793
1.839,-58.1174006032588,-61.2143220685598,-58.1265759751896,-58.1642208098071,-61.233773182617,-58.1372098975441
1.83933333333333,-58.1319153925037,-61.231419676362,-58.1410953162677,-58.1788070972507,-61.2508589601823,-58.1517565164902
1.83966666666667,-58.1464071282407,-61.2484928710725,-58.1555917342256,-58.1933702883045,-61.2679203509089,-58.1662802079267
1.84,-58.1608758603941,-61.265541700952,-58.1700652788894,-58.2079104329916,-61.2849574029549,-58.1807810218135
1.84033333333333,-58.1753216387406,-61.2825662141123,-58.1845159999373,-58.2224275811866,-61.3019701643298,-58.1952590079618
1.84066666666667,-58.18974451291,-61.2995664585162,-58.1989439469005,-58.2369217826166,-61.3189586828946,-58.2097142160354
1.841,-58.2041445323858,-61.3165424819788,-58.2133491691631,-58.2513930868616,-61.3359230063629,-58.2241466955504
1.84133333333333,-58.2185217465057,-61.3334943321677,-58.227731715963,-58.2658415433548,-61.352863182301,-58.2385564958761
1.84166666666667,-58.2328762044619,-61.3504220566035,-58.2420916363928,-58.2802672013832,-61.3697792581284,-58.2529436662357
1.842,-58.247207955302,-61.3673257026604,-58.2564289793994,-58.2946701100885,-61.386671281119,-58.2673082557065
1.84233333333333,-58.2615170479294,-61.3842053175668,-58.2707437937855,-58.3090503184669,-61.4035392984007,-58.2816503132206
1.84266666666667,-58.2758035311035,-61.4010609484059,-58.2850361282095,-58.3234078753704,-61.4203833569569,-58.2959698875655
1.843,-58.2900674534408,-61.4178926421161,-58.2993060311862,-58.3377428295071,-61.4372035036263,-58.3102670273844
1.84333333333333,-58.3043088634149,-61.4347004454915,-58.3135535510873,-58.3520552294414,-61.4539997851036,-58.3245417811772
1.84366666666667,-58.3185278093574,-61.4514844051826,-58.3277787361422,-58.3663451235946,-61.4707722479404,-58.3387941973003
1.844,-58.3327243394581,-61.4682445676967,-58.3419816344382,-58.3806125602461,-61.4875209385454,-58.3530243239678
1.84433333333333,-58.3468985017659,-61.4849809793986,-58.3561622939208,-58.3948575875328,-61.5042459031848,-58.3672322092516
1.84466666666667,-58.361050344189,-61.501693686511,-58.370320762395,-58.4090802534507,-61.5209471879834,-58.3814179010821
1.845,-58.3751799144953,-61.5183827351149,-58.3844570875251,-58.4232806058546,-61.5376248389244,-58.3955814472488
1.84533333333333,-58.3892872603135,-61.5350481711505,-58.3985713168354,-58.4374586924591,-61.5542789018505,-58.4097228954007
1.84566666666667,-58.4033724291329,-61.5516900404174,-58.4126634977107,-58.451614560839,-61.5709094224642,-58.4238422930465
1.846,-58.4174354683045,-61.5683083885751,-58.4267336773972,-58.4657482584296,-61.5875164463281,-58.4379396875559
1.84633333333333,-58.431476425041,-61.5849032611438,-58.4407819030023,-58.4798598325275,-61.6041000188661,-58.4520151261592
1.84666666666667,-58.4454953464176,-61.6014747035048,-58.4548082214957,-58.4939493302909,-61.6206601853629,-58.4660686559486
1.847,-58.4594922793726,-61.6180227609008,-58.4688126797096,-58.5080167987403,-61.6371969909656,-58.4801003238782
1.84733333333333,-58.4734672707077,-61.6345474784368,-58.4827953243393,-58.5220622847588,-61.6537104806833,-58.4941101767645
1.84766666666667,-58.4874203670883,-61.6510489010803,-58.4967562019436,-58.5360858350927,-61.6702006993882,-58.5080982612874
1.848,-58.5013516150446,-61.667527073662,-58.5106953589456,-58.550087496352,-61.686667691816,-58.5220646239901
1.84833333333333,-58.5152610609715,-61.683982040876,-58.5246128416327,-58.564067315011,-61.7031115025661,-58.53600931128
1.84866666666667,-58.5291487511294,-61.7004138472808,-58.5385086961575,-58.5780253374084,-61.7195321761024,-58.5499323694289
1.849,-58.5430147316446,-61.7168225372995,-58.5523829685382,-58.5919616097483,-61.735929756754,-58.5638338445738
1.84933333333333,-58.5568590485098,-61.7332081552203,-58.566235704659,-58.6058761781006,-61.752304288715,-58.5777137827171
1.84966666666667,-58.5706817475847,-61.749570745197,-58.5800669502705,-58.6197690884009,-61.7686558160457,-58.5915722297275
1.85,-58.5844828745962,-61.7659103512496,-58.5938767509905,-58.633640386452,-61.7849843826729,-58.6054092313399
1.85033333333333,-58.5982624751391,-61.7822270172648,-58.6076651523043,-58.6474901179234,-61.80129003239,-58.6192248331564
1.85066666666667,-58.6120205946767,-61.7985207869964,-58.6214321995652,-58.6613183283524,-61.8175728088583,-58.6330190806466
1.851,-58.6257572785409,-61.8147917040658,-58.6351779379947,-58.6751250631445,-61.8338327556066,-58.646792019148
1.85133333333333,-58.6394725719332,-61.8310398119627,-58.6489024126836,-58.6889103675735,-61.8500699160324,-58.6605436938665
1.85166666666667,-58.6531665199244,-61.8472651540451,-58.662605668592,-58.7026742867825,-61.8662843334019,-58.6742741498772
1.852,-58.6668391674561,-61.8634677735405,-58.6762877505497,-58.716416865784,-61.8824760508509,-58.6879834321245
1.85233333333333,-58.6804905593402,-61.8796477135458,-58.6899487032571,-58.7301381494607,-61.8986451113849,-58.7016715854224
1.85266666666667,-58.69412074026,-61.8958050170279,-58.7035885712855,-58.7438381825656,-61.9147915578798,-58.7153386544557
1.853,-58.7077297547704,-61.9119397268245,-58.7172073990772,-58.7575170097227,-61.9309154330824,-58.72898468378
1.85333333333333,-58.7213176472985,-61.9280518856442,-58.7308052309466,-58.7711746754275,-61.9470167796107,-58.7426097178218
1.85366666666667,-58.7348844621438,-61.9441415360672,-58.7443821110802,-58.7848112240473,-61.9630956399547,-58.7562138008798
1.854,-58.7484302434791,-61.9602087205456,-58.7579380835372,-58.7984266998218,-61.9791520564766,-58.7697969771248
1.85433333333333,-58.7619550353506,-61.9762534814042,-58.7714731922499,-58.8120211468636,-61.9951860714113,-58.7833592906004
1.85466666666667,-58.7754588816783,-61.9922758608406,-58.7849874810244,-58.8255946091584,-62.011197726867,-58.7969007852232
1.855,-58.7889418262571,-62.0082759009258,-58.7984809935409,-58.8391471305659,-62.0271870648254,-58.8104215047837
1.85533333333333,-58.8024039127562,-62.0242536436049,-58.8119537733539,-58.8526787548198,-62.0431541271428,-58.8239214929462
1.85566666666667,-58.8158451847207,-62.0402091306972,-58.8254058638932,-58.8661895255287,-62.0590989555496,-58.8374007932498
1.856,-58.8292656855712,-62.0561424038969,-58.8388373084638,-58.879679486176,-62.0750215916519,-58.8508594491086
1.85633333333333,-58.8426654586045,-62.0720535047736,-58.8522481502467,-58.8931486801209,-62.0909220769307,-58.8642975038119
1.85666666666667,-58.8560445469943,-62.0879424747727,-58.8656384322994,-58.9065971505987,-62.1068004527437,-58.8777150005252
1.857,-58.8694029937912,-62.1038093552155,-58.8790081975561,-58.9200249407209,-62.1226567603247,-58.8911119822904
1.85733333333333,-58.8827408419237,-62.1196541873005,-58.8923574888281,-58.9334320934763,-62.1384910407844,-58.904488492026
1.85766666666667,-58.8960581341981,-62.135477012103,-58.9056863488047,-58.9468186517307,-62.1543033351113,-58.9178445725279
1.858,-58.9093549132993,-62.1512778705761,-58.9189948200531,-58.960184658228,-62.1700936841713,-58.9311802664698
1.85833333333333,-58.922631221791,-62.1670568035508,-58.9322829450192,-58.9735301555902,-62.1858621287091,-58.9444956164033
1.85866666666667,-58.9358871021163,-62.1828138517369,-58.9455507660278,-58.9868551863182,-62.2016087093477,-58.957790664759
1.859,-58.9491225965982,-62.1985490557229,-58.9587983252833,-59.0001597927917,-62.2173334665897,-58.9710654538461
1.85933333333333,-58.9623377474398,-62.214262455977,-58.9720256648699,-59.0134440172703,-62.2330364408172,-58.9843200258535
1.85966666666667,-58.975532596725,-62.229954092847,-58.9852328267523,-59.0267079018936,-62.2487176722925,-58.9975544228502
1.86,-58.9887071864186,-62.2456240065612,-58.9984198527757,-59.0399514886815,-62.2643772011584,-59.0107686867853
1.86033333333333,-59.0018615583671,-62.2612722372287,-59.0115867846667,-59.0531748195349,-62.2800150674388,-59.0239628594886
1.86066666666667,-59.014995754299,-62.2768988248398,-59.0247336640334,-59.0663779362361,-62.295631311039,-59.0371369826715
1.861,-59.0281098158248,-62.2925038092663,-59.0378605323661,-59.0795608804488,-62.3112259717462,-59.0502910979267
1.86133333333333,-59.0412037844384,-62.3080872302624,-59.0509674310374,-59.0927236937194,-62.32679908923,-59.0634252467292
1.86166666666667,-59.0542777015164,-62.3236491274645,-59.0640544013029,-59.1058664174765,-62.3423507030426,-59.0765394704363
1.862,-59.0673316083194,-62.3391895403923,-59.0771214843016,-59.1189890930319,-62.3578808526198,-59.0896338102885
1.86233333333333,-59.0803655459919,-62.3547085084487,-59.090168721056,-59.1320917615809,-62.3733895772806,-59.1027083074094
1.86266666666667,-59.0933795555629,-62.3702060709206,-59.1031961524731,-59.1451744642025,-62.3888769162284,-59.1157630028066
1.863,-59.1063736779464,-62.385682266979,-59.1162038193442,-59.1582372418602,-62.4043429085509,-59.1287979373717
1.86333333333333,-59.1193479539417,-62.4011371356798,-59.1291917623458,-59.1712801354021,-62.4197875932209,-59.141813151881
1.86366666666667,-59.1323024242338,-62.4165707159639,-59.1421600220397,-59.1843031855614,-62.4352110090965,-59.1548086869959
1.864,-59.1452371293939,-62.4319830466578,-59.1551086388736,-59.197306432957,-62.4506131949217,-59.1677845832632
1.86433333333333,-59.1581521098796,-62.4473741664742,-59.1680376531813,-59.2102899180936,-62.4659941893265,-59.1807408811155
1.86466666666667,-59.1710474060358,-62.4627441140119,-59.1809471051834,-59.2232536813624,-62.4813540308277,-59.1936776208718
1.865,-59.1839230580945,-62.4780929277568,-59.1938370349876,-59.2361977630414,-62.4966927578292,-59.2065948427376
1.86533333333333,-59.1967791061755,-62.4934206460818,-59.2067074825888,-59.2491222032955,-62.5120104086223,-59.2194925868058
1.86566666666667,-59.209615590287,-62.5087273072479,-59.2195584878701,-59.2620270421777,-62.5273070213863,-59.2323708930565
1.866,-59.2224325503256,-62.5240129494037,-59.2323900906027,-59.2749123196286,-62.5425826341887,-59.2452298013578
1.86633333333333,-59.235230026077,-62.5392776105866,-59.2452023304465,-59.2877780754773,-62.5578372849858,-59.2580693514663
1.86666666666667,-59.2480080572162,-62.5545213287231,-59.2579952469504,-59.3006243494419,-62.573071011623,-59.270889583027
1.867,-59.2607666833079,-62.5697441416286,-59.270768879553,-59.3134511811294,-62.5882838518355,-59.2836905355742
1.86733333333333,-59.2735059438074,-62.5849460870088,-59.2835232675824,-59.3262586100367,-62.6034758432482,-59.2964722485318
1.86766666666667,-59.2862258780602,-62.600127202459,-59.2962584502574,-59.3390466755506,-62.6186470233764,-59.3092347612134
1.868,-59.2989265253028,-62.6152875254655,-59.3089744666871,-59.3518154169482,-62.6337974296263,-59.321978112823
1.86833333333333,-59.3116079246632,-62.6304270934055,-59.3216713558719,-59.3645648733976,-62.6489270992954,-59.3347023424553
1.86866666666667,-59.3242701151611,-62.6455459435475,-59.3343491567036,-59.377295083958,-62.6640360695725,-59.3474074890963
1.869,-59.3369131357085,-62.6606441130518,-59.3470079079656,-59.3900060875801,-62.6791243775387,-59.3600935916231
1.86933333333333,-59.3495370251096,-62.675721638971,-59.3596476483339,-59.4026979231067,-62.6941920601674,-59.372760688805
1.86966666666667,-59.3621418220618,-62.6907785582501,-59.3722684163769,-59.415370629273,-62.7092391543246,-59.3854088193034
1.87,-59.3747275651557,-62.7058149077275,-59.3848702505559,-59.4280242447068,-62.7242656967699,-59.3980380216724
1.87033333333333,-59.3872942928757,-62.7208307241346,-59.3974531892257,-59.4406588079291,-62.7392717241563,-59.4106483343592
1.87066666666667,-59.3998420436001,-62.7358260440966,-59.410017270635,-59.4532743573544,-62.7542572730307,-59.4232397957043
1.871,-59.4123708556016,-62.7508009041333,-59.4225625329263,-59.4658709312912,-62.7692223798345,-59.4358124439421
1.87133333333333,-59.424880767048,-62.7657553406586,-59.435089014137,-59.4784485679422,-62.7841670809038,-59.4483663172012
1.87166666666667,-59.4373718160022,-62.7806893899817,-59.447596752199,-59.4910073054047,-62.7990914124702,-59.4609014535047
1.872,-59.4498440404224,-62.795603088307,-59.4600857849399,-59.5035471816713,-62.8139954106604,-59.4734178907706
1.87233333333333,-59.4622974781632,-62.8104964717347,-59.4725561500825,-59.5160682346296,-62.8288791114974,-59.4859156668124
1.87266666666667,-59.4747321669752,-62.8253695762611,-59.485007885246,-59.5285705020633,-62.8437425509003,-59.498394819339
1.873,-59.4871481445058,-62.8402224377793,-59.4974410279457,-59.5410540216523,-62.858585764685,-59.5108553859558
1.87333333333333,-59.4995454482994,-62.8550550920789,-59.509855615594,-59.5535188309728,-62.8734087885647,-59.5232974041643
1.87366666666667,-59.511924115798,-62.869867574847,-59.5222516855,-59.5659649674981,-62.8882116581499,-59.5357209113628
1.874,-59.5242841843411,-62.8846599216684,-59.5346292748706,-59.5783924685986,-62.9029944089489,-59.5481259448469
1.87433333333333,-59.5366256911668,-62.899432168026,-59.5469884208105,-59.5908013715426,-62.9177570763685,-59.5605125418099
1.87466666666667,-59.5489486734112,-62.914184349301,-59.5593291603225,-59.6031917134961,-62.9324996957138,-59.5728807393426
1.875,-59.5612531681098,-62.9289165007736,-59.5716515303082,-59.6155635315236,-62.9472223021892,-59.5852305744345
1.87533333333333,-59.5735392121969,-62.9436286576229,-59.583955567568,-59.6279168625886,-62.9619249308984,-59.5975620839734
1.87566666666667,-59.5858068425067,-62.9583208549279,-59.5962413088017,-59.6402517435532,-62.9766076168448,-59.6098753047463
1.876,-59.5980560957733,-62.9729931276673,-59.6085087906087,-59.6525682111794,-62.991270394932,-59.6221702734396
1.87633333333333,-59.610287008631,-62.9876455107202,-59.6207580494883,-59.6648663021288,-63.0059132999639,-59.6344470266392
1.87666666666667,-59.6224996176149,-63.0022780388665,-59.6329891218405,-59.6771460529631,-63.0205363666455,-59.6467056008313
1.877,-59.6346939591611,-63.016890746787,-59.6452020439658,-59.6894075001448,-63.035139629583,-59.6589460324024
1.87733333333333,-59.6468700696072,-63.0314836690638,-59.6573968520657,-59.7016506800369,-63.0497231232841,-59.6711683576399
1.87766666666667,-59.6590279851922,-63.0460568401811,-59.6695735822435,-59.7138756289041,-63.0642868821585,-59.6833726127322
1.878,-59.6711677420574,-63.0606102945251,-59.6817322705039,-59.7260823829124,-63.0788309405182,-59.6955588337692
1.87833333333333,-59.6832893762467,-63.0751440663845,-59.693872952754,-59.7382709781296,-63.0933553325781,-59.7077270567428
1.87866666666667,-59.6953929237064,-63.0896581899508,-59.7059956648033,-59.7504414505262,-63.1078600924559,-59.719877317547
1.879,-59.7074784202863,-63.104152699319,-59.718100442364,-59.762593835975,-63.1223452541727,-59.7320096519782
1.87933333333333,-59.7195459017392,-63.1186276284873,-59.7301873210517,-59.7747281702519,-63.1368108516537,-59.744124095736
1.87966666666667,-59.7315954037222,-63.1330830113582,-59.7422563363853,-59.7868444890361,-63.1512569187279,-59.7562206844229
1.88,-59.7436269617962,-63.1475188817383,-59.7543075237878,-59.7989428279106,-63.1656834891288,-59.7682994535452
1.88033333333333,-59.7556406114268,-63.1619352733391,-59.7663409185861,-59.8110232223622,-63.1800905964949,-59.780360438513
1.88066666666667,-59.7676363879842,-63.1763322197768,-59.778356556012,-59.8230857077822,-63.1944782743699,-59.7924036746406
1.881,-59.779614326744,-63.1907097545733,-59.7903544712018,-59.8351303194666,-63.2088465562029,-59.8044291971471
1.88133333333333,-59.7915744628872,-63.205067911156,-59.8023346991973,-59.8471570926162,-63.223195475349,-59.8164370411563
1.88166666666667,-59.8035168315005,-63.2194067228584,-59.8142972749457,-59.8591660623376,-63.2375250650694,-59.8284272416974
1.882,-59.815441467577,-63.2337262229206,-59.8262422333002,-59.8711572636426,-63.2518353585321,-59.8403998337053
1.88233333333333,-59.8273484060161,-63.2480264444892,-59.83816960902,-59.8831307314495,-63.266126388812,-59.8523548520205
1.88266666666667,-59.8392376816242,-63.2623074206182,-59.850079436771,-59.8950865005826,-63.280398188891,-59.8642923313902
1.883,-59.8511093291146,-63.2765691842688,-59.861971751126,-59.9070246057731,-63.2946507916589,-59.8762123064678
1.88333333333333,-59.8629633831083,-63.29081176831,-59.8738465865649,-59.9189450816592,-63.3088842299135,-59.8881148118139
1.88366666666667,-59.8747998781341,-63.3050352055194,-59.8857039774753,-59.9308479627864,-63.3230985363608,-59.8999998818962
1.884,-59.8866188486288,-63.3192395285825,-59.8975439581524,-59.942733283608,-63.3372937436154,-59.9118675510902
1.88433333333333,-59.8984203289378,-63.333424770094,-59.9093665627997,-59.9546010784852,-63.3514698842011,-59.923717853679
1.88466666666667,-59.9102043533152,-63.3475909625575,-59.9211718255293,-59.9664513816875,-63.3656269905506,-59.9355508238542
1.885,-59.9219709559242,-63.3617381383864,-59.9329597803621,-59.9782842273932,-63.3797650950068,-59.9473664957158
1.88533333333333,-59.9337201708374,-63.3758663299038,-59.9447304612279,-59.9900996496896,-63.3938842298223,-59.9591649032728
1.88566666666667,-59.9454520320373,-63.3899755693428,-59.9564839019663,-60.0018976825731,-63.4079844271599,-59.9709460804433
1.886,-59.9571665734161,-63.4040658888473,-59.9682201363265,-60.0136783599498,-63.4220657190934,-59.982710061055
1.88633333333333,-59.9688638287767,-63.4181373204718,-59.9799391979678,-60.0254417156359,-63.4361281376073,-59.9944568788453
1.88666666666667,-59.9805438318327,-63.4321898961822,-59.99164112046,-60.0371877833578,-63.4501717145977,-60.006186567462
1.887,-59.9922066162084,-63.4462236478556,-60.0033259372835,-60.0489165967522,-63.464196481872,-60.0178991604632
1.88733333333333,-60.0038522154398,-63.4602386072812,-60.0149936818299,-60.0606281893671,-63.4782024711499,-60.0295946913178
1.88766666666667,-60.0154806629741,-63.4742348061602,-60.026644387402,-60.0723225946614,-63.4921897140631,-60.0412731934057
1.888,-60.0270919921708,-63.4882122761064,-60.0382780872144,-60.0839998460056,-63.5061582421564,-60.0529347000185
1.88833333333333,-60.0386862363014,-63.5021710486462,-60.0498948143935,-60.0956599766822,-63.520108086887,-60.0645792443593
1.88866666666667,-60.0502634285502,-63.5161111552193,-60.0614946019782,-60.1073030198854,-63.5340392796257,-60.0762068595432
1.889,-60.061823602014,-63.5300326271787,-60.0730774829199,-60.1189290087224,-63.5479518516568,-60.0878175785978
1.88933333333333,-60.073366789703,-63.5439354957914,-60.0846434900827,-60.1305379762128,-63.5618458341786,-60.0994114344632
1.88966666666667,-60.0848930245409,-63.5578197922383,-60.0961926562443,-60.1421299552892,-63.5757212583036,-60.1109884599926
1.89,-60.0964023393651,-63.5716855476147,-60.1077250140955,-60.1537049787977,-63.5895781550587,-60.1225486879522
1.89033333333333,-60.107894766927,-63.5855327929307,-60.1192405962412,-60.1652630794982,-63.6034165553858,-60.1340921510221
1.89066666666667,-60.1193703398924,-63.5993615591114,-60.1307394352002,-60.1768042900643,-63.6172364901421,-60.1456188817961
1.891,-60.1308290908418,-63.6131718769972,-60.1422215634058,-60.1883286430839,-63.6310379901001,-60.157128912782
1.89133333333333,-60.1422710522706,-63.6269637773444,-60.1536870132061,-60.1998361710598,-63.6448210859482,-60.1686222764023
1.89166666666667,-60.1536962565896,-63.640737290825,-60.1651358168639,-60.2113269064091,-63.6585858082909,-60.1800990049942
1.892,-60.165104736125,-63.6544924480274,-60.1765680065576,-60.2228008814646,-63.672332187649,-60.1915591308098
1.89233333333333,-60.1764965231189,-63.6682292794565,-60.1879836143811,-60.2342581284742,-63.6860602544603,-60.2030026860168
1.89266666666667,-60.1878716497297,-63.6819478155344,-60.1993826723441,-60.2456986796017,-63.6997700390796,-60.2144297026985
1.893,-60.1992301480319,-63.6956480866001,-60.2107652123726,-60.257122566927,-63.7134615717788,-60.2258402128538
1.89333333333333,-60.2105720500169,-63.7093301229102,-60.222131266309,-60.2685298224463,-63.7271348827477,-60.2372342483984
1.89366666666667,-60.2218973875933,-63.7229939546393,-60.2334808659124,-60.2799204780722,-63.740790002094,-60.248611841164
1.894,-60.2332061925867,-63.73663961188,-60.2448140428591,-60.2912945656346,-63.7544269598437,-60.2599730228995
1.89433333333333,-60.2444984967404,-63.7502671246432,-60.2561308287426,-60.3026521168804,-63.7680457859413,-60.2713178252706
1.89466666666667,-60.2557743317157,-63.7638765228587,-60.267431255074,-60.313993163474,-63.7816465102502,-60.2826462798607
1.895,-60.2670337290919,-63.7774678363754,-60.2787153532826,-60.3253177369976,-63.7952291625531,-60.2939584181706
1.89533333333333,-60.2782767203667,-63.7910410949614,-60.2899831547155,-60.3366258689516,-63.8087937725518,-60.3052542716193
1.89566666666667,-60.2895033369567,-63.8045963283044,-60.3012346906384,-60.3479175907545,-63.8223403698684,-60.3165338715437
1.896,-60.3007136101974,-63.8181335660123,-60.312469992236,-60.3591929337437,-63.8358689840446,-60.3277972491997
1.89633333333333,-60.3119075713436,-63.8316528376128,-60.3236890906118,-60.3704519291753,-63.8493796445427,-60.3390444357617
1.89666666666667,-60.3230852515697,-63.8451541725546,-60.3348920167885,-60.3816946082248,-63.8628723807457,-60.3502754623232
1.897,-60.33424668197,-63.8586376002069,-60.3460788017088,-60.3929210019871,-63.8763472219572,-60.3614903598972
1.89733333333333,-60.3453918935587,-63.87210314986,-60.3572494762348,-60.4041311414768,-63.8898041974025,-60.3726891594163
1.89766666666667,-60.3565209172706,-63.8855508507258,-60.3684040711492,-60.4153250576287,-63.9032433362282,-60.383871891733
1.898,-60.3676337839611,-63.8989807319378,-60.3795426171549,-60.4265027812976,-63.9166646675027,-60.3950385876201
1.89833333333333,-60.3787305244066,-63.9123928225514,-60.3906651448754,-60.4376643432593,-63.9300682202165,-60.4061892777707
1.89866666666667,-60.3898111693046,-63.9257871515443,-60.4017716848554,-60.4488097742103,-63.9434540232825,-60.4173239927989
1.899,-60.4008757492743,-63.9391637478169,-60.4128622675607,-60.4599391047681,-63.9568221055365,-60.4284427632396
1.89933333333333,-60.4119242948563,-63.9525226401923,-60.4239369233787,-60.4710523654717,-63.9701724957369,-60.4395456195492
1.89966666666667,-60.4229568365137,-63.9658638574168,-60.4349956826186,-60.4821495867819,-63.9835052225657,-60.4506325921056
1.9,-60.4339734046315,-63.9791874281601,-60.4460385755116,-60.4932307990813,-63.9968203146283,-60.4617037112084
1.90033333333333,-60.4449740295175,-63.9924933810155,-60.4570656322112,-60.5042960326749,-64.0101178004538,-60.4727590070795
1.90066666666667,-60.4559587414021,-64.0057817445004,-60.4680768827935,-60.5153453177899,-64.0233977084955,-60.4837985098632
1.901,-60.4669275704392,-64.0190525470564,-60.4790723572577,-60.5263786845767,-64.0366600671312,-60.4948222496262
1.90133333333333,-60.4778805467055,-64.0323058170496,-60.4900520855257,-60.5373961631082,-64.0499049046631,-60.5058302563585
1.90166666666667,-60.4888177002019,-64.0455415827711,-60.5010160974431,-60.548397783381,-64.0631322493186,-60.5168225599728
1.902,-60.4997390608527,-64.058759872437,-60.5119644227791,-60.5593835753151,-64.0763421292502,-60.5277991903057
1.90233333333333,-60.5106446585067,-64.0719607141885,-60.5228970912267,-60.5703535687543,-64.0895345725357,-60.5387601771173
1.90266666666667,-60.5215345229368,-64.0851441360929,-60.5338141324032,-60.5813077934664,-64.1027096071791,-60.5497055500915
1.903,-60.5324086838409,-64.0983101661432,-60.5447155758503,-60.5922462791439,-64.1158672611101,-60.5606353388367
1.90333333333333,-60.5432671708415,-64.1114588322584,-60.5556014510344,-60.6031690554033,-64.1290075621849,-60.5715495728857
1.90366666666667,-60.5541100134865,-64.1245901622845,-60.5664717873467,-60.6140761517866,-64.142130538186,-60.582448281696
1.904,-60.5649372412491,-64.1377041839936,-60.5773266141039,-60.6249675977604,-64.1552362168231,-60.5933314946502
1.90433333333333,-60.5757488835283,-64.1508009250854,-60.5881659605478,-60.635843422717,-64.1683246257327,-60.6041992410559
1.90466666666667,-60.586544969649,-64.1638804131863,-60.5989898558463,-60.6467036559741,-64.1813957924791,-60.6150515501465
1.905,-60.5973255288622,-64.1769426758509,-60.6097983290929,-60.6575483267755,-64.1944497445539,-60.625888451081
1.90533333333333,-60.6080905903455,-64.1899877405609,-60.6205914093076,-60.6683774642909,-64.2074865093768,-60.6367099729446
1.90566666666667,-60.618840183203,-64.2030156347267,-60.6313691254368,-60.6791910976166,-64.2205061142956,-60.6475161447486
1.906,-60.6295743364661,-64.2160263856867,-60.6421315063535,-60.6899892557755,-64.2335085865867,-60.6583069954308
1.90633333333333,-60.6402930790929,-64.229020020708,-60.6528785808579,-60.7007719677171,-64.246493953455,-60.6690825538559
1.90666666666667,-60.6509964399694,-64.2419965669866,-60.6636103776771,-60.7115392623185,-64.2594622420347,-60.6798428488156
1.907,-60.6616844479089,-64.2549560516477,-60.6743269254661,-60.7222911683838,-64.2724134793889,-60.6905879090288
1.90733333333333,-60.6723571316531,-64.2678985017456,-60.6850282528071,-60.7330277146449,-64.2853476925104,-60.701317763142
1.90766666666667,-60.6830145198714,-64.2808239442647,-60.6957143882108,-60.7437489297617,-64.2982649083219,-60.7120324397293
1.908,-60.6936566411618,-64.2937324061189,-60.7063853601157,-60.7544548423221,-64.3111651536757,-60.7227319672931
1.90833333333333,-60.7042835240512,-64.3066239141527,-60.7170411968889,-60.7651454808422,-64.324048455355,-60.7334163742639
1.90866666666667,-60.7148951969951,-64.3194984951405,-60.7276819268262,-60.7758208737669,-64.3369148400729,-60.7440856890005
1.909,-60.7254916883782,-64.332356175788,-60.7383075781523,-60.7864810494701,-64.3497643344737,-60.7547399397909
1.90933333333333,-60.7360730265147,-64.3451969827313,-60.7489181790211,-60.7971260362545,-64.3625969651327,-60.7653791548516
1.90966666666667,-60.7466392396484,-64.3580209425381,-60.759513757516,-60.8077558623524,-64.3754127585565,-60.7760033623286
1.91,-60.7571903559528,-64.3708280817073,-60.7700943416499,-60.8183705559254,-64.388211741183,-60.7866125902973
1.91033333333333,-60.7677264035318,-64.3836184266697,-60.7806599593656,-60.8289701450651,-64.4009939393823,-60.7972068667627
1.91066666666667,-60.7782474104194,-64.3963920037878,-60.7912106385361,-60.8395546577932,-64.4137593794564,-60.80778621966
1.911,-60.7887534045803,-64.4091488393566,-60.8017464069649,-60.8501241220616,-64.4265080876395,-60.8183506768544
1.91133333333333,-60.7992444139099,-64.4218889596035,-60.8122672923857,-60.8606785657527,-64.4392400900986,-60.8289002661414
1.91166666666667,-60.8097204662347,-64.4346123906883,-60.8227733224634,-60.8712180166797,-64.4519554129333,-60.8394350152473
1.912,-60.8201815893125,-64.4473191587042,-60.833264524794,-60.881742502587,-64.4646540821763,-60.8499549518294
1.91233333333333,-60.8306278108325,-64.4600092896774,-60.8437409269044,-60.8922520511497,-64.4773361237937,-60.8604601034757
1.91266666666667,-60.8410591584158,-64.4726828095674,-60.8542025562533,-60.902746689975,-64.4900015636851,-60.870950497706
1.913,-60.8514756596153,-64.4853397442677,-60.8646494402314,-60.9132264466014,-64.5026504276838,-60.8814261619714
1.91333333333333,-60.8618773419163,-64.4979801196054,-60.8750816061608,-60.9236913484993,-64.5152827415574,-60.891887123655
1.91366666666667,-60.8722642327362,-64.5106039613422,-60.8854990812964,-60.9341414230715,-64.5278985310074,-60.9023334100716
1.914,-60.8826363594254,-64.5232112951738,-60.8959018928251,-60.9445766976531,-64.5404978216703,-60.9127650484687
1.91433333333333,-60.8929937492669,-64.5358021467308,-60.9062900678668,-60.9549971995116,-64.5530806391168,-60.9231820660259
1.91466666666667,-60.903336429477,-64.5483765415787,-60.9166636334742,-60.9654029558476,-64.5656470088531,-60.9335844898558
1.915,-60.9136644272052,-64.5609345052181,-60.927022616633,-60.9757939937946,-64.5781969563204,-60.9439723470039
1.91533333333333,-60.9239777695345,-64.573476063085,-60.9373670442624,-60.9861703404196,-64.5907305068954,-60.9543456644487
1.91566666666667,-60.9342764834819,-64.586001240551,-60.9476969432151,-60.9965320227228,-64.6032476858906,-60.9647044691022
1.916,-60.9445605959981,-64.5985100629236,-60.9580123402776,-61.0068790676384,-64.6157485185543,-60.97504878781
1.91633333333333,-60.9548301339682,-64.6110025554463,-60.9683132621705,-61.0172115020344,-64.6282330300712,-60.9853786473517
1.91666666666667,-60.9650851242116,-64.623478743299,-60.9785997355485,-61.027529352713,-64.6407012455624,-60.9956940744406
1.917,-60.9753255934826,-64.6359386515984,-60.9888717870009,-61.0378326464109,-64.6531531900854,-61.0059950957246
1.91733333333333,-60.9855515684701,-64.6483823053975,-60.9991294430516,-61.0481214097993,-64.6655888886349,-61.016281737786
1.91766666666667,-60.9957630757981,-64.6608097296867,-61.0093727301593,-61.0583956694844,-64.6780083661425,-61.0265540271417
1.918,-61.0059601420261,-64.6732209493936,-61.0196016747179,-61.0686554520072,-64.6904116474774,-61.0368119902438
1.91833333333333,-61.016142793649,-64.6856159893832,-61.0298163030568,-61.0789007838442,-64.7027987574462,-61.0470556534793
1.91866666666667,-61.0263110570974,-64.6979948744583,-61.0400166414407,-61.0891316914072,-64.7151697207933,-61.0572850431707
1.919,-61.0364649587379,-64.7103576293597,-61.0502027160702,-61.099348201044,-64.7275245622013,-61.0675001855759
1.91933333333333,-61.0466045248731,-64.7227042787662,-61.0603745530817,-61.109550339038,-64.7398633062909,-61.077701106889
1.91966666666667,-61.0567297817423,-64.7350348472952,-61.0705321785479,-61.1197381316088,-64.7521859776215,-61.0878878332396
1.92,-61.066840755521,-64.7473493595027,-61.0806756184781,-61.1299116049125,-64.764492600691,-61.0980603906939
1.92033333333333,-61.0769374723218,-64.7596478398835,-61.0908048988178,-61.1400707850416,-64.7767831999364,-61.1082188052544
1.92066666666667,-61.0870199581941,-64.7719303128715,-61.1009200454495,-61.1502156980255,-64.7890577997339,-61.1183631028602
1.921,-61.0970882391247,-64.7841968028399,-61.111021084193,-61.1603463698305,-64.8013164243989,-61.1284933093874
1.92133333333333,-61.1071423410375,-64.7964473341014,-61.1211080408048,-61.17046282636,-64.8135590981867,-61.1386094506491
1.92166666666667,-61.1171822897944,-64.8086819309087,-61.1311809409794,-61.1805650934551,-64.8257858452922,-61.1487115523956
1.922,-61.127208111195,-64.8209006174541,-61.1412398103485,-61.190653196894,-64.8379966898505,-61.1587996403148
1.92233333333333,-61.1372198309767,-64.8331034178704,-61.151284674482,-61.2007271623933,-64.8501916559371,-61.1688737400321
1.92266666666667,-61.1472174748155,-64.8452903562306,-61.1613155588876,-61.2107870156071,-64.8623707675676,-61.178933877111
1.923,-61.1572010683255,-64.8574614565485,-61.1713324890115,-61.2208327821281,-64.8745340486988,-61.1889800770531
1.92333333333333,-61.1671706370599,-64.8696167427787,-61.1813354902381,-61.2308644874871,-64.8866815232281,-61.1990123652981
1.92366666666667,-61.1771262065102,-64.8817562388169,-61.1913245878908,-61.2408821571539,-64.8988132149943,-61.2090307672245
1.924,-61.1870678021074,-64.8938799685,-61.2012998072317,-61.2508858165369,-64.9109291477774,-61.2190353081492
1.92433333333333,-61.1969954492216,-64.9059879556065,-61.211261173462,-61.2608754909835,-64.923029345299,-61.2290260133283
1.92466666666667,-61.2069091731622,-64.9180802238565,-61.2212087117221,-61.2708512057805,-64.9351138312226,-61.2390029079568
1.925,-61.2168089991784,-64.9301567969122,-61.2311424470921,-61.280812986154,-64.9471826291536,-61.2489660171691
1.92533333333333,-61.2266949524594,-64.9422176983778,-61.2410624045915,-61.2907608572697,-64.9592357626399,-61.2589153660392
1.92566666666667,-61.2365670581341,-64.9542629517999,-61.2509686091799,-61.3006948442335,-64.9712732551714,-61.2688509795806
1.926,-61.246425341272,-64.9662925806677,-61.260861085757,-61.3106149720908,-64.983295130181,-61.278772882747
1.92633333333333,-61.2562698268827,-64.9783066084133,-61.2707398591625,-61.3205212658276,-64.9953014110445,-61.2886811004319
1.92666666666667,-61.2661005399167,-64.9903050584115,-61.2806049541769,-61.3304137503702,-65.0072921210804,-61.2985756574693
1.927,-61.2759175052651,-65.0022879539805,-61.2904563955212,-61.3402924505856,-65.0192672835509,-61.3084565786338
1.92733333333333,-61.2857207477603,-65.0142553183819,-61.3002942078572,-61.3501573912816,-65.0312269216614,-61.3183238886404
1.92766666666667,-61.2955102921758,-65.0262071748209,-61.3101184157879,-61.3600085972069,-65.0431710585613,-61.3281776121452
1.928,-61.3052861632263,-65.0381435464464,-61.3199290438575,-61.3698460930515,-65.0550997173435,-61.3380177737453
1.92833333333333,-61.3150483855684,-65.0500644563516,-61.3297261165516,-61.3796699034469,-65.0670129210453,-61.3478443979793
1.92866666666667,-61.3247969838004,-65.0619699275738,-61.3395096582975,-61.3894800529659,-65.0789106926483,-61.3576575093268
1.929,-61.3345319824624,-65.0738599830946,-61.3492796934641,-61.3992765661235,-65.0907930550785,-61.3674571322096
1.92933333333333,-61.3442534060369,-65.0857346458404,-61.3590362463627,-61.4090594673763,-65.1026600312068,-61.3772432909909
1.92966666666667,-61.3539612789486,-65.0975939386824,-61.3687793412466,-61.4188287811233,-65.1145116438488,-61.3870160099763
1.93,-61.363655625565,-65.109437884437,-61.3785090023113,-61.4285845317057,-65.1263479157655,-61.3967753134135
1.93033333333333,-61.373336470196,-65.1212665058655,-61.3882252536953,-61.4383267434073,-65.1381688696629,-61.4065212254924
1.93066666666667,-61.3830038370946,-65.1330798256751,-61.3979281194794,-61.4480554404547,-65.1499745281929,-61.4162537703458
1.931,-61.3926577504569,-65.1448778665182,-61.4076176236877,-61.4577706470174,-65.1617649139529,-61.4259729720493
1.93133333333333,-61.4022982344221,-65.1566606509935,-61.4172937902873,-61.4674723872078,-65.1735400494861,-61.4356788546212
1.93166666666667,-61.4119253130733,-65.1684282016453,-61.4269566431887,-61.4771606850819,-65.1852999572823,-61.4453714420232
1.932,-61.4215390104368,-65.1801805409646,-61.4366062062458,-61.486835564639,-65.1970446597771,-61.4550507581603
1.93233333333333,-61.4311393504829,-65.1919176913884,-61.4462425032563,-61.4964970498221,-65.208774179353,-61.464716826881
1.93266666666667,-61.4407263571261,-65.2036396753008,-61.4558655579616,-61.5061451645179,-65.2204885383389,-61.4743696719776
1.933,-61.4503000542248,-65.2153465150323,-61.4654753940474,-61.5157799325573,-65.232187759011,-61.4840093171862
1.93333333333333,-61.459860465582,-65.2270382328608,-61.4750720351435,-61.5254013777154,-65.2438718635923,-61.493635786187
1.93366666666667,-61.4694076149452,-65.2387148510111,-61.484655504824,-61.5350095237116,-65.2555408742532,-61.5032491026045
1.934,-61.4789415260066,-65.2503763916557,-61.4942258266079,-61.5446043942099,-65.2671948131116,-61.5128492900076
1.93433333333333,-61.4884622224034,-65.2620228769146,-61.5037830239587,-61.554186012819,-65.2788337022332,-61.5224363719099
1.93466666666667,-61.4979697277177,-65.2736543288555,-61.5133271202851,-61.5637544030927,-65.2904575636312,-61.5320103717697
1.935,-61.5074640654772,-65.2852707694943,-61.5228581389406,-61.5733095885296,-65.3020664192674,-61.5415713129903
1.93533333333333,-61.5169452591548,-65.2968722207949,-61.5323761032243,-61.5828515925739,-65.3136602910515,-61.5511192189202
1.93566666666667,-61.526413332169,-65.3084587046698,-61.5418810363807,-61.592380438615,-65.3252392008418,-61.5606541128533
1.936,-61.5358683078843,-65.3200302429798,-61.5513729616,-61.6018961499881,-65.3368031704451,-61.5701760180288
1.93633333333333,-61.545310209611,-65.3315868575347,-61.5608519020181,-61.6113987499742,-65.3483522216172,-61.5796849576318
1.93666666666667,-61.5547390606057,-65.343128570093,-61.5703178807172,-61.6208882618001,-65.3598863760628,-61.5891809547932
1.937,-61.5641548840711,-65.3546554023625,-61.5797709207253,-61.6303647086391,-65.3714056554359,-61.5986640325898
1.93733333333333,-61.5735577031567,-65.3661673760003,-61.5892110450171,-61.6398281136104,-65.3829100813398,-61.6081342140448
1.93766666666667,-61.5829475409584,-65.377664512613,-61.5986382765136,-61.64927849978,-65.3943996753273,-61.6175915221277
1.938,-61.592324420519,-65.3891468337568,-61.6080526380827,-61.6587158901607,-65.4058744589012,-61.6270359797546
1.93833333333333,-61.6016883648283,-65.4006143609378,-61.6174541525389,-61.6681403077117,-65.4173344535141,-61.6364676097881
1.93866666666667,-61.6110393968234,-65.4120671156123,-61.6268428426442,-61.6775517753396,-65.4287796805687,-61.645886435038
1.939,-61.6203775393886,-65.4235051191867,-61.6362187311073,-61.686950315898,-65.440210161418,-61.655292478261
1.93933333333333,-61.6297028153558,-65.4349283930178,-61.6455818405847,-61.696335952188,-65.4516259173656,-61.6646857621611
1.93966666666667,-61.6390152475045,-65.446336958413,-61.6549321936801,-61.7057087069581,-65.4630269696657,-61.6740663093896
1.94,-61.6483148585621,-65.4577308366306,-61.6642698129453,-61.7150686029045,-65.4744133395233,-61.6834341425456
1.94033333333333,-61.657601671204,-65.4691100488798,-61.6735947208796,-61.7244156626715,-65.4857850480945,-61.6927892841757
1.94066666666667,-61.6668757080538,-65.4804746163208,-61.6829069399308,-61.733749908851,-65.4971421164867,-61.7021317567744
1.941,-61.6761369916834,-65.4918245600655,-61.6922064924944,-61.7430713639834,-65.5084845657585,-61.7114615827846
1.94133333333333,-61.6853855446132,-65.5031599011768,-61.7014934009147,-61.7523800505575,-65.5198124169201,-61.720778784597
1.94166666666667,-61.6946213893123,-65.5144806606696,-61.7107676874844,-61.7616759910104,-65.5311256909336,-61.7300833845509
1.942,-61.7038445481987,-65.5257868595106,-61.720029374445,-61.7709592077281,-65.542424408713,-61.7393754049344
1.94233333333333,-61.7130550436393,-65.5370785186185,-61.7292784839866,-61.7802297230453,-65.5537085911241,-61.7486548679838
1.94266666666667,-61.7222528979501,-65.5483556588642,-61.7385150382488,-61.7894875592458,-65.5649782589855,-61.7579217958849
1.943,-61.7314381333966,-65.559618301071,-61.7477390593199,-61.7987327385626,-65.5762334330677,-61.7671762107721
1.94333333333333,-61.7406107721937,-65.5708664660148,-61.7569505692381,-61.807965283178,-65.5874741340942,-61.7764181347292
1.94366666666667,-61.7497708365058,-65.582100174424,-61.7661495899906,-61.8171852152237,-65.598700382741,-61.7856475897893
1.944,-61.7589183484473,-65.5933194469802,-61.7753361435147,-61.8263925567812,-65.6099121996374,-61.7948645979352
1.94433333333333,-61.7680533300825,-65.6045243043179,-61.7845102516972,-61.8355873298819,-65.6211096053657,-61.8040691810993
1.94466666666667,-61.7771758034258,-65.6157147670249,-61.7936719363753,-61.844769556507,-65.6322926204614,-61.8132613611637
1.945,-61.7862857904419,-65.6268908556424,-61.8028212193361,-61.8539392585879,-65.6434612654135,-61.8224411599609
1.94533333333333,-61.7953833130457,-65.6380525906651,-61.8119581223169,-61.8630964580063,-65.6546155606648,-61.8316085992732
1.94566666666667,-61.8044683931031,-65.6491999925417,-61.8210826670059,-61.8722411765945,-65.6657555266119,-61.8407637008334
1.946,-61.8135410524305,-65.6603330816744,-61.8301948750415,-61.8813734361351,-65.6768811836052,-61.8499064863249
1.94633333333333,-61.8226013127951,-65.67145187842,-61.8392947680132,-61.8904932583617,-65.6879925519494,-61.8590369773815
1.94666666666667,-61.8316491959154,-65.6825564030892,-61.8483823674612,-61.8996006649588,-65.6990896519036,-61.8681551955879
1.947,-61.840684723461,-65.6936466759473,-61.8574576948771,-61.908695677562,-65.7101725036813,-61.8772611624799
1.94733333333333,-61.8497079170526,-65.704722717214,-61.8665207717034,-61.917778317758,-65.7212411274506,-61.8863548995442
1.94766666666667,-61.8587187982629,-65.715784547064,-61.8755716193344,-61.926848607085,-65.7322955433344,-61.8954364282189
1.948,-61.867717388616,-65.7268321856268,-61.8846102591156,-61.9359065670328,-65.7433357714109,-61.9045057698935
1.94833333333333,-61.8767037095877,-65.7378656529869,-61.8936367123445,-61.9449522190426,-65.7543618317132,-61.913562945909
1.94866666666667,-61.8856777826059,-65.7488849691842,-61.9026510002702,-61.9539855845079,-65.7653737442296,-61.9226079775583
1.949,-61.8946396290507,-65.7598901542141,-61.9116531440941,-61.9630066847738,-65.7763715289041,-61.9316408860859
1.94933333333333,-61.9035892702543,-65.7708812280273,-61.9206431649696,-61.9720155411378,-65.7873552056363,-61.9406616926886
1.94966666666667,-61.9125267275013,-65.7818582105303,-61.9296210840024,-61.9810121748495,-65.7983247942816,-61.9496704185152
1.95,-61.9214520220292,-65.7928211215858,-61.9385869222508,-61.989996607111,-65.8092803146513,-61.9586670846669
1.95033333333333,-61.9303651750277,-65.8037699810123,-61.9475407007256,-61.9989688590772,-65.8202217865129,-61.9676517121973
1.95066666666667,-61.9392662076398,-65.8147048085845,-61.9564824403903,-62.0079289518555,-65.8311492295902,-61.9766243221128
1.951,-61.9481551409611,-65.8256256240336,-61.9654121621616,-62.0168769065063,-65.8420626635634,-61.9855849353723
1.95133333333333,-61.9570319960409,-65.8365324470473,-61.9743298869091,-62.025812744043,-65.8529621080693,-61.994533572888
1.95166666666667,-61.9658967938812,-65.84742529727,-61.9832356354554,-62.0347364854322,-65.8638475827015,-62.0034702555247
1.952,-61.9747495554378,-65.858304194303,-61.9921294285768,-62.0436481515939,-65.8747191070105,-62.0123950041009
1.95233333333333,-61.98359030162,-65.8691691577045,-62.001011287003,-62.0525477634015,-65.8855767005039,-62.021307839388
1.95266666666667,-61.9924190532908,-65.88002020699,-62.0098812314171,-62.061435341682,-65.8964203826465,-62.0302087821113
1.953,-62.0012358312672,-65.8908573616322,-62.0187392824563,-62.0703109072162,-65.9072501728606,-62.0390978529495
1.95333333333333,-62.01004065632,-65.9016806410615,-62.0275854607117,-62.0791744807389,-65.9180660905259,-62.0479750725351
1.95366666666667,-62.0188335491743,-65.9124900646658,-62.0364197867282,-62.0880260829389,-65.9288681549798,-62.0568404614547
1.954,-62.0276145305096,-65.9232856517906,-62.0452422810053,-62.0968657344591,-65.9396563855178,-62.0656940402488
1.95433333333333,-62.0363836209596,-65.9340674217398,-62.0540529639966,-62.1056934558969,-65.9504308013931,-62.0745358294123
1.95466666666667,-62.0451408411128,-65.944835393775,-62.0628518561104,-62.114509267804,-65.9611914218173,-62.0833658493944
1.955,-62.0538862115122,-65.9555895871162,-62.0716389777093,-62.123313190687,-65.9719382659601,-62.0921841205986
1.95533333333333,-62.062619752656,-65.9663300209419,-62.0804143491112,-62.132105245007,-65.98267135295,-62.1009906633834
1.95566666666667,-62.071341484997,-65.977056714389,-62.0891779905884,-62.1408854511802,-65.9933907018737,-62.1097854980618
1.956,-62.0800514289435,-65.9877696865532,-62.0979299223686,-62.1496538295776,-66.0040963317769,-62.1185686449019
1.95633333333333,-62.0887496048588,-65.9984689564889,-62.1066701646347,-62.1584104005257,-66.0147882616643,-62.1273401241268
1.95666666666667,-62.0974360330619,-66.0091545432099,-62.1153987375247,-62.167155184306,-66.0254665104996,-62.1360999559148
1.957,-62.106110733827,-66.0198264656886,-62.1241156611324,-62.1758882011558,-66.0361310972055,-62.1448481603996
1.95733333333333,-62.1147737273842,-66.0304847428573,-62.132820955507,-62.1846094712677,-66.0467820406645,-62.1535847576702
1.95766666666667,-62.1234250339196,-66.0411293936072,-62.1415146406535,-62.1933190147902,-66.0574193597182,-62.1623097677715
1.958,-62.1320646735749,-66.0517604367896,-62.1501967365329,-62.2020168518276,-66.0680430731681,-62.171023210704
1.95833333333333,-62.1406926664482,-66.0623778912151,-62.1588672630621,-62.2107030024404,-66.0786531997754,-62.1797251064241
1.95866666666667,-62.1493090325936,-66.0729817756545,-62.1675262401141,-62.2193774866448,-66.0892497582614,-62.1884154748442
1.959,-62.1579137920217,-66.0835721088386,-62.1761736875184,-62.2280403244138,-66.0998327673074,-62.1970943358328
1.95933333333333,-62.1665069646995,-66.0941489094582,-62.1848096250609,-62.2366915356766,-66.1104022455548,-62.205761709215
1.95966666666667,-62.1750885705508,-66.1047121961647,-62.1934340724839,-62.2453311403187,-66.1209582116058,-62.2144176147719
1.96,-62.183658629456,-66.1152619875698,-62.2020470494866,-62.2539591581827,-66.1315006840228,-62.2230620722415
1.96033333333333,-62.1922171612526,-66.1257983022458,-62.2106485757249,-62.2625756090678,-66.1420296813289,-62.2316951013184
1.96066666666667,-62.2007641857348,-66.1363211587259,-62.2192386708118,-62.2711805127301,-66.1525452220081,-62.2403167216539
1.961,-62.2092997226542,-66.1468305755042,-62.2278173543172,-62.2797738888829,-66.1630473245055,-62.2489269528565
1.96133333333333,-62.2178237917197,-66.1573265710356,-62.2363846457683,-62.2883557571966,-66.173536007227,-62.2575258144917
1.96166666666667,-62.2263364125975,-66.1678091637364,-62.2449405646498,-62.2969261372991,-66.18401128854,-62.266113326082
1.962,-62.2348376049114,-66.1782783719844,-62.2534851304038,-62.3054850487755,-66.1944731867732,-62.2746895071076
1.96233333333333,-62.2433273882429,-66.1887342141184,-62.26201836243,-62.3140325111689,-66.2049217202168,-62.283254377006
1.96266666666667,-62.2518057821313,-66.1991767084392,-62.2705402800859,-62.3225685439797,-66.2153569071228,-62.2918079551723
1.963,-62.2602728060738,-66.2096058732093,-62.2790509026867,-62.3310931666664,-66.2257787657049,-62.3003502609595
1.96333333333333,-62.2687284795256,-66.2200217266529,-62.2875502495059,-62.3396063986455,-66.2361873141387,-62.3088813136782
1.96366666666667,-62.2771728219004,-66.2304242869564,-62.296038339775,-62.3481082592915,-66.246582570562,-62.3174011325974
1.964,-62.2856058525697,-66.2408135722683,-62.3045151926837,-62.3565987679373,-66.2569645530749,-62.3259097369437
1.96433333333333,-62.2940275908639,-66.2511896006993,-62.3129808273801,-62.365077943874,-66.2673332797395,-62.3344071459025
1.96466666666667,-62.3024380560718,-66.2615523903229,-62.321435262971,-62.3735458063513,-66.2776887685808,-62.3428933786173
1.965,-62.3108372674408,-66.2719019591748,-62.3298785185216,-62.3820023745774,-66.2880310375863,-62.35136845419
1.96533333333333,-62.3192252441773,-66.2822383252534,-62.3383106130559,-62.3904476677195,-66.2983601047062,-62.3598323916814
1.96566666666667,-62.3276020054464,-66.2925615065203,-62.3467315655571,-62.3988817049033,-66.3086759878537,-62.3682852101109
1.966,-62.3359675703725,-66.3028715208997,-62.355141394967,-62.407304505214,-66.318978704905,-62.3767269284568
1.96633333333333,-62.344321958039,-66.3131683862792,-62.3635401201868,-62.4157160876954,-66.3292682736994,-62.3851575656565
1.96666666666667,-62.3526651874889,-66.3234521205095,-62.3719277600769,-62.4241164713508,-66.3395447120396,-62.3935771406063
1.967,-62.3609972777242,-66.3337227414046,-62.3803043334571,-62.4325056751429,-66.3498080376918,-62.4019856721621
1.96733333333333,-62.3693182477067,-66.3439802667423,-62.3886698591067,-62.4408837179939,-66.3600582683856,-62.410383179139
1.96766666666667,-62.3776281163581,-66.3542247142638,-62.3970243557646,-62.4492506187855,-66.3702954218145,-62.4187696803114
1.968,-62.3859269025594,-66.3644561016741,-62.4053678421295,-62.4576063963591,-66.3805195156357,-62.4271451944137
1.96833333333333,-62.3942146251519,-66.3746744466422,-62.41370033686,-62.4659510695161,-66.3907305674704,-62.4355097401398
1.96866666666667,-62.4024913029367,-66.3848797668011,-62.4220218585747,-62.4742846570179,-66.4009285949039,-62.4438633361436
1.969,-62.4107569546753,-66.395072079748,-62.4303324258522,-62.4826071775858,-66.4111136154858,-62.4522060010389
1.96933333333333,-62.4190115990893,-66.4052514030444,-62.4386320572315,-62.4909186499015,-66.42128564673,-62.4605377533995
1.96966666666667,-62.4272552548607,-66.4154177542161,-62.4469207712119,-62.499219092607,-66.4314447061148,-62.4688586117597
1.97,-62.435487940632,-66.4255711507536,-62.4551985862531,-62.5075085243047,-66.4415908110834,-62.477168594614
1.97033333333333,-62.4437096750065,-66.4357116101121,-62.4634655207756,-62.5157869635575,-66.4517239790434,-62.4854677204173
1.97066666666667,-62.451920476548,-66.4458391497115,-62.4717215931603,-62.5240544288893,-66.4618442273674,-62.4937560075851
1.971,-62.4601203637813,-66.4559537869368,-62.4799668217493,-62.5323109387845,-66.4719515733931,-62.5020334744938
1.97133333333333,-62.4683093551923,-66.4660555391379,-62.4882012248454,-62.5405565116885,-66.4820460344232,-62.5103001394803
1.97166666666667,-62.4764874692277,-66.47614442363,-62.4964248207125,-62.5487911660078,-66.4921276277259,-62.5185560208427
1.972,-62.4846547242956,-66.4862204576935,-62.5046376275757,-62.5570149201101,-66.5021963705344,-62.5268011368401
1.97233333333333,-62.4928111387655,-66.4962836585744,-62.5128396636215,-62.5652277923243,-66.5122522800476,-62.5350355056926
1.97266666666667,-62.5009567309681,-66.5063340434843,-62.5210309469977,-62.5734298009407,-66.5222953734301,-62.5432591455818
1.973,-62.509091519196,-66.5163716296002,-62.5292114958137,-62.5816209642111,-66.5323256678121,-62.5514720746506
1.97333333333333,-62.517215521703,-66.5263964340653,-62.5373813281405,-62.589801300349,-66.5423431802899,-62.5596743110035
1.97366666666667,-62.5253287567051,-66.5364084739885,-62.5455404620108,-62.5979708275296,-66.5523479279255,-62.5678658727063
1.974,-62.5334312423801,-66.5464077664448,-62.5536889154194,-62.6061295638898,-66.5623399277473,-62.5760467777871
1.97433333333333,-62.5415229968676,-66.5563943284754,-62.5618267063228,-62.6142775275287,-66.5723191967497,-62.5842170442353
1.97466666666667,-62.5496040382696,-66.5663681770879,-62.5699538526398,-62.6224147365074,-66.5822857518937,-62.5923766900027
1.975,-62.5576743846501,-66.5763293292561,-62.5780703722513,-62.630541208849,-66.5922396101067,-62.6005257330029
1.97533333333333,-62.5657340540356,-66.5862778019207,-62.5861762830007,-62.6386569625393,-66.6021807882826,-62.6086641911119
1.97566666666667,-62.573783064415,-66.5962136119888,-62.5942716026936,-62.6467620155261,-66.6121093032823,-62.6167920821678
1.976,-62.5818214337398,-66.6061367763344,-62.6023563490983,-62.6548563857199,-66.6220251719331,-62.6249094239712
1.97633333333333,-62.5898491799241,-66.6160473117983,-62.6104305399457,-62.662940090994,-66.6319284110298,-62.6330162342854
1.97666666666667,-62.5978663208448,-66.6259452351884,-62.6184941929296,-62.6710131491841,-66.641819037334,-62.6411125308362
1.977,-62.6058728743418,-66.63583056328,-62.6265473257065,-62.679075578089,-66.6516970675745,-62.649198331312
1.97733333333333,-62.6138688582178,-66.6457033128152,-62.6345899558959,-62.6871273954705,-66.6615625184474,-62.6572736533642
1.97766666666667,-62.6218542902388,-66.6555635005037,-62.6426221010806,-62.6951686190532,-66.6714154066165,-62.6653385146073
1.978,-62.629829188134,-66.665411143023,-62.6506437788065,-62.7031992665252,-66.6812557487129,-62.6733929326188
1.97833333333333,-62.6377935695959,-66.6752462570177,-62.6586550065826,-62.7112193555377,-66.6910835613355,-62.6814369249392
1.97866666666667,-62.6457474522802,-66.6850688591005,-62.6666558018817,-62.7192289037054,-66.7008988610509,-62.6894705090724
1.979,-62.6536908538066,-66.6948789658517,-62.6746461821399,-62.7272279286064,-66.7107016643937,-62.6974937024859
1.97933333333333,-62.661623791758,-66.70467659382,-62.682626164757,-62.7352164477825,-66.7204919878665,-62.7055065226105
1.97966666666667,-62.6695462836814,-66.7144617595215,-62.6905957670965,-62.7431944787392,-66.7302698479401,-62.7135089868407
1.98,-62.6774583470874,-66.7242344794413,-62.6985550064859,-62.7511620389458,-66.7400352610535,-62.7215011125346
1.98033333333333,-62.6853599994507,-66.7339947700321,-62.7065039002164,-62.7591191458356,-66.749788243614,-62.7294829170143
1.98066666666667,-62.6932512582101,-66.7437426477155,-62.7144424655436,-62.7670658168059,-66.7595288119975,-62.7374544175658
1.981,-62.7011321407685,-66.7534781288813,-62.722370719687,-62.775002069218,-66.7692569825486,-62.745415631439
1.98133333333333,-62.709002664493,-66.7632012298884,-62.7302886798304,-62.7829279203978,-66.7789727715802,-62.7533665758482
1.98166666666667,-62.7168628467152,-66.7729119670639,-62.7381963631223,-62.7908433876352,-66.7886761953745,-62.7613072679717
1.982,-62.7247127047312,-66.7826103567043,-62.7460937866752,-62.7987484881848,-66.7983672701824,-62.7692377249523
1.98233333333333,-62.7325522558017,-66.7922964150748,-62.7539809675665,-62.8066432392656,-66.8080460122239,-62.7771579638972
1.98266666666667,-62.7403815171518,-66.8019701584097,-62.7618579228383,-62.8145276580614,-66.8177124376881,-62.7850680018782
1.983,-62.7482005059719,-66.8116316029127,-62.7697246694973,-62.8224017617206,-66.8273665627335,-62.7929678559318
1.98333333333333,-62.7560092394168,-66.8212807647565,-62.7775812245152,-62.8302655673565,-66.8370084034877,-62.8008575430592
1.98366666666667,-62.7638077346066,-66.8309176600836,-62.7854276048289,-62.8381190920477,-66.8466379760482,-62.8087370802265
1.984,-62.7715960086264,-66.8405423050058,-62.7932638273401,-62.8459623528373,-66.8562552964818,-62.8166064843647
1.98433333333333,-62.7793740785265,-66.8501547156046,-62.8010899089158,-62.8537953667341,-66.8658603808251,-62.8244657723701
1.98466666666667,-62.7871419613225,-66.8597549079314,-62.8089058663884,-62.861618150712,-66.8754532450845,-62.8323149611039
1.985,-62.7948996739953,-66.8693428980072,-62.8167117165556,-62.86943072171,-66.8850339052364,-62.8401540673928
1.98533333333333,-62.8026472334915,-66.8789187018232,-62.8245074761807,-62.877233096633,-66.8946023772272,-62.8479831080288
1.98566666666667,-62.8103846567231,-66.8884823353406,-62.8322931619925,-62.8850252923513,-66.9041586769732,-62.8558020997693
1.986,-62.818111960568,-66.8980338144908,-62.8400687906855,-62.8928073257007,-66.9137028203615,-62.8636110593373
1.98633333333333,-62.8258291618696,-66.9075731551755,-62.8478343789201,-62.9005792134832,-66.9232348232489,-62.8714100034216
1.98666666666667,-62.8335362774375,-66.9171003732667,-62.8555899433226,-62.9083409724662,-66.9327547014632,-62.8791989486767
1.987,-62.8412333240471,-66.9266154846071,-62.8633355004853,-62.9160926193834,-66.9422624708025,-62.8869779117229
1.98733333333333,-62.8489203184399,-66.93611850501,-62.8710710669666,-62.9238341709344,-66.9517581470355,-62.8947469091467
1.98766666666667,-62.8565972773236,-66.9456094502591,-62.8787966592909,-62.9315656437851,-66.961241745902,-62.9025059575003
1.988,-62.8642642173722,-66.9550883361094,-62.8865122939492,-62.9392870545675,-66.9707132831124,-62.9102550733025
1.98833333333333,-62.8719211552261,-66.9645551782864,-62.8942179873988,-62.9469984198802,-66.9801727743481,-62.9179942730381
1.98866666666667,-62.8795681074921,-66.974009992487,-62.9019137560634,-62.954699756288,-66.9896202352618,-62.9257235731583
1.989,-62.8872050907436,-66.9834527943788,-62.9095996163333,-62.9623910803224,-66.9990556814771,-62.9334429900808
1.98933333333333,-62.8948321215207,-66.9928835996011,-62.9172755845656,-62.9700724084816,-67.0084791285891,-62.9411525401898
1.98966666666667,-62.9024492163302,-67.0023024237642,-62.9249416770841,-62.9777437572303,-67.0178905921643,-62.9488522398362
1.99,-62.9100563916457,-67.0117092824501,-62.9325979101795,-62.9854051430004,-67.0272900877407,-62.9565421053377
1.99033333333333,-62.9176536639079,-67.0211041912121,-62.9402443001094,-62.9930565821904,-67.0366776308277,-62.9642221529788
1.99066666666667,-62.9252410495245,-67.0304871655753,-62.9478808630985,-63.0006980911662,-67.0460532369066,-62.9718923990109
1.991,-62.9328185648702,-67.0398582210364,-62.9555076153388,-63.0083296862603,-67.0554169214305,-62.9795528596524
1.99133333333333,-62.9403862262871,-67.0492173730642,-62.9631245729893,-63.015951383773,-67.0647686998244,-62.9872035510889
1.99166666666667,-62.9479440500843,-67.0585646370992,-62.9707317521765,-63.0235631999714,-67.0741085874851,-62.9948444894733
1.992,-62.9554920525389,-67.0679000285541,-62.9783291689944,-63.0311651510905,-67.0834365997819,-63.0024756909256
1.99233333333333,-62.9630302498948,-67.0772235628136,-62.9859168395043,-63.0387572533323,-67.0927527520559,-63.0100971715334
1.99266666666667,-62.970558658364,-67.0865352552347,-62.9934947797355,-63.0463395228668,-67.1020570596207,-63.0177089473517
1.993,-62.9780772941261,-67.0958351211469,-63.0010630056846,-63.0539119758315,-67.1113495377625,-63.0253110344032
1.99333333333333,-62.9855861733282,-67.105123175852,-63.0086215333162,-63.0614746283316,-67.1206302017395,-63.0329034486781
1.99366666666667,-62.9930853120856,-67.1143994346242,-63.0161703785629,-63.0690274964403,-67.1298990667829,-63.0404862061344
1.994,-63.0005747264814,-67.1236639127105,-63.0237095573253,-63.0765705961988,-67.1391561480966,-63.0480593226983
1.99433333333333,-63.0080544325668,-67.1329166253308,-63.0312390854717,-63.0841039436161,-67.148401460857,-63.0556228142635
1.99466666666667,-63.0155244463611,-67.1421575876774,-63.0387589788391,-63.0916275546697,-67.1576350202136,-63.063176696692
1.995,-63.0229847838518,-67.151386814916,-63.0462692532325,-63.0991414453049,-67.1668568412888,-63.0707209858139
1.99533333333333,-63.0304354609948,-67.1606043221849,-63.0537699244251,-63.1066456314358,-67.1760669391783,-63.0782556974276
1.99566666666667,-63.0378764937143,-67.1698101245958,-63.0612610081589,-63.1141401289444,-67.1852653289506,-63.0857808472996
1.996,-63.0453078979031,-67.1790042372335,-63.0687425201442,-63.1216249536817,-67.1944520256479,-63.0932964511651
1.99633333333333,-63.0527296894226,-67.1881866751562,-63.07621447606,-63.1291001214669,-67.2036270442853,-63.1008025247276
1.99666666666667,-63.0601418841027,-67.1973574533952,-63.083676891554,-63.136565648088,-67.2127903998518,-63.1082990836591
1.997,-63.0675444977422,-67.2065165869558,-63.0911297822426,-63.1440215493018,-67.2219421073096,-63.1157861436006
1.99733333333333,-63.0749375461088,-67.2156640908164,-63.0985731637113,-63.151467840834,-67.2310821815948,-63.1232637201617
1.99766666666667,-63.0823210449389,-67.2247999799294,-63.1060070515144,-63.158904538379,-67.2402106376172,-63.1307318289206
1.998,-63.0896950099381,-67.2339242692208,-63.1134314611754,-63.1663316576006,-67.2493274902603,-63.1381904854249
1.99833333333333,-63.0970594567811,-67.2430369735905,-63.1208464081867,-63.1737492141313,-67.2584327543816,-63.1456397051909
1.99866666666667,-63.1044144011117,-67.2521381079125,-63.1282519080103,-63.1811572235731,-67.2675264448127,-63.153079503704
1.999,-63.1117598585431,-67.2612276870347,-63.1356479760772,-63.1885557014971,-67.2766085763592,-63.1605098964191
1.99933333333333,-63.1190958446577,-67.2703057257792,-63.143034627788,-63.195944663444,-67.2856791638009,-63.1679308987601
1.99966666666667,-63.1264223750075,-67.2793722389422,-63.1504118785127,-63.2033241249237,-67.2947382218921,-63.1753425261203
2,-63.1337394651139,-67.2884272412944,-63.157779743591,-63.2106941014157,-67.3037857653611,-63.1827447938627
