"Freq [GHz]","dB(S(1,1)) []"
1.55,-8.60689457984863
1.550005,-8.60376887914516
1.55001,-8.60064435851778
1.550015,-8.5975210268481
1.55002,-8.59439889298137
1.550025,-8.59127796572531
1.55003,-8.58815825385093
1.550035,-8.58503976609285
1.55004,-8.58192251114829
1.550045,-8.57880649767857
1.55005,-8.57569173430788
1.550055,-8.57257822962414
1.55006,-8.56946599217921
1.550065,-8.56635503048815
1.55007,-8.56324535302999
1.550075,-8.56013696824794
1.55008,-8.55702988454856
1.550085,-8.55392411030312
1.55009,-8.55081965384643
1.550095,-8.54771652347767
1.5501,-8.54461472746064
1.550105,-8.54151427402289
1.55011,-8.53841517135703
1.550115,-8.53531742761982
1.55012,-8.53222105093267
1.550125,-8.52912604938185
1.55013,-8.52603243101828
1.550135,-8.52294020385771
1.55014,-8.51984937588101
1.550145,-8.51675995503381
1.55015,-8.51367194922723
1.550155,-8.51058536633731
1.55016,-8.50750021420524
1.550165,-8.50441650063803
1.55017,-8.50133423340772
1.550175,-8.49825342025214
1.55018,-8.4951740688746
1.550185,-8.49209618694404
1.55019,-8.4890197820955
1.550195,-8.48594486192965
1.5502,-8.4828714340129
1.550205,-8.47979950587826
1.55021,-8.47672908502431
1.550215,-8.47366017891634
1.55022,-8.47059279498545
1.550225,-8.46752694062929
1.55023,-8.46446262321222
1.550235,-8.46139985006471
1.55024,-8.45833862848436
1.550245,-8.45527896573497
1.55025,-8.45222086904734
1.550255,-8.4491643456194
1.55026,-8.4461094026157
1.550265,-8.44305604716786
1.55027,-8.44000428637499
1.550275,-8.436954127303
1.55028,-8.43390557698537
1.550285,-8.43085864242285
1.55029,-8.42781333058356
1.550295,-8.42476964840354
1.5503,-8.42172760278602
1.550305,-8.41868720060241
1.55031,-8.41564844869158
1.550315,-8.41261135386036
1.55032,-8.40957592288373
1.550325,-8.40654216250457
1.55033,-8.40351007943388
1.550335,-8.40047968035115
1.55034,-8.39745097190385
1.550345,-8.39442396070822
1.55035,-8.39139865334866
1.550355,-8.38837505637821
1.55036,-8.38535317631881
1.550365,-8.38233301966075
1.55037,-8.37931459286359
1.550375,-8.37629790235545
1.55038,-8.37328295453346
1.550385,-8.37026975576414
1.55039,-8.36725831238287
1.550395,-8.36424863069425
1.5504,-8.36124071697255
1.550405,-8.35823457746104
1.55041,-8.35523021837289
1.550415,-8.35222764589056
1.55042,-8.34922686616616
1.550425,-8.34622788532186
1.55043,-8.3432307094493
1.550435,-8.34023534461039
1.55044,-8.33724179683676
1.550445,-8.33425007213014
1.55045,-8.33126017646273
1.550455,-8.32827211577667
1.55046,-8.32528589598445
1.550465,-8.3223015229693
1.55047,-8.3193190025845
1.550475,-8.31633834065439
1.55048,-8.31335954297364
1.550485,-8.31038261530767
1.55049,-8.30740756339303
1.550495,-8.30443439293691
1.5505,-8.30146310961777
1.550505,-8.2984937190849
1.55051,-8.29552622695876
1.550515,-8.29256063883138
1.55052,-8.28959696026582
1.550525,-8.28663519679656
1.55053,-8.28367535392988
1.550535,-8.28071743714321
1.55054,-8.2777614518862
1.550545,-8.27480740357977
1.55055,-8.27185529761677
1.550555,-8.26890513936223
1.55056,-8.26595693415278
1.550565,-8.26301068729751
1.55057,-8.26006640407751
1.550575,-8.25712408974595
1.55058,-8.2541837495287
1.550585,-8.25124538862372
1.55059,-8.24830901220146
1.550595,-8.24537462540521
1.5506,-8.24244223335066
1.550605,-8.23951184112648
1.55061,-8.23658345379391
1.550615,-8.23365707638702
1.55062,-8.23073271391334
1.550625,-8.2278103713529
1.55063,-8.22489005365931
1.550635,-8.22197176575906
1.55064,-8.21905551255211
1.550645,-8.21614129891193
1.55065,-8.21322912968521
1.550655,-8.21031900969215
1.55066,-8.20741094372701
1.550665,-8.20450493655721
1.55067,-8.20160099292442
1.550675,-8.19869911754382
1.55068,-8.19579931510466
1.550685,-8.19290159027042
1.55069,-8.19000594767833
1.550695,-8.18711239194
1.5507,-8.18422092764145
1.550705,-8.1813315593426
1.55071,-8.17844429157841
1.550715,-8.17555912885786
1.55072,-8.1726760756645
1.550725,-8.16979513645702
1.55073,-8.16691631566828
1.550735,-8.16403961770639
1.55074,-8.16116504695417
1.550745,-8.1582926077693
1.55075,-8.15542230448479
1.550755,-8.15255414140866
1.55076,-8.14968812282391
1.550765,-8.14682425298937
1.55077,-8.14396253613864
1.550775,-8.14110297648122
1.55078,-8.13824557820195
1.550785,-8.13539034546111
1.55079,-8.132537282395
1.550795,-8.1296863931154
1.5508,-8.12683768171012
1.550805,-8.12399115224279
1.55081,-8.12114680875283
1.550815,-8.11830465525623
1.55082,-8.1154646957446
1.550825,-8.11262693418598
1.55083,-8.10979137452486
1.550835,-8.10695802068169
1.55084,-8.10412687655393
1.550845,-8.10129794601506
1.55085,-8.09847123291534
1.550855,-8.09564674108183
1.55086,-8.09282447431814
1.550865,-8.09000443640488
1.55087,-8.08718663109948
1.550875,-8.08437106213615
1.55088,-8.08155773322666
1.550885,-8.07874664805937
1.55089,-8.07593781030008
1.550895,-8.07313122359195
1.5509,-8.0703268915553
1.550905,-8.06752481778807
1.55091,-8.06472500586554
1.550915,-8.06192745934057
1.55092,-8.05913218174384
1.550925,-8.05633917658353
1.55093,-8.05354844734583
1.550935,-8.05075999749468
1.55094,-8.04797383047176
1.550945,-8.04518994969731
1.55095,-8.04240835856912
1.550955,-8.03962906046329
1.55096,-8.03685205873449
1.550965,-8.03407735671512
1.55097,-8.03130495771656
1.550975,-8.02853486502816
1.55098,-8.02576708191795
1.550985,-8.02300161163284
1.55099,-8.02023845739786
1.550995,-8.01747762241736
1.551,-8.01471910987417
1.551005,-8.01196292292988
1.55101,-8.00920906472546
1.551015,-8.00645753838065
1.55102,-8.0037083469941
1.551025,-8.00096149364411
1.55103,-7.9982169813878
1.551035,-7.99547481326186
1.55104,-7.99273499228223
1.551045,-7.98999752144427
1.55105,-7.98726240372305
1.551055,-7.98452964207296
1.55106,-7.98179923942846
1.551065,-7.97907119870329
1.55107,-7.97634552279116
1.551075,-7.97362221456589
1.55108,-7.97090127688099
1.551085,-7.96818271256984
1.55109,-7.96546652444634
1.551095,-7.96275271530418
1.5511,-7.96004128791745
1.551105,-7.95733224504043
1.55111,-7.95462558940769
1.551115,-7.95192132373458
1.55112,-7.94921945071639
1.551125,-7.94651997302951
1.55113,-7.94382289333062
1.551135,-7.9411282142571
1.55114,-7.93843593842744
1.551145,-7.9357460684405
1.55115,-7.9330586068762
1.551155,-7.93037355629569
1.55116,-7.92769091924072
1.551165,-7.92501069823461
1.55117,-7.9223328957814
1.551175,-7.9196575143665
1.55118,-7.91698455645689
1.551185,-7.91431402450049
1.55119,-7.91164592092706
1.551195,-7.90898024814761
1.5512,-7.90631700855459
1.551205,-7.90365620452247
1.55121,-7.90099783840712
1.551215,-7.89834191254614
1.55122,-7.89568842925925
1.551225,-7.8930373908477
1.55123,-7.89038879959504
1.551235,-7.88774265776662
1.55124,-7.88509896760975
1.551245,-7.88245773135426
1.55125,-7.87981895121184
1.551255,-7.87718262937676
1.55126,-7.87454876802541
1.551265,-7.87191736931655
1.55127,-7.86928843539169
1.551275,-7.86666196837461
1.55128,-7.86403797037166
1.551285,-7.86141644347215
1.55129,-7.85879738974772
1.551295,-7.85618081125317
1.5513,-7.85356671002587
1.551305,-7.85095508808611
1.55131,-7.84834594743741
1.551315,-7.84573929006596
1.55132,-7.84313511794142
1.551325,-7.84053343301632
1.55133,-7.83793423722646
1.551335,-7.83533753249101
1.55134,-7.8327433207125
1.551345,-7.83015160377665
1.55135,-7.82756238355299
1.551355,-7.82497566189417
1.55136,-7.82239144063685
1.551365,-7.81980972160101
1.55137,-7.81723050659038
1.551375,-7.81465379739269
1.55138,-7.81207959577916
1.551385,-7.80950790350526
1.55139,-7.80693872231011
1.551395,-7.80437205391687
1.5514,-7.80180790003302
1.551405,-7.7992462623499
1.55141,-7.79668714254302
1.551415,-7.79413054227245
1.55142,-7.79157646318214
1.551425,-7.7890249069008
1.55143,-7.78647587504124
1.551435,-7.78392936920088
1.55144,-7.78138539096183
1.551445,-7.77884394189054
1.55145,-7.77630502353813
1.551455,-7.7737686374407
1.55146,-7.77123478511877
1.551465,-7.76870346807802
1.55147,-7.76617468780872
1.551475,-7.76364844578622
1.55148,-7.76112474347097
1.551485,-7.75860358230821
1.55149,-7.75608496372861
1.551495,-7.75356888914775
1.5515,-7.75105535996641
1.551505,-7.74854437757104
1.55151,-7.746035943333
1.551515,-7.74353005860913
1.55152,-7.74102672474196
1.551525,-7.73852594305914
1.55153,-7.73602771487435
1.551535,-7.73353204148651
1.55154,-7.73103892418023
1.551545,-7.72854836422614
1.55155,-7.72606036288023
1.551555,-7.72357492138482
1.55156,-7.72109204096771
1.551565,-7.71861172284272
1.55157,-7.71613396820987
1.551575,-7.71365877825509
1.55158,-7.71118615415031
1.551585,-7.70871609705386
1.55159,-7.70624860811008
1.551595,-7.7037836884498
1.5516,-7.70132133918994
1.551605,-7.69886156143378
1.55161,-7.69640435627138
1.551615,-7.69394972477882
1.55162,-7.69149766801907
1.551625,-7.68904818704157
1.55163,-7.68660128288222
1.551635,-7.6841569565639
1.55164,-7.68171520909613
1.551645,-7.67927604147505
1.55165,-7.67683945468393
1.551655,-7.67440544969273
1.55166,-7.67197402745855
1.551665,-7.66954518892526
1.55167,-7.66711893502391
1.551675,-7.66469526667276
1.55168,-7.66227418477691
1.551685,-7.65985569022913
1.55169,-7.65743978390906
1.551695,-7.65502646668363
1.5517,-7.65261573940754
1.551705,-7.65020760292248
1.55171,-7.64780205805773
1.551715,-7.64539910563023
1.55172,-7.64299874644415
1.551725,-7.6406009812917
1.55173,-7.63820581095236
1.551735,-7.63581323619346
1.55174,-7.63342325777019
1.551745,-7.63103587642537
1.55175,-7.62865109288985
1.551755,-7.62626890788227
1.55176,-7.62388932210912
1.551765,-7.62151233626516
1.55177,-7.61913795103303
1.551775,-7.61676616708332
1.55178,-7.61439698507519
1.551785,-7.6120304056555
1.55179,-7.60966642945982
1.551795,-7.60730505711162
1.5518,-7.60494628922285
1.551805,-7.60259012639394
1.55181,-7.60023656921358
1.551815,-7.59788561825913
1.55182,-7.59553727409633
1.551825,-7.59319153727939
1.55183,-7.59084840835152
1.551835,-7.58850788784417
1.55184,-7.58616997627766
1.551845,-7.58383467416128
1.55185,-7.5815019819927
1.551855,-7.5791719002589
1.55186,-7.57684442943537
1.551865,-7.5745195699867
1.55187,-7.57219732236654
1.551875,-7.56987768701741
1.55188,-7.56756066437108
1.551885,-7.5652462548483
1.55189,-7.56293445885901
1.551895,-7.56062527680246
1.5519,-7.55831870906705
1.551905,-7.55601475603048
1.55191,-7.55371341805992
1.551915,-7.55141469551174
1.55192,-7.54911858873195
1.551925,-7.54682509805587
1.55193,-7.54453422380839
1.551935,-7.54224596630404
1.55194,-7.53996032584679
1.551945,-7.53767730273057
1.55195,-7.53539689723863
1.551955,-7.53311910964412
1.55196,-7.53084394021018
1.551965,-7.52857138918941
1.55197,-7.52630145682442
1.551975,-7.52403414334795
1.55198,-7.52176944898228
1.551985,-7.51950737394009
1.55199,-7.51724791842389
1.551995,-7.51499108262611
1.552,-7.5127368667297
1.552005,-7.5104852709074
1.55201,-7.50823629532251
1.552015,-7.50598994012821
1.55202,-7.50374620546811
1.552025,-7.50150509147633
1.55203,-7.49926659827717
1.552035,-7.49703072598521
1.55204,-7.49479747470586
1.552045,-7.49256684453465
1.55205,-7.490338835558
1.552055,-7.48811344785255
1.55206,-7.4858906814857
1.552065,-7.48367053651564
1.55207,-7.48145301299106
1.552075,-7.4792381109515
1.55208,-7.47702583042722
1.552085,-7.47481617143922
1.55209,-7.47260913399962
1.552095,-7.47040471811116
1.5521,-7.46820292376758
1.552105,-7.46600375095369
1.55211,-7.46380719964515
1.552115,-7.46161326980889
1.55212,-7.45942196140277
1.552125,-7.45723327437569
1.55213,-7.45504720866806
1.552135,-7.45286376421103
1.55214,-7.45068294092744
1.552145,-7.44850473873113
1.55215,-7.44632915752726
1.552155,-7.44415619721256
1.55216,-7.44198585767499
1.552165,-7.43981813879386
1.55217,-7.43765304044023
1.552175,-7.43549056247639
1.55218,-7.43333070475637
1.552185,-7.43117346712566
1.55219,-7.42901884942134
1.552195,-7.42686685147236
1.5522,-7.42471747309916
1.552205,-7.4225707141139
1.55221,-7.42042657432073
1.552215,-7.4182850535153
1.55222,-7.4161461514854
1.552225,-7.41400986801049
1.55223,-7.41187620286191
1.552235,-7.40974515580322
1.55224,-7.40761672658961
1.552245,-7.40549091496862
1.55225,-7.40336772067963
1.552255,-7.40124714345408
1.55226,-7.3991291830158
1.552265,-7.39701383908053
1.55227,-7.3949011113562
1.552275,-7.39279099954322
1.55228,-7.39068350333397
1.552285,-7.38857862241341
1.55229,-7.38647635645861
1.552295,-7.38437670513905
1.5523,-7.38227966811679
1.552305,-7.38018524504606
1.55231,-7.37809343557387
1.552315,-7.37600423933947
1.55232,-7.37391765597472
1.552325,-7.37183368510423
1.55233,-7.36975232634501
1.552335,-7.36767357930671
1.55234,-7.36559744359189
1.552345,-7.36352391879553
1.55235,-7.36145300450558
1.552355,-7.3593847003027
1.55236,-7.3573190057602
1.552365,-7.35525592044454
1.55237,-7.35319544391475
1.552375,-7.35113757572303
1.55238,-7.34908231541434
1.552385,-7.34702966252659
1.55239,-7.3449796165909
1.552395,-7.34293217713129
1.5524,-7.34088734366479
1.552405,-7.33884511570174
1.55241,-7.33680549274533
1.552415,-7.33476847429223
1.55242,-7.33273405983205
1.552425,-7.33070224884773
1.55243,-7.32867304081557
1.552435,-7.32664643520495
1.55244,-7.32462243147882
1.552445,-7.32260102909329
1.55245,-7.32058222749781
1.552455,-7.31856602613559
1.55246,-7.31655242444296
1.552465,-7.31454142184975
1.55247,-7.31253301777948
1.552475,-7.31052721164907
1.55248,-7.30852400286914
1.552485,-7.30652339084376
1.55249,-7.30452537497064
1.552495,-7.30252995464129
1.5525,-7.30053712924077
1.552505,-7.29854689814805
1.55251,-7.2965592607356
1.552515,-7.2945742163698
1.55252,-7.29259176441096
1.552525,-7.29061190421302
1.55253,-7.28863463512377
1.552535,-7.28665995648525
1.55254,-7.28468786763297
1.552545,-7.28271836789676
1.55255,-7.28075145660026
1.552555,-7.27878713306108
1.55256,-7.27682539659107
1.552565,-7.27486624649588
1.55257,-7.27290968207561
1.552575,-7.27095570262418
1.55258,-7.26900430742971
1.552585,-7.26705549577478
1.55259,-7.26510926693584
1.552595,-7.26316562018374
1.5526,-7.26122455478369
1.552605,-7.25928606999492
1.55261,-7.25735016507138
1.552615,-7.25541683926107
1.55262,-7.25348609180635
1.552625,-7.2515579219443
1.55263,-7.24963232890603
1.552635,-7.24770931191757
1.55264,-7.24578887019904
1.552645,-7.24387100296517
1.55265,-7.24195570942548
1.552655,-7.24004298878376
1.55266,-7.23813284023852
1.552665,-7.23622526298295
1.55267,-7.23432025620479
1.552675,-7.23241781908661
1.55268,-7.23051795080546
1.552685,-7.22862065053327
1.55269,-7.22672591743676
1.552695,-7.22483375067732
1.5527,-7.22294414941126
1.552705,-7.22105711278969
1.55271,-7.21917263995843
1.552715,-7.21729073005852
1.55272,-7.21541138222558
1.552725,-7.21353459559033
1.55273,-7.21166036927847
1.552735,-7.2097887024106
1.55274,-7.20791959410246
1.552745,-7.20605304346475
1.55275,-7.20418904960311
1.552755,-7.2023276116186
1.55276,-7.20046872860701
1.552765,-7.19861239965966
1.55277,-7.19675862386269
1.552775,-7.19490740029759
1.55278,-7.1930587280411
1.552785,-7.19121260616513
1.55279,-7.18936903373683
1.552795,-7.18752800981875
1.5528,-7.18568953346862
1.552805,-7.18385360373961
1.55281,-7.18202021968024
1.552815,-7.18018938033423
1.55282,-7.17836108474104
1.552825,-7.17653533193526
1.55283,-7.17471212094714
1.552835,-7.17289145080228
1.55284,-7.1710733205218
1.552845,-7.16925772912244
1.55285,-7.16744467561642
1.552855,-7.16563415901141
1.55286,-7.16382617831095
1.552865,-7.16202073251398
1.55287,-7.16021782061519
1.552875,-7.15841744160486
1.55288,-7.15661959446898
1.552885,-7.15482427818932
1.55289,-7.15303149174323
1.552895,-7.15124123410407
1.5529,-7.1494535042407
1.552905,-7.14766830111785
1.55291,-7.14588562369629
1.552915,-7.14410547093235
1.55292,-7.1423278417783
1.552925,-7.14055273518248
1.55293,-7.1387801500889
1.552935,-7.13701008543768
1.55294,-7.13524254016478
1.552945,-7.13347751320216
1.55295,-7.13171500347785
1.552955,-7.12995500991582
1.55296,-7.12819753143604
1.552965,-7.12644256695476
1.55297,-7.12469011538404
1.552975,-7.12294017563225
1.55298,-7.12119274660377
1.552985,-7.11944782719911
1.55299,-7.11770541631515
1.552995,-7.11596551284464
1.553,-7.11422811567686
1.553005,-7.11249322369711
1.55301,-7.11076083578695
1.553015,-7.10903095082442
1.55302,-7.10730356768359
1.553025,-7.1055786852349
1.55303,-7.10385630234534
1.553035,-7.10213641787794
1.55304,-7.10041903069241
1.553045,-7.09870413964465
1.55305,-7.09699174358692
1.553055,-7.09528184136818
1.55306,-7.09357443183355
1.553065,-7.09186951382489
1.55307,-7.09016708618038
1.553075,-7.08846714773469
1.55308,-7.08676969731925
1.553085,-7.08507473376177
1.55309,-7.08338225588661
1.553095,-7.08169226251491
1.5531,-7.08000475246413
1.553105,-7.07831972454864
1.55311,-7.07663717757926
1.553115,-7.07495711036349
1.55312,-7.0732795217057
1.553125,-7.07160441040671
1.55313,-7.06993177526433
1.553135,-7.0682616150729
1.55314,-7.06659392862359
1.553145,-7.06492871470443
1.55315,-7.06326597210015
1.553155,-7.06160569959229
1.55316,-7.05994789595939
1.553165,-7.0582925599766
1.55317,-7.05663969041621
1.553175,-7.05498928604722
1.55318,-7.05334134563552
1.553185,-7.05169586794411
1.55319,-7.05005285173272
1.553195,-7.04841229575826
1.5532,-7.04677419877448
1.553205,-7.04513855953207
1.55321,-7.043505376779
1.553215,-7.04187464926
1.55322,-7.04024637571695
1.553225,-7.03862055488891
1.55323,-7.03699718551182
1.553235,-7.03537626631897
1.55324,-7.03375779604055
1.553245,-7.03214177340399
1.55325,-7.03052819713395
1.553255,-7.02891706595209
1.55326,-7.02730837857748
1.553265,-7.02570213372622
1.55327,-7.02409833011163
1.553275,-7.02249696644447
1.55328,-7.02089804143257
1.553285,-7.01930155378103
1.55329,-7.01770750219245
1.553295,-7.01611588536648
1.5533,-7.0145267020003
1.553305,-7.01293995078835
1.55331,-7.01135563042235
1.553315,-7.00977373959161
1.55332,-7.00819427698256
1.553325,-7.0066172412793
1.55333,-7.00504263116318
1.553335,-7.00347044531297
1.55334,-7.00190068240512
1.553345,-7.00033334111333
1.55335,-6.9987684201088
1.553355,-6.99720591806042
1.55336,-6.99564583363436
1.553365,-6.99408816549452
1.55337,-6.99253291230229
1.553375,-6.99098007271652
1.55338,-6.98942964539384
1.553385,-6.98788162898827
1.55339,-6.98633602215163
1.553395,-6.98479282353329
1.5534,-6.98325203178017
1.553405,-6.98171364553705
1.55341,-6.98017766344619
1.553415,-6.97864408414762
1.55342,-6.97711290627919
1.553425,-6.97558412847621
1.55343,-6.97405774937199
1.553435,-6.97253376759744
1.55344,-6.97101218178121
1.553445,-6.9694929905499
1.55345,-6.96797619252763
1.553455,-6.96646178633666
1.55346,-6.96494977059684
1.553465,-6.96344014392582
1.55347,-6.96193290493937
1.553475,-6.96042805225087
1.55348,-6.95892558447162
1.553485,-6.95742550021095
1.55349,-6.95592779807594
1.553495,-6.95443247667177
1.5535,-6.95293953460137
1.553505,-6.95144897046569
1.55351,-6.94996078286374
1.553515,-6.94847497039232
1.55352,-6.94699153164647
1.553525,-6.945510465219
1.55353,-6.94403176970085
1.553535,-6.94255544368106
1.55354,-6.94108148574656
1.553545,-6.93960989448244
1.55355,-6.93814066847191
1.553555,-6.93667380629609
1.55356,-6.93520930653448
1.553565,-6.93374716776444
1.55357,-6.93228738856154
1.553575,-6.9308299674996
1.55358,-6.92937490315037
1.553585,-6.92792219408407
1.55359,-6.92647183886881
1.553595,-6.92502383607104
1.5536,-6.92357818425544
1.553605,-6.92213488198487
1.55361,-6.92069392782031
1.553615,-6.91925532032127
1.55362,-6.91781905804521
1.553625,-6.91638513954807
1.55363,-6.91495356338401
1.553635,-6.91352432810538
1.55364,-6.91209743226309
1.553645,-6.91067287440608
1.55365,-6.90925065308191
1.553655,-6.90783076683624
1.55366,-6.90641321421321
1.553665,-6.90499799375535
1.55367,-6.90358510400356
1.553675,-6.90217454349701
1.55368,-6.90076631077352
1.553685,-6.89936040436906
1.55369,-6.89795682281829
1.553695,-6.89655556465418
1.5537,-6.89515662840805
1.553705,-6.89376001260998
1.55371,-6.89236571578824
1.553715,-6.89097373646972
1.55372,-6.88958407317985
1.553725,-6.8881967244425
1.55373,-6.88681168878013
1.553735,-6.88542896471368
1.55374,-6.88404855076265
1.553745,-6.88267044544517
1.55375,-6.88129464727784
1.553755,-6.87992115477596
1.55376,-6.87854996645332
1.553765,-6.87718108082235
1.55377,-6.87581449639416
1.553775,-6.87445021167841
1.55378,-6.87308822518341
1.553785,-6.8717285354162
1.55379,-6.87037114088237
1.553795,-6.8690160400863
1.5538,-6.86766323153097
1.553805,-6.86631271371806
1.55381,-6.86496448514804
1.553815,-6.86361854431995
1.55382,-6.86227488973178
1.553825,-6.86093351988003
1.55383,-6.85959443326004
1.553835,-6.858257628366
1.55384,-6.85692310369078
1.553845,-6.85559085772593
1.55385,-6.85426088896206
1.553855,-6.85293319588832
1.55386,-6.85160777699287
1.553865,-6.85028463076256
1.55387,-6.84896375568308
1.553875,-6.84764515023915
1.55388,-6.84632881291403
1.553885,-6.84501474219016
1.55389,-6.84370293654867
1.553895,-6.84239339446957
1.5539,-6.84108611443189
1.553905,-6.83978109491345
1.55391,-6.838478334391
1.553915,-6.83717783134035
1.55392,-6.835879584236
1.553925,-6.83458359155165
1.55393,-6.8332898517598
1.553935,-6.8319983633319
1.55394,-6.83070912473855
1.553945,-6.82942213444909
1.55395,-6.82813739093207
1.553955,-6.82685489265492
1.55396,-6.82557463808407
1.553965,-6.8242966256851
1.55397,-6.82302085392254
1.553975,-6.82174732125987
1.55398,-6.82047602615981
1.553985,-6.81920696708396
1.55399,-6.81794014249318
1.553995,-6.81667555084726
1.554,-6.81541319060506
1.554005,-6.81415306022473
1.55401,-6.81289515816326
1.554015,-6.81163948287701
1.55402,-6.81038603282129
1.554025,-6.80913480645058
1.55403,-6.80788580221859
1.554035,-6.8066390185781
1.55404,-6.80539445398102
1.554045,-6.80415210687856
1.55405,-6.80291197572095
1.554055,-6.80167405895779
1.55406,-6.80043835503768
1.554065,-6.7992048624085
1.55407,-6.79797357951746
1.554075,-6.7967445048108
1.55408,-6.79551763673416
1.554085,-6.79429297373232
1.55409,-6.79307051424928
1.554095,-6.79185025672844
1.5541,-6.79063219961233
1.554105,-6.78941634134274
1.55411,-6.78820268036091
1.554115,-6.78699121510716
1.55412,-6.78578194402131
1.554125,-6.78457486554232
1.55413,-6.78336997810851
1.554135,-6.7821672801576
1.55414,-6.78096677012653
1.554145,-6.77976844645172
1.55415,-6.77857230756878
1.554155,-6.77737835191273
1.55416,-6.77618657791805
1.554165,-6.77499698401847
1.55417,-6.77380956864711
1.554175,-6.77262433023658
1.55418,-6.77144126721871
1.554185,-6.77026037802499
1.55419,-6.76908166108608
1.554195,-6.76790511483212
1.5542,-6.76673073769278
1.554205,-6.76555852809702
1.55421,-6.76438848447339
1.554215,-6.76322060524976
1.55422,-6.76205488885348
1.554225,-6.76089133371145
1.55423,-6.75972993824996
1.554235,-6.75857070089477
1.55424,-6.75741362007125
1.554245,-6.75625869420406
1.55425,-6.7551059217176
1.554255,-6.7539553010356
1.55426,-6.7528068305813
1.554265,-6.75166050877761
1.55427,-6.75051633404685
1.554275,-6.74937430481097
1.55428,-6.74823441949136
1.554285,-6.747096676509
1.55429,-6.74596107428449
1.554295,-6.74482761123793
1.5543,-6.74369628578898
1.554305,-6.74256709635699
1.55431,-6.74144004136074
1.554315,-6.74031511921877
1.55432,-6.73919232834908
1.554325,-6.73807166716933
1.55433,-6.73695313409687
1.554335,-6.73583672754852
1.55434,-6.73472244594087
1.554345,-6.73361028769011
1.55435,-6.73250025121197
1.554355,-6.73139233492199
1.55436,-6.73028653723525
1.554365,-6.72918285656651
1.55437,-6.72808129133028
1.554375,-6.72698183994061
1.55438,-6.72588450081136
1.554385,-6.72478927235603
1.55439,-6.72369615298775
1.554395,-6.72260514111947
1.5544,-6.72151623516375
1.554405,-6.72042943353295
1.55441,-6.71934473463908
1.554415,-6.71826213689384
1.55442,-6.71718163870883
1.554425,-6.71610323849524
1.55443,-6.71502693466399
1.554435,-6.71395272562592
1.55444,-6.71288060979142
1.554445,-6.7118105855708
1.55445,-6.7107426513741
1.554455,-6.70967680561103
1.55446,-6.7086130466913
1.554465,-6.70755137302421
1.55447,-6.70649178301887
1.554475,-6.70543427508437
1.55448,-6.70437884762939
1.554485,-6.70332549906256
1.55449,-6.70227422779228
1.554495,-6.70122503222671
1.5545,-6.70017791077403
1.554505,-6.69913286184202
1.55451,-6.69808988383848
1.554515,-6.697048975171
1.55452,-6.69601013424691
1.554525,-6.69497335947365
1.55453,-6.69393864925827
1.554535,-6.69290600200783
1.55454,-6.69187541612924
1.554545,-6.69084689002925
1.55455,-6.68982042211459
1.554555,-6.68879601079179
1.55456,-6.68777365446728
1.554565,-6.68675335154746
1.55457,-6.68573510043855
1.554575,-6.6847188995468
1.55458,-6.68370474727831
1.554585,-6.68269264203901
1.55459,-6.68168258223499
1.554595,-6.68067456627206
1.5546,-6.67966859255605
1.554605,-6.67866465949278
1.55461,-6.67766276548793
1.554615,-6.67666290894727
1.55462,-6.67566508827636
1.554625,-6.67466930188083
1.55463,-6.67367554816631
1.554635,-6.6726838255383
1.55464,-6.67169413240239
1.554645,-6.67070646716411
1.55465,-6.66972082822891
1.554655,-6.66873721400239
1.55466,-6.66775562289007
1.554665,-6.66677605329737
1.55467,-6.66579850362997
1.554675,-6.6648229722933
1.55468,-6.66384945769301
1.554685,-6.66287795823471
1.55469,-6.66190847232395
1.554695,-6.66094099836649
1.5547,-6.65997553476795
1.554705,-6.65901207993416
1.55471,-6.65805063227092
1.554715,-6.65709119018398
1.55472,-6.65613375207938
1.554725,-6.65517831636307
1.55473,-6.65422488144104
1.554735,-6.65327344571948
1.55474,-6.65232400760455
1.554745,-6.65137656550255
1.55475,-6.65043111781984
1.554755,-6.64948766296287
1.55476,-6.64854619933822
1.554765,-6.6476067253525
1.55477,-6.64666923941255
1.554775,-6.64573373992516
1.55478,-6.64480022529731
1.554785,-6.64386869393618
1.55479,-6.64293914424891
1.554795,-6.64201157464285
1.5548,-6.64108598352554
1.554805,-6.64016236930454
1.55481,-6.63924073038763
1.554815,-6.63832106518269
1.55482,-6.63740337209773
1.554825,-6.63648764954104
1.55483,-6.63557389592086
1.554835,-6.63466210964577
1.55484,-6.63375228912443
1.554845,-6.63284443276565
1.55485,-6.63193853897851
1.554855,-6.63103460617215
1.55486,-6.63013263275592
1.554865,-6.62923261713944
1.55487,-6.62833455773239
1.554875,-6.62743845294478
1.55488,-6.62654430118668
1.554885,-6.62565210086841
1.55489,-6.62476185040058
1.554895,-6.62387354819385
1.5549,-6.62298719265925
1.554905,-6.62210278220792
1.55491,-6.62122031525121
1.554915,-6.62033979020079
1.55492,-6.61946120546849
1.554925,-6.61858455946633
1.55493,-6.6177098506067
1.554935,-6.61683707730204
1.55494,-6.61596623796526
1.554945,-6.61509733100931
1.55495,-6.61423035484743
1.554955,-6.61336530789325
1.55496,-6.61250218856047
1.554965,-6.61164099526321
1.55497,-6.61078172641575
1.554975,-6.60992438043263
1.55498,-6.60906895572877
1.554985,-6.60821545071925
1.55499,-6.60736386381945
1.554995,-6.6065141934451
1.555,-6.60566643801212
1.555005,-6.60482059593682
1.55501,-6.60397666563569
1.555015,-6.60313464552555
1.55502,-6.60229453402361
1.555025,-6.60145632954723
1.55503,-6.60062003051422
1.555035,-6.59978563534259
1.55504,-6.59895314245068
1.555045,-6.59812255025722
1.55505,-6.59729385718118
1.555055,-6.59646706164184
1.55506,-6.59564216205888
1.555065,-6.59481915685223
1.55507,-6.59399804444223
1.555075,-6.59317882324949
1.55508,-6.59236149169494
1.555085,-6.59154604819992
1.55509,-6.59073249118605
1.555095,-6.58992081907539
1.5551,-6.58911103029023
1.555105,-6.58830312325325
1.55511,-6.58749709638755
1.555115,-6.58669294811651
1.55512,-6.58589067686388
1.555125,-6.58509028105385
1.55513,-6.58429175911084
1.555135,-6.58349510945982
1.55514,-6.58270033052597
1.555145,-6.5819074207349
1.55515,-6.58111637851264
1.555155,-6.58032720228555
1.55516,-6.57953989048043
1.555165,-6.57875444152442
1.55517,-6.57797085384501
1.555175,-6.57718912587021
1.55518,-6.57640925602831
1.555185,-6.57563124274802
1.55519,-6.5748550844585
1.555195,-6.57408077958927
1.5552,-6.57330832657031
1.555205,-6.57253772383194
1.55521,-6.57176896980489
1.555215,-6.57100206292039
1.55522,-6.57023700161001
1.555225,-6.56947378430575
1.55523,-6.56871240944009
1.555235,-6.56795287544583
1.55524,-6.56719518075631
1.555245,-6.56643932380524
1.55525,-6.56568530302675
1.555255,-6.56493311685546
1.55526,-6.56418276372636
1.555265,-6.56343424207495
1.55527,-6.56268755033713
1.555275,-6.56194268694922
1.55528,-6.56119965034808
1.555285,-6.56045843897093
1.55529,-6.55971905125545
1.555295,-6.55898148563987
1.5553,-6.55824574056272
1.555305,-6.55751181446315
1.55531,-6.55677970578069
1.555315,-6.55604941295529
1.55532,-6.55532093442747
1.555325,-6.55459426863815
1.55533,-6.55386941402877
1.555335,-6.55314636904118
1.55534,-6.55242513211775
1.555345,-6.55170570170134
1.55535,-6.55098807623526
1.555355,-6.55027225416327
1.55536,-6.54955823392973
1.555365,-6.54884601397937
1.55537,-6.54813559275746
1.555375,-6.54742696870977
1.55538,-6.5467201402825
1.555385,-6.54601510592248
1.55539,-6.54531186407687
1.555395,-6.54461041319347
1.5554,-6.54391075172051
1.555405,-6.54321287810671
1.55541,-6.54251679080136
1.555415,-6.54182248825421
1.55542,-6.5411299689155
1.555425,-6.54043923123609
1.55543,-6.53975027366721
1.555435,-6.53906309466071
1.55544,-6.53837769266894
1.555445,-6.53769406614469
1.55545,-6.53701221354142
1.555455,-6.53633213331295
1.55546,-6.53565382391378
1.555465,-6.53497728379882
1.55547,-6.53430251142357
1.555475,-6.53362950524405
1.55548,-6.53295826371679
1.555485,-6.53228878529888
1.55549,-6.53162106844796
1.555495,-6.53095511162218
1.5555,-6.53029091328024
1.555505,-6.5296284718814
1.55551,-6.52896778588541
1.555515,-6.52830885375267
1.55552,-6.52765167394398
1.555525,-6.52699624492087
1.55553,-6.52634256514525
1.555535,-6.52569063307968
1.55554,-6.52504044718727
1.555545,-6.52439200593166
1.55555,-6.52374530777703
1.555555,-6.52310035118818
1.55556,-6.52245713463043
1.555565,-6.52181565656968
1.55557,-6.52117591547239
1.555575,-6.52053790980555
1.55558,-6.5199016380368
1.555585,-6.51926709863425
1.55559,-6.5186342900667
1.555595,-6.51800321080341
1.5556,-6.51737385931424
1.555605,-6.51674623406971
1.55561,-6.5161203335408
1.555615,-6.51549615619913
1.55562,-6.51487370051694
1.555625,-6.51425296496692
1.55563,-6.51363394802252
1.555635,-6.51301664815763
1.55564,-6.51240106384677
1.555645,-6.51178719356511
1.55565,-6.5111750357883
1.555655,-6.51056458899268
1.55566,-6.50995585165514
1.555665,-6.50934882225312
1.55567,-6.50874349926474
1.555675,-6.50813988116868
1.55568,-6.50753796644416
1.555685,-6.5069377535711
1.55569,-6.50633924102995
1.555695,-6.50574242730181
1.5557,-6.50514731086833
1.555705,-6.50455389021178
1.55571,-6.50396216381509
1.555715,-6.50337213016171
1.55572,-6.50278378773576
1.555725,-6.50219713502198
1.55573,-6.50161217050562
1.555735,-6.50102889267268
1.55574,-6.50044730000968
1.555745,-6.49986739100378
1.55575,-6.49928916414276
1.555755,-6.498712617915
1.55576,-6.49813775080955
1.555765,-6.497564561316
1.55577,-6.49699304792462
1.555775,-6.49642320912629
1.55578,-6.49585504341247
1.555785,-6.49528854927532
1.55579,-6.49472372520758
1.555795,-6.49416056970257
1.5558,-6.49359908125435
1.555805,-6.49303925835751
1.55581,-6.4924810995073
1.555815,-6.49192460319963
1.55582,-6.49136976793099
1.555825,-6.49081659219855
1.55583,-6.49026507450008
1.555835,-6.48971521333398
1.55584,-6.48916700719935
1.555845,-6.48862045459581
1.55585,-6.48807555402376
1.555855,-6.48753230398412
1.55586,-6.48699070297849
1.555865,-6.48645074950913
1.55587,-6.48591244207893
1.555875,-6.48537577919138
1.55588,-6.48484075935071
1.555885,-6.48430738106169
1.55589,-6.48377564282981
1.555895,-6.48324554316117
1.5559,-6.4827170805625
1.555905,-6.48219025354124
1.55591,-6.48166506060539
1.555915,-6.48114150026371
1.55592,-6.48061957102551
1.555925,-6.48009927140079
1.55593,-6.47958059990024
1.555935,-6.47906355503513
1.55594,-6.47854813531743
1.555945,-6.47803433925977
1.55595,-6.4775221653754
1.555955,-6.47701161217827
1.55596,-6.47650267818296
1.555965,-6.47599536190468
1.55597,-6.47548966185938
1.555975,-6.4749855765636
1.55598,-6.47448310453453
1.555985,-6.4739822442901
1.55599,-6.47348299434881
1.555995,-6.4729853532299
1.556,-6.47248931945323
1.556005,-6.4719948915393
1.55601,-6.47150206800935
1.556015,-6.47101084738521
1.55602,-6.47052122818943
1.556025,-6.4700332089452
1.55603,-6.46954678817635
1.556035,-6.46906196440745
1.55604,-6.46857873616368
1.556045,-6.46809710197088
1.55605,-6.46761706035562
1.556055,-6.46713860984509
1.55606,-6.46666174896719
1.556065,-6.46618647625046
1.55607,-6.46571279022408
1.556075,-6.465240689418
1.55608,-6.46477017236274
1.556085,-6.46430123758958
1.55609,-6.46383388363041
1.556095,-6.46336810901781
1.5561,-6.46290391228507
1.556105,-6.46244129196614
1.55611,-6.4619802465956
1.556115,-6.46152077470878
1.55612,-6.46106287484162
1.556125,-6.4606065455308
1.55613,-6.46015178531364
1.556135,-6.45969859272813
1.55614,-6.45924696631299
1.556145,-6.45879690460757
1.55615,-6.45834840615192
1.556155,-6.45790146948677
1.55616,-6.45745609315352
1.556165,-6.45701227569429
1.55617,-6.45657001565185
1.556175,-6.45612931156963
1.55618,-6.45569016199178
1.556185,-6.45525256546315
1.55619,-6.45481652052923
1.556195,-6.45438202573623
1.5562,-6.45394907963098
1.556205,-6.4535176807611
1.55621,-6.45308782767479
1.556215,-6.45265951892105
1.55622,-6.45223275304943
1.556225,-6.45180752861027
1.55623,-6.45138384415457
1.556235,-6.450961698234
1.55624,-6.45054108940092
1.556245,-6.45012201620841
1.55625,-6.4497044772102
1.556255,-6.44928847096072
1.55626,-6.44887399601512
1.556265,-6.44846105092917
1.55627,-6.4480496342594
1.556275,-6.44763974456299
1.55628,-6.44723138039783
1.556285,-6.44682454032248
1.55629,-6.44641922289621
1.556295,-6.44601542667897
1.5563,-6.44561315023141
1.556305,-6.44521239211484
1.55631,-6.44481315089132
1.556315,-6.44441542512353
1.55632,-6.44401921337491
1.556325,-6.44362451420957
1.55633,-6.44323132619226
1.556335,-6.44283964788851
1.55634,-6.44244947786446
1.556345,-6.44206081468703
1.55635,-6.44167365692376
1.556355,-6.44128800314289
1.55636,-6.44090385191341
1.556365,-6.44052120180494
1.55637,-6.44014005138782
1.556375,-6.4397603992331
1.55638,-6.43938224391248
1.556385,-6.43900558399842
1.55639,-6.438630418064
1.556395,-6.43825674468304
1.5564,-6.43788456243006
1.556405,-6.43751386988024
1.55641,-6.43714466560948
1.556415,-6.43677694819438
1.55642,-6.4364107162122
1.556425,-6.43604596824095
1.55643,-6.43568270285928
1.556435,-6.43532091864656
1.55644,-6.43496061418286
1.556445,-6.43460178804893
1.55645,-6.43424443882624
1.556455,-6.43388856509695
1.55646,-6.43353416544386
1.556465,-6.43318123845056
1.55647,-6.43282978270125
1.556475,-6.43247979678089
1.55648,-6.43213127927509
1.556485,-6.43178422877018
1.55649,-6.43143864385317
1.556495,-6.43109452311178
1.5565,-6.43075186513441
1.556505,-6.43041066851018
1.55651,-6.43007093182888
1.556515,-6.429732653681
1.55652,-6.42939583265776
1.556525,-6.429060467351
1.55653,-6.42872655635334
1.556535,-6.42839409825804
1.55654,-6.42806309165908
1.556545,-6.42773353515113
1.55655,-6.42740542732952
1.556555,-6.42707876679036
1.55656,-6.42675355213038
1.556565,-6.42642978194699
1.55657,-6.4261074548384
1.556575,-6.42578656940339
1.55658,-6.42546712424152
1.556585,-6.42514911795301
1.55659,-6.42483254913878
1.556595,-6.42451741640045
1.5566,-6.42420371834032
1.556605,-6.4238914535614
1.55661,-6.42358062066739
1.556615,-6.42327121826265
1.55662,-6.42296324495232
1.556625,-6.42265669934214
1.55663,-6.42235158003857
1.556635,-6.42204788564882
1.55664,-6.4217456147807
1.556645,-6.42144476604279
1.55665,-6.42114533804432
1.556655,-6.42084732939524
1.55666,-6.42055073870617
1.556665,-6.42025556458843
1.55667,-6.41996180565402
1.556675,-6.41966946051566
1.55668,-6.41937852778674
1.556685,-6.41908900608135
1.55669,-6.41880089401428
1.556695,-6.41851419020097
1.5567,-6.41822889325761
1.556705,-6.41794500180102
1.55671,-6.41766251444878
1.556715,-6.41738142981909
1.55672,-6.41710174653088
1.556725,-6.41682346320377
1.55673,-6.41654657845806
1.556735,-6.41627109091471
1.55674,-6.41599699919543
1.556745,-6.41572430192257
1.55675,-6.4154529977192
1.556755,-6.41518308520905
1.55676,-6.41491456301655
1.556765,-6.41464742976684
1.55677,-6.41438168408569
1.556775,-6.41411732459962
1.55678,-6.41385434993581
1.556785,-6.4135927587221
1.55679,-6.41333254958707
1.556795,-6.41307372115994
1.5568,-6.41281627207064
1.556805,-6.41256020094978
1.55681,-6.41230550642864
1.556815,-6.41205218713922
1.55682,-6.41180024171417
1.556825,-6.41154966878683
1.55683,-6.41130046699123
1.556835,-6.41105263496208
1.55684,-6.41080617133479
1.556845,-6.41056107474543
1.55685,-6.41031734383074
1.556855,-6.41007497722819
1.55686,-6.4098339735759
1.556865,-6.40959433151265
1.55687,-6.40935604967795
1.556875,-6.40911912671194
1.55688,-6.40888356125549
1.556885,-6.40864935195012
1.55689,-6.40841649743801
1.556895,-6.40818499636207
1.5569,-6.40795484736585
1.556905,-6.40772604909358
1.55691,-6.40749860019019
1.556915,-6.40727249930127
1.55692,-6.40704774507308
1.556925,-6.40682433615258
1.55693,-6.40660227118739
1.556935,-6.4063815488258
1.55694,-6.40616216771679
1.556945,-6.40594412651
1.55695,-6.40572742385577
1.556955,-6.40551205840508
1.55696,-6.40529802880961
1.556965,-6.40508533372168
1.55697,-6.40487397179433
1.556975,-6.40466394168125
1.55698,-6.40445524203676
1.556985,-6.40424787151593
1.55699,-6.40404182877446
1.556995,-6.40383711246868
1.557,-6.40363372125568
1.557005,-6.40343165379313
1.55701,-6.40323090873943
1.557015,-6.40303148475363
1.55702,-6.40283338049543
1.557025,-6.40263659462522
1.55703,-6.40244112580404
1.557035,-6.40224697269362
1.55704,-6.40205413395633
1.557045,-6.40186260825522
1.55705,-6.40167239425401
1.557055,-6.40148349061706
1.55706,-6.40129589600941
1.557065,-6.40110960909677
1.55707,-6.40092462854552
1.557075,-6.40074095302266
1.55708,-6.4005585811959
1.557085,-6.40037751173358
1.55709,-6.40019774330472
1.557095,-6.40001927457899
1.5571,-6.39984210422672
1.557105,-6.39966623091891
1.55711,-6.39949165332719
1.557115,-6.39931837012389
1.55712,-6.39914637998195
1.557125,-6.39897568157502
1.55713,-6.39880627357736
1.557135,-6.39863815466391
1.55714,-6.39847132351027
1.557145,-6.39830577879267
1.55715,-6.398141519188
1.557155,-6.39797854337384
1.55716,-6.39781685002838
1.557165,-6.39765643783048
1.55717,-6.39749730545964
1.557175,-6.39733945159604
1.55718,-6.39718287492047
1.557185,-6.39702757411442
1.55719,-6.39687354785996
1.557195,-6.3967207948399
1.5572,-6.3965693137376
1.557205,-6.39641910323716
1.55721,-6.39627016202325
1.557215,-6.39612248878123
1.55722,-6.39597608219711
1.557225,-6.39583094095751
1.55723,-6.39568706374973
1.557235,-6.3955444492617
1.55724,-6.39540309618197
1.557245,-6.3952630031998
1.55725,-6.39512416900501
1.557255,-6.39498659228812
1.55726,-6.39485027174026
1.557265,-6.39471520605322
1.55727,-6.39458139391941
1.557275,-6.39444883403191
1.55728,-6.3943175250844
1.557285,-6.39418746577122
1.55729,-6.39405865478735
1.557295,-6.39393109082839
1.5573,-6.3938047725906
1.557305,-6.39367969877085
1.55731,-6.39355586806665
1.557315,-6.39343327917617
1.55732,-6.39331193079817
1.557325,-6.39319182163208
1.55733,-6.39307295037794
1.557335,-6.39295531573643
1.55734,-6.39283891640887
1.557345,-6.39272375109717
1.55735,-6.39260981850393
1.557355,-6.39249711733232
1.55736,-6.39238564628618
1.557365,-6.39227540406996
1.55737,-6.39216638938872
1.557375,-6.39205860094819
1.55738,-6.39195203745468
1.557385,-6.39184669761515
1.55739,-6.39174258013718
1.557395,-6.39163968372896
1.5574,-6.39153800709931
1.557405,-6.3914375489577
1.55741,-6.39133830801415
1.557415,-6.39124028297938
1.55742,-6.39114347256468
1.557425,-6.39104787548198
1.55743,-6.39095349044381
1.557435,-6.39086031616334
1.55744,-6.39076835135433
1.557445,-6.39067759473118
1.55745,-6.39058804500889
1.557455,-6.39049970090309
1.55746,-6.39041256113
1.557465,-6.39032662440649
1.55747,-6.39024188944999
1.557475,-6.39015835497858
1.55748,-6.39007601971096
1.557485,-6.3899948823664
1.55749,-6.38991494166482
1.557495,-6.3898361963267
1.5575,-6.38975864507318
1.557505,-6.38968228662598
1.55751,-6.38960711970742
1.557515,-6.38953314304045
1.55752,-6.38946035534861
1.557525,-6.38938875535604
1.55753,-6.38931834178749
1.557535,-6.3892491133683
1.55754,-6.38918106882445
1.557545,-6.38911420688245
1.55755,-6.3890485262695
1.557555,-6.38898402571332
1.55756,-6.38892070394229
1.557565,-6.38885855968533
1.55757,-6.38879759167201
1.557575,-6.38873779863247
1.55758,-6.38867917929744
1.557585,-6.38862173239827
1.55759,-6.38856545666688
1.557595,-6.38851035083578
1.5576,-6.3884564136381
1.557605,-6.38840364380754
1.55761,-6.38835204007841
1.557615,-6.38830160118558
1.55762,-6.38825232586453
1.557625,-6.38820421285132
1.55763,-6.38815726088262
1.557635,-6.38811146869567
1.55764,-6.38806683502827
1.557645,-6.38802335861886
1.55765,-6.38798103820643
1.557655,-6.38793987253055
1.55766,-6.38789986033139
1.557665,-6.3878610003497
1.55767,-6.38782329132679
1.557675,-6.38778673200459
1.55768,-6.38775132112558
1.557685,-6.38771705743282
1.55769,-6.38768393966996
1.557695,-6.3876519665812
1.5577,-6.38762113691138
1.557705,-6.38759144940585
1.55771,-6.38756290281056
1.557715,-6.38753549587202
1.55772,-6.38750922733736
1.557725,-6.38748409595422
1.55773,-6.38746010047086
1.557735,-6.38743723963607
1.55774,-6.38741551219925
1.557745,-6.38739491691034
1.55775,-6.38737545251987
1.557755,-6.38735711777891
1.55776,-6.38733991143913
1.557765,-6.38732383225273
1.55777,-6.38730887897251
1.557775,-6.38729505035182
1.55778,-6.38728234514455
1.557785,-6.38727076210519
1.55779,-6.38726029998877
1.557795,-6.38725095755089
1.5578,-6.38724273354771
1.557805,-6.38723562673593
1.55781,-6.38722963587283
1.557815,-6.38722475971625
1.55782,-6.38722099702457
1.557825,-6.38721834655673
1.55783,-6.38721680707223
1.557835,-6.38721637733113
1.55784,-6.38721705609401
1.557845,-6.38721884212207
1.55785,-6.38722173417698
1.557855,-6.38722573102101
1.55786,-6.38723083141697
1.557865,-6.38723703412822
1.55787,-6.38724433791866
1.557875,-6.38725274155275
1.55788,-6.38726224379549
1.557885,-6.38727284341242
1.55789,-6.38728453916962
1.557895,-6.38729732983374
1.5579,-6.38731121417194
1.557905,-6.38732619095195
1.55791,-6.38734225894202
1.557915,-6.38735941691095
1.55792,-6.38737766362808
1.557925,-6.38739699786329
1.55793,-6.38741741838698
1.557935,-6.38743892397012
1.55794,-6.38746151338417
1.557945,-6.38748518540117
1.55795,-6.38750993879367
1.557955,-6.38753577233477
1.55796,-6.38756268479807
1.557965,-6.38759067495773
1.55797,-6.38761974158844
1.557975,-6.38764988346541
1.55798,-6.38768109936436
1.557985,-6.38771338806158
1.55799,-6.38774674833387
1.557995,-6.38778117895853
1.558,-6.38781667871342
1.558005,-6.38785324637692
1.55801,-6.38789088072791
1.558015,-6.3879295805458
1.55802,-6.38796934461054
1.558025,-6.3880101717026
1.55803,-6.38805206060294
1.558035,-6.38809501009306
1.55804,-6.38813901895498
1.558045,-6.38818408597125
1.55805,-6.38823020992488
1.558055,-6.38827738959947
1.55806,-6.38832562377908
1.558065,-6.38837491124832
1.55807,-6.38842525079227
1.558075,-6.38847664119657
1.55808,-6.38852908124733
1.558085,-6.3885825697312
1.55809,-6.38863710543531
1.558095,-6.38869268714734
1.5581,-6.38874931365543
1.558105,-6.38880698374826
1.55811,-6.388865696215
1.558115,-6.38892544984532
1.55812,-6.3889862434294
1.558125,-6.38904807575795
1.55813,-6.38911094562213
1.558135,-6.38917485181362
1.55814,-6.38923979312464
1.558145,-6.38930576834785
1.55815,-6.38937277627643
1.558155,-6.38944081570408
1.55816,-6.38950988542495
1.558165,-6.38957998423374
1.55817,-6.3896511109256
1.558175,-6.38972326429619
1.55818,-6.38979644314167
1.558185,-6.38987064625868
1.55819,-6.38994587244436
1.558195,-6.39002212049632
1.5582,-6.39009938921268
1.558205,-6.39017767739206
1.55821,-6.39025698383352
1.558215,-6.39033730733665
1.55822,-6.3904186467015
1.558225,-6.39050100072863
1.55823,-6.39058436821905
1.558235,-6.39066874797428
1.55824,-6.39075413879631
1.558245,-6.39084053948761
1.55825,-6.39092794885114
1.558255,-6.39101636569031
1.55826,-6.39110578880904
1.558265,-6.39119621701172
1.55827,-6.3912876491032
1.558275,-6.39138008388881
1.55828,-6.39147352017438
1.558285,-6.39156795676618
1.55829,-6.39166339247097
1.558295,-6.39175982609597
1.5583,-6.39185725644888
1.558305,-6.39195568233786
1.55831,-6.39205510257156
1.558315,-6.39215551595906
1.55832,-6.39225692130995
1.558325,-6.39235931743424
1.55833,-6.39246270314245
1.558335,-6.39256707724554
1.55834,-6.39267243855493
1.558345,-6.39277878588249
1.55835,-6.3928861180406
1.558355,-6.39299443384205
1.55836,-6.39310373210011
1.558365,-6.39321401162852
1.55837,-6.39332527124143
1.558375,-6.39343750975352
1.55838,-6.39355072597985
1.558385,-6.39366491873598
1.55839,-6.39378008683791
1.558395,-6.39389622910211
1.5584,-6.39401334434548
1.558405,-6.39413143138535
1.55841,-6.39425048903957
1.558415,-6.39437051612637
1.55842,-6.39449151146446
1.558425,-6.39461347387299
1.55843,-6.39473640217155
1.558435,-6.39486029518019
1.55844,-6.3949851517194
1.558445,-6.39511097061008
1.55845,-6.39523775067364
1.558455,-6.39536549073186
1.55846,-6.395494189607
1.558465,-6.39562384612177
1.55847,-6.39575445909928
1.558475,-6.39588602736311
1.55848,-6.39601854973725
1.558485,-6.39615202504614
1.55849,-6.39628645211467
1.558495,-6.39642182976814
1.5585,-6.39655815683229
1.558505,-6.39669543213329
1.55851,-6.39683365449774
1.558515,-6.39697282275267
1.55852,-6.39711293572556
1.558525,-6.39725399224429
1.55853,-6.39739599113718
1.558535,-6.39753893123296
1.55854,-6.39768281136081
1.558545,-6.39782763035032
1.55855,-6.39797338703151
1.558555,-6.39812008023481
1.55856,-6.39826770879108
1.558565,-6.39841627153161
1.55857,-6.39856576728811
1.558575,-6.39871619489265
1.55858,-6.39886755317782
1.558585,-6.39901984097654
1.55859,-6.39917305712219
1.558595,-6.39932720044855
1.5586,-6.39948226978982
1.558605,-6.3996382639806
1.55861,-6.39979518185592
1.558615,-6.39995302225122
1.55862,-6.40011178400233
1.558625,-6.40027146594549
1.55863,-6.40043206691739
1.558635,-6.40059358575508
1.55864,-6.40075602129602
1.558645,-6.40091937237812
1.55865,-6.40108363783963
1.558655,-6.40124881651925
1.55866,-6.40141490725609
1.558665,-6.4015819088896
1.55867,-6.4017498202597
1.558675,-6.40191864020666
1.55868,-6.40208836757118
1.558685,-6.40225900119435
1.55869,-6.40243053991765
1.558695,-6.40260298258296
1.5587,-6.40277632803255
1.558705,-6.40295057510909
1.55871,-6.40312572265564
1.558715,-6.40330176951566
1.55872,-6.40347871453297
1.558725,-6.40365655655184
1.55873,-6.40383529441687
1.558735,-6.40401492697309
1.55874,-6.40419545306587
1.558745,-6.40437687154101
1.55875,-6.4045591812447
1.558755,-6.40474238102346
1.55876,-6.40492646972426
1.558765,-6.4051114461944
1.55877,-6.40529730928159
1.558775,-6.40548405783392
1.55878,-6.40567169069984
1.558785,-6.4058602067282
1.55879,-6.40604960476824
1.558795,-6.40623988366951
1.5588,-6.40643104228203
1.558805,-6.40662307945612
1.55881,-6.40681599404251
1.558815,-6.4070097848923
1.55882,-6.40720445085694
1.558825,-6.40739999078829
1.55883,-6.40759640353854
1.558835,-6.40779368796029
1.55884,-6.40799184290648
1.558845,-6.40819086723041
1.55885,-6.40839075978577
1.558855,-6.40859151942661
1.55886,-6.40879314500733
1.558865,-6.40899563538272
1.55887,-6.4091989894079
1.558875,-6.40940320593839
1.55888,-6.40960828383004
1.558885,-6.40981422193906
1.55889,-6.41002101912204
1.558895,-6.41022867423592
1.5589,-6.41043718613799
1.558905,-6.4106465536859
1.55891,-6.41085677573764
1.558915,-6.41106785115161
1.55892,-6.41127977878649
1.558925,-6.41149255750136
1.55893,-6.41170618615562
1.558935,-6.41192066360907
1.55894,-6.41213598872181
1.558945,-6.4123521603543
1.55895,-6.41256917736735
1.558955,-6.41278703862215
1.55896,-6.41300574298018
1.558965,-6.4132252893033
1.55897,-6.41344567645371
1.558975,-6.41366690329394
1.55898,-6.41388896868687
1.558985,-6.41411187149575
1.55899,-6.41433561058411
1.558995,-6.41456018481585
1.559,-6.41478559305525
1.559005,-6.41501183416684
1.55901,-6.41523890701558
1.559015,-6.41546681046668
1.55902,-6.41569554338574
1.559025,-6.41592510463869
1.55903,-6.41615549309177
1.559035,-6.41638670761156
1.55904,-6.41661874706499
1.559045,-6.41685161031928
1.55905,-6.41708529624203
1.559055,-6.41731980370113
1.55906,-6.41755513156481
1.559065,-6.41779127870162
1.55907,-6.41802824398045
1.559075,-6.41826602627051
1.55908,-6.4185046244413
1.559085,-6.4187440373627
1.55909,-6.41898426390489
1.559095,-6.41922530293833
1.5591,-6.41946715333387
1.559105,-6.41970981396262
1.55911,-6.41995328369603
1.559115,-6.42019756140589
1.55912,-6.42044264596426
1.559125,-6.42068853624355
1.55913,-6.42093523111649
1.559135,-6.42118272945609
1.55914,-6.42143103013569
1.559145,-6.42168013202893
1.55915,-6.42193003400979
1.559155,-6.42218073495255
1.55916,-6.42243223373178
1.559165,-6.42268452922237
1.55917,-6.4229376202995
1.559175,-6.42319150583869
1.55918,-6.42344618471576
1.559185,-6.42370165580679
1.55919,-6.42395791798822
1.559195,-6.42421497013676
1.5592,-6.42447281112942
1.559205,-6.42473143984353
1.55921,-6.42499085515671
1.559215,-6.42525105594686
1.55922,-6.42551204109222
1.559225,-6.42577380947129
1.55923,-6.4260363599629
1.559235,-6.42629969144611
1.55924,-6.42656380280036
1.559245,-6.42682869290533
1.55925,-6.42709436064099
1.559255,-6.42736080488764
1.55926,-6.42762802452583
1.559265,-6.42789601843642
1.55927,-6.42816478550056
1.559275,-6.42843432459967
1.55928,-6.42870463461549
1.559285,-6.42897571443002
1.55929,-6.42924756292553
1.559295,-6.42952017898463
1.5593,-6.42979356149015
1.559305,-6.43006770932525
1.55931,-6.43034262137336
1.559315,-6.43061829651816
1.55932,-6.43089473364366
1.559325,-6.43117193163411
1.55933,-6.43144988937404
1.559335,-6.43172860574829
1.55934,-6.43200807964195
1.559345,-6.43228830994038
1.55935,-6.43256929552923
1.559355,-6.43285103529442
1.55936,-6.43313352812216
1.559365,-6.43341677289886
1.55937,-6.4337007685113
1.559375,-6.43398551384648
1.55938,-6.43427100779166
1.559385,-6.43455724923437
1.55939,-6.43484423706246
1.559395,-6.43513197016396
1.5594,-6.43542044742724
1.559405,-6.43570966774089
1.55941,-6.43599962999379
1.559415,-6.43629033307507
1.55942,-6.43658177587411
1.559425,-6.4368739572806
1.55943,-6.43716687618441
1.559435,-6.43746053147574
1.55944,-6.43775492204505
1.559445,-6.43805004678299
1.55945,-6.43834590458052
1.559455,-6.43864249432886
1.55946,-6.43893981491945
1.559465,-6.43923786524403
1.55947,-6.43953664419453
1.559475,-6.4398361506632
1.55948,-6.44013638354251
1.559485,-6.44043734172516
1.55949,-6.44073902410415
1.559495,-6.44104142957267
1.5595,-6.44134455702421
1.559505,-6.4416484053525
1.55951,-6.44195297345147
1.559515,-6.44225826021534
1.55952,-6.44256426453858
1.559525,-6.44287098531587
1.55953,-6.44317842144215
1.559535,-6.4434865718126
1.55954,-6.44379543532265
1.559545,-6.44410501086797
1.55955,-6.44441529734444
1.559555,-6.44472629364823
1.55956,-6.44503799867569
1.559565,-6.44535041132345
1.55957,-6.44566353048838
1.559575,-6.44597735506754
1.55958,-6.44629188395826
1.559585,-6.4466071160581
1.55959,-6.44692305026485
1.559595,-6.44723968547652
1.5596,-6.44755702059136
1.559605,-6.44787505450785
1.55961,-6.44819378612473
1.559615,-6.4485132143409
1.55962,-6.44883333805555
1.559625,-6.44915415616805
1.55963,-6.44947566757804
1.559635,-6.44979787118537
1.55964,-6.45012076589007
1.559645,-6.45044435059246
1.55965,-6.45076862419306
1.559655,-6.4510935855926
1.55966,-6.45141923369202
1.559665,-6.45174556739251
1.55967,-6.45207258559546
1.559675,-6.45240028720249
1.55968,-6.45272867111543
1.559685,-6.45305773623631
1.55969,-6.45338748146743
1.559695,-6.45371790571124
1.5597,-6.45404900787045
1.559705,-6.45438078684794
1.55971,-6.45471324154686
1.559715,-6.45504637087053
1.55972,-6.45538017372247
1.559725,-6.45571464900648
1.55973,-6.45604979562647
1.559735,-6.45638561248663
1.55974,-6.45672209849134
1.559745,-6.45705925254518
1.55975,-6.45739707355293
1.559755,-6.45773556041961
1.55976,-6.45807471205039
1.559765,-6.45841452735069
1.55977,-6.45875500522611
1.559775,-6.45909614458245
1.55978,-6.45943794432573
1.559785,-6.45978040336214
1.55979,-6.46012352059811
1.559795,-6.46046729494022
1.5598,-6.4608117252953
1.559805,-6.46115681057034
1.55981,-6.46150254967253
1.559815,-6.46184894150927
1.55982,-6.46219598498815
1.559825,-6.46254367901694
1.55983,-6.46289202250363
1.559835,-6.46324101435636
1.55984,-6.4635906534835
1.559845,-6.46394093879362
1.55985,-6.46429186919542
1.559855,-6.46464344359785
1.55986,-6.46499566091001
1.559865,-6.46534852004122
1.55987,-6.46570201990097
1.559875,-6.4660561593989
1.55988,-6.46641093744489
1.559885,-6.46676635294901
1.55989,-6.46712240482144
1.559895,-6.46747909197264
1.5599,-6.46783641331315
1.559905,-6.46819436775377
1.55991,-6.46855295420545
1.559915,-6.46891217157932
1.55992,-6.46927201878671
1.559925,-6.46963249473908
1.55993,-6.4699935983481
1.559935,-6.47035532852564
1.55994,-6.47071768418368
1.559945,-6.47108066423443
1.55995,-6.47144426759028
1.559955,-6.47180849316373
1.55996,-6.47217333986753
1.559965,-6.47253880661452
1.55997,-6.4729048923178
1.559975,-6.47327159589059
1.55998,-6.47363891624625
1.559985,-6.47400685229839
1.55999,-6.4743754029607
1.559995,-6.47474456714709
1.56,-6.47511434377166
1.560005,-6.47548473174859
1.56001,-6.4758557299923
1.560015,-6.47622733741737
1.56002,-6.47659955293848
1.560025,-6.47697237547056
1.56003,-6.47734580392862
1.560035,-6.47771983722789
1.56004,-6.47809447428373
1.560045,-6.47846971401168
1.56005,-6.47884555532742
1.560055,-6.47922199714679
1.56006,-6.4795990383858
1.560065,-6.47997667796061
1.56007,-6.48035491478753
1.560075,-6.48073374778302
1.56008,-6.48111317586374
1.560085,-6.48149319794644
1.56009,-6.48187381294806
1.560095,-6.48225501978567
1.5601,-6.48263681737652
1.560105,-6.483019204638
1.56011,-6.48340218048762
1.560115,-6.48378574384311
1.56012,-6.48416989362224
1.560125,-6.48455462874304
1.56013,-6.48493994812363
1.560135,-6.48532585068226
1.56014,-6.48571233533737
1.560145,-6.48609940100754
1.56015,-6.48648704661143
1.560155,-6.48687527106795
1.56016,-6.48726407329604
1.560165,-6.48765345221487
1.56017,-6.48804340674372
1.560175,-6.48843393580198
1.56018,-6.48882503830925
1.560185,-6.48921671318519
1.56019,-6.48960895934964
1.560195,-6.49000177572259
1.5602,-6.49039516122414
1.560205,-6.49078911477454
1.56021,-6.49118363529418
1.560215,-6.49157872170355
1.56022,-6.49197437292333
1.560225,-6.49237058787428
1.56023,-6.49276736547733
1.560235,-6.49316470465354
1.56024,-6.49356260432406
1.560245,-6.49396106341024
1.56025,-6.49436008083347
1.560255,-6.49475965551536
1.56026,-6.49515978637761
1.560265,-6.49556047234202
1.56027,-6.49596171233057
1.560275,-6.49636350526532
1.56028,-6.49676585006848
1.560285,-6.4971687456624
1.56029,-6.4975721909695
1.560295,-6.49797618491237
1.5603,-6.49838072641375
1.560305,-6.49878581439641
1.56031,-6.49919144778334
1.560315,-6.49959762549757
1.56032,-6.5000043464623
1.560325,-6.50041160960086
1.56033,-6.50081941383664
1.560335,-6.5012277580932
1.56034,-6.50163664129422
1.560345,-6.50204606236346
1.56035,-6.50245602022482
1.560355,-6.50286651380228
1.56036,-6.50327754202001
1.560365,-6.50368910380224
1.56037,-6.50410119807331
1.560375,-6.5045138237577
1.56038,-6.50492697977998
1.560385,-6.50534066506483
1.56039,-6.50575487853708
1.560395,-6.50616961912162
1.5604,-6.50658488574348
1.560405,-6.50700067732779
1.56041,-6.50741699279978
1.560415,-6.50783383108481
1.56042,-6.50825119110832
1.560425,-6.50866907179589
1.56043,-6.50908747207318
1.560435,-6.50950639086594
1.56044,-6.50992582710006
1.560445,-6.51034577970154
1.56045,-6.51076624759644
1.560455,-6.51118722971095
1.56046,-6.51160872497135
1.560465,-6.51203073230403
1.56047,-6.51245325063551
1.560475,-6.51287627889233
1.56048,-6.51329981600124
1.560485,-6.51372386088896
1.56049,-6.51414841248242
1.560495,-6.51457346970861
1.5605,-6.51499903149458
1.560505,-6.51542509676751
1.56051,-6.5158516644547
1.560515,-6.51627873348351
1.56052,-6.51670630278139
1.560525,-6.51713437127589
1.56053,-6.51756293789467
1.560535,-6.5179920015655
1.56054,-6.51842156121616
1.560545,-6.51885161577462
1.56055,-6.51928216416886
1.560555,-6.51971320532702
1.56056,-6.52014473817728
1.560565,-6.52057676164792
1.56057,-6.52100927466733
1.560575,-6.52144227616398
1.56058,-6.52187576506638
1.560585,-6.5223097403032
1.56059,-6.52274420080315
1.560595,-6.52317914549502
1.5606,-6.52361457330774
1.560605,-6.52405048317024
1.56061,-6.52448687401163
1.560615,-6.52492374476101
1.56062,-6.52536109434762
1.560625,-6.52579892170079
1.56063,-6.52623722574987
1.560635,-6.52667600542435
1.56064,-6.52711525965378
1.560645,-6.52755498736778
1.56065,-6.52799518749609
1.560655,-6.52843585896843
1.56066,-6.52887700071473
1.560665,-6.52931861166491
1.56067,-6.52976069074897
1.560675,-6.53020323689704
1.56068,-6.53064624903925
1.560685,-6.53108972610588
1.56069,-6.53153366702723
1.560695,-6.5319780707337
1.5607,-6.53242293615575
1.560705,-6.53286826222395
1.56071,-6.53331404786887
1.560715,-6.53376029202123
1.56072,-6.53420699361175
1.560725,-6.53465415157129
1.56073,-6.53510176483073
1.560735,-6.53554983232103
1.56074,-6.53599835297324
1.560745,-6.53644732571845
1.56075,-6.53689674948782
1.560755,-6.53734662321263
1.56076,-6.53779694582414
1.560765,-6.53824771625374
1.56077,-6.53869893343288
1.560775,-6.53915059629304
1.56078,-6.5396027037658
1.560785,-6.54005525478277
1.56079,-6.54050824827568
1.560795,-6.54096168317627
1.5608,-6.54141555841635
1.560805,-6.54186987292783
1.56081,-6.54232462564261
1.560815,-6.54277981549274
1.56082,-6.54323544141027
1.560825,-6.54369150232731
1.56083,-6.54414799717605
1.560835,-6.54460492488877
1.56084,-6.54506228439774
1.560845,-6.54552007463533
1.56085,-6.54597829453394
1.560855,-6.54643694302605
1.56086,-6.54689601904422
1.560865,-6.547355521521
1.56087,-6.54781544938907
1.560875,-6.5482758015811
1.56088,-6.54873657702984
1.560885,-6.54919777466812
1.56089,-6.54965939342877
1.560895,-6.55012143224473
1.5609,-6.55058389004896
1.560905,-6.55104676577445
1.56091,-6.55151005835433
1.560915,-6.55197376672164
1.56092,-6.55243788980959
1.560925,-6.55290242655142
1.56093,-6.55336737588036
1.560935,-6.55383273672977
1.56094,-6.55429850803298
1.560945,-6.55476468872342
1.56095,-6.55523127773457
1.560955,-6.55569827399991
1.56096,-6.55616567645302
1.560965,-6.55663348402751
1.56097,-6.557101695657
1.560975,-6.55757031027522
1.56098,-6.55803932681588
1.560985,-6.55850874421277
1.56099,-6.55897856139975
1.560995,-6.55944877731065
1.561,-6.55991939087941
1.561005,-6.56039040103998
1.56101,-6.56086180672635
1.561015,-6.56133360687259
1.56102,-6.56180580041276
1.561025,-6.56227838628098
1.56103,-6.56275136341144
1.561035,-6.56322473073831
1.56104,-6.56369848719589
1.561045,-6.56417263171839
1.56105,-6.56464716324018
1.561055,-6.56512208069561
1.56106,-6.56559738301908
1.561065,-6.56607306914502
1.56107,-6.5665491380079
1.561075,-6.56702558854222
1.56108,-6.56750241968257
1.561085,-6.56797963036348
1.56109,-6.56845721951958
1.561095,-6.56893518608554
1.5611,-6.56941352899602
1.561105,-6.56989224718576
1.56111,-6.5703713395895
1.561115,-6.57085080514202
1.56112,-6.57133064277818
1.561125,-6.57181085143277
1.56113,-6.57229143004072
1.561135,-6.57277237753693
1.56114,-6.57325369285633
1.561145,-6.57373537493394
1.56115,-6.57421742270472
1.561155,-6.57469983510374
1.56116,-6.57518261106606
1.561165,-6.57566574952677
1.56117,-6.57614924942101
1.561175,-6.5766331096839
1.56118,-6.57711732925066
1.561185,-6.57760190705648
1.56119,-6.57808684203661
1.561195,-6.5785721331263
1.5612,-6.57905777926085
1.561205,-6.57954377937558
1.56121,-6.58003013240583
1.561215,-6.58051683728694
1.56122,-6.58100389295435
1.561225,-6.58149129834346
1.56123,-6.5819790523897
1.561235,-6.58246715402856
1.56124,-6.5829556021955
1.561245,-6.58344439582605
1.56125,-6.58393353385577
1.561255,-6.58442301522016
1.56126,-6.58491283885485
1.561265,-6.58540300369545
1.56127,-6.58589350867754
1.561275,-6.5863843527368
1.56128,-6.58687553480888
1.561285,-6.58736705382947
1.56129,-6.58785890873431
1.561295,-6.58835109845906
1.5613,-6.58884362193954
1.561305,-6.58933647811145
1.56131,-6.58982966591063
1.561315,-6.59032318427285
1.56132,-6.59081703213393
1.561325,-6.59131120842973
1.56133,-6.5918057120961
1.561335,-6.59230054206889
1.56134,-6.59279569728404
1.561345,-6.5932911766774
1.56135,-6.59378697918493
1.561355,-6.59428310374257
1.56136,-6.59477954928625
1.561365,-6.59527631475198
1.56137,-6.5957733990757
1.561375,-6.59627080119343
1.56138,-6.5967685200412
1.561385,-6.597266554555
1.56139,-6.59776490367091
1.561395,-6.59826356632499
1.5614,-6.59876254145327
1.561405,-6.59926182799187
1.56141,-6.59976142487685
1.561415,-6.60026133104434
1.56142,-6.60076154543046
1.561425,-6.60126206697132
1.56143,-6.6017628946031
1.561435,-6.6022640272619
1.56144,-6.60276546388392
1.561445,-6.60326720340535
1.56145,-6.60376924476233
1.561455,-6.60427158689108
1.56146,-6.60477422872782
1.561465,-6.60527716920873
1.56147,-6.60578040727007
1.561475,-6.60628394184803
1.56148,-6.60678777187889
1.561485,-6.60729189629889
1.56149,-6.60779631404428
1.561495,-6.60830102405134
1.5615,-6.60880602525632
1.561505,-6.60931131659551
1.56151,-6.60981689700523
1.561515,-6.61032276542173
1.56152,-6.61082892078134
1.561525,-6.61133536202037
1.56153,-6.61184208807511
1.561535,-6.61234909788192
1.56154,-6.61285639037708
1.561545,-6.61336396449696
1.56155,-6.61387181917789
1.561555,-6.6143799533562
1.56156,-6.61488836596826
1.561565,-6.61539705595038
1.56157,-6.61590602223896
1.561575,-6.61641526377036
1.56158,-6.6169247794809
1.561585,-6.61743456830699
1.56159,-6.617944629185
1.561595,-6.61845496105128
1.5616,-6.61896556284224
1.561605,-6.61947643349423
1.56161,-6.61998757194366
1.561615,-6.62049897712691
1.56162,-6.62101064798035
1.561625,-6.62152258344041
1.56163,-6.62203478244343
1.561635,-6.62254724392584
1.56164,-6.62305996682404
1.561645,-6.6235729500744
1.56165,-6.62408619261332
1.561655,-6.62459969337724
1.56166,-6.62511345130251
1.561665,-6.62562746532559
1.56167,-6.62614173438281
1.561675,-6.6266562574106
1.56168,-6.62717103334539
1.561685,-6.62768606112353
1.56169,-6.62820133968146
1.561695,-6.62871686795556
1.5617,-6.62923264488224
1.561705,-6.6297486693979
1.56171,-6.63026494043891
1.561715,-6.6307814569417
1.56172,-6.63129821784266
1.561725,-6.63181522207816
1.56173,-6.63233246858462
1.561735,-6.6328499562984
1.56174,-6.63336768415591
1.561745,-6.63388565109355
1.56175,-6.63440385604767
1.561755,-6.63492229795468
1.56176,-6.63544097575092
1.561765,-6.6359598883728
1.56177,-6.6364790347567
1.561775,-6.63699841383895
1.56178,-6.63751802455595
1.561785,-6.63803786584407
1.56179,-6.63855793663965
1.561795,-6.63907823587906
1.5618,-6.63959876249864
1.561805,-6.64011951543474
1.56181,-6.64064049362374
1.561815,-6.64116169600194
1.56182,-6.64168312150571
1.561825,-6.64220476907137
1.56183,-6.64272663763523
1.561835,-6.64324872613367
1.56184,-6.64377103350295
1.561845,-6.64429355867941
1.56185,-6.64481630059939
1.561855,-6.64533925819917
1.56186,-6.64586243041506
1.561865,-6.64638581618333
1.56187,-6.64690941444031
1.561875,-6.64743322412229
1.56188,-6.64795724416551
1.561885,-6.64848147350629
1.56189,-6.64900591108087
1.561895,-6.64953055582552
1.5619,-6.65005540667655
1.561905,-6.65058046257013
1.56191,-6.65110572244257
1.561915,-6.65163118523011
1.56192,-6.65215684986895
1.561925,-6.65268271529538
1.56193,-6.65320878044555
1.561935,-6.65373504425574
1.56194,-6.65426150566215
1.561945,-6.65478816360095
1.56195,-6.6553150170084
1.561955,-6.65584206482066
1.56196,-6.65636930597392
1.561965,-6.65689673940438
1.56197,-6.65742436404819
1.561975,-6.65795217884153
1.56198,-6.65848018272058
1.561985,-6.65900837462146
1.56199,-6.65953675348037
1.561995,-6.66006531823339
1.562,-6.6605940678167
1.562005,-6.66112300116643
1.56201,-6.66165211721869
1.562015,-6.66218141490958
1.56202,-6.66271089317526
1.562025,-6.66324055095178
1.56203,-6.66377038717528
1.562035,-6.6643004007818
1.56204,-6.66483059070746
1.562045,-6.66536095588834
1.56205,-6.66589149526049
1.562055,-6.66642220775997
1.56206,-6.66695309232284
1.562065,-6.66748414788515
1.56207,-6.66801537338296
1.562075,-6.66854676775227
1.56208,-6.66907832992913
1.562085,-6.66961005884957
1.56209,-6.67014195344958
1.562095,-6.67067401266519
1.5621,-6.67120623543238
1.562105,-6.67173862068714
1.56211,-6.6722711673655
1.562115,-6.67280387440339
1.56212,-6.67333674073684
1.562125,-6.67386976530175
1.56213,-6.67440294703412
1.562135,-6.67493628486992
1.56214,-6.67546977774506
1.562145,-6.67600342459549
1.56215,-6.67653722435718
1.562155,-6.67707117596601
1.56216,-6.67760527835793
1.562165,-6.67813953046885
1.56217,-6.67867393123467
1.562175,-6.67920847959131
1.56218,-6.67974317447465
1.562185,-6.6802780148206
1.56219,-6.68081299956501
1.562195,-6.68134812764379
1.5622,-6.68188339799282
1.562205,-6.68241880954793
1.56221,-6.682954361245
1.562215,-6.6834900520199
1.56222,-6.68402588080846
1.562225,-6.68456184654653
1.56223,-6.68509794816994
1.562235,-6.68563418461453
1.56224,-6.68617055481615
1.562245,-6.68670705771057
1.56225,-6.68724369223366
1.562255,-6.68778045732119
1.56226,-6.68831735190899
1.562265,-6.68885437493286
1.56227,-6.68939152532859
1.562275,-6.68992880203197
1.56228,-6.69046620397882
1.562285,-6.69100373010487
1.56229,-6.69154137934595
1.562295,-6.69207915063778
1.5623,-6.69261704291618
1.562305,-6.69315505511691
1.56231,-6.69369318617569
1.562315,-6.69423143502833
1.56232,-6.69476980061055
1.562325,-6.69530828185811
1.56233,-6.69584687770679
1.562335,-6.69638558709228
1.56234,-6.69692440895035
1.562345,-6.69746334221674
1.56235,-6.69800238582717
1.562355,-6.6985415387174
1.56236,-6.69908079982312
1.562365,-6.69962016808009
1.56237,-6.70015964242402
1.562375,-6.70069922179064
1.56238,-6.70123890511568
1.562385,-6.70177869133482
1.56239,-6.7023185793838
1.562395,-6.70285856819835
1.5624,-6.70339865671416
1.562405,-6.70393884386696
1.56241,-6.70447912859246
1.562415,-6.70501950982635
1.56242,-6.70555998650438
1.562425,-6.7061005575622
1.56243,-6.70664122193556
1.562435,-6.70718197856018
1.56244,-6.70772282637172
1.562445,-6.70826376430594
1.56245,-6.7088047912985
1.562455,-6.70934590628514
1.56246,-6.70988710820157
1.562465,-6.71042839598349
1.56247,-6.7109697685666
1.562475,-6.71151122488666
1.56248,-6.71205276387932
1.562485,-6.71259438448036
1.56249,-6.71313608562545
1.562495,-6.71367786625031
1.5625,-6.71421972529071
1.562505,-6.71476166168231
1.56251,-6.7153036743609
1.562515,-6.71584576226216
1.56252,-6.71638792432184
1.562525,-6.71693015947571
1.56253,-6.71747246665946
1.562535,-6.71801484480885
1.56254,-6.71855729285966
1.562545,-6.7190998097476
1.56255,-6.71964239440845
1.562555,-6.72018504577797
1.56256,-6.7207277627919
1.562565,-6.72127054438606
1.56257,-6.72181338949619
1.562575,-6.7223562970581
1.56258,-6.72289926600754
1.562585,-6.72344229528034
1.56259,-6.72398538381232
1.562595,-6.72452853053924
1.5626,-6.72507173439693
1.562605,-6.72561499432125
1.56261,-6.72615830924797
1.562615,-6.72670167811298
1.56262,-6.72724509985209
1.562625,-6.72778857340119
1.56263,-6.72833209769613
1.562635,-6.72887567167276
1.56264,-6.729419294267
1.562645,-6.7299629644147
1.56265,-6.73050668105178
1.562655,-6.73105044311418
1.56266,-6.73159424953777
1.562665,-6.73213809925851
1.56267,-6.73268199121235
1.562675,-6.73322592433522
1.56268,-6.73376989756312
1.562685,-6.73431390983199
1.56269,-6.73485796007783
1.562695,-6.73540204723666
1.5627,-6.73594617024448
1.562705,-6.7364903280373
1.56271,-6.73703451955122
1.562715,-6.73757874372222
1.56272,-6.73812299948645
1.562725,-6.73866728577991
1.56273,-6.73921160153873
1.562735,-6.73975594569908
1.56274,-6.74030031719699
1.562745,-6.74084471496868
1.56275,-6.74138913795025
1.562755,-6.74193358507793
1.56276,-6.74247805528791
1.562765,-6.74302254751635
1.56277,-6.74356706069951
1.562775,-6.74411159377366
1.56278,-6.74465614567501
1.562785,-6.7452007153399
1.56279,-6.74574530170457
1.562795,-6.74628990370537
1.5628,-6.74683452027867
1.562805,-6.74737915036076
1.56281,-6.74792379288808
1.562815,-6.748468446797
1.56282,-6.74901311102393
1.562825,-6.74955778450537
1.56283,-6.7501024661777
1.562835,-6.75064715497746
1.56284,-6.75119184984118
1.562845,-6.75173654970533
1.56285,-6.75228125350652
1.562855,-6.75282596018127
1.56286,-6.75337066866622
1.562865,-6.75391537789802
1.56287,-6.75446008681326
1.562875,-6.75500479434869
1.56288,-6.75554949944094
1.562885,-6.75609420102678
1.56289,-6.75663889804297
1.562895,-6.75718358942627
1.5629,-6.7577282741135
1.562905,-6.75827295104151
1.56291,-6.75881761914714
1.562915,-6.75936227736731
1.56292,-6.75990692463891
1.562925,-6.7604515598989
1.56293,-6.76099618208432
1.562935,-6.76154079013209
1.56294,-6.76208538297933
1.562945,-6.76262995956306
1.56295,-6.76317451882042
1.562955,-6.76371905968854
1.56296,-6.76426358110458
1.562965,-6.76480808200574
1.56297,-6.76535256132929
1.562975,-6.76589701801247
1.56298,-6.76644145099259
1.562985,-6.76698585920699
1.56299,-6.76753024159303
1.562995,-6.76807459708816
1.563,-6.76861892462978
1.563005,-6.76916322315543
1.56301,-6.76970749160256
1.563015,-6.77025172890877
1.56302,-6.77079593401166
1.563025,-6.77134010584883
1.56303,-6.77188424335799
1.563035,-6.77242834547684
1.56304,-6.77297241114312
1.563045,-6.77351643929466
1.56305,-6.77406042886922
1.563055,-6.77460437880475
1.56306,-6.77514828803915
1.563065,-6.77569215551033
1.56307,-6.77623598015637
1.563075,-6.77677976091523
1.56308,-6.77732349672507
1.563085,-6.77786718652402
1.56309,-6.77841082925021
1.563095,-6.77895442384189
1.5631,-6.77949796923736
1.563105,-6.78004146437489
1.56311,-6.78058490819287
1.563115,-6.7811282996297
1.56312,-6.78167163762385
1.563125,-6.78221492111383
1.56313,-6.78275814903817
1.563135,-6.78330132033553
1.56314,-6.7838444339445
1.563145,-6.78438748880383
1.56315,-6.7849304838523
1.563155,-6.78547341802866
1.56316,-6.78601629027181
1.563165,-6.78655909952067
1.56317,-6.78710184471421
1.563175,-6.78764452479145
1.56318,-6.78818713869143
1.563185,-6.78872968535334
1.56319,-6.78927216371637
1.563195,-6.78981457271972
1.5632,-6.79035691130273
1.563205,-6.79089917840472
1.56321,-6.79144137296514
1.563215,-6.79198349392349
1.56322,-6.79252554021924
1.563225,-6.79306751079204
1.56323,-6.79360940458153
1.563235,-6.79415122052741
1.56324,-6.7946929575695
1.563245,-6.79523461464759
1.56325,-6.79577619070161
1.563255,-6.79631768467153
1.56326,-6.79685909549737
1.563265,-6.79740042211924
1.56327,-6.79794166347727
1.563275,-6.79848281851171
1.56328,-6.79902388616285
1.563285,-6.79956486537104
1.56329,-6.80010575507671
1.563295,-6.80064655422036
1.5633,-6.80118726174254
1.563305,-6.80172787658392
1.56331,-6.80226839768515
1.563315,-6.80280882398703
1.56332,-6.80334915443042
1.563325,-6.8038893879562
1.56333,-6.80442952350541
1.563335,-6.80496956001906
1.56334,-6.80550949643831
1.563345,-6.80604933170439
1.56335,-6.80658906475855
1.563355,-6.80712869454217
1.56336,-6.80766821999669
1.563365,-6.80820764006363
1.56337,-6.80874695368459
1.563375,-6.80928615980121
1.56338,-6.80982525735526
1.563385,-6.81036424528859
1.56339,-6.81090312254308
1.563395,-6.81144188806074
1.5634,-6.81198054078363
1.563405,-6.81251907965392
1.56341,-6.81305750361386
1.563415,-6.81359581160574
1.56342,-6.81413400257198
1.563425,-6.81467207545511
1.56343,-6.81521002919766
1.563435,-6.81574786274233
1.56344,-6.81628557503185
1.563445,-6.81682316500906
1.56345,-6.81736063161692
1.563455,-6.81789797379841
1.56346,-6.81843519049665
1.563465,-6.81897228065487
1.56347,-6.81950924321632
1.563475,-6.82004607712442
1.56348,-6.82058278132261
1.563485,-6.82111935475447
1.56349,-6.8216557963637
1.563495,-6.82219210509401
1.5635,-6.82272827988929
1.563505,-6.82326431969348
1.56351,-6.8238002234506
1.563515,-6.82433599010486
1.56352,-6.82487161860045
1.563525,-6.82540710788173
1.56353,-6.82594245689316
1.563535,-6.82647766457927
1.56354,-6.82701272988474
1.563545,-6.82754765175427
1.56355,-6.82808242913274
1.563555,-6.82861706096512
1.56356,-6.82915154619645
1.563565,-6.82968588377191
1.56357,-6.83022007263677
1.563575,-6.8307541117364
1.56358,-6.83128800001632
1.563585,-6.83182173642209
1.56359,-6.83235531989943
1.563595,-6.8328887493942
1.5636,-6.83342202385225
1.563605,-6.83395514221967
1.56361,-6.83448810344259
1.563615,-6.83502090646729
1.56362,-6.83555355024015
1.563625,-6.83608603370764
1.56363,-6.8366183558164
1.563635,-6.83715051551313
1.56364,-6.83768251174468
1.563645,-6.83821434345802
1.56365,-6.83874600960021
1.563655,-6.83927750911846
1.56366,-6.83980884096011
1.563665,-6.84034000407256
1.56367,-6.84087099740341
1.563675,-6.84140181990031
1.56368,-6.84193247051109
1.563685,-6.84246294818369
1.56369,-6.84299325186614
1.563695,-6.84352338050666
1.5637,-6.84405333305353
1.563705,-6.8445831084552
1.56371,-6.84511270566026
1.563715,-6.84564212361737
1.56372,-6.84617136127538
1.563725,-6.84670041758325
1.56373,-6.84722929149005
1.563735,-6.84775798194504
1.56374,-6.84828648789753
1.563745,-6.84881480829703
1.56375,-6.84934294209321
1.563755,-6.84987088823575
1.56376,-6.85039864567464
1.563765,-6.85092621335984
1.56377,-6.85145359024156
1.563775,-6.85198077527014
1.56378,-6.85250776739599
1.563785,-6.85303456556974
1.56379,-6.85356116874213
1.563795,-6.85408757586401
1.5638,-6.85461378588648
1.563805,-6.85513979776062
1.56381,-6.85566561043781
1.563815,-6.8561912228695
1.56382,-6.8567166340073
1.563825,-6.85724184280298
1.56383,-6.85776684820843
1.563835,-6.85829164917572
1.56384,-6.85881624465707
1.563845,-6.85934063360485
1.56385,-6.85986481497154
1.563855,-6.86038878770987
1.56386,-6.8609125507726
1.563865,-6.86143610311277
1.56387,-6.86195944368346
1.563875,-6.862482571438
1.56388,-6.86300548532986
1.563885,-6.86352818431261
1.56389,-6.86405066734006
1.563895,-6.86457293336611
1.5639,-6.86509498134487
1.563905,-6.86561681023062
1.56391,-6.86613841897776
1.563915,-6.86665980654087
1.56392,-6.86718097187475
1.563925,-6.86770191393426
1.56393,-6.86822263167454
1.563935,-6.86874312405081
1.56394,-6.86926339001852
1.563945,-6.86978342853327
1.56395,-6.8703032385508
1.563955,-6.87082281902708
1.56396,-6.87134216891821
1.563965,-6.87186128718048
1.56397,-6.87238017277039
1.563975,-6.87289882464451
1.56398,-6.87341724175971
1.563985,-6.87393542307301
1.56399,-6.87445336754151
1.563995,-6.87497107412264
1.564,-6.87548854177387
1.564005,-6.87600576945297
1.56401,-6.87652275611785
1.564015,-6.87703950072654
1.56402,-6.87755600223738
1.564025,-6.87807225960878
1.56403,-6.87858827179939
1.564035,-6.87910403776808
1.56404,-6.87961955647382
1.564045,-6.88013482687585
1.56405,-6.88064984793359
1.564055,-6.88116461860661
1.56406,-6.88167913785471
1.564065,-6.88219340463786
1.56407,-6.88270741791625
1.564075,-6.88322117665027
1.56408,-6.88373467980047
1.564085,-6.88424792632762
1.56409,-6.8847609151927
1.564095,-6.88527364535686
1.5641,-6.88578611578152
1.564105,-6.88629832542817
1.56411,-6.88681027325866
1.564115,-6.88732195823495
1.56412,-6.88783337931921
1.564125,-6.88834453547385
1.56413,-6.88885542566145
1.564135,-6.88936604884484
1.56414,-6.88987640398704
1.564145,-6.89038649005125
1.56415,-6.89089630600093
1.564155,-6.89140585079975
1.56416,-6.89191512341155
1.564165,-6.89242412280043
1.56417,-6.89293284793066
1.564175,-6.89344129776678
1.56418,-6.89394947127352
1.564185,-6.89445736741582
1.56419,-6.89496498515888
1.564195,-6.89547232346804
1.5642,-6.89597938130896
1.564205,-6.89648615764749
1.56421,-6.89699265144964
1.564215,-6.89749886168173
1.56422,-6.8980047873103
1.564225,-6.89851042730205
1.56423,-6.89901578062398
1.564235,-6.89952084624327
1.56424,-6.90002562312736
1.564245,-6.90053011024394
1.56425,-6.90103430656086
1.564255,-6.90153821104631
1.56426,-6.9020418226686
1.564265,-6.90254514039636
1.56427,-6.90304816319846
1.564275,-6.90355089004393
1.56428,-6.90405331990212
1.564285,-6.9045554517426
1.56429,-6.90505728453514
1.564295,-6.90555881724983
1.5643,-6.90606004885691
1.564305,-6.90656097832694
1.56431,-6.90706160463073
1.564315,-6.90756192673926
1.56432,-6.90806194362386
1.564325,-6.90856165425601
1.56433,-6.90906105760751
1.564335,-6.90956015265041
1.56434,-6.91005893835697
1.564345,-6.91055741369974
1.56435,-6.91105557765153
1.564355,-6.91155342918536
1.56436,-6.91205096727458
1.564365,-6.91254819089272
1.56437,-6.91304509901362
1.564375,-6.9135416906114
1.56438,-6.91403796466037
1.564385,-6.91453392013519
1.56439,-6.91502955601071
1.564395,-6.91552487126208
1.5644,-6.91601986486473
1.564405,-6.91651453579433
1.56441,-6.91700888302683
1.564415,-6.91750290553849
1.56442,-6.91799660230575
1.564425,-6.91848997230543
1.56443,-6.91898301451453
1.564435,-6.91947572791038
1.56444,-6.9199681114706
1.564445,-6.92046016417303
1.56445,-6.92095188499584
1.564455,-6.92144327291745
1.56446,-6.92193432691656
1.564465,-6.92242504597221
1.56447,-6.92291542906363
1.564475,-6.92340547517041
1.56448,-6.92389518327241
1.564485,-6.92438455234973
1.56449,-6.92487358138283
1.564495,-6.9253622693524
1.5645,-6.92585061523946
1.564505,-6.92633861802532
1.56451,-6.92682627669154
1.564515,-6.92731359022005
1.56452,-6.92780055759297
1.564525,-6.92828717779282
1.56453,-6.92877344980241
1.564535,-6.92925937260474
1.56454,-6.92974494518323
1.564545,-6.93023016652158
1.56455,-6.93071503560373
1.564555,-6.93119955141399
1.56456,-6.93168371293694
1.564565,-6.93216751915748
1.56457,-6.93265096906085
1.564575,-6.93313406163251
1.56458,-6.93361679585833
1.564585,-6.93409917072443
1.56459,-6.93458118521728
1.564595,-6.93506283832363
1.5646,-6.93554412903056
1.564605,-6.93602505632546
1.56461,-6.9365056191961
1.564615,-6.93698581663044
1.56462,-6.9374656476169
1.564625,-6.93794511114412
1.56463,-6.9384242062011
1.564635,-6.9389029317772
1.56464,-6.93938128686205
1.564645,-6.93985927044563
1.56465,-6.94033688151823
1.564655,-6.94081411907051
1.56466,-6.94129098209344
1.564665,-6.9417674695783
1.56467,-6.94224358051672
1.564675,-6.9427193139007
1.56468,-6.9431946687225
1.564685,-6.9436696439748
1.56469,-6.94414423865053
1.564695,-6.94461845174305
1.5647,-6.945092282246
1.564705,-6.94556572915339
1.56471,-6.94603879145955
1.564715,-6.94651146815918
1.56472,-6.94698375824731
1.564725,-6.94745566071934
1.56473,-6.94792717457099
1.564735,-6.94839829879833
1.56474,-6.94886903239782
1.564745,-6.94933937436622
1.56475,-6.9498093237007
1.564755,-6.95027887939871
1.56476,-6.95074804045814
1.564765,-6.95121680587721
1.56477,-6.95168517465445
1.564775,-6.95215314578883
1.56478,-6.9526207182796
1.564785,-6.95308789112644
1.56479,-6.95355466332939
1.564795,-6.9540210338888
1.5648,-6.95448700180542
1.564805,-6.95495256608043
1.56481,-6.95541772571525
1.564815,-6.95588247971179
1.56482,-6.95634682707225
1.564825,-6.95681076679927
1.56483,-6.95727429789584
1.564835,-6.95773741936528
1.56484,-6.95820013021138
1.564845,-6.95866242943821
1.56485,-6.95912431605029
1.564855,-6.95958578905252
1.56486,-6.96004684745014
1.564865,-6.9605074902488
1.56487,-6.96096771645457
1.564875,-6.96142752507383
1.56488,-6.96188691511342
1.564885,-6.96234588558052
1.56489,-6.96280443548272
1.564895,-6.96326256382804
1.5649,-6.96372026962484
1.564905,-6.96417755188188
1.56491,-6.96463440960838
1.564915,-6.96509084181386
1.56492,-6.96554684750831
1.564925,-6.96600242570211
1.56493,-6.96645757540603
1.564935,-6.96691229563126
1.56494,-6.96736658538936
1.564945,-6.96782044369234
1.56495,-6.96827386955259
1.564955,-6.96872686198292
1.56496,-6.96917941999656
1.564965,-6.96963154260711
1.56497,-6.97008322882864
1.564975,-6.97053447767562
1.56498,-6.9709852881629
1.564985,-6.97143565930579
1.56499,-6.97188559012
1.564995,-6.97233507962164
1.565,-6.97278412682731
1.565005,-6.97323273075396
1.56501,-6.97368089041901
1.565015,-6.97412860484025
1.56502,-6.97457587303599
1.565025,-6.97502269402489
1.56503,-6.97546906682607
1.565035,-6.97591499045906
1.56504,-6.97636046394389
1.565045,-6.97680548630092
1.56505,-6.97725005655106
1.565055,-6.97769417371554
1.56506,-6.97813783681613
1.565065,-6.978581044875
1.56507,-6.97902379691474
1.565075,-6.97946609195842
1.56508,-6.97990792902952
1.565085,-6.980349307152
1.56509,-6.98079022535027
1.565095,-6.98123068264914
1.5651,-6.9816706780739
1.565105,-6.98211021065034
1.56511,-6.9825492794046
1.565115,-6.98298788336337
1.56512,-6.98342602155374
1.565125,-6.98386369300327
1.56513,-6.98430089674001
1.565135,-6.98473763179242
1.56514,-6.98517389718946
1.565145,-6.98560969196052
1.56515,-6.9860450151355
1.565155,-6.98647986574474
1.56516,-6.98691424281903
1.565165,-6.98734814538965
1.56517,-6.98778157248837
1.565175,-6.98821452314738
1.56518,-6.98864699639941
1.565185,-6.98907899127759
1.56519,-6.98951050681559
1.565195,-6.98994154204753
1.5652,-6.990372096008
1.565205,-6.99080216773211
1.56521,-6.99123175625539
1.565215,-6.99166086061391
1.56522,-6.99208947984422
1.565225,-6.99251761298331
1.56523,-6.9929452590687
1.565235,-6.99337241713842
1.56524,-6.99379908623091
1.565245,-6.9942252653852
1.56525,-6.99465095364072
1.565255,-6.99507615003747
1.56526,-6.99550085361593
1.565265,-6.99592506341704
1.56527,-6.9963487784823
1.565275,-6.99677199785366
1.56528,-6.99719472057358
1.565285,-6.99761694568508
1.56529,-6.99803867223159
1.565295,-6.99845989925714
1.5653,-6.99888062580622
1.565305,-6.99930085092384
1.56531,-6.99972057365553
1.565315,-7.0001397930473
1.56532,-7.0005585081457
1.565325,-7.00097671799784
1.56533,-7.00139442165127
1.565335,-7.00181161815411
1.56534,-7.00222830655496
1.565345,-7.00264448590299
1.56535,-7.00306015524788
1.565355,-7.0034753136398
1.56536,-7.00388996012948
1.565365,-7.00430409376821
1.56537,-7.00471771360772
1.565375,-7.00513081870036
1.56538,-7.00554340809895
1.565385,-7.00595548085689
1.56539,-7.0063670360281
1.565395,-7.00677807266703
1.5654,-7.00718858982867
1.565405,-7.00759858656856
1.56541,-7.00800806194276
1.565415,-7.00841701500793
1.56542,-7.00882544482119
1.565425,-7.00923335044027
1.56543,-7.00964073092346
1.565435,-7.01004758532952
1.56544,-7.01045391271785
1.565445,-7.01085971214834
1.56545,-7.01126498268147
1.565455,-7.01166972337828
1.56546,-7.01207393330031
1.565465,-7.01247761150974
1.56547,-7.01288075706925
1.565475,-7.01328336904211
1.56548,-7.01368544649215
1.565485,-7.01408698848376
1.56549,-7.01448799408188
1.565495,-7.01488846235208
1.5655,-7.01528839236041
1.565505,-7.01568778317357
1.56551,-7.01608663385878
1.565515,-7.01648494348386
1.56552,-7.0168827111172
1.565525,-7.01727993582776
1.56553,-7.01767661668511
1.565535,-7.01807275275935
1.56554,-7.0184683431212
1.565545,-7.01886338684196
1.56555,-7.01925788299349
1.565555,-7.01965183064826
1.56556,-7.02004522887935
1.565565,-7.02043807676035
1.56557,-7.02083037336555
1.565575,-7.02122211776972
1.56558,-7.02161330904833
1.565585,-7.02200394627736
1.56559,-7.02239402853345
1.565595,-7.0227835548938
1.5656,-7.02317252443623
1.565605,-7.02356093623914
1.56561,-7.02394878938158
1.565615,-7.02433608294315
1.56562,-7.02472281600409
1.565625,-7.02510898764524
1.56563,-7.02549459694805
1.565635,-7.0258796429946
1.56564,-7.02626412486753
1.565645,-7.02664804165016
1.56565,-7.02703139242638
1.565655,-7.02741417628072
1.56566,-7.02779639229832
1.565665,-7.02817803956497
1.56567,-7.02855911716702
1.565675,-7.02893962419151
1.56568,-7.02931955972605
1.565685,-7.02969892285892
1.56569,-7.03007771267903
1.565695,-7.03045592827587
1.5657,-7.03083356873963
1.565705,-7.03121063316106
1.56571,-7.03158712063161
1.565715,-7.03196303024334
1.56572,-7.03233836108895
1.565725,-7.03271311226177
1.56573,-7.0330872828558
1.565735,-7.03346087196563
1.56574,-7.03383387868657
1.565745,-7.0342063021145
1.56575,-7.034578141346
1.565755,-7.03494939547829
1.56576,-7.03532006360921
1.565765,-7.03569014483729
1.56577,-7.0360596382617
1.565775,-7.03642854298226
1.56578,-7.03679685809947
1.565785,-7.03716458271444
1.56579,-7.03753171592898
1.565795,-7.03789825684559
1.5658,-7.03826420456735
1.565805,-7.03862955819808
1.56581,-7.03899431684224
1.565815,-7.03935847960494
1.56582,-7.039722045592
1.565825,-7.04008501390987
1.56583,-7.04044738366572
1.565835,-7.04080915396735
1.56584,-7.04117032392324
1.565845,-7.04153089264259
1.56585,-7.04189085923523
1.565855,-7.0422502228117
1.56586,-7.04260898248324
1.565865,-7.04296713736171
1.56587,-7.04332468655973
1.565875,-7.04368162919055
1.56588,-7.04403796436814
1.565885,-7.04439369120716
1.56589,-7.04474880882294
1.565895,-7.04510331633156
1.5659,-7.04545721284969
1.565905,-7.04581049749481
1.56591,-7.04616316938506
1.565915,-7.04651522763922
1.56592,-7.04686667137686
1.565925,-7.04721749971823
1.56593,-7.04756771178425
1.565935,-7.04791730669657
1.56594,-7.04826628357754
1.565945,-7.04861464155025
1.56595,-7.04896237973846
1.565955,-7.04930949726667
1.56596,-7.04965599326009
1.565965,-7.05000186684462
1.56597,-7.05034711714693
1.565975,-7.05069174329438
1.56598,-7.05103574441502
1.565985,-7.05137911963768
1.56599,-7.0517218680919
1.565995,-7.0520639889079
1.566,-7.0524054812167
1.566005,-7.05274634414997
1.56601,-7.05308657684018
1.566015,-7.05342617842051
1.56602,-7.05376514802485
1.566025,-7.05410348478786
1.56603,-7.05444118784491
1.566035,-7.05477825633212
1.56604,-7.05511468938636
1.566045,-7.05545048614522
1.56605,-7.05578564574706
1.566055,-7.05612016733097
1.56606,-7.05645405003678
1.566065,-7.05678729300509
1.56607,-7.05711989537722
1.566075,-7.05745185629526
1.56608,-7.05778317490207
1.566085,-7.05811385034123
1.56609,-7.05844388175712
1.566095,-7.05877326829481
1.5661,-7.0591020091002
1.566105,-7.05943010331992
1.56611,-7.05975755010135
1.566115,-7.06008434859267
1.56612,-7.0604104979428
1.566125,-7.06073599730142
1.56613,-7.06106084581902
1.566135,-7.06138504264681
1.56614,-7.06170858693681
1.566145,-7.0620314778418
1.56615,-7.06235371451533
1.566155,-7.06267529611174
1.56616,-7.06299622178614
1.566165,-7.06331649069442
1.56617,-7.06363610199328
1.566175,-7.06395505484015
1.56618,-7.06427334839329
1.566185,-7.06459098181174
1.56619,-7.0649079542553
1.566195,-7.0652242648846
1.5662,-7.06553991286103
1.566205,-7.0658548973468
1.56621,-7.06616921750491
1.566215,-7.06648287249911
1.56622,-7.06679586149403
1.566225,-7.06710818365503
1.56623,-7.06741983814831
1.566235,-7.06773082414087
1.56624,-7.06804114080048
1.566245,-7.06835078729576
1.56625,-7.06865976279613
1.566255,-7.0689680664718
1.56626,-7.0692756974938
1.566265,-7.06958265503397
1.56627,-7.06988893826497
1.566275,-7.07019454636029
1.56628,-7.0704994784942
1.566285,-7.07080373384183
1.56629,-7.0711073115791
1.566295,-7.07141021088278
1.5663,-7.07171243093043
1.566305,-7.07201397090046
1.56631,-7.0723148299721
1.566315,-7.07261500732543
1.56632,-7.07291450214131
1.566325,-7.07321331360149
1.56633,-7.0735114408885
1.566335,-7.07380888318575
1.56634,-7.07410563967746
1.566345,-7.07440170954871
1.56635,-7.0746970919854
1.566355,-7.07499178617426
1.56636,-7.0752857913029
1.566365,-7.07557910655976
1.56637,-7.07587173113411
1.566375,-7.0761636642161
1.56638,-7.0764549049967
1.566385,-7.07674545266773
1.56639,-7.07703530642189
1.566395,-7.07732446545271
1.5664,-7.07761292895459
1.566405,-7.07790069612279
1.56641,-7.0781877661534
1.566415,-7.07847413824341
1.56642,-7.07875981159067
1.566425,-7.07904478539384
1.56643,-7.07932905885252
1.566435,-7.07961263116712
1.56644,-7.07989550153894
1.566445,-7.08017766917017
1.56645,-7.08045913326384
1.566455,-7.08073989302388
1.56646,-7.08101994765505
1.566465,-7.08129929636304
1.56647,-7.08157793835441
1.566475,-7.08185587283656
1.56648,-7.08213309901781
1.566485,-7.08240961610736
1.56649,-7.08268542331526
1.566495,-7.0829605198525
1.5665,-7.08323490493091
1.566505,-7.08350857776324
1.56651,-7.08378153756312
1.566515,-7.08405378354507
1.56652,-7.08432531492451
1.566525,-7.08459613091774
1.56653,-7.08486623074198
1.566535,-7.08513561361535
1.56654,-7.08540427875684
1.566545,-7.08567222538636
1.56655,-7.08593945272475
1.566555,-7.0862059599937
1.56656,-7.08647174641587
1.566565,-7.08673681121476
1.56657,-7.08700115361484
1.566575,-7.08726477284146
1.56658,-7.08752766812088
1.566585,-7.08778983868031
1.56659,-7.08805128374782
1.566595,-7.08831200255244
1.5666,-7.08857199432414
1.566605,-7.08883125829372
1.56661,-7.08908979369299
1.566615,-7.08934759975468
1.56662,-7.08960467571238
1.566625,-7.08986102080068
1.56663,-7.09011663425505
1.566635,-7.09037151531191
1.56664,-7.09062566320861
1.566645,-7.09087907718343
1.56665,-7.0911317564756
1.566655,-7.09138370032527
1.56666,-7.09163490797351
1.566665,-7.09188537866239
1.56667,-7.09213511163485
1.566675,-7.09238410613482
1.56668,-7.09263236140718
1.566685,-7.0928798766977
1.56669,-7.09312665125317
1.566695,-7.09337268432126
1.5667,-7.09361797515064
1.566705,-7.09386252299092
1.56671,-7.09410632709266
1.566715,-7.09434938670736
1.56672,-7.0945917010875
1.566725,-7.09483326948652
1.56673,-7.0950740911588
1.566735,-7.09531416535968
1.56674,-7.09555349134549
1.566745,-7.09579206837351
1.56675,-7.09602989570198
1.566755,-7.09626697259011
1.56676,-7.09650329829807
1.566765,-7.09673887208703
1.56677,-7.09697369321911
1.566775,-7.0972077609574
1.56678,-7.09744107456598
1.566785,-7.0976736333099
1.56679,-7.09790543645519
1.566795,-7.09813648326885
1.5668,-7.09836677301887
1.566805,-7.09859630497422
1.56681,-7.09882507840487
1.566815,-7.09905309258175
1.56682,-7.0992803467768
1.566825,-7.09950684026293
1.56683,-7.09973257231405
1.566835,-7.09995754220507
1.56684,-7.10018174921187
1.566845,-7.10040519261135
1.56685,-7.10062787168139
1.566855,-7.10084978570088
1.56686,-7.10107093394971
1.566865,-7.10129131570876
1.56687,-7.10151093025991
1.566875,-7.10172977688606
1.56688,-7.10194785487111
1.566885,-7.10216516349997
1.56689,-7.10238170205853
1.566895,-7.10259746983373
1.5669,-7.10281246611351
1.566905,-7.1030266901868
1.56691,-7.10324014134359
1.566915,-7.10345281887484
1.56692,-7.10366472207254
1.566925,-7.10387585022974
1.56693,-7.10408620264044
1.566935,-7.10429577859971
1.56694,-7.10450457740364
1.566945,-7.10471259834933
1.56695,-7.10491984073492
1.566955,-7.10512630385956
1.56696,-7.10533198702344
1.566965,-7.10553688952782
1.56697,-7.1057410106749
1.566975,-7.10594434976801
1.56698,-7.10614690611146
1.566985,-7.10634867901061
1.56699,-7.10654966777187
1.566995,-7.10674987170267
1.567,-7.10694929011148
1.567005,-7.10714792230786
1.56701,-7.10734576760233
1.567015,-7.10754282530655
1.56702,-7.10773909473315
1.567025,-7.10793457519585
1.56703,-7.10812926600942
1.567035,-7.10832316648965
1.56704,-7.10851627595343
1.567045,-7.10870859371866
1.56705,-7.10890011910432
1.567055,-7.10909085143046
1.56706,-7.10928079001814
1.567065,-7.10946993418953
1.56707,-7.10965828326785
1.567075,-7.10984583657736
1.56708,-7.11003259344342
1.567085,-7.11021855319242
1.56709,-7.11040371515185
1.567095,-7.11058807865025
1.5671,-7.11077164301722
1.567105,-7.11095440758346
1.56711,-7.11113637168074
1.567115,-7.11131753464188
1.56712,-7.11149789580079
1.567125,-7.11167745449246
1.56713,-7.11185621005296
1.567135,-7.11203416181945
1.56714,-7.11221130913013
1.567145,-7.11238765132434
1.56715,-7.11256318774246
1.567155,-7.11273791772598
1.56716,-7.11291184061748
1.567165,-7.11308495576061
1.56717,-7.11325726250011
1.567175,-7.11342876018184
1.56718,-7.11359944815274
1.567185,-7.11376932576082
1.56719,-7.11393839235521
1.567195,-7.11410664728614
1.5672,-7.11427408990494
1.567205,-7.11444071956402
1.56721,-7.11460653561691
1.567215,-7.11477153741822
1.56722,-7.11493572432369
1.567225,-7.11509909569017
1.56723,-7.11526165087559
1.567235,-7.115423389239
1.56724,-7.11558431014058
1.567245,-7.11574441294159
1.56725,-7.11590369700442
1.567255,-7.11606216169255
1.56726,-7.11621980637062
1.567265,-7.11637663040436
1.56727,-7.11653263316061
1.567275,-7.11668781400735
1.56728,-7.11684217231366
1.567285,-7.11699570744976
1.56729,-7.11714841878699
1.567295,-7.11730030569779
1.5673,-7.11745136755578
1.567305,-7.11760160373565
1.56731,-7.11775101361325
1.567315,-7.11789959656557
1.56732,-7.1180473519707
1.567325,-7.11819427920787
1.56733,-7.11834037765748
1.567335,-7.11848564670102
1.56734,-7.11863008572115
1.567345,-7.11877369410165
1.56735,-7.11891647122743
1.567355,-7.11905841648458
1.56736,-7.11919952926029
1.567365,-7.11933980894292
1.56737,-7.11947925492196
1.567375,-7.11961786658807
1.56738,-7.11975564333302
1.567385,-7.11989258454976
1.56739,-7.12002868963239
1.567395,-7.12016395797613
1.5674,-7.12029838897739
1.567405,-7.12043198203372
1.56741,-7.12056473654382
1.567415,-7.12069665190755
1.56742,-7.12082772752594
1.567425,-7.12095796280115
1.56743,-7.12108735713654
1.567435,-7.12121590993661
1.56744,-7.121343620607
1.567445,-7.12147048855457
1.56745,-7.12159651318732
1.567455,-7.12172169391437
1.56746,-7.1218460301461
1.567465,-7.12196952129399
1.56747,-7.12209216677071
1.567475,-7.12221396599011
1.56748,-7.12233491836721
1.567485,-7.12245502331821
1.56749,-7.12257428026046
1.567495,-7.12269268861251
1.5675,-7.12281024779411
1.567505,-7.12292695722614
1.56751,-7.1230428163307
1.567515,-7.12315782453106
1.56752,-7.12327198125166
1.567525,-7.12338528591815
1.56753,-7.12349773795734
1.567535,-7.12360933679726
1.56754,-7.12372008186709
1.567545,-7.12382997259724
1.56755,-7.12393900841928
1.567555,-7.12404718876599
1.56756,-7.12415451307132
1.567565,-7.12426098077045
1.56757,-7.12436659129973
1.567575,-7.12447134409672
1.56758,-7.12457523860016
1.567585,-7.12467827425002
1.56759,-7.12478045048745
1.567595,-7.1248817667548
1.5676,-7.12498222249565
1.567605,-7.12508181715473
1.56761,-7.12518055017804
1.567615,-7.12527842101274
1.56762,-7.12537542910722
1.567625,-7.12547157391107
1.56763,-7.12556685487511
1.567635,-7.12566127145134
1.56764,-7.12575482309301
1.567645,-7.12584750925454
1.56765,-7.1259393293916
1.567655,-7.12603028296106
1.56766,-7.12612036942103
1.567665,-7.12620958823082
1.56767,-7.12629793885093
1.567675,-7.12638542074315
1.56768,-7.12647203337044
1.567685,-7.12655777619699
1.56769,-7.12664264868824
1.567695,-7.12672665031084
1.5677,-7.12680978053266
1.567705,-7.1268920388228
1.56771,-7.1269734246516
1.567715,-7.12705393749062
1.56772,-7.12713357681266
1.567725,-7.12721234209175
1.56773,-7.12729023280314
1.567735,-7.12736724842334
1.56774,-7.12744338843007
1.567745,-7.12751865230232
1.56775,-7.12759303952028
1.567755,-7.12766654956541
1.56776,-7.12773918192039
1.567765,-7.12781093606915
1.56777,-7.12788181149687
1.567775,-7.12795180768997
1.56778,-7.12802092413609
1.567785,-7.12808916032417
1.56779,-7.12815651574433
1.567795,-7.12822298988801
1.5678,-7.12828858224783
1.567805,-7.12835329231771
1.56781,-7.12841711959281
1.567815,-7.12848006356952
1.56782,-7.12854212374552
1.567825,-7.12860329961971
1.56783,-7.12866359069227
1.567835,-7.12872299646463
1.56784,-7.12878151643947
1.567845,-7.12883915012075
1.56785,-7.12889589701366
1.567855,-7.12895175662467
1.56786,-7.12900672846151
1.567865,-7.12906081203318
1.56787,-7.12911400684993
1.567875,-7.12916631242329
1.56788,-7.12921772826605
1.567885,-7.12926825389224
1.56789,-7.12931788881723
1.567895,-7.12936663255758
1.5679,-7.12941448463116
1.567905,-7.12946144455711
1.56791,-7.12950751185585
1.567915,-7.12955268604905
1.56792,-7.12959696665967
1.567925,-7.12964035321195
1.56793,-7.1296828452314
1.567935,-7.1297244422448
1.56794,-7.12976514378022
1.567945,-7.129804949367
1.56795,-7.12984385853578
1.567955,-7.12988187081846
1.56796,-7.12991898574823
1.567965,-7.12995520285958
1.56797,-7.12999052168825
1.567975,-7.1300249417713
1.56798,-7.13005846264705
1.567985,-7.13009108385512
1.56799,-7.13012280493643
1.567995,-7.13015362543318
1.568,-7.13018354488884
1.568005,-7.1302125628482
1.56801,-7.13024067885734
1.568015,-7.13026789246361
1.56802,-7.13029420321568
1.568025,-7.1303196106635
1.56803,-7.13034411435833
1.568035,-7.13036771385271
1.56804,-7.1303904087005
1.568045,-7.13041219845682
1.56805,-7.13043308267814
1.568055,-7.13045306092219
1.56806,-7.13047213274804
1.568065,-7.13049029771602
1.56807,-7.13050755538779
1.568075,-7.13052390532632
1.56808,-7.13053934709586
1.568085,-7.13055388026199
1.56809,-7.13056750439159
1.568095,-7.13058021905284
1.5681,-7.13059202381525
1.568105,-7.13060291824961
1.56811,-7.13061290192804
1.568115,-7.13062197442397
1.56812,-7.13063013531215
1.568125,-7.13063738416862
1.56813,-7.13064372057076
1.568135,-7.13064914409726
1.56814,-7.1306536543281
1.568145,-7.13065725084461
1.56815,-7.13065993322942
1.568155,-7.1306617010665
1.56816,-7.13066255394111
1.568165,-7.13066249143984
1.56817,-7.13066151315061
1.568175,-7.13065961866267
1.56818,-7.13065680756656
1.568185,-7.13065307945417
1.56819,-7.13064843391872
1.568195,-7.13064287055473
1.5682,-7.13063638895807
1.568205,-7.13062898872593
1.56821,-7.13062066945682
1.568215,-7.13061143075058
1.56822,-7.13060127220838
1.568225,-7.13059019343274
1.56823,-7.13057819402749
1.568235,-7.13056527359779
1.56824,-7.13055143175015
1.568245,-7.13053666809239
1.56825,-7.13052098223368
1.568255,-7.13050437378454
1.56826,-7.13048684235679
1.568265,-7.13046838756361
1.56827,-7.13044900901952
1.568275,-7.13042870634037
1.56828,-7.13040747914333
1.568285,-7.13038532704696
1.56829,-7.13036224967111
1.568295,-7.13033824663699
1.5683,-7.13031331756717
1.568305,-7.13028746208553
1.56831,-7.13026067981731
1.568315,-7.13023297038911
1.56832,-7.13020433342884
1.568325,-7.13017476856578
1.56833,-7.13014427543056
1.568335,-7.13011285365513
1.56834,-7.13008050287283
1.568345,-7.1300472227183
1.56835,-7.13001301282757
1.568355,-7.129977872838
1.56836,-7.12994180238829
1.568365,-7.12990480111853
1.56837,-7.12986686867012
1.568375,-7.12982800468583
1.56838,-7.1297882088098
1.568385,-7.12974748068749
1.56839,-7.12970581996575
1.568395,-7.12966322629275
1.5684,-7.12961969931805
1.568405,-7.12957523869255
1.56841,-7.12952984406849
1.568415,-7.12948351509952
1.56842,-7.12943625144059
1.568425,-7.12938805274804
1.56843,-7.12933891867958
1.568435,-7.12928884889425
1.56844,-7.12923784305248
1.568445,-7.12918590081603
1.56845,-7.12913302184808
1.568455,-7.1290792058131
1.56846,-7.12902445237698
1.568465,-7.12896876120694
1.56847,-7.1289121319716
1.568475,-7.12885456434092
1.56848,-7.12879605798621
1.568485,-7.1287366125802
1.56849,-7.12867622779695
1.568495,-7.12861490331188
1.5685,-7.1285526388018
1.568505,-7.12848943394489
1.56851,-7.1284252884207
1.568515,-7.12836020191013
1.56852,-7.12829417409546
1.568525,-7.12822720466037
1.56853,-7.12815929328988
1.568535,-7.12809043967039
1.56854,-7.12802064348967
1.568545,-7.12794990443688
1.56855,-7.12787822220254
1.568555,-7.12780559647856
1.56856,-7.12773202695819
1.568565,-7.12765751333611
1.56857,-7.12758205530834
1.568575,-7.12750565257228
1.56858,-7.12742830482672
1.568585,-7.12735001177181
1.56859,-7.1272707731091
1.568595,-7.12719058854151
1.5686,-7.12710945777335
1.568605,-7.12702738051028
1.56861,-7.12694435645938
1.568615,-7.12686038532908
1.56862,-7.12677546682921
1.568625,-7.12668960067098
1.56863,-7.12660278656698
1.568635,-7.12651502423119
1.56864,-7.12642631337895
1.568645,-7.12633665372702
1.56865,-7.12624604499351
1.568655,-7.12615448689795
1.56866,-7.12606197916123
1.568665,-7.12596852150563
1.56867,-7.12587411365482
1.568675,-7.12577875533387
1.56868,-7.12568244626922
1.568685,-7.12558518618871
1.56869,-7.12548697482155
1.568695,-7.12538781189835
1.5687,-7.12528769715113
1.568705,-7.12518663031326
1.56871,-7.12508461111953
1.568715,-7.12498163930611
1.56872,-7.12487771461056
1.568725,-7.12477283677185
1.56873,-7.12466700553031
1.568735,-7.12456022062767
1.56874,-7.12445248180707
1.568745,-7.12434378881305
1.56875,-7.1242341413915
1.568755,-7.12412353928975
1.56876,-7.12401198225649
1.568765,-7.12389947004183
1.56877,-7.12378600239727
1.568775,-7.1236715790757
1.56878,-7.12355619983139
1.568785,-7.12343986442004
1.56879,-7.12332257259871
1.568795,-7.1232043241259
1.5688,-7.12308511876146
1.568805,-7.12296495626667
1.56881,-7.1228438364042
1.568815,-7.12272175893811
1.56882,-7.12259872363387
1.568825,-7.12247473025834
1.56883,-7.12234977857978
1.568835,-7.12222386836786
1.56884,-7.12209699939363
1.568845,-7.12196917142957
1.56885,-7.12184038424952
1.568855,-7.12171063762876
1.56886,-7.12157993134396
1.568865,-7.12144826517316
1.56887,-7.12131563889584
1.568875,-7.12118205229288
1.56888,-7.12104750514653
1.568885,-7.12091199724047
1.56889,-7.12077552835979
1.568895,-7.12063809829095
1.5689,-7.12049970682185
1.568905,-7.12036035374176
1.56891,-7.12022003884138
1.568915,-7.1200787619128
1.56892,-7.11993652274951
1.568925,-7.11979332114643
1.56893,-7.11964915689985
1.568935,-7.11950402980749
1.56894,-7.11935793966847
1.568945,-7.1192108862833
1.56895,-7.11906286945393
1.568955,-7.11891388898366
1.56896,-7.11876394467727
1.568965,-7.11861303634088
1.56897,-7.11846116378205
1.568975,-7.11830832680974
1.56898,-7.11815452523432
1.568985,-7.11799975886755
1.56899,-7.11784402752263
1.568995,-7.11768733101413
1.569,-7.11752966915806
1.569005,-7.11737104177183
1.56901,-7.11721144867422
1.569015,-7.11705088968548
1.56902,-7.11688936462722
1.569025,-7.11672687332249
1.56903,-7.11656341559572
1.569035,-7.11639899127278
1.56904,-7.11623360018093
1.569045,-7.11606724214883
1.56905,-7.11589991700657
1.569055,-7.11573162458564
1.56906,-7.11556236471893
1.569065,-7.11539213724076
1.56907,-7.11522094198685
1.569075,-7.11504877879432
1.56908,-7.1148756475017
1.569085,-7.11470154794896
1.56909,-7.11452647997745
1.569095,-7.11435044342994
1.5691,-7.11417343815059
1.569105,-7.11399546398502
1.56911,-7.11381652078021
1.569115,-7.11363660838457
1.56912,-7.11345572664793
1.569125,-7.11327387542151
1.56913,-7.11309105455796
1.569135,-7.11290726391134
1.56914,-7.11272250333709
1.569145,-7.1125367726921
1.56915,-7.11235007183466
1.569155,-7.11216240062447
1.56916,-7.11197375892262
1.569165,-7.11178414659163
1.56917,-7.11159356349544
1.569175,-7.11140200949938
1.56918,-7.11120948447022
1.569185,-7.11101598827611
1.56919,-7.11082152078661
1.569195,-7.11062608187273
1.5692,-7.11042967140686
1.569205,-7.1102322892628
1.56921,-7.11003393531577
1.569215,-7.10983460944241
1.56922,-7.10963431152075
1.569225,-7.10943304143025
1.56923,-7.10923079905175
1.569235,-7.10902758426756
1.56924,-7.10882339696134
1.569245,-7.10861823701819
1.56925,-7.10841210432463
1.569255,-7.10820499876857
1.56926,-7.10799692023933
1.569265,-7.10778786862767
1.56927,-7.10757784382571
1.569275,-7.10736684572704
1.56928,-7.10715487422661
1.569285,-7.10694192922083
1.56929,-7.10672801060747
1.569295,-7.10651311828573
1.5693,-7.10629725215624
1.569305,-7.10608041212101
1.56931,-7.10586259808349
1.569315,-7.10564380994851
1.56932,-7.10542404762232
1.569325,-7.1052033110126
1.56933,-7.10498160002842
1.569335,-7.10475891458024
1.56934,-7.10453525457998
1.569345,-7.10431061994092
1.56935,-7.10408501057779
1.569355,-7.10385842640671
1.56936,-7.10363086734519
1.569365,-7.10340233331219
1.56937,-7.10317282422803
1.569375,-7.10294234001449
1.56938,-7.10271088059472
1.569385,-7.10247844589329
1.56939,-7.10224503583619
1.569395,-7.10201065035081
1.5694,-7.10177528936592
1.569405,-7.10153895281175
1.56941,-7.1013016406199
1.569415,-7.10106335272338
1.56942,-7.10082408905663
1.569425,-7.10058384955546
1.56943,-7.10034263415713
1.569435,-7.10010044280027
1.56944,-7.09985727542493
1.569445,-7.09961313197257
1.56945,-7.09936801238604
1.569455,-7.09912191660963
1.56946,-7.09887484458899
1.569465,-7.0986267962712
1.56947,-7.09837777160477
1.569475,-7.09812777053955
1.56948,-7.09787679302686
1.569485,-7.09762483901938
1.56949,-7.0973719084712
1.569495,-7.09711800133785
1.5695,-7.09686311757621
1.569505,-7.0966072571446
1.56951,-7.09635042000273
1.569515,-7.09609260611171
1.56952,-7.09583381543408
1.569525,-7.09557404793374
1.56953,-7.095313303576
1.569535,-7.0950515823276
1.56954,-7.09478888415665
1.569545,-7.09452520903269
1.56955,-7.09426055692663
1.569555,-7.09399492781079
1.56956,-7.09372832165892
1.569565,-7.09346073844611
1.56957,-7.09319217814891
1.569575,-7.09292264074523
1.56958,-7.09265212621437
1.569585,-7.0923806345371
1.56959,-7.09210816569549
1.569595,-7.09183471967307
1.5696,-7.09156029645477
1.569605,-7.09128489602685
1.56961,-7.09100851837707
1.569615,-7.0907311634945
1.56962,-7.09045283136963
1.569625,-7.09017352199438
1.56963,-7.08989323536202
1.569635,-7.08961197146723
1.56964,-7.08932973030609
1.569645,-7.08904651187606
1.56965,-7.08876231617602
1.569655,-7.08847714320624
1.56966,-7.08819099296832
1.569665,-7.08790386546534
1.56967,-7.08761576070172
1.569675,-7.08732667868329
1.56968,-7.08703661941728
1.569685,-7.08674558291225
1.56969,-7.08645356917826
1.569695,-7.08616057822665
1.5697,-7.08586661007021
1.569705,-7.08557166472311
1.56971,-7.08527574220089
1.569715,-7.08497884252051
1.56972,-7.0846809657003
1.569725,-7.08438211175994
1.56973,-7.08408228072058
1.569735,-7.08378147260467
1.56974,-7.08347968743611
1.569745,-7.08317692524016
1.56975,-7.08287318604346
1.569755,-7.08256846987403
1.56976,-7.0822627767613
1.569765,-7.08195610673604
1.56977,-7.08164845983045
1.569775,-7.08133983607808
1.56978,-7.08103023551389
1.569785,-7.08071965817421
1.56979,-7.0804081040967
1.569795,-7.0800955733205
1.5698,-7.07978206588603
1.569805,-7.07946758183517
1.56981,-7.07915212121113
1.569815,-7.0788356840585
1.56982,-7.07851827042328
1.569825,-7.07819988035282
1.56983,-7.07788051389584
1.569835,-7.07756017110248
1.56984,-7.07723885202419
1.569845,-7.07691655671385
1.56985,-7.07659328522568
1.569855,-7.0762690376153
1.56986,-7.07594381393968
1.569865,-7.07561761425718
1.56987,-7.07529043862754
1.569875,-7.07496228711184
1.56988,-7.07463315977254
1.569885,-7.07430305667349
1.56989,-7.07397197787991
1.569895,-7.07363992345835
1.5699,-7.07330689347678
1.569905,-7.07297288800449
1.56991,-7.07263790711219
1.569915,-7.07230195087191
1.56992,-7.07196501935706
1.569925,-7.07162711264243
1.56993,-7.07128823080414
1.569935,-7.07094837391974
1.56994,-7.07060754206807
1.569945,-7.07026573532936
1.56995,-7.06992295378524
1.569955,-7.06957919751864
1.56996,-7.06923446661387
1.569965,-7.06888876115664
1.56997,-7.06854208123397
1.569975,-7.06819442693427
1.56998,-7.06784579834729
1.569985,-7.06749619556413
1.56999,-7.06714561867728
1.569995,-7.06679406778056
1.57,-7.06644154296915
1.570005,-7.0660880443396
1.57001,-7.06573357198978
1.570015,-7.06537812601896
1.57002,-7.06502170652772
1.570025,-7.06466431361801
1.57003,-7.06430594739315
1.570035,-7.06394660795776
1.57004,-7.06358629541788
1.570045,-7.06322500988083
1.57005,-7.06286275145531
1.570055,-7.0624995202514
1.57006,-7.06213531638046
1.570065,-7.06177013995525
1.57007,-7.06140399108984
1.570075,-7.06103686989966
1.57008,-7.06066877650152
1.570085,-7.0602997110135
1.57009,-7.05992967355507
1.570095,-7.05955866424705
1.5701,-7.05918668321154
1.570105,-7.05881373057207
1.57011,-7.05843980645345
1.570115,-7.05806491098182
1.57012,-7.0576890442847
1.570125,-7.05731220649092
1.57013,-7.05693439773067
1.570135,-7.05655561813543
1.57014,-7.05617586783804
1.570145,-7.05579514697271
1.57015,-7.05541345567494
1.570155,-7.05503079408154
1.57016,-7.05464716233072
1.570165,-7.05426256056195
1.57017,-7.05387698891611
1.570175,-7.05349044753533
1.57018,-7.0531029365631
1.570185,-7.05271445614425
1.57019,-7.05232500642493
1.570195,-7.05193458755258
1.5702,-7.05154319967603
1.570205,-7.05115084294538
1.57021,-7.05075751751207
1.570215,-7.05036322352888
1.57022,-7.04996796114988
1.570225,-7.04957173053048
1.57023,-7.0491745318274
1.570235,-7.0487763651987
1.57024,-7.04837723080373
1.570245,-7.04797712880317
1.57025,-7.04757605935902
1.570255,-7.04717402263459
1.57026,-7.04677101879449
1.570265,-7.04636704800467
1.57027,-7.04596211043238
1.570275,-7.04555620624618
1.57028,-7.04514933561596
1.570285,-7.04474149871286
1.57029,-7.04433269570941
1.570295,-7.04392292677938
1.5703,-7.04351219209791
1.570305,-7.04310049184139
1.57031,-7.04268782618752
1.570315,-7.04227419531537
1.57032,-7.04185959940522
1.570325,-7.04144403863871
1.57033,-7.04102751319878
1.570335,-7.04061002326964
1.57034,-7.04019156903684
1.570345,-7.03977215068719
1.57035,-7.0393517684088
1.570355,-7.03893042239113
1.57036,-7.03850811282486
1.570365,-7.03808483990202
1.57037,-7.03766060381592
1.570375,-7.03723540476112
1.57038,-7.03680924293356
1.570385,-7.03638211853038
1.57039,-7.03595403175005
1.570395,-7.03552498279237
1.5704,-7.03509497185832
1.570405,-7.0346639991503
1.57041,-7.03423206487189
1.570415,-7.03379916922798
1.57042,-7.03336531242479
1.570425,-7.03293049466976
1.57043,-7.03249471617166
1.570435,-7.03205797714051
1.57044,-7.03162027778762
1.570445,-7.03118161832558
1.57045,-7.03074199896827
1.570455,-7.03030141993079
1.57046,-7.02985988142961
1.570465,-7.02941738368239
1.57047,-7.02897392690812
1.570475,-7.02852951132703
1.57048,-7.02808413716059
1.570485,-7.02763780463163
1.57049,-7.02719051396417
1.570495,-7.02674226538354
1.5705,-7.02629305911632
1.570505,-7.02584289539036
1.57051,-7.02539177443477
1.570515,-7.02493969647992
1.57052,-7.02448666175746
1.570525,-7.02403267050028
1.57053,-7.02357772294255
1.570535,-7.02312181931971
1.57054,-7.02266495986841
1.570545,-7.02220714482657
1.57055,-7.02174837443344
1.570555,-7.02128864892941
1.57056,-7.02082796855621
1.570565,-7.02036633355681
1.57057,-7.01990374417536
1.570575,-7.01944020065736
1.57058,-7.0189757032495
1.570585,-7.01851025219973
1.57059,-7.01804384775725
1.570595,-7.0175764901725
1.5706,-7.01710817969719
1.570605,-7.01663891658425
1.57061,-7.01616870108782
1.570615,-7.01569753346335
1.57062,-7.01522541396748
1.570625,-7.01475234285813
1.57063,-7.01427832039443
1.570635,-7.01380334683671
1.57064,-7.01332742244662
1.570645,-7.01285054748698
1.57065,-7.01237272222186
1.570655,-7.01189394691659
1.57066,-7.01141422183766
1.570665,-7.01093354725287
1.57067,-7.01045192343121
1.570675,-7.00996935064288
1.57068,-7.00948582915935
1.570685,-7.00900135925328
1.57069,-7.00851594119857
1.570695,-7.00802957527033
1.5707,-7.00754226174488
1.570705,-7.00705400089981
1.57071,-7.00656479301389
1.570715,-7.00607463836709
1.57072,-7.00558353724065
1.570725,-7.00509148991697
1.57073,-7.0045984966797
1.570735,-7.0041045578137
1.57074,-7.003609673605
1.570745,-7.00311384434092
1.57075,-7.00261707030989
1.570755,-7.00211935180164
1.57076,-7.00162068910705
1.570765,-7.00112108251821
1.57077,-7.00062053232844
1.570775,-7.00011903883224
1.57078,-6.9996166023253
1.570785,-6.99911322310457
1.57079,-6.9986089014681
1.570795,-6.99810363771524
1.5708,-6.99759743214648
1.570805,-6.99709028506348
1.57081,-6.99658219676918
1.570815,-6.99607316756762
1.57082,-6.9955631977641
1.570825,-6.99505228766507
1.57083,-6.99454043757816
1.570835,-6.99402764781225
1.57084,-6.99351391867734
1.570845,-6.99299925048461
1.57085,-6.9924836435465
1.570855,-6.99196709817654
1.57086,-6.99144961468952
1.570865,-6.99093119340135
1.57087,-6.99041183462912
1.570875,-6.98989153869117
1.57088,-6.98937030590692
1.570885,-6.98884813659704
1.57089,-6.98832503108332
1.570895,-6.98780098968872
1.5709,-6.98727601273742
1.570905,-6.98675010055474
1.57091,-6.98622325346714
1.570915,-6.9856954718023
1.57092,-6.98516675588901
1.570925,-6.98463710605728
1.57093,-6.98410652263823
1.570935,-6.98357500596416
1.57094,-6.98304255636857
1.570945,-6.98250917418604
1.57095,-6.98197485975234
1.570955,-6.98143961340444
1.57096,-6.98090343548039
1.570965,-6.98036632631946
1.57097,-6.97982828626201
1.570975,-6.97928931564958
1.57098,-6.97874941482488
1.570985,-6.97820858413171
1.57099,-6.97766682391507
1.570995,-6.97712413452108
1.571,-6.976580516297
1.571005,-6.97603596959124
1.57101,-6.97549049475336
1.571015,-6.97494409213401
1.57102,-6.97439676208503
1.571025,-6.97384850495937
1.57103,-6.97329932111116
1.571035,-6.97274921089558
1.57104,-6.97219817466899
1.571045,-6.97164621278888
1.57105,-6.97109332561387
1.571055,-6.97053951350371
1.57106,-6.96998477681926
1.571065,-6.96942911592248
1.57107,-6.96887253117654
1.571075,-6.96831502294564
1.57108,-6.96775659159512
1.571085,-6.96719723749149
1.57109,-6.96663696100232
1.571095,-6.96607576249633
1.5711,-6.96551364234333
1.571105,-6.96495060091424
1.57111,-6.96438663858114
1.571115,-6.96382175571712
1.57112,-6.96325595269653
1.571125,-6.96268922989469
1.57113,-6.96212158768806
1.571135,-6.96155302645425
1.57114,-6.96098354657193
1.571145,-6.96041314842087
1.57115,-6.95984183238196
1.571155,-6.95926959883718
1.57116,-6.95869644816961
1.571165,-6.95812238076343
1.57117,-6.95754739700387
1.571175,-6.95697149727732
1.57118,-6.95639468197121
1.571185,-6.9558169514741
1.57119,-6.95523830617558
1.571195,-6.95465874646637
1.5712,-6.95407827273828
1.571205,-6.95349688538419
1.57121,-6.95291458479803
1.571215,-6.95233137137486
1.57122,-6.95174724551079
1.571225,-6.95116220760302
1.57123,-6.95057625804983
1.571235,-6.94998939725053
1.57124,-6.94940162560559
1.571245,-6.94881294351643
1.57125,-6.94822335138569
1.571255,-6.94763284961694
1.57126,-6.94704143861486
1.571265,-6.94644911878525
1.57127,-6.9458558905349
1.571275,-6.94526175427169
1.57128,-6.94466671040458
1.571285,-6.94407075934356
1.57129,-6.94347390149969
1.571295,-6.94287613728509
1.5713,-6.94227746711289
1.571305,-6.94167789139737
1.57131,-6.94107741055374
1.571315,-6.94047602499838
1.57132,-6.93987373514861
1.571325,-6.93927054142286
1.57133,-6.93866644424059
1.571335,-6.9380614440223
1.57134,-6.93745554118952
1.571345,-6.93684873616487
1.57135,-6.93624102937193
1.571355,-6.93563242123539
1.57136,-6.93502291218094
1.571365,-6.93441250263527
1.57137,-6.93380119302618
1.571375,-6.93318898378244
1.57138,-6.93257587533389
1.571385,-6.93196186811138
1.57139,-6.93134696254672
1.571395,-6.93073115907288
1.5714,-6.93011445812377
1.571405,-6.92949686013427
1.57141,-6.9288783655404
1.571415,-6.9282589747791
1.57142,-6.92763868828839
1.571425,-6.92701750650728
1.57143,-6.92639542987575
1.571435,-6.92577245883487
1.57144,-6.92514859382667
1.571445,-6.92452383529421
1.57145,-6.92389818368154
1.571455,-6.9232716394337
1.57146,-6.92264420299678
1.571465,-6.92201587481785
1.57147,-6.92138665534495
1.571475,-6.92075654502717
1.57148,-6.92012554431454
1.571485,-6.91949365365816
1.57149,-6.91886087351006
1.571495,-6.91822720432325
1.5715,-6.91759264655182
1.571505,-6.91695720065074
1.57151,-6.91632086707605
1.571515,-6.91568364628474
1.57152,-6.91504553873476
1.571525,-6.91440654488512
1.57153,-6.91376666519571
1.571535,-6.91312590012744
1.57154,-6.91248425014226
1.571545,-6.911841715703
1.57155,-6.91119829727352
1.571555,-6.91055399531863
1.57156,-6.9099088103041
1.571565,-6.90926274269672
1.57157,-6.90861579296419
1.571575,-6.90796796157521
1.57158,-6.90731924899943
1.571585,-6.90666965570744
1.57159,-6.90601918217086
1.571595,-6.90536782886219
1.5716,-6.90471559625492
1.571605,-6.90406248482353
1.57161,-6.90340849504336
1.571615,-6.90275362739082
1.57162,-6.9020978823432
1.571625,-6.90144126037871
1.57163,-6.90078376197661
1.571635,-6.90012538761702
1.57164,-6.89946613778099
1.571645,-6.8988060129506
1.57165,-6.89814501360878
1.571655,-6.89748314023949
1.57166,-6.89682039332753
1.571665,-6.89615677335868
1.57167,-6.89549228081969
1.571675,-6.89482691619817
1.57168,-6.89416067998275
1.571685,-6.89349357266287
1.57169,-6.89282559472898
1.571695,-6.89215674667246
1.5717,-6.89148702898558
1.571705,-6.8908164421615
1.57171,-6.89014498669442
1.571715,-6.8894726630793
1.57172,-6.88879947181217
1.571725,-6.88812541338985
1.57173,-6.88745048831013
1.571735,-6.88677469707172
1.57174,-6.88609804017421
1.571745,-6.88542051811815
1.57175,-6.88474213140493
1.571755,-6.88406288053684
1.57176,-6.88338276601718
1.571765,-6.88270178835003
1.57177,-6.88201994804041
1.571775,-6.88133724559428
1.57178,-6.88065368151842
1.571785,-6.87996925632059
1.57179,-6.87928397050937
1.571795,-6.87859782459424
1.5718,-6.87791081908563
1.571805,-6.87722295449477
1.57181,-6.87653423133386
1.571815,-6.87584465011592
1.57182,-6.87515421135485
1.571825,-6.87446291556551
1.57183,-6.87377076326355
1.571835,-6.87307775496553
1.57184,-6.8723838911889
1.571845,-6.87168917245193
1.57185,-6.87099359927386
1.571855,-6.87029717217472
1.57186,-6.86959989167538
1.571865,-6.86890175829769
1.57187,-6.86820277256424
1.571875,-6.86750293499858
1.57188,-6.86680224612509
1.571885,-6.86610070646896
1.57189,-6.86539831655633
1.571895,-6.86469507691411
1.5719,-6.86399098807009
1.571905,-6.86328605055295
1.57191,-6.86258026489215
1.571915,-6.86187363161809
1.57192,-6.86116615126195
1.571925,-6.86045782435575
1.57193,-6.85974865143241
1.571935,-6.8590386330256
1.57194,-6.85832776966996
1.571945,-6.85761606190086
1.57195,-6.85690351025451
1.571955,-6.85619011526804
1.57196,-6.85547587747932
1.571965,-6.85476079742709
1.57197,-6.85404487565096
1.571975,-6.85332811269126
1.57198,-6.85261050908927
1.571985,-6.85189206538701
1.57199,-6.85117278212734
1.571995,-6.85045265985397
1.572,-6.84973169911136
1.572005,-6.8490099004449
1.57201,-6.84828726440068
1.572015,-6.84756379152565
1.57202,-6.84683948236759
1.572025,-6.84611433747509
1.57203,-6.84538835739747
1.572035,-6.84466154268496
1.57204,-6.84393389388853
1.572045,-6.84320541156001
1.57205,-6.84247609625195
1.572055,-6.84174594851774
1.57206,-6.84101496891161
1.572065,-6.84028315798848
1.57207,-6.83955051630419
1.572075,-6.8388170444153
1.57208,-6.8380827428791
1.572085,-6.83734761225383
1.57209,-6.83661165309837
1.572095,-6.83587486597242
1.5721,-6.83513725143653
1.572105,-6.83439881005194
1.57211,-6.83365954238074
1.572115,-6.83291944898576
1.57212,-6.83217853043057
1.572125,-6.83143678727963
1.57213,-6.83069422009803
1.572135,-6.82995082945173
1.57214,-6.82920661590745
1.572145,-6.82846158003257
1.57215,-6.82771572239541
1.572155,-6.82696904356493
1.57216,-6.82622154411082
1.572165,-6.82547322460368
1.57217,-6.8247240856147
1.572175,-6.82397412771597
1.57218,-6.82322335148022
1.572185,-6.82247175748098
1.57219,-6.82171934629256
1.572195,-6.82096611848995
1.5722,-6.82021207464895
1.572205,-6.81945721534607
1.57221,-6.81870154115854
1.572215,-6.81794505266442
1.57222,-6.8171877504424
1.572225,-6.81642963507197
1.57223,-6.81567070713335
1.572235,-6.81491096720748
1.57224,-6.81415041587605
1.572245,-6.81338905372147
1.57225,-6.81262688132684
1.572255,-6.81186389927609
1.57226,-6.81110010815372
1.572265,-6.81033550854514
1.57227,-6.80957010103631
1.572275,-6.80880388621399
1.57228,-6.80803686466568
1.572285,-6.80726903697955
1.57229,-6.80650040374446
1.572295,-6.80573096555008
1.5723,-6.80496072298667
1.572305,-6.80418967664531
1.57231,-6.80341782711771
1.572315,-6.80264517499629
1.57232,-6.80187172087422
1.572325,-6.80109746534532
1.57233,-6.80032240900415
1.572335,-6.79954655244594
1.57234,-6.7987698962666
1.572345,-6.7979924410628
1.57235,-6.79721418743183
1.572355,-6.79643513597169
1.57236,-6.7956552872811
1.572365,-6.79487464195941
1.57237,-6.79409320060675
1.572375,-6.7933109638238
1.57238,-6.792527932212
1.572385,-6.79174410637352
1.57239,-6.79095948691108
1.572395,-6.79017407442813
1.5724,-6.78938786952888
1.572405,-6.78860087281805
1.57241,-6.78781308490119
1.572415,-6.78702450638442
1.57242,-6.7862351378745
1.572425,-6.78544497997897
1.57243,-6.7846540333059
1.572435,-6.78386229846418
1.57244,-6.78306977606319
1.572445,-6.78227646671303
1.57245,-6.78148237102453
1.572455,-6.78068748960909
1.57246,-6.77989182307873
1.572465,-6.77909537204623
1.57247,-6.77829813712491
1.572475,-6.77750011892886
1.57248,-6.77670131807267
1.572485,-6.77590173517163
1.57249,-6.77510137084174
1.572495,-6.77430022569952
1.5725,-6.77349830036225
1.572505,-6.77269559544773
1.57251,-6.77189211157443
1.572515,-6.77108784936153
1.57252,-6.77028280942872
1.572525,-6.76947699239638
1.57253,-6.76867039888552
1.572535,-6.76786302951772
1.57254,-6.76705488491529
1.572545,-6.76624596570105
1.57255,-6.76543627249845
1.572555,-6.76462580593166
1.57256,-6.76381456662534
1.572565,-6.76300255520483
1.57257,-6.76218977229606
1.572575,-6.76137621852555
1.57258,-6.76056189452051
1.572585,-6.75974680090865
1.57259,-6.75893093831832
1.572595,-6.75811430737852
1.5726,-6.75729690871878
1.572605,-6.7564787429693
1.57261,-6.7556598107608
1.572615,-6.75484011272459
1.57262,-6.75401964949271
1.572625,-6.75319842169759
1.57263,-6.75237642997244
1.572635,-6.75155367495092
1.57264,-6.75073015726731
1.572645,-6.74990587755653
1.57265,-6.74908083645402
1.572655,-6.74825503459578
1.57266,-6.74742847261849
1.572665,-6.74660115115928
1.57267,-6.74577307085597
1.572675,-6.74494423234687
1.57268,-6.74411463627085
1.572685,-6.74328428326746
1.57269,-6.74245317397668
1.572695,-6.74162130903918
1.5727,-6.74078868909608
1.572705,-6.7399553147891
1.57271,-6.73912118676059
1.572715,-6.73828630565336
1.57272,-6.7374506721108
1.572725,-6.73661428677691
1.57273,-6.73577715029616
1.572735,-6.73493926331364
1.57274,-6.73410062647496
1.572745,-6.73326124042623
1.57275,-6.73242110581421
1.572755,-6.73158022328609
1.57276,-6.73073859348969
1.572765,-6.72989621707333
1.57277,-6.72905309468584
1.572775,-6.72820922697666
1.57278,-6.7273646145957
1.572785,-6.72651925819339
1.57279,-6.72567315842077
1.572795,-6.7248263159293
1.5728,-6.72397873137111
1.572805,-6.7231304053987
1.57281,-6.72228133866517
1.572815,-6.72143153182417
1.57282,-6.72058098552979
1.572825,-6.71972970043673
1.57283,-6.71887767720012
1.572835,-6.71802491647562
1.57284,-6.71717141891946
1.572845,-6.71631718518833
1.57285,-6.71546221593941
1.572855,-6.71460651183047
1.57286,-6.71375007351967
1.572865,-6.71289290166576
1.57287,-6.71203499692797
1.572875,-6.71117635996599
1.57288,-6.71031699144009
1.572885,-6.70945689201091
1.57289,-6.70859606233972
1.572895,-6.70773450308821
1.5729,-6.70687221491851
1.572905,-6.70600919849339
1.57291,-6.70514545447593
1.572915,-6.7042809835298
1.57292,-6.70341578631917
1.572925,-6.70254986350859
1.57293,-6.70168321576318
1.572935,-6.70081584374852
1.57294,-6.69994774813061
1.572945,-6.699078929576
1.57295,-6.69820938875163
1.572955,-6.69733912632502
1.57296,-6.69646814296407
1.572965,-6.69559643933711
1.57297,-6.69472401611309
1.572975,-6.69385087396128
1.57298,-6.69297701355142
1.572985,-6.69210243555382
1.57299,-6.69122714063911
1.572995,-6.69035112947848
1.573,-6.68947440274353
1.573005,-6.68859696110627
1.57301,-6.68771880523925
1.573015,-6.68683993581539
1.57302,-6.68596035350813
1.573025,-6.68508005899128
1.57303,-6.6841990529391
1.573035,-6.68331733602639
1.57304,-6.68243490892824
1.573045,-6.68155177232027
1.57305,-6.68066792687854
1.573055,-6.6797833732795
1.57306,-6.67889811220008
1.573065,-6.67801214431758
1.57307,-6.67712547030976
1.573075,-6.67623809085484
1.57308,-6.67535000663139
1.573085,-6.67446121831848
1.57309,-6.67357172659556
1.573095,-6.67268153214247
1.5731,-6.67179063563954
1.573105,-6.67089903776749
1.57311,-6.67000673920735
1.573115,-6.66911374064078
1.57312,-6.6682200427496
1.573125,-6.66732564621628
1.57313,-6.6664305517235
1.573135,-6.66553475995444
1.57314,-6.66463827159267
1.573145,-6.66374108732219
1.57315,-6.66284320782728
1.573155,-6.66194463379281
1.57316,-6.66104536590384
1.573165,-6.66014540484602
1.57317,-6.65924475130525
1.573175,-6.65834340596784
1.57318,-6.65744136952057
1.573185,-6.65653864265051
1.57319,-6.6556352260452
1.573195,-6.65473112039251
1.5732,-6.65382632638066
1.573205,-6.65292084469834
1.57321,-6.65201467603459
1.573215,-6.65110782107873
1.57322,-6.65020028052063
1.573225,-6.64929205505033
1.57323,-6.64838314535843
1.573235,-6.64747355213581
1.57324,-6.64656327607366
1.573245,-6.64565231786367
1.57325,-6.64474067819776
1.573255,-6.64382835776833
1.57326,-6.64291535726808
1.573265,-6.64200167739001
1.57327,-6.64108731882763
1.573275,-6.64017228227466
1.57328,-6.63925656842521
1.573285,-6.63834017797383
1.57329,-6.63742311161527
1.573295,-6.63650537004479
1.5733,-6.63558695395789
1.573305,-6.63466786405037
1.57331,-6.63374810101854
1.573315,-6.63282766555889
1.57332,-6.63190655836834
1.573325,-6.63098478014412
1.57333,-6.63006233158378
1.573335,-6.62913921338523
1.57334,-6.62821542624671
1.573345,-6.62729097086674
1.57335,-6.6263658479443
1.573355,-6.6254400581785
1.57336,-6.62451360226896
1.573365,-6.62358648091555
1.57337,-6.62265869481838
1.573375,-6.62173024467805
1.57338,-6.62080113119531
1.573385,-6.6198713550714
1.57339,-6.6189409170077
1.573395,-6.61800981770598
1.5734,-6.61707805786838
1.573405,-6.61614563819725
1.57341,-6.61521255939529
1.573415,-6.61427882216554
1.57342,-6.61334442721125
1.573425,-6.61240937523611
1.57343,-6.611473666944
1.573435,-6.61053730303912
1.57344,-6.60960028422601
1.573445,-6.60866261120943
1.57345,-6.60772428469455
1.573455,-6.60678530538673
1.57346,-6.60584567399163
1.573465,-6.60490539121528
1.57347,-6.6039644577639
1.573475,-6.60302287434401
1.57348,-6.60208064166252
1.573485,-6.60113776042646
1.57349,-6.60019423134329
1.573495,-6.59925005512066
1.5735,-6.59830523246648
1.573505,-6.59735976408904
1.57351,-6.59641365069675
1.573515,-6.59546689299848
1.57352,-6.59451949170321
1.573525,-6.59357144752022
1.57353,-6.59262276115916
1.573535,-6.59167343332983
1.57354,-6.59072346474229
1.573545,-6.58977285610699
1.57355,-6.58882160813447
1.573555,-6.5878697215357
1.57356,-6.58691719702175
1.573565,-6.58596403530401
1.57357,-6.58501023709417
1.573575,-6.58405580310408
1.57358,-6.58310073404595
1.573585,-6.58214503063213
1.57359,-6.58118869357525
1.573595,-6.58023172358825
1.5736,-6.57927412138423
1.573605,-6.57831588767652
1.57361,-6.57735702317881
1.573615,-6.57639752860487
1.57362,-6.57543740466887
1.573625,-6.57447665208507
1.57363,-6.57351527156801
1.573635,-6.57255326383253
1.57364,-6.57159062959358
1.573645,-6.57062736956647
1.57365,-6.56966348446663
1.573655,-6.56869897500972
1.57366,-6.56773384191173
1.573665,-6.56676808588874
1.57367,-6.5658017076571
1.573675,-6.56483470793344
1.57368,-6.56386708743448
1.573685,-6.5628988468773
1.57369,-6.56192998697908
1.573695,-6.5609605084572
1.5737,-6.55999041202939
1.573705,-6.55901969841342
1.57371,-6.55804836832741
1.573715,-6.55707642248959
1.57372,-6.55610386161836
1.573725,-6.55513068643248
1.57373,-6.55415689765078
1.573735,-6.55318249599227
1.57374,-6.55220748217628
1.573745,-6.5512318569222
1.57375,-6.55025562094973
1.573755,-6.54927877497868
1.57376,-6.54830131972902
1.573765,-6.54732325592108
1.57377,-6.54634458427516
1.573775,-6.54536530551192
1.57378,-6.5443854203521
1.573785,-6.5434049295166
1.57379,-6.54242383372664
1.573795,-6.5414421337035
1.5738,-6.54045983016862
1.573805,-6.53947692384374
1.57381,-6.5384934154506
1.573815,-6.53750930571132
1.57382,-6.53652459534801
1.573825,-6.535539285083
1.57383,-6.53455337563887
1.573835,-6.53356686773822
1.57384,-6.53257976210399
1.573845,-6.53159205945912
1.57385,-6.53060376052677
1.573855,-6.52961486603031
1.57386,-6.52862537669321
1.573865,-6.52763529323908
1.57387,-6.52664461639176
1.573875,-6.52565334687515
1.57388,-6.52466148541341
1.573885,-6.52366903273075
1.57389,-6.52267598955152
1.573895,-6.52168235660036
1.5739,-6.52068813460192
1.573905,-6.51969332428096
1.57391,-6.51869792636256
1.573915,-6.51770194157175
1.57392,-6.51670537063384
1.573925,-6.5157082142742
1.57393,-6.51471047321832
1.573935,-6.5137121481919
1.57394,-6.51271323992069
1.573945,-6.51171374913067
1.57395,-6.51071367654783
1.573955,-6.50971302289834
1.57396,-6.50871178890856
1.573965,-6.50770997530489
1.57397,-6.50670758281385
1.573975,-6.50570461216214
1.57398,-6.50470106407654
1.573985,-6.50369693928398
1.57399,-6.50269223851146
1.573995,-6.5016869624861
1.574,-6.50068111193521
1.574005,-6.4996746875861
1.57401,-6.49866769016628
1.574015,-6.49766012040335
1.57402,-6.49665197902492
1.574025,-6.49564326675887
1.57403,-6.49463398433309
1.574035,-6.49362413247551
1.57404,-6.49261371191435
1.574045,-6.49160272337769
1.57405,-6.49059116759395
1.574055,-6.48957904529146
1.57406,-6.48856635719871
1.574065,-6.48755310404431
1.57407,-6.48653928655693
1.574075,-6.48552490546535
1.57408,-6.48450996149844
1.574085,-6.48349445538507
1.57409,-6.48247838785438
1.574095,-6.48146175963541
1.5741,-6.48044457145736
1.574105,-6.47942682404955
1.57411,-6.47840851814129
1.574115,-6.47738965446206
1.57412,-6.47637023374137
1.574125,-6.47535025670875
1.57413,-6.47432972409394
1.574135,-6.47330863662661
1.57414,-6.47228699503663
1.574145,-6.47126480005385
1.57415,-6.47024205240814
1.574155,-6.46921875282964
1.57416,-6.46819490204832
1.574165,-6.46717050079432
1.57417,-6.46614554979791
1.574175,-6.46512004978926
1.57418,-6.46409400149877
1.574185,-6.46306740565677
1.57419,-6.46204026299365
1.574195,-6.46101257423999
1.5742,-6.45998434012621
1.574205,-6.458955561383
1.57421,-6.45792623874098
1.574215,-6.45689637293076
1.57422,-6.45586596468315
1.574225,-6.45483501472892
1.57423,-6.45380352379883
1.574235,-6.45277149262382
1.57424,-6.45173892193475
1.574245,-6.4507058124626
1.57425,-6.44967216493833
1.574255,-6.44863798009294
1.57426,-6.44760325865753
1.574265,-6.44656800136312
1.57427,-6.44553220894094
1.574275,-6.44449588212206
1.57428,-6.44345902163763
1.574285,-6.44242162821895
1.57429,-6.44138370259723
1.574295,-6.44034524550366
1.5743,-6.43930625766961
1.574305,-6.43826673982631
1.57431,-6.43722669270519
1.574315,-6.43618611703751
1.57432,-6.43514501355462
1.574325,-6.43410338298798
1.57433,-6.43306122606893
1.574335,-6.4320185435289
1.57434,-6.4309753360993
1.574345,-6.42993160451154
1.57435,-6.42888734949711
1.574355,-6.42784257178746
1.57436,-6.42679727211396
1.574365,-6.42575145120817
1.57437,-6.42470510980147
1.574375,-6.4236582486254
1.57438,-6.42261086841142
1.574385,-6.42156296989092
1.57439,-6.42051455379544
1.574395,-6.41946562085639
1.5744,-6.41841617180528
1.574405,-6.41736620737353
1.57441,-6.41631572829256
1.574415,-6.41526473529387
1.57442,-6.41421322910882
1.574425,-6.41316121046881
1.57443,-6.41210868010529
1.574435,-6.4110556387496
1.57444,-6.41000208713316
1.574445,-6.40894802598728
1.57445,-6.40789345604327
1.574455,-6.40683837803252
1.57446,-6.40578279268622
1.574465,-6.40472670073571
1.57447,-6.40367010291222
1.574475,-6.40261299994692
1.57448,-6.40155539257106
1.574485,-6.40049728151578
1.57449,-6.39943866751218
1.574495,-6.39837955129143
1.5745,-6.39731993358451
1.574505,-6.39625981512254
1.57451,-6.39519919663649
1.574515,-6.39413807885728
1.57452,-6.3930764625159
1.574525,-6.39201434834318
1.57453,-6.39095173707003
1.574535,-6.38988862942721
1.57454,-6.38882502614546
1.574545,-6.38776092795556
1.57455,-6.38669633558814
1.574555,-6.38563124977379
1.57456,-6.38456567124317
1.574565,-6.38349960072671
1.57457,-6.38243303895497
1.574575,-6.38136598665833
1.57458,-6.38029844456713
1.574585,-6.37923041341174
1.57459,-6.37816189392235
1.574595,-6.37709288682923
1.5746,-6.37602339286249
1.574605,-6.37495341275215
1.57461,-6.37388294722832
1.574615,-6.3728119970209
1.57462,-6.37174056285974
1.574625,-6.37066864547477
1.57463,-6.36959624559564
1.574635,-6.36852336395213
1.57464,-6.36745000127381
1.574645,-6.36637615829018
1.57465,-6.36530183573082
1.574655,-6.36422703432506
1.57466,-6.36315175480222
1.574665,-6.36207599789158
1.57467,-6.36099976432229
1.574675,-6.3599230548235
1.57468,-6.35884587012419
1.574685,-6.35776821095324
1.57469,-6.3566900780396
1.574695,-6.35561147211192
1.5747,-6.35453239389901
1.574705,-6.3534528441294
1.57471,-6.35237282353157
1.574715,-6.35129233283402
1.57472,-6.35021137276502
1.574725,-6.34912994405276
1.57473,-6.34804804742551
1.574735,-6.34696568361121
1.57474,-6.3458828533379
1.574745,-6.34479955733338
1.57475,-6.34371579632543
1.574755,-6.34263157104174
1.57476,-6.34154688220981
1.574765,-6.34046173055719
1.57477,-6.33937611681116
1.574775,-6.33829004169899
1.57478,-6.33720350594789
1.574785,-6.33611651028485
1.57479,-6.33502905543675
1.574795,-6.33394114213054
1.5748,-6.33285277109285
1.574805,-6.33176394305032
1.57481,-6.33067465872946
1.574815,-6.32958491885658
1.57482,-6.32849472415803
1.574825,-6.32740407535986
1.57483,-6.32631297318822
1.574835,-6.32522141836895
1.57484,-6.32412941162779
1.574845,-6.32303695369054
1.57485,-6.32194404528268
1.574855,-6.32085068712957
1.57486,-6.31975687995664
1.574865,-6.31866262448896
1.57487,-6.31756792145163
1.574875,-6.31647277156958
1.57488,-6.31537717556753
1.574885,-6.31428113417023
1.57489,-6.31318464810213
1.574895,-6.31208771808767
1.5749,-6.31099034485112
1.574905,-6.30989252911654
1.57491,-6.30879427160798
1.574915,-6.30769557304929
1.57492,-6.30659643416409
1.574925,-6.30549685567609
1.57493,-6.30439683830858
1.574935,-6.30329638278498
1.57494,-6.30219548982837
1.574945,-6.30109416016168
1.57495,-6.2999923945079
1.574955,-6.2988901935896
1.57496,-6.29778755812945
1.574965,-6.2966844888498
1.57497,-6.2955809864729
1.574975,-6.29447705172088
1.57498,-6.2933726853157
1.574985,-6.29226788797908
1.57499,-6.29116266043279
1.574995,-6.29005700339818
1.575,-6.28895091759671
1.575005,-6.28784440374946
1.57501,-6.28673746257749
1.575015,-6.28563009480152
1.57502,-6.28452230114245
1.575025,-6.28341408232066
1.57503,-6.28230543905658
1.575035,-6.28119637207034
1.57504,-6.28008688208193
1.575045,-6.27897696981134
1.57505,-6.27786663597822
1.575055,-6.27675588130204
1.57506,-6.27564470650219
1.575065,-6.27453311229782
1.57507,-6.27342109940788
1.575075,-6.27230866855132
1.57508,-6.27119582044677
1.575085,-6.27008255581265
1.57509,-6.2689688753673
1.575095,-6.26785477982874
1.5751,-6.26674026991504
1.575105,-6.26562534634399
1.57511,-6.26451000983302
1.575115,-6.26339426109967
1.57512,-6.26227810086093
1.575125,-6.26116152983407
1.57513,-6.26004454873585
1.575135,-6.25892715828288
1.57514,-6.25780935919166
1.575145,-6.25669115217835
1.57515,-6.25557253795921
1.575155,-6.25445351725003
1.57516,-6.25333409076654
1.575165,-6.2522142592242
1.57517,-6.25109402333824
1.575175,-6.249973383824
1.57518,-6.24885234139621
1.575185,-6.24773089676965
1.57519,-6.24660905065884
1.575195,-6.24548680377807
1.5752,-6.2443641568414
1.575205,-6.24324111056285
1.57521,-6.24211766565611
1.575215,-6.24099382283463
1.57522,-6.23986958281171
1.575225,-6.23874494630045
1.57523,-6.23761991401376
1.575235,-6.23649448666432
1.57524,-6.23536866496459
1.575245,-6.23424244962678
1.57525,-6.23311584136291
1.575255,-6.23198884088491
1.57526,-6.23086144890432
1.575265,-6.22973366613258
1.57527,-6.22860549328087
1.575275,-6.22747693106005
1.57528,-6.22634798018105
1.575285,-6.22521864135429
1.57529,-6.22408891529008
1.575295,-6.22295880269859
1.5753,-6.22182830428947
1.575305,-6.22069742077262
1.57531,-6.21956615285737
1.575315,-6.21843450125288
1.57532,-6.21730246666811
1.575325,-6.21617004981188
1.57533,-6.21503725139251
1.575335,-6.21390407211853
1.57534,-6.21277051269789
1.575345,-6.21163657383838
1.57535,-6.21050225624761
1.575355,-6.20936756063287
1.57536,-6.20823248770145
1.575365,-6.20709703816013
1.57537,-6.20596121271559
1.575375,-6.20482501207421
1.57538,-6.20368843694208
1.575385,-6.20255148802533
1.57539,-6.2014141660296
1.575395,-6.2002764716603
1.5754,-6.19913840562263
1.575405,-6.19799996862154
1.57541,-6.1968611613619
1.575415,-6.19572198454809
1.57542,-6.19458243888434
1.575425,-6.19344252507473
1.57543,-6.19230224382279
1.575435,-6.19116159583226
1.57544,-6.19002058180631
1.575445,-6.1888792024479
1.57545,-6.18773745845975
1.575455,-6.18659535054442
1.57546,-6.18545287940405
1.575465,-6.18431004574075
1.57547,-6.18316685025616
1.575475,-6.18202329365181
1.57548,-6.1808793766289
1.575485,-6.17973509988828
1.57549,-6.17859046413079
1.575495,-6.17744547005685
1.5755,-6.17630011836663
1.575505,-6.17515440976001
1.57551,-6.17400834493655
1.575515,-6.17286192459585
1.57552,-6.17171514943692
1.575525,-6.17056802015866
1.57553,-6.16942053745966
1.575535,-6.16827270203813
1.57554,-6.16712451459229
1.575545,-6.1659759758199
1.57555,-6.16482708641846
1.575555,-6.16367784708519
1.57556,-6.16252825851699
1.575565,-6.16137832141077
1.57557,-6.16022803646283
1.575575,-6.15907740436939
1.57558,-6.15792642582632
1.575585,-6.15677510152918
1.57559,-6.15562343217323
1.575595,-6.15447141845372
1.5756,-6.15331906106534
1.575605,-6.15216636070256
1.57561,-6.15101331805957
1.575615,-6.14985993383028
1.57562,-6.14870620870845
1.575625,-6.14755214338741
1.57563,-6.14639773856026
1.575635,-6.14524299491973
1.57564,-6.14408791315827
1.575645,-6.14293249396831
1.57565,-6.14177673804165
1.575655,-6.14062064607
1.57566,-6.13946421874472
1.575665,-6.13830745675671
1.57567,-6.13715036079704
1.575675,-6.13599293155603
1.57568,-6.1348351697239
1.575685,-6.13367707599057
1.57569,-6.13251865104554
1.575695,-6.13135989557832
1.5757,-6.13020081027786
1.575705,-6.12904139583279
1.57571,-6.12788165293166
1.575715,-6.12672158226252
1.57572,-6.12556118451311
1.575725,-6.12440046037117
1.57573,-6.12323941052379
1.575735,-6.12207803565795
1.57574,-6.12091633646026
1.575745,-6.11975431361689
1.57575,-6.11859196781414
1.575755,-6.11742929973755
1.57576,-6.11626631007253
1.575765,-6.11510299950422
1.57577,-6.11393936871728
1.575775,-6.11277541839642
1.57578,-6.11161114922567
1.575785,-6.11044656188894
1.57579,-6.10928165706976
1.575795,-6.10811643545131
1.5758,-6.10695089771671
1.575805,-6.10578504454839
1.57581,-6.10461887662879
1.575815,-6.10345239463978
1.57582,-6.10228559926316
1.575825,-6.10111849118011
1.57583,-6.09995107107186
1.575835,-6.09878333961908
1.57584,-6.09761529750214
1.575845,-6.09644694540117
1.57585,-6.09527828399581
1.575855,-6.09410931396572
1.57586,-6.09294003598991
1.575865,-6.09177045074721
1.57587,-6.09060055891606
1.575875,-6.08943036117459
1.57588,-6.08825985820075
1.575885,-6.08708905067201
1.57589,-6.0859179392655
1.575895,-6.08474652465814
1.5759,-6.08357480752631
1.575905,-6.08240278854644
1.57591,-6.08123046839426
1.575915,-6.08005784774536
1.57592,-6.07888492727492
1.575925,-6.07771170765776
1.57593,-6.07653818956856
1.575935,-6.0753643736815
1.57594,-6.07419026067042
1.575945,-6.07301585120891
1.57595,-6.07184114597015
1.575955,-6.07066614562695
1.57596,-6.06949085085201
1.575965,-6.06831526231748
1.57597,-6.06713938069518
1.575975,-6.0659632066567
1.57598,-6.06478674087309
1.575985,-6.0636099840154
1.57599,-6.06243293675404
1.575995,-6.06125559975921
1.576,-6.06007797370069
1.576005,-6.05890005924794
1.57601,-6.0577218570702
1.576015,-6.05654336783625
1.57602,-6.05536459221449
1.576025,-6.05418553087306
1.57603,-6.05300618447962
1.576035,-6.05182655370178
1.57604,-6.05064663920647
1.576045,-6.04946644166043
1.57605,-6.04828596173011
1.576055,-6.04710520008131
1.57606,-6.04592415737995
1.576065,-6.04474283429128
1.57607,-6.04356123148021
1.576075,-6.04237934961142
1.57608,-6.04119718934911
1.576085,-6.04001475135716
1.57609,-6.03883203629924
1.576095,-6.03764904483851
1.5761,-6.03646577763779
1.576105,-6.03528223535954
1.57611,-6.03409841866592
1.576115,-6.03291432821872
1.57612,-6.03172996467937
1.576125,-6.03054532870893
1.57613,-6.02936042096805
1.576135,-6.02817524211703
1.57614,-6.02698979281595
1.576145,-6.02580407372442
1.57615,-6.02461808550162
1.576155,-6.02343182880645
1.57616,-6.02224530429744
1.576165,-6.0210585126328
1.57617,-6.01987145447031
1.576175,-6.01868413046742
1.57618,-6.01749654128114
1.576185,-6.01630868756815
1.57619,-6.01512056998489
1.576195,-6.01393218918724
1.5762,-6.01274354583086
1.576205,-6.01155464057096
1.57621,-6.01036547406235
1.576215,-6.00917604695949
1.57622,-6.00798635991663
1.576225,-6.00679641358741
1.57623,-6.0056062086253
1.576235,-6.00441574568318
1.57624,-6.00322502541366
1.576245,-6.00203404846918
1.57625,-6.00084281550148
1.576255,-5.99965132716207
1.57626,-5.99845958410212
1.576265,-5.99726758697229
1.57627,-5.9960753364231
1.576275,-5.99488283310448
1.57628,-5.99369007766603
1.576285,-5.99249707075697
1.57629,-5.99130381302614
1.576295,-5.99011030512217
1.5763,-5.98891654769305
1.576305,-5.98772254138653
1.57631,-5.98652828684992
1.576315,-5.98533378473008
1.57632,-5.98413903567379
1.576325,-5.98294404032717
1.57633,-5.98174879933597
1.576335,-5.98055331334562
1.57634,-5.9793575830012
1.576345,-5.97816160894728
1.57635,-5.97696539182823
1.576355,-5.97576893228787
1.57636,-5.97457223096972
1.576365,-5.97337528851688
1.57637,-5.97217810557194
1.576375,-5.9709806827774
1.57638,-5.96978302077514
1.576385,-5.96858512020673
1.57639,-5.96738698171326
1.576395,-5.96618860593542
1.5764,-5.96498999351379
1.576405,-5.96379114508827
1.57641,-5.9625920612984
1.576415,-5.96139274278338
1.57642,-5.96019319018196
1.576425,-5.95899340413273
1.57643,-5.95779338527356
1.576435,-5.95659313424206
1.57644,-5.95539265167551
1.576445,-5.95419193821063
1.57645,-5.95299099448399
1.576455,-5.95178982113152
1.57646,-5.9505884187889
1.576465,-5.94938678809137
1.57647,-5.9481849296737
1.576475,-5.94698284417026
1.57648,-5.94578053221528
1.576485,-5.94457799444226
1.57649,-5.94337523148449
1.576495,-5.94217224397479
1.5765,-5.94096903254547
1.576505,-5.93976559782871
1.57651,-5.9385619404561
1.576515,-5.93735806105885
1.57652,-5.93615396026773
1.576525,-5.93494963871308
1.57653,-5.93374509702509
1.576535,-5.93254033583326
1.57654,-5.93133535576681
1.576545,-5.93013015745453
1.57655,-5.92892474152466
1.576555,-5.92771910860534
1.57656,-5.92651325932411
1.576565,-5.92530719430807
1.57657,-5.92410091418401
1.576575,-5.92289441957826
1.57658,-5.92168771111662
1.576585,-5.92048078942479
1.57659,-5.9192736551278
1.576595,-5.91806630885033
1.5766,-5.9168587512167
1.576605,-5.91565098285064
1.57661,-5.91444300437582
1.576615,-5.9132348164152
1.57662,-5.91202641959137
1.576625,-5.91081781452654
1.57663,-5.90960900184248
1.576635,-5.90839998216069
1.57664,-5.9071907561021
1.576645,-5.90598132428722
1.57665,-5.90477168733623
1.576655,-5.90356184586877
1.57666,-5.90235180050427
1.576665,-5.90114155186153
1.57667,-5.89993110055905
1.576675,-5.89872044721485
1.57668,-5.89750959244651
1.576685,-5.89629853687137
1.57669,-5.89508728110618
1.576695,-5.89387582576726
1.5767,-5.8926641714706
1.576705,-5.89145231883174
1.57671,-5.89024026846561
1.576715,-5.88902802098719
1.57672,-5.88781557701057
1.576725,-5.88660293714959
1.57673,-5.88539010201771
1.576735,-5.88417707222779
1.57674,-5.88296384839261
1.576745,-5.88175043112419
1.57675,-5.88053682103429
1.576755,-5.87932301873415
1.57676,-5.8781090248346
1.576765,-5.87689483994622
1.57677,-5.87568046467896
1.576775,-5.87446589964242
1.57678,-5.87325114544567
1.576785,-5.87203620269749
1.57679,-5.87082107200621
1.576795,-5.86960575397976
1.5768,-5.86839024922545
1.576805,-5.86717455835044
1.57681,-5.86595868196113
1.576815,-5.86474262066385
1.57682,-5.86352637506428
1.576825,-5.86230994576767
1.57683,-5.86109333337894
1.576835,-5.85987653850247
1.57684,-5.85865956174221
1.576845,-5.85744240370187
1.57685,-5.85622506498452
1.576855,-5.85500754619284
1.57686,-5.85378984792913
1.576865,-5.85257197079509
1.57687,-5.85135391539234
1.576875,-5.85013568232171
1.57688,-5.84891727218378
1.576885,-5.8476986855786
1.57689,-5.84647992310578
1.576895,-5.84526098536466
1.5769,-5.844041872954
1.576905,-5.8428225864721
1.57691,-5.84160312651687
1.576915,-5.84038349368578
1.57692,-5.8391636885759
1.576925,-5.8379437117839
1.57693,-5.83672356390577
1.576935,-5.8355032455374
1.57694,-5.83428275727382
1.576945,-5.83306209971014
1.57695,-5.83184127344068
1.576955,-5.83062027905935
1.57696,-5.82939911715973
1.576965,-5.82817778833483
1.57697,-5.82695629317725
1.576975,-5.82573463227933
1.57698,-5.82451280623276
1.576985,-5.82329081562882
1.57699,-5.82206866105842
1.576995,-5.82084634311186
1.577,-5.81962386237932
1.577005,-5.81840121945023
1.57701,-5.81717841491366
1.577015,-5.81595544935837
1.57702,-5.81473232337234
1.577025,-5.81350903754358
1.57703,-5.81228559245934
1.577035,-5.81106198870643
1.57704,-5.80983822687131
1.577045,-5.80861430753985
1.57705,-5.80739023129778
1.577055,-5.80616599873005
1.57706,-5.80494161042132
1.577065,-5.80371706695584
1.57707,-5.80249236891715
1.577075,-5.80126751688881
1.57708,-5.80004251145356
1.577085,-5.79881735319376
1.57709,-5.79759204269141
1.577095,-5.79636658052796
1.5771,-5.79514096728437
1.577105,-5.7939152035415
1.57711,-5.79268928987928
1.577115,-5.79146322687751
1.57712,-5.79023701511542
1.577125,-5.78901065517169
1.57713,-5.78778414762488
1.577135,-5.78655749305274
1.57714,-5.78533069203274
1.577145,-5.78410374514189
1.57715,-5.78287665295666
1.577155,-5.78164941605325
1.57716,-5.78042203500727
1.577165,-5.77919451039383
1.57717,-5.77796684278768
1.577175,-5.77673903276304
1.57718,-5.77551108089391
1.577185,-5.77428298775351
1.57719,-5.7730547539148
1.577195,-5.7718263799502
1.5772,-5.77059786643161
1.577205,-5.76936921393081
1.57721,-5.76814042301879
1.577215,-5.76691149426614
1.57722,-5.76568242824309
1.577225,-5.76445322551931
1.57723,-5.76322388666398
1.577235,-5.76199441224614
1.57724,-5.76076480283403
1.577245,-5.75953505899552
1.57725,-5.75830518129805
1.577255,-5.75707517030853
1.57726,-5.75584502659368
1.577265,-5.75461475071943
1.57727,-5.75338434325137
1.577275,-5.7521538047547
1.57728,-5.75092313579402
1.577285,-5.74969233693368
1.57729,-5.74846140873743
1.577295,-5.74723035176849
1.5773,-5.74599916658975
1.577305,-5.74476785376354
1.57731,-5.74353641385196
1.577315,-5.74230484741636
1.57732,-5.74107315501773
1.577325,-5.73984133721667
1.57733,-5.73860939457326
1.577335,-5.73737732764699
1.57734,-5.73614513699721
1.577345,-5.73491282318257
1.57735,-5.73368038676131
1.577355,-5.73244782829115
1.57736,-5.73121514832933
1.577365,-5.72998234743292
1.57737,-5.72874942615817
1.577375,-5.72751638506105
1.57738,-5.72628322469702
1.577385,-5.72504994562095
1.57739,-5.72381654838755
1.577395,-5.72258303355084
1.5774,-5.72134940166444
1.577405,-5.72011565328143
1.57741,-5.71888178895442
1.577415,-5.71764780923583
1.57742,-5.71641371467731
1.577425,-5.71517950583008
1.57743,-5.71394518324507
1.577435,-5.71271074747247
1.57744,-5.71147619906234
1.577445,-5.71024153856404
1.57745,-5.70900676652655
1.577455,-5.7077718834983
1.57746,-5.70653689002731
1.577465,-5.7053017866611
1.57747,-5.70406657394689
1.577475,-5.70283125243126
1.57748,-5.70159582266036
1.577485,-5.70036028517983
1.57749,-5.69912464053481
1.577495,-5.69788888927027
1.5775,-5.69665303193036
1.577505,-5.69541706905896
1.57751,-5.69418100119939
1.577515,-5.69294482889442
1.57752,-5.69170855268663
1.577525,-5.69047217311793
1.57753,-5.68923569072973
1.577535,-5.6879991060631
1.57754,-5.68676241965844
1.577545,-5.68552563205603
1.57755,-5.6842887437954
1.577555,-5.68305175541561
1.57756,-5.68181466745534
1.577565,-5.68057748045273
1.57757,-5.67934019494562
1.577575,-5.67810281147123
1.57758,-5.67686533056629
1.577585,-5.67562775276716
1.57759,-5.67439007860967
1.577595,-5.67315230862905
1.5776,-5.67191444336038
1.577605,-5.67067648333805
1.57761,-5.66943842909596
1.577615,-5.66820028116764
1.57762,-5.66696204008597
1.577625,-5.66572370638371
1.57763,-5.6644852805928
1.577635,-5.66324676324488
1.57764,-5.66200815487107
1.577645,-5.66076945600186
1.57765,-5.65953066716772
1.577655,-5.6582917888982
1.57766,-5.65705282172253
1.577665,-5.65581376616952
1.57767,-5.65457462276732
1.577675,-5.65333539204397
1.57768,-5.6520960745267
1.577685,-5.65085667074241
1.57769,-5.64961718121746
1.577695,-5.64837760647773
1.5777,-5.64713794704881
1.577705,-5.64589820345563
1.57771,-5.64465837622265
1.577715,-5.64341846587395
1.57772,-5.64217847293304
1.577725,-5.64093839792297
1.57773,-5.63969824136651
1.577735,-5.63845800378563
1.57774,-5.63721768570212
1.577745,-5.63597728763705
1.57775,-5.63473681011115
1.577755,-5.63349625364472
1.57776,-5.63225561875757
1.577765,-5.63101490596885
1.57777,-5.6297741157975
1.577775,-5.62853324876166
1.57778,-5.62729230537948
1.577785,-5.62605128616814
1.57779,-5.62481019164468
1.577795,-5.62356902232541
1.5778,-5.62232777872634
1.577805,-5.621086461363
1.57781,-5.61984507075044
1.577815,-5.61860360740308
1.57782,-5.61736207183509
1.577825,-5.61612046455986
1.57783,-5.61487878609078
1.577835,-5.61363703694029
1.57784,-5.61239521762066
1.577845,-5.61115332864345
1.57785,-5.60991137051995
1.577855,-5.6086693437608
1.57786,-5.60742724887638
1.577865,-5.60618508637643
1.57787,-5.60494285677019
1.577875,-5.60370056056655
1.57788,-5.60245819827371
1.577885,-5.60121577039976
1.57789,-5.59997327745196
1.577895,-5.59873071993727
1.5779,-5.59748809836209
1.577905,-5.59624541323234
1.57791,-5.59500266505362
1.577915,-5.59375985433091
1.57792,-5.59251698156869
1.577925,-5.59127404727103
1.57793,-5.59003105194149
1.577935,-5.58878799608321
1.57794,-5.58754488019882
1.577945,-5.58630170479046
1.57795,-5.58505847035976
1.577955,-5.58381517740787
1.57796,-5.58257182643562
1.577965,-5.58132841794321
1.57797,-5.58008495243034
1.577975,-5.57884143039634
1.57798,-5.57759785233998
1.577985,-5.57635421875948
1.57799,-5.57511053015292
1.577995,-5.57386678701756
1.578,-5.57262298985027
1.578005,-5.57137913914748
1.57801,-5.57013523540501
1.578015,-5.56889127911854
1.57802,-5.5676472707829
1.578025,-5.5664032108926
1.57803,-5.56515909994171
1.578035,-5.56391493842368
1.57804,-5.5626707268317
1.578045,-5.56142646565833
1.57805,-5.56018215539563
1.578055,-5.55893779653526
1.57806,-5.55769338956827
1.578065,-5.55644893498549
1.57807,-5.55520443327707
1.578075,-5.55395988493274
1.57808,-5.55271529044169
1.578085,-5.55147065029272
1.57809,-5.55022596497399
1.578095,-5.54898123497348
1.5781,-5.54773646077846
1.578105,-5.54649164287579
1.57811,-5.5452467817518
1.578115,-5.54400187789232
1.57812,-5.5427569317829
1.578125,-5.5415119439084
1.57813,-5.5402669147533
1.578135,-5.53902184480159
1.57814,-5.53777673453662
1.578145,-5.5365315844416
1.57815,-5.53528639499907
1.578155,-5.53404116669096
1.57816,-5.53279589999893
1.578165,-5.53155059540402
1.57817,-5.53030525338697
1.578175,-5.52905987442785
1.57818,-5.52781445900636
1.578185,-5.52656900760172
1.57819,-5.52532352069248
1.578195,-5.52407799875707
1.5782,-5.52283244227319
1.578205,-5.52158685171813
1.57821,-5.52034122756864
1.578215,-5.51909557030103
1.57822,-5.51784988039111
1.578225,-5.51660415831442
1.57823,-5.51535840454571
1.578235,-5.51411261955942
1.57824,-5.51286680382945
1.578245,-5.51162095782916
1.57825,-5.51037508203173
1.578255,-5.50912917690957
1.57826,-5.50788324293466
1.578265,-5.50663728057852
1.57827,-5.50539129031218
1.578275,-5.50414527260638
1.57828,-5.50289922793106
1.578285,-5.50165315675597
1.57829,-5.50040705955016
1.578295,-5.49916093678221
1.5783,-5.49791478892054
1.578305,-5.49666861643277
1.57831,-5.49542241978607
1.578315,-5.49417619944722
1.57832,-5.49292995588243
1.578325,-5.49168368955768
1.57833,-5.49043740093817
1.578335,-5.48919109048873
1.57834,-5.48794475867378
1.578345,-5.48669840595719
1.57835,-5.4854520328022
1.578355,-5.48420563967206
1.57836,-5.48295922702903
1.578365,-5.48171279533508
1.57837,-5.48046634505178
1.578375,-5.47921987664004
1.57838,-5.47797339056053
1.578385,-5.47672688727324
1.57839,-5.4754803672378
1.578395,-5.47423383091327
1.5784,-5.47298727875825
1.578405,-5.47174071123105
1.57841,-5.47049412878923
1.578415,-5.46924753188998
1.57842,-5.46800092099009
1.578425,-5.46675429654564
1.57843,-5.46550765901265
1.578435,-5.4642610088463
1.57844,-5.46301434650138
1.578445,-5.46176767243221
1.57845,-5.46052098709263
1.578455,-5.45927429093613
1.57846,-5.45802758441559
1.578465,-5.45678086798342
1.57847,-5.45553414209152
1.578475,-5.45428740719147
1.57848,-5.4530406637341
1.578485,-5.45179391217013
1.57849,-5.45054715294953
1.578495,-5.44930038652186
1.5785,-5.44805361333624
1.578505,-5.4468068338412
1.57851,-5.44556004848498
1.578515,-5.44431325771529
1.57852,-5.44306646197923
1.578525,-5.44181966172351
1.57853,-5.44057285739432
1.578535,-5.43932604943758
1.57854,-5.43807923829851
1.578545,-5.43683242442188
1.57855,-5.43558560825208
1.578555,-5.43433879023283
1.57856,-5.43309197080774
1.578565,-5.43184515041963
1.57857,-5.43059832951085
1.578575,-5.42935150852348
1.57858,-5.42810468789884
1.578585,-5.42685786807811
1.57859,-5.42561104950179
1.578595,-5.42436423260988
1.5786,-5.42311741784201
1.578605,-5.42187060563726
1.57861,-5.42062379643421
1.578615,-5.41937699067116
1.57862,-5.41813018878574
1.578625,-5.41688339121513
1.57863,-5.4156365983961
1.578635,-5.41438981076484
1.57864,-5.41314302875723
1.578645,-5.4118962528086
1.57865,-5.4106494833537
1.578655,-5.409402720827
1.57866,-5.40815596566219
1.578665,-5.40690921829299
1.57867,-5.40566247915213
1.578675,-5.40441574867221
1.57868,-5.40316902728516
1.578685,-5.4019223154224
1.57869,-5.40067561351521
1.578695,-5.39942892199404
1.5787,-5.39818224128905
1.578705,-5.39693557182982
1.57871,-5.39568891404547
1.578715,-5.39444226836482
1.57872,-5.39319563521606
1.578725,-5.39194901502687
1.57873,-5.39070240822458
1.578735,-5.38945581523594
1.57874,-5.38820923648724
1.578745,-5.38696267240447
1.57875,-5.38571612341296
1.578755,-5.38446958993759
1.57876,-5.38322307240279
1.578765,-5.38197657123255
1.57877,-5.38073008685039
1.578775,-5.37948361967939
1.57878,-5.37823717014198
1.578785,-5.37699073866037
1.57879,-5.37574432565596
1.578795,-5.37449793155015
1.5788,-5.37325155676352
1.578805,-5.37200520171624
1.57881,-5.37075886682809
1.578815,-5.36951255251818
1.57882,-5.36826625920554
1.578825,-5.36701998730834
1.57883,-5.36577373724449
1.578835,-5.36452750943132
1.57884,-5.36328130428578
1.578845,-5.3620351222242
1.57885,-5.36078896366275
1.578855,-5.35954282901681
1.57886,-5.35829671870141
1.578865,-5.35705063313121
1.57887,-5.35580457272008
1.578875,-5.3545585378819
1.57888,-5.35331252902976
1.578885,-5.35206654657629
1.57889,-5.35082059093376
1.578895,-5.3495746625138
1.5789,-5.3483287617279
1.578905,-5.34708288898674
1.57891,-5.34583704470068
1.578915,-5.3445912292797
1.57892,-5.34334544313296
1.578925,-5.3420996866697
1.57893,-5.34085396029829
1.578935,-5.33960826442671
1.57894,-5.33836259946253
1.578945,-5.33711696581272
1.57895,-5.33587136388409
1.578955,-5.33462579408266
1.57896,-5.3333802568141
1.578965,-5.33213475248367
1.57897,-5.33088928149611
1.578975,-5.32964384425557
1.57898,-5.32839844116608
1.578985,-5.32715307263086
1.57899,-5.32590773905277
1.578995,-5.32466244083434
1.579,-5.32341717837727
1.579005,-5.32217195208334
1.57901,-5.32092676235345
1.579015,-5.31968160958814
1.57902,-5.31843649418752
1.579025,-5.3171914165511
1.57903,-5.3159463770782
1.579035,-5.31470137616749
1.57904,-5.31345641421718
1.579045,-5.31221149162501
1.57905,-5.3109666087882
1.579055,-5.30972176610383
1.57906,-5.30847696396808
1.579065,-5.30723220277695
1.57907,-5.30598748292588
1.579075,-5.30474280480973
1.57908,-5.3034981688232
1.579085,-5.30225357536031
1.57909,-5.30100902481465
1.579095,-5.29976451757932
1.5791,-5.29852005404703
1.579105,-5.29727563460987
1.57911,-5.29603125965976
1.579115,-5.29478692958795
1.57912,-5.29354264478525
1.579125,-5.29229840564201
1.57913,-5.29105421254802
1.579135,-5.28981006589295
1.57914,-5.2885659660657
1.579145,-5.28732191345474
1.57915,-5.28607790844813
1.579155,-5.28483395143344
1.57916,-5.28359004279796
1.579165,-5.28234618292826
1.57917,-5.28110237221055
1.579175,-5.27985861103063
1.57918,-5.27861489977372
1.579185,-5.27737123882479
1.57919,-5.27612762856812
1.579195,-5.27488406938771
1.5792,-5.27364056166699
1.579205,-5.27239710578884
1.57921,-5.271153702136
1.579215,-5.26991035109049
1.57922,-5.26866705303396
1.579225,-5.26742380834752
1.57923,-5.2661806174119
1.579235,-5.2649374806073
1.57924,-5.2636943983137
1.579245,-5.2624513709103
1.57925,-5.261208398776
1.579255,-5.25996548228925
1.57926,-5.25872262182791
1.579265,-5.25747981776971
1.57927,-5.2562370704916
1.579275,-5.25499438037016
1.57928,-5.25375174778152
1.579285,-5.25250917310134
1.57929,-5.25126665670501
1.579295,-5.25002419896719
1.5793,-5.24878180026221
1.579305,-5.24753946096396
1.57931,-5.24629718144574
1.579315,-5.24505496208071
1.57932,-5.2438128032413
1.579325,-5.24257070529951
1.57933,-5.24132866862694
1.579335,-5.24008669359468
1.57934,-5.23884478057355
1.579345,-5.23760292993375
1.57935,-5.23636114204504
1.579355,-5.23511941727672
1.57936,-5.23387775599766
1.579365,-5.23263615857624
1.57937,-5.23139462538055
1.579375,-5.23015315677807
1.57938,-5.22891175313586
1.579385,-5.2276704148205
1.57939,-5.22642914219805
1.579395,-5.22518793563444
1.5794,-5.22394679549479
1.579405,-5.22270572214397
1.57941,-5.22146471594627
1.579415,-5.22022377726555
1.57942,-5.21898290646545
1.579425,-5.21774210390884
1.57943,-5.21650136995826
1.579435,-5.21526070497588
1.57944,-5.2140201093232
1.579445,-5.21277958336165
1.57945,-5.21153912745185
1.579455,-5.21029874195414
1.57946,-5.2090584272284
1.579465,-5.20781818363384
1.57947,-5.20657801152973
1.579475,-5.2053379112744
1.57948,-5.20409788322592
1.579485,-5.20285792774195
1.57949,-5.2016180451796
1.579495,-5.20037823589554
1.5795,-5.19913850024619
1.579505,-5.19789883858732
1.57951,-5.19665925127426
1.579515,-5.19541973866199
1.57952,-5.19418030110491
1.579525,-5.19294093895713
1.57953,-5.19170165257229
1.579535,-5.1904624423034
1.57954,-5.18922330850331
1.579545,-5.18798425152407
1.57955,-5.18674527171768
1.579555,-5.18550636943546
1.57956,-5.18426754502829
1.579565,-5.18302879884667
1.57957,-5.18179013124051
1.579575,-5.18055154255962
1.57958,-5.17931303315299
1.579585,-5.17807460336938
1.57959,-5.176836253557
1.579595,-5.17559798406369
1.5796,-5.1743597952367
1.579605,-5.17312168742317
1.57961,-5.17188366096945
1.579615,-5.17064571622162
1.57962,-5.16940785352524
1.579625,-5.16817007322542
1.57963,-5.16693237566701
1.579635,-5.16569476119423
1.57964,-5.16445723015087
1.579645,-5.16321978288035
1.57965,-5.16198241972552
1.579655,-5.16074514102908
1.57966,-5.15950794713298
1.579665,-5.15827083837888
1.57967,-5.15703381510794
1.579675,-5.15579687766084
1.57968,-5.15456002637805
1.579685,-5.15332326159937
1.57969,-5.1520865836642
1.579695,-5.15084999291157
1.5797,-5.1496134896799
1.579705,-5.14837707430753
1.57971,-5.14714074713199
1.579715,-5.14590450849058
1.57972,-5.14466835872004
1.579725,-5.14343229815679
1.57973,-5.14219632713662
1.579735,-5.14096044599523
1.57974,-5.13972465506755
1.579745,-5.13848895468819
1.57975,-5.13725334519142
1.579755,-5.13601782691076
1.57976,-5.13478240017983
1.579765,-5.13354706533127
1.57977,-5.13231182269762
1.579775,-5.13107667261086
1.57978,-5.12984161540245
1.579785,-5.12860665140372
1.57979,-5.12737178094524
1.579795,-5.12613700435732
1.5798,-5.12490232196974
1.579805,-5.12366773411185
1.57981,-5.12243324111275
1.579815,-5.12119884330088
1.57982,-5.11996454100442
1.579825,-5.11873033455089
1.57983,-5.11749622426754
1.579835,-5.11626221048132
1.57984,-5.11502829351848
1.579845,-5.11379447370499
1.57985,-5.11256075136632
1.579855,-5.11132712682757
1.57986,-5.11009360041325
1.579865,-5.10886017244774
1.57987,-5.10762684325479
1.579875,-5.10639361315773
1.57988,-5.10516048247944
1.579885,-5.10392745154238
1.57989,-5.10269452066871
1.579895,-5.10146169018002
1.5799,-5.10022896039748
1.579905,-5.09899633164186
1.57991,-5.09776380423345
1.579915,-5.09653137849233
1.57992,-5.09529905473786
1.579925,-5.09406683328915
1.57993,-5.09283471446478
1.579935,-5.09160269858286
1.57994,-5.09037078596139
1.579945,-5.08913897691761
1.57995,-5.08790727176843
1.579955,-5.08667567083036
1.57996,-5.08544417441935
1.579965,-5.08421278285121
1.57997,-5.08298149644112
1.579975,-5.08175031550388
1.57998,-5.08051924035379
1.579985,-5.07928827130485
1.57999,-5.07805740867043
1.579995,-5.07682665276382
1.58,-5.07559600389762
1.580005,-5.07436546238408
1.58001,-5.07313502853498
1.580015,-5.07190470266168
1.58002,-5.07067448507527
1.580025,-5.06944437608622
1.58003,-5.0682143760047
1.580035,-5.06698448514042
1.58004,-5.06575470380253
1.580045,-5.06452503230005
1.58005,-5.06329547094139
1.580055,-5.06206602003456
1.58006,-5.06083667988713
1.580065,-5.05960745080616
1.58007,-5.05837833309865
1.580075,-5.05714932707084
1.58008,-5.05592043302859
1.580085,-5.0546916512774
1.58009,-5.05346298212231
1.580095,-5.05223442586814
1.5801,-5.051005982819
1.580105,-5.0497776532787
1.58011,-5.04854943755069
1.580115,-5.04732133593795
1.58012,-5.04609334874291
1.580125,-5.04486547626789
1.58013,-5.04363771881458
1.580135,-5.04241007668427
1.58014,-5.04118255017783
1.580145,-5.03995513959564
1.58015,-5.03872784523798
1.580155,-5.03750066740439
1.58016,-5.03627360639408
1.580165,-5.03504666250585
1.58017,-5.03381983603805
1.580175,-5.03259312728883
1.58018,-5.03136653655564
1.580185,-5.03014006413561
1.58019,-5.02891371032554
1.580195,-5.02768747542166
1.5802,-5.02646135971997
1.580205,-5.02523536351599
1.58021,-5.02400948710473
1.580215,-5.02278373078085
1.58022,-5.02155809483858
1.580225,-5.02033257957192
1.58023,-5.01910718527417
1.580235,-5.01788191223835
1.58024,-5.01665676075712
1.580245,-5.01543173112263
1.58025,-5.01420682362661
1.580255,-5.01298203856061
1.58026,-5.01175737621547
1.580265,-5.01053283688174
1.58027,-5.0093084208496
1.580275,-5.00808412840866
1.58028,-5.00685995984845
1.580285,-5.0056359154578
1.58029,-5.00441199552517
1.580295,-5.00318820033866
1.5803,-5.00196453018591
1.580305,-5.00074098535432
1.58031,-4.99951756613073
1.580315,-4.9982942728016
1.58032,-4.99707110565289
1.580325,-4.9958480649703
1.58033,-4.99462515103915
1.580335,-4.9934023641442
1.58034,-4.9921797045699
1.580345,-4.99095717260025
1.58035,-4.98973476851889
1.580355,-4.98851249260897
1.58036,-4.98729034515335
1.580365,-4.98606832643449
1.58037,-4.9848464367343
1.580375,-4.98362467633437
1.58038,-4.98240304551584
1.580385,-4.98118154455962
1.58039,-4.97996017374605
1.580395,-4.97873893335505
1.5804,-4.97751782366626
1.580405,-4.97629684495875
1.58041,-4.97507599751136
1.580415,-4.97385528160252
1.58042,-4.97263469751009
1.580425,-4.97141424551164
1.58043,-4.97019392588429
1.580435,-4.96897373890492
1.58044,-4.96775368484984
1.580445,-4.96653376399497
1.58045,-4.9653139766159
1.580455,-4.96409432298768
1.58046,-4.96287480338525
1.580465,-4.96165541808287
1.58047,-4.96043616735452
1.580475,-4.95921705147376
1.58048,-4.95799807071367
1.580485,-4.95677922534705
1.58049,-4.95556051564632
1.580495,-4.95434194188346
1.5805,-4.95312350432998
1.580505,-4.95190520325704
1.58051,-4.95068703893536
1.580515,-4.94946901163546
1.58052,-4.94825112162728
1.580525,-4.94703336918035
1.58053,-4.9458157545639
1.580535,-4.94459827804661
1.58054,-4.94338093989707
1.580545,-4.94216374038317
1.58055,-4.94094667977256
1.580555,-4.93972975833241
1.58056,-4.93851297632948
1.580565,-4.93729633403034
1.58057,-4.93607983170097
1.580575,-4.93486346960697
1.58058,-4.93364724801362
1.580585,-4.93243116718565
1.58059,-4.93121522738774
1.580595,-4.92999942888381
1.5806,-4.9287837719376
1.580605,-4.92756825681233
1.58061,-4.92635288377095
1.580615,-4.92513765307582
1.58062,-4.92392256498928
1.580625,-4.9227076197729
1.58063,-4.92149281768808
1.580635,-4.92027815899568
1.58064,-4.91906364395624
1.580645,-4.91784927283004
1.58065,-4.91663504587675
1.580655,-4.91542096335585
1.58066,-4.91420702552621
1.580665,-4.91299323264647
1.58067,-4.91177958497489
1.580675,-4.91056608276931
1.58068,-4.90935272628715
1.580685,-4.90813951578545
1.58069,-4.90692645152081
1.580695,-4.90571353374966
1.5807,-4.90450076272784
1.580705,-4.90328813871083
1.58071,-4.90207566195378
1.580715,-4.90086333271131
1.58072,-4.89965115123798
1.580725,-4.89843911778764
1.58073,-4.89722723261387
1.580735,-4.89601549596995
1.58074,-4.89480390810858
1.580745,-4.89359246928217
1.58075,-4.89238117974296
1.580755,-4.89117003974248
1.58076,-4.88995904953205
1.580765,-4.88874820936253
1.58077,-4.8875375194844
1.580775,-4.88632698014792
1.58078,-4.88511659160276
1.580785,-4.88390635409837
1.58079,-4.88269626788363
1.580795,-4.88148633320714
1.5808,-4.88027655031731
1.580805,-4.87906691946184
1.58081,-4.87785744088826
1.580815,-4.87664811484362
1.58082,-4.87543894157454
1.580825,-4.8742299213276
1.58083,-4.87302105434856
1.580835,-4.87181234088306
1.58084,-4.87060378117631
1.580845,-4.86939537547299
1.58085,-4.86818712401777
1.580855,-4.86697902705457
1.58086,-4.86577108482708
1.580865,-4.86456329757865
1.58087,-4.86335566555222
1.580875,-4.86214818899023
1.58088,-4.86094086813505
1.580885,-4.85973370322837
1.58089,-4.85852669451162
1.580895,-4.85731984222589
1.5809,-4.8561131466118
1.580905,-4.85490660790976
1.58091,-4.85370022635966
1.580915,-4.85249400220103
1.58092,-4.85128793567305
1.580925,-4.85008202701448
1.58093,-4.84887627646394
1.580935,-4.84767068425936
1.58094,-4.84646525063844
1.580945,-4.84525997583854
1.58095,-4.84405486009653
1.580955,-4.8428499036491
1.58096,-4.84164510673243
1.580965,-4.84044046958232
1.58097,-4.83923599243421
1.580975,-4.83803167552318
1.58098,-4.83682751908411
1.580985,-4.83562352335123
1.58099,-4.83441968855852
1.580995,-4.83321601493965
1.581,-4.83201250272786
1.581005,-4.83080915215591
1.58101,-4.82960596345648
1.581015,-4.82840293686166
1.58102,-4.82720007260324
1.581025,-4.82599737091257
1.58103,-4.82479483202061
1.581035,-4.82359245615826
1.58104,-4.82239024355573
1.581045,-4.82118819444292
1.58105,-4.81998630904941
1.581055,-4.81878458760437
1.58106,-4.8175830303368
1.581065,-4.81638163747507
1.58107,-4.81518040924728
1.581075,-4.81397934588123
1.58108,-4.81277844760423
1.581085,-4.81157771464341
1.58109,-4.81037714722536
1.581095,-4.8091767455764
1.5811,-4.80797650992249
1.581105,-4.80677644048913
1.58111,-4.80557653750146
1.581115,-4.80437680118454
1.58112,-4.80317723176271
1.581125,-4.80197782946015
1.58113,-4.80077859450061
1.581135,-4.79957952710737
1.58114,-4.79838062750364
1.581145,-4.79718189591205
1.58115,-4.79598333255492
1.581155,-4.79478493765417
1.58116,-4.79358671143132
1.581165,-4.79238865410781
1.58117,-4.79119076590441
1.581175,-4.78999304704168
1.58118,-4.78879549773979
1.581185,-4.78759811821841
1.58119,-4.78640090869716
1.581195,-4.7852038693951
1.5812,-4.78400700053092
1.581205,-4.78281030232303
1.58121,-4.78161377498939
1.581215,-4.78041741874777
1.58122,-4.77922123381541
1.581225,-4.7780252204093
1.58123,-4.77682937874601
1.581235,-4.7756337090418
1.58124,-4.77443821151251
1.581245,-4.77324288637373
1.58125,-4.7720477338407
1.581255,-4.77085275412816
1.58126,-4.76965794745058
1.581265,-4.76846331402205
1.58127,-4.76726885405644
1.581275,-4.76607456776716
1.58128,-4.76488045536725
1.581285,-4.76368651706933
1.58129,-4.76249275308582
1.581295,-4.76129916362881
1.5813,-4.76010574890986
1.581305,-4.75891250914033
1.58131,-4.75771944453113
1.581315,-4.75652655529282
1.58132,-4.75533384163579
1.581325,-4.7541413037699
1.58133,-4.75294894190471
1.581335,-4.75175675624938
1.58134,-4.75056474701269
1.581345,-4.74937291440335
1.58135,-4.74818125862941
1.581355,-4.74698977989873
1.58136,-4.74579847841872
1.581365,-4.74460735439656
1.58137,-4.74341640803888
1.581375,-4.74222563955232
1.58138,-4.74103504914284
1.581385,-4.73984463701621
1.58139,-4.73865440337783
1.581395,-4.73746434843257
1.5814,-4.73627447238541
1.581405,-4.73508477544051
1.58141,-4.73389525780199
1.581415,-4.73270591967345
1.58142,-4.7315167612581
1.581425,-4.73032778275915
1.58143,-4.7291389843791
1.581435,-4.72795036632028
1.58144,-4.72676192878459
1.581445,-4.7255736719736
1.58145,-4.72438559608871
1.581455,-4.72319770133078
1.58146,-4.72200998790035
1.581465,-4.72082245599772
1.58147,-4.71963510582264
1.581475,-4.71844793757488
1.58148,-4.71726095145354
1.581485,-4.71607414765754
1.58149,-4.71488752638536
1.581495,-4.71370108783525
1.5815,-4.71251483220495
1.581505,-4.71132875969217
1.58151,-4.71014287049397
1.581515,-4.70895716480725
1.58152,-4.70777164282845
1.581525,-4.70658630475371
1.58153,-4.70540115077898
1.581535,-4.70421618109972
1.58154,-4.70303139591102
1.581545,-4.70184679540777
1.58155,-4.70066237978431
1.581555,-4.699478149235
1.58156,-4.69829410395353
1.581565,-4.69711024413341
1.58157,-4.69592656996774
1.581575,-4.6947430816493
1.58158,-4.69355977937067
1.581585,-4.69237666332395
1.58159,-4.69119373370091
1.581595,-4.69001099069302
1.5816,-4.68882843449141
1.581605,-4.68764606528693
1.58161,-4.68646388327006
1.581615,-4.68528188863093
1.58162,-4.68410008155931
1.581625,-4.68291846224472
1.58163,-4.68173703087617
1.581635,-4.6805557876427
1.58164,-4.67937473273266
1.581645,-4.67819386633423
1.58165,-4.67701318863521
1.581655,-4.67583269982305
1.58166,-4.67465240008503
1.581665,-4.6734722896079
1.58167,-4.67229236857826
1.581675,-4.67111263718214
1.58168,-4.66993309560541
1.581685,-4.66875374403374
1.58169,-4.6675745826522
1.581695,-4.6663956116457
1.5817,-4.66521683119873
1.581705,-4.66403824149547
1.58171,-4.66285984271992
1.581715,-4.66168163505555
1.58172,-4.66050361868568
1.581725,-4.65932579379309
1.58173,-4.65814816056036
1.581735,-4.65697071916991
1.58174,-4.65579346980354
1.581745,-4.65461641264291
1.58175,-4.65343954786925
1.581755,-4.65226287566352
1.58176,-4.65108639620632
1.581765,-4.64991010967811
1.58177,-4.64873401625876
1.581775,-4.64755811612799
1.58178,-4.64638240946508
1.581785,-4.64520689644898
1.58179,-4.64403157725863
1.581795,-4.64285645207221
1.5818,-4.64168152106784
1.581805,-4.64050678442328
1.58181,-4.6393322423158
1.581815,-4.63815789492266
1.58182,-4.63698374242064
1.581825,-4.63580978498607
1.58183,-4.63463602279517
1.581835,-4.63346245602366
1.58184,-4.63228908484717
1.581845,-4.6311159094408
1.58185,-4.62994292997944
1.581855,-4.62877014663763
1.58186,-4.62759755958957
1.581865,-4.62642516900911
1.58187,-4.62525297506996
1.581875,-4.62408097794532
1.58188,-4.62290917780819
1.581885,-4.6217375748312
1.58189,-4.62056616918656
1.581895,-4.61939496104644
1.5819,-4.61822395058248
1.581905,-4.61705313796607
1.58191,-4.61588252336824
1.581915,-4.61471210695969
1.58192,-4.61354188891097
1.581925,-4.61237186939213
1.58193,-4.61120204857301
1.581935,-4.61003242662312
1.58194,-4.60886300371151
1.581945,-4.60769378000721
1.58195,-4.60652475567873
1.581955,-4.60535593089433
1.58196,-4.60418730582189
1.581965,-4.60301888062896
1.58197,-4.60185065548305
1.581975,-4.60068263055107
1.58198,-4.59951480599968
1.581985,-4.59834718199525
1.58199,-4.5971797587039
1.581995,-4.5960125362913
1.582,-4.59484551492302
1.582005,-4.59367869476413
1.58201,-4.59251207597949
1.582015,-4.59134565873363
1.58202,-4.5901794431906
1.582025,-4.58901342951459
1.58203,-4.58784761786905
1.582035,-4.58668200841726
1.58204,-4.58551660132225
1.582045,-4.58435139674662
1.58205,-4.58318639485286
1.582055,-4.58202159580296
1.58206,-4.58085699975872
1.582065,-4.57969260688159
1.58207,-4.57852841733261
1.582075,-4.57736443127277
1.58208,-4.57620064886259
1.582085,-4.57503707026224
1.58209,-4.57387369563171
1.582095,-4.57271052513056
1.5821,-4.57154755891821
1.582105,-4.57038479715361
1.58211,-4.56922223999553
1.582115,-4.56805988760232
1.58212,-4.56689774013216
1.582125,-4.56573579774278
1.58213,-4.5645740605918
1.582135,-4.56341252883635
1.58214,-4.56225120263338
1.582145,-4.56109008213945
1.58215,-4.55992916751084
1.582155,-4.55876845890371
1.58216,-4.55760795647365
1.582165,-4.55644766037606
1.58217,-4.55528757076609
1.582175,-4.55412768779843
1.58218,-4.55296801162779
1.582185,-4.55180854240826
1.58219,-4.55064928029379
1.582195,-4.549490225438
1.5822,-4.54833137799409
1.582205,-4.54717273811523
1.58221,-4.54601430595412
1.582215,-4.54485608166313
1.58222,-4.54369806539443
1.582225,-4.54254025729975
1.58223,-4.54138265753082
1.582235,-4.54022526623881
1.58224,-4.53906808357457
1.582245,-4.53791110968888
1.58225,-4.53675434473203
1.582255,-4.53559778885399
1.58226,-4.53444144220474
1.582265,-4.53328530493363
1.58227,-4.53212937718988
1.582275,-4.53097365912235
1.58228,-4.52981815087958
1.582285,-4.52866285261005
1.58229,-4.5275077644616
1.582295,-4.52635288658208
1.5823,-4.52519821911882
1.582305,-4.5240437622189
1.58231,-4.52288951602935
1.582315,-4.52173548069661
1.58232,-4.52058165636698
1.582325,-4.5194280431864
1.58233,-4.5182746413005
1.582335,-4.51712145085481
1.58234,-4.51596847199439
1.582345,-4.51481570486401
1.58235,-4.51366314960825
1.582355,-4.5125108063712
1.58236,-4.51135867529704
1.582365,-4.5102067565293
1.58237,-4.50905505021139
1.582375,-4.50790355648637
1.58238,-4.50675227549706
1.582385,-4.50560120738592
1.58239,-4.50445035229522
1.582395,-4.50329971036698
1.5824,-4.50214928174271
1.582405,-4.50099906656391
1.58241,-4.49984906497145
1.582415,-4.49869927710643
1.58242,-4.49754970310914
1.582425,-4.49640034311995
1.58243,-4.49525119727867
1.582435,-4.49410226572501
1.58244,-4.49295354859839
1.582445,-4.49180504603793
1.58245,-4.49065675818234
1.582455,-4.48950868517025
1.58246,-4.48836082713973
1.582465,-4.48721318422901
1.58247,-4.48606575657556
1.582475,-4.48491854431688
1.58248,-4.48377154759009
1.582485,-4.4826247665319
1.58249,-4.48147820127906
1.582495,-4.48033185196774
1.5825,-4.47918571873398
1.582505,-4.47803980171344
1.58251,-4.47689410104162
1.582515,-4.47574861685354
1.58252,-4.47460334928429
1.582525,-4.47345829846835
1.58253,-4.47231346454008
1.582535,-4.47116884763347
1.58254,-4.47002444788228
1.582545,-4.4688802654201
1.58255,-4.46773630038009
1.582555,-4.46659255289516
1.58256,-4.46544902309797
1.582565,-4.46430571112089
1.58257,-4.46316261709607
1.582575,-4.46201974115534
1.58258,-4.46087708343027
1.582585,-4.45973464405207
1.58259,-4.45859242315172
1.582595,-4.45745042086007
1.5826,-4.45630863730753
1.582605,-4.45516707262424
1.58261,-4.45402572694015
1.582615,-4.45288460038486
1.58262,-4.45174369308764
1.582625,-4.45060300517778
1.58263,-4.44946253678401
1.582635,-4.44832228803484
1.58264,-4.44718225905858
1.582645,-4.4460424499831
1.58265,-4.44490286093632
1.582655,-4.4437634920456
1.58266,-4.44262434343811
1.582665,-4.44148541524084
1.58267,-4.44034670758023
1.582675,-4.43920822058291
1.58268,-4.43806995437488
1.582685,-4.43693190908196
1.58269,-4.43579408482973
1.582695,-4.43465648174339
1.5827,-4.43351909994809
1.582705,-4.43238193956859
1.58271,-4.43124500072935
1.582715,-4.43010828355456
1.58272,-4.42897178816815
1.582725,-4.4278355146939
1.58273,-4.42669946325517
1.582735,-4.42556363397515
1.58274,-4.42442802697672
1.582745,-4.42329264238246
1.58275,-4.4221574803147
1.582755,-4.42102254089564
1.58276,-4.41988782424701
1.582765,-4.41875333049044
1.58277,-4.4176190597472
1.582775,-4.4164850121382
1.58278,-4.41535118778441
1.582785,-4.41421758680622
1.58279,-4.41308420932386
1.582795,-4.41195105545734
1.5828,-4.41081812532631
1.582805,-4.40968541905031
1.58281,-4.40855293674847
1.582815,-4.40742067853974
1.58282,-4.40628864454279
1.582825,-4.40515683487589
1.58283,-4.4040252496574
1.582835,-4.40289388900505
1.58284,-4.40176275303648
1.582845,-4.40063184186907
1.58285,-4.39950115561985
1.582855,-4.39837069440576
1.58286,-4.39724045834331
1.582865,-4.39611044754885
1.58287,-4.39498066213845
1.582875,-4.39385110222784
1.58288,-4.39272176793251
1.582885,-4.39159265936793
1.58289,-4.39046377664904
1.582895,-4.38933511989057
1.5829,-4.38820668920703
1.582905,-4.38707848471263
1.58291,-4.38595050652152
1.582915,-4.38482275474732
1.58292,-4.38369522950352
1.582925,-4.38256793090337
1.58293,-4.38144085905977
1.582935,-4.38031401408555
1.58294,-4.37918739609309
1.582945,-4.37806100519463
1.58295,-4.37693484150212
1.582955,-4.37580890512714
1.58296,-4.37468319618128
1.582965,-4.3735577147757
1.58297,-4.37243246102128
1.582975,-4.37130743502874
1.58298,-4.37018263690843
1.582985,-4.36905806677064
1.58299,-4.36793372472522
1.582995,-4.36680961088187
1.583,-4.36568572535
1.583005,-4.36456206823876
1.58301,-4.36343863965695
1.583015,-4.36231543971346
1.58302,-4.36119246851657
1.583025,-4.36006972617447
1.58303,-4.35894721279509
1.583035,-4.35782492848597
1.58304,-4.35670287335466
1.583045,-4.3555810475083
1.58305,-4.35445945105375
1.583055,-4.35333808409773
1.58306,-4.35221694674656
1.583065,-4.35109603910652
1.58307,-4.34997536128347
1.583075,-4.34885491338309
1.58308,-4.34773469551079
1.583085,-4.3466147077717
1.58309,-4.34549495027089
1.583095,-4.34437542311289
1.5831,-4.34325612640227
1.583105,-4.34213706024311
1.58311,-4.34101822473931
1.583115,-4.33989961999473
1.58312,-4.33878124611272
1.583125,-4.33766310319652
1.58313,-4.3365451913491
1.583135,-4.33542751067313
1.58314,-4.334310061271
1.583145,-4.33319284324515
1.58315,-4.33207585669742
1.583155,-4.33095910172962
1.58316,-4.32984257844319
1.583165,-4.32872628693935
1.58317,-4.32761022731928
1.583175,-4.32649439968357
1.58318,-4.32537880413288
1.583185,-4.32426344076742
1.58319,-4.32314830968716
1.583195,-4.32203341099207
1.5832,-4.32091874478162
1.583205,-4.31980431115517
1.58321,-4.31869011021175
1.583215,-4.31757614205016
1.58322,-4.31646240676913
1.583225,-4.31534890446697
1.58323,-4.3142356352418
1.583235,-4.31312259919143
1.58324,-4.31200979641361
1.583245,-4.31089722700557
1.58325,-4.30978489106472
1.583255,-4.30867278868785
1.58326,-4.30756091997165
1.583265,-4.3064492850126
1.58327,-4.3053378839068
1.583275,-4.30422671675043
1.58328,-4.3031157836391
1.583285,-4.30200508466837
1.58329,-4.30089461993346
1.583295,-4.29978438952937
1.5833,-4.29867439355099
1.583305,-4.29756463209287
1.58331,-4.29645510524928
1.583315,-4.29534581311435
1.58332,-4.29423675578183
1.583325,-4.29312793334553
1.58333,-4.29201934589871
1.583335,-4.29091099353458
1.58334,-4.28980287634601
1.583345,-4.28869499442564
1.58335,-4.28758734786606
1.583355,-4.28647993675944
1.58336,-4.28537276119773
1.583365,-4.28426582127271
1.58337,-4.2831591170759
1.583375,-4.28205264869852
1.58338,-4.28094641623176
1.583385,-4.27984041976641
1.58339,-4.27873465939303
1.583395,-4.27762913520202
1.5834,-4.27652384728341
1.583405,-4.27541879572729
1.58341,-4.27431398062323
1.583415,-4.27320940206071
1.58342,-4.27210506012891
1.583425,-4.27100095491679
1.58343,-4.2698970865132
1.583435,-4.26879345500666
1.58344,-4.26769006048542
1.583445,-4.2665869030376
1.58345,-4.26548398275093
1.583455,-4.26438129971322
1.58346,-4.26327885401174
1.583465,-4.26217664573366
1.58347,-4.261074674966
1.583475,-4.25997294179527
1.58348,-4.25887144630819
1.583485,-4.25777018859095
1.58349,-4.25666916872954
1.583495,-4.2555683868098
1.5835,-4.25446784291728
1.583505,-4.25336753713731
1.58351,-4.25226746955512
1.583515,-4.25116764025559
1.58352,-4.25006804932336
1.583525,-4.24896869684294
1.58353,-4.24786958289844
1.583535,-4.24677070757404
1.58354,-4.24567207095347
1.583545,-4.24457367312032
1.58355,-4.24347551415789
1.583555,-4.24237759414927
1.58356,-4.24127991317746
1.583565,-4.2401824713251
1.58357,-4.23908526867463
1.583575,-4.23798830530827
1.58358,-4.23689158130803
1.583585,-4.23579509675576
1.58359,-4.23469885173301
1.583595,-4.23360284632115
1.5836,-4.23250708060128
1.583605,-4.23141155465425
1.58361,-4.23031626856088
1.583615,-4.22922122240158
1.58362,-4.22812641625666
1.583625,-4.22703185020606
1.58363,-4.22593752432966
1.583635,-4.224843438707
1.58364,-4.22374959341756
1.583645,-4.22265598854047
1.58365,-4.22156262415463
1.583655,-4.22046950033879
1.58366,-4.21937661717141
1.583665,-4.21828397473093
1.58367,-4.21719157309533
1.583675,-4.2160994123425
1.58368,-4.21500749255005
1.583685,-4.21391581379534
1.58369,-4.21282437615577
1.583695,-4.21173317970827
1.5837,-4.21064222452958
1.583705,-4.20955151069627
1.58371,-4.2084610382847
1.583715,-4.20737080737104
1.58372,-4.20628081803123
1.583725,-4.20519107034099
1.58373,-4.20410156437576
1.583735,-4.20301230021077
1.58374,-4.20192327792127
1.583745,-4.20083449758206
1.58375,-4.19974595926773
1.583755,-4.19865766305274
1.58376,-4.19756960901135
1.583765,-4.19648179721748
1.58377,-4.19539422774506
1.583775,-4.19430690066764
1.58378,-4.19321981605856
1.583785,-4.19213297399099
1.58379,-4.19104637453785
1.583795,-4.18996001777204
1.5838,-4.18887390376599
1.583805,-4.18778803259202
1.58381,-4.18670240432229
1.583815,-4.18561701902863
1.58382,-4.18453187678286
1.583825,-4.1834469776564
1.58383,-4.18236232172057
1.583835,-4.18127790904644
1.58384,-4.18019373970476
1.583845,-4.17910981376636
1.58385,-4.17802613130164
1.583855,-4.17694269238085
1.58386,-4.17585949707398
1.583865,-4.17477654545081
1.58387,-4.17369383758113
1.583875,-4.17261137353426
1.58388,-4.17152915337944
1.583885,-4.17044717718569
1.58389,-4.16936544502176
1.583895,-4.16828395695618
1.5839,-4.16720271305753
1.583905,-4.16612171339392
1.58391,-4.16504095803329
1.583915,-4.16396044704342
1.58392,-4.16288018049185
1.583925,-4.16180015844611
1.58393,-4.16072038097319
1.583935,-4.15964084814019
1.58394,-4.15856156001378
1.583945,-4.15748251666045
1.58395,-4.15640371814674
1.583955,-4.15532516453873
1.58396,-4.15424685590234
1.583965,-4.15316879230331
1.58397,-4.15209097380714
1.583975,-4.15101340047931
1.58398,-4.14993607238491
1.583985,-4.14885898958889
1.58399,-4.14778215215596
1.583995,-4.14670556015066
1.584,-4.1456292136373
1.584005,-4.14455311268013
1.58401,-4.14347725734305
1.584015,-4.14240164768982
1.58402,-4.14132628378389
1.584025,-4.14025116568866
1.58403,-4.13917629346735
1.584035,-4.13810166718283
1.58404,-4.13702728689789
1.584045,-4.13595315267504
1.58405,-4.1348792645766
1.584055,-4.13380562266489
1.58406,-4.13273222700174
1.584065,-4.13165907764893
1.58407,-4.13058617466805
1.584075,-4.12951351812036
1.58408,-4.12844110806723
1.584085,-4.12736894456952
1.58409,-4.12629702768806
1.584095,-4.12522535748341
1.5841,-4.12415393401584
1.584105,-4.12308275734579
1.58411,-4.12201182753313
1.584115,-4.12094114463765
1.58412,-4.11987070871901
1.584125,-4.11880051983658
1.58413,-4.11773057804956
1.584135,-4.11666088341709
1.58414,-4.11559143599796
1.584145,-4.11452223585079
1.58415,-4.11345328303407
1.584155,-4.11238457760597
1.58416,-4.11131611962464
1.584165,-4.110247909148
1.58417,-4.1091799462336
1.584175,-4.10811223093906
1.58418,-4.10704476332153
1.584185,-4.10597754343825
1.58419,-4.10491057134612
1.584195,-4.10384384710181
1.5842,-4.10277737076191
1.584205,-4.10171114238264
1.58421,-4.10064516202034
1.584215,-4.09957942973088
1.58422,-4.09851394557006
1.584225,-4.09744870959343
1.58423,-4.09638372185636
1.584235,-4.09531898241415
1.58424,-4.0942544913218
1.584245,-4.09319024863409
1.58425,-4.09212625440571
1.584255,-4.09106250869108
1.58426,-4.08999901154442
1.584265,-4.08893576301993
1.58427,-4.08787276317145
1.584275,-4.08681001205267
1.58428,-4.08574750971713
1.584285,-4.08468525621806
1.58429,-4.08362325160878
1.584295,-4.08256149594215
1.5843,-4.08149998927097
1.584305,-4.0804387316478
1.58431,-4.079377723125
1.584315,-4.0783169637549
1.58432,-4.07725645358949
1.584325,-4.07619619268059
1.58433,-4.07513618107989
1.584335,-4.07407641883877
1.58434,-4.0730169060087
1.584345,-4.07195764264068
1.58435,-4.07089862878568
1.584355,-4.0698398644944
1.58436,-4.06878134981738
1.584365,-4.06772308480509
1.58437,-4.0666650695077
1.584375,-4.06560730397517
1.58438,-4.06454978825739
1.584385,-4.06349252240395
1.58439,-4.06243550646431
1.584395,-4.06137874048783
1.5844,-4.06032222452357
1.584405,-4.05926595862051
1.58441,-4.05820994282729
1.584415,-4.05715417719246
1.58442,-4.05609866176457
1.584425,-4.05504339659169
1.58443,-4.05398838172189
1.584435,-4.05293361720296
1.58444,-4.05187910308255
1.584445,-4.05082483940823
1.58445,-4.04977082622729
1.584455,-4.04871706358679
1.58446,-4.04766355153371
1.584465,-4.04661029011479
1.58447,-4.04555727937666
1.584475,-4.04450451936575
1.58448,-4.04345201012827
1.584485,-4.04239975171027
1.58449,-4.04134774415757
1.584495,-4.04029598751599
1.5845,-4.03924448183102
1.584505,-4.03819322714798
1.58451,-4.03714222351203
1.584515,-4.03609147096825
1.58452,-4.03504096956127
1.584525,-4.03399071933596
1.58453,-4.03294072033673
1.584535,-4.03189097260781
1.58454,-4.03084147619338
1.584545,-4.02979223113727
1.58455,-4.0287432374834
1.584555,-4.02769449527532
1.58456,-4.02664600455646
1.584565,-4.02559776537003
1.58457,-4.02454977775907
1.584575,-4.02350204176659
1.58458,-4.02245455743525
1.584585,-4.02140732480763
1.58459,-4.02036034392612
1.584595,-4.01931361483283
1.5846,-4.01826713756997
1.584605,-4.01722091217929
1.58461,-4.01617493870249
1.584615,-4.01512921718114
1.58462,-4.01408374765651
1.584625,-4.01303853016988
1.58463,-4.01199356476223
1.584635,-4.01094885147437
1.58464,-4.00990439034695
1.584645,-4.00886018142051
1.58465,-4.00781622473532
1.584655,-4.00677252033162
1.58466,-4.00572906824934
1.584665,-4.00468586852836
1.58467,-4.00364292120824
1.584675,-4.00260022632844
1.58468,-4.00155778392843
1.584685,-4.00051559404722
1.58469,-3.99947365672381
1.584695,-3.99843197199704
1.5847,-3.99739053990546
1.584705,-3.99634936048766
1.58471,-3.99530843378186
1.584715,-3.99426775982624
1.58472,-3.99322733865877
1.584725,-3.99218717031714
1.58473,-3.99114725483913
1.584735,-3.99010759226217
1.58474,-3.98906818262356
1.584745,-3.98802902596041
1.58475,-3.98699012230968
1.584755,-3.98595147170814
1.58476,-3.98491307419258
1.584765,-3.98387492979937
1.58477,-3.98283703856481
1.584775,-3.98179940052508
1.58478,-3.98076201571609
1.584785,-3.97972488417377
1.58479,-3.9786880059337
1.584795,-3.97765138103139
1.5848,-3.97661500950219
1.584805,-3.97557889138113
1.58481,-3.97454302670336
1.584815,-3.97350741550368
1.58482,-3.97247205781677
1.584825,-3.97143695367709
1.58483,-3.97040210311891
1.584835,-3.96936750617662
1.58484,-3.96833316288412
1.584845,-3.96729907327531
1.58485,-3.96626523738389
1.584855,-3.96523165524329
1.58486,-3.96419832688703
1.584865,-3.96316525234829
1.58487,-3.96213243166014
1.584875,-3.96109986485542
1.58488,-3.96006755196688
1.584885,-3.95903549302704
1.58489,-3.95800368806846
1.584895,-3.95697213712333
1.5849,-3.95594084022375
1.584905,-3.95490979740163
1.58491,-3.95387900868868
1.584915,-3.95284847411668
1.58492,-3.95181819371701
1.584925,-3.95078816752099
1.58493,-3.94975839555977
1.584935,-3.9487288778642
1.58494,-3.94769961446535
1.584945,-3.94667060539375
1.58495,-3.94564185067992
1.584955,-3.94461335035425
1.58496,-3.94358510444684
1.584965,-3.9425571129879
1.58497,-3.94152937600725
1.584975,-3.94050189353459
1.58498,-3.93947466559949
1.584985,-3.93844769223134
1.58499,-3.9374209734595
1.584995,-3.93639450931305
1.585,-3.93536829982091
1.585005,-3.93434234501191
1.58501,-3.93331664491469
1.585015,-3.93229119955763
1.58502,-3.93126600896922
1.585025,-3.93024107317759
1.58503,-3.92921639221073
1.585035,-3.92819196609656
1.58504,-3.92716779486268
1.585045,-3.92614387853683
1.58505,-3.92512021714634
1.585055,-3.92409681071847
1.58506,-3.92307365928035
1.585065,-3.92205076285878
1.58507,-3.92102812148082
1.585075,-3.92000573517297
1.58508,-3.91898360396173
1.585085,-3.91796172787348
1.58509,-3.9169401069343
1.585095,-3.91591874117042
1.5851,-3.91489763060762
1.585105,-3.91387677527168
1.58511,-3.91285617518815
1.585115,-3.91183583038244
1.58512,-3.91081574087994
1.585125,-3.90979590670575
1.58513,-3.90877632788482
1.585135,-3.90775700444204
1.58514,-3.90673793640209
1.585145,-3.90571912378937
1.58515,-3.90470056662852
1.585155,-3.9036822649436
1.58516,-3.90266421875881
1.585165,-3.901646428098
1.58517,-3.90062889298499
1.585175,-3.8996116134435
1.58518,-3.89859458949697
1.585185,-3.89757782116878
1.58519,-3.89656130848209
1.585195,-3.89554505145994
1.5852,-3.89452905012535
1.585205,-3.89351330450103
1.58521,-3.89249781460957
1.585215,-3.89148258047348
1.58522,-3.89046760211497
1.585225,-3.8894528795564
1.58523,-3.8884384128197
1.585235,-3.88742420192679
1.58524,-3.88641024689937
1.585245,-3.885396547759
1.58525,-3.88438310452725
1.585255,-3.88336991722534
1.58526,-3.8823569858745
1.585265,-3.88134431049566
1.58527,-3.88033189110978
1.585275,-3.87931972773741
1.58528,-3.87830782039939
1.585285,-3.87729616911598
1.58529,-3.87628477390755
1.585295,-3.87527363479425
1.5853,-3.87426275179599
1.585305,-3.8732521249328
1.58531,-3.8722417542243
1.585315,-3.87123163969012
1.58532,-3.87022178134966
1.585325,-3.86921217922217
1.58533,-3.86820283332693
1.585335,-3.86719374368289
1.58534,-3.86618491030891
1.585345,-3.86517633322375
1.58535,-3.86416801244589
1.585355,-3.86315994799392
1.58536,-3.86215213988615
1.585365,-3.86114458814063
1.58537,-3.86013729277546
1.585375,-3.85913025380846
1.58538,-3.85812347125748
1.585385,-3.85711694514009
1.58539,-3.85611067547372
1.585395,-3.85510466227573
1.5854,-3.85409890556327
1.585405,-3.85309340535336
1.58541,-3.85208816166301
1.585415,-3.85108317450891
1.58542,-3.85007844390775
1.585425,-3.849073969876
1.58543,-3.84806975242992
1.585435,-3.84706579158591
1.58544,-3.84606208735992
1.585445,-3.84505863976796
1.58545,-3.84405544882577
1.585455,-3.84305251454897
1.58546,-3.84204983695324
1.585465,-3.84104741605393
1.58547,-3.84004525186624
1.585475,-3.83904334440534
1.58548,-3.8380416936861
1.585485,-3.83704029972355
1.58549,-3.83603916253229
1.585495,-3.8350382821269
1.5855,-3.83403765852186
1.585505,-3.83303729173146
1.58551,-3.83203718176978
1.585515,-3.83103732865103
1.58552,-3.830037732389
1.585525,-3.82903839299745
1.58553,-3.82803931049006
1.585535,-3.82704048488025
1.58554,-3.82604191618149
1.585545,-3.82504360440697
1.58555,-3.82404554956975
1.585555,-3.82304775168281
1.58556,-3.82205021075893
1.585565,-3.82105292681094
1.58557,-3.82005589985131
1.585575,-3.81905912989246
1.58558,-3.81806261694674
1.585585,-3.81706636102622
1.58559,-3.81607036214307
1.585595,-3.81507462030913
1.5856,-3.81407913553614
1.585605,-3.81308390783575
1.58561,-3.81208893721942
1.585615,-3.81109422369867
1.58562,-3.81009976728464
1.585625,-3.80910556798844
1.58563,-3.80811162582109
1.585635,-3.80711794079345
1.58564,-3.80612451291612
1.585645,-3.80513134219984
1.58565,-3.80413842865504
1.585655,-3.80314577229206
1.58566,-3.80215337312105
1.585665,-3.80116123115202
1.58567,-3.80016934639509
1.585675,-3.79917771886001
1.58568,-3.79818634855642
1.585685,-3.79719523549389
1.58569,-3.79620437968181
1.585695,-3.79521378112961
1.5857,-3.79422343984636
1.585705,-3.79323335584112
1.58571,-3.79224352912283
1.585715,-3.79125395970021
1.58572,-3.79026464758203
1.585725,-3.78927559277675
1.58573,-3.78828679529281
1.585735,-3.7872982551385
1.58574,-3.78630997232187
1.585745,-3.78532194685107
1.58575,-3.78433417873399
1.585755,-3.78334666797838
1.58576,-3.78235941459188
1.585765,-3.78137241858199
1.58577,-3.78038567995608
1.585775,-3.77939919872154
1.58578,-3.77841297488547
1.585785,-3.77742700845488
1.58579,-3.77644129943666
1.585795,-3.77545584783749
1.5858,-3.7744706536642
1.585805,-3.77348571692325
1.58581,-3.77250103762096
1.585815,-3.77151661576371
1.58582,-3.77053245135751
1.585825,-3.76954854440854
1.58583,-3.76856489492266
1.585835,-3.76758150290564
1.58584,-3.76659836836309
1.585845,-3.76561549130057
1.58585,-3.76463287172355
1.585855,-3.76365050963727
1.58586,-3.76266840504692
1.585865,-3.76168655795754
1.58587,-3.76070496837393
1.585875,-3.75972363630112
1.58588,-3.75874256174365
1.585885,-3.75776174470608
1.58589,-3.75678118519289
1.585895,-3.75580088320835
1.5859,-3.75482083875662
1.585905,-3.75384105184192
1.58591,-3.75286152246805
1.585915,-3.75188225063896
1.58592,-3.75090323635828
1.585925,-3.74992447962953
1.58593,-3.74894598045637
1.585935,-3.74796773884204
1.58594,-3.7469897547898
1.585945,-3.74601202830277
1.58595,-3.74503455938381
1.585955,-3.74405734803602
1.58596,-3.74308039426203
1.585965,-3.74210369806447
1.58597,-3.7411272594459
1.585975,-3.74015107840861
1.58598,-3.73917515495504
1.585985,-3.73819948908728
1.58599,-3.73722408080738
1.585995,-3.73624893011725
1.586,-3.73527403701866
1.586005,-3.73429940151344
1.58601,-3.73332502360303
1.586015,-3.73235090328898
1.58602,-3.73137704057258
1.586025,-3.73040343545504
1.58603,-3.72943008793744
1.586035,-3.72845699802088
1.58604,-3.72748416570619
1.586045,-3.72651159099409
1.58605,-3.72553927388527
1.586055,-3.72456721438016
1.58606,-3.72359541247933
1.586065,-3.72262386818297
1.58607,-3.72165258149132
1.586075,-3.72068155240438
1.58608,-3.71971078092209
1.586085,-3.71874026704438
1.58609,-3.71777001077094
1.586095,-3.71680001210135
1.5861,-3.71583027103513
1.586105,-3.71486078757156
1.58611,-3.71389156171007
1.586115,-3.71292259344976
1.58612,-3.71195388278958
1.586125,-3.71098542972857
1.58613,-3.71001723426537
1.586135,-3.70904929639891
1.58614,-3.70808161612763
1.586145,-3.70711419345007
1.58615,-3.70614702836452
1.586155,-3.70518012086931
1.58616,-3.70421347096241
1.586165,-3.70324707864209
1.58617,-3.70228094390609
1.586175,-3.70131506675228
1.58618,-3.70034944717834
1.586185,-3.69938408518176
1.58619,-3.69841898076016
1.586195,-3.6974541339108
1.5862,-3.69648954463097
1.586205,-3.69552521291776
1.58621,-3.69456113876816
1.586215,-3.69359732217918
1.58622,-3.69263376314759
1.586225,-3.69167046167006
1.58623,-3.69070741774319
1.586235,-3.68974463136337
1.58624,-3.68878210252712
1.586245,-3.68781983123059
1.58625,-3.68685781746997
1.586255,-3.68589606124126
1.58626,-3.68493456254041
1.586265,-3.68397332136314
1.58627,-3.68301233770531
1.586275,-3.68205161156249
1.58628,-3.6810911429301
1.586285,-3.68013093180358
1.58629,-3.67917097817815
1.586295,-3.67821128204906
1.5863,-3.67725184341135
1.586305,-3.67629266225994
1.58631,-3.67533373858971
1.586315,-3.67437507239529
1.58632,-3.67341666367149
1.586325,-3.67245851241273
1.58633,-3.67150061861343
1.586335,-3.67054298226794
1.58634,-3.66958560337038
1.586345,-3.66862848191498
1.58635,-3.66767161789568
1.586355,-3.66671501130633
1.58636,-3.66575866214076
1.586365,-3.66480257039253
1.58637,-3.66384673605537
1.586375,-3.66289115912272
1.58638,-3.66193583958785
1.586385,-3.66098077744408
1.58639,-3.66002597268457
1.586395,-3.65907142530225
1.5864,-3.65811713529025
1.586405,-3.65716310264128
1.58641,-3.6562093273481
1.586415,-3.65525580940336
1.58642,-3.65430254879952
1.586425,-3.6533495455291
1.58643,-3.65239679958439
1.586435,-3.65144431095757
1.58644,-3.65049207964074
1.586445,-3.64954010562589
1.58645,-3.64858838890506
1.586455,-3.64763692946994
1.58646,-3.64668572731228
1.586465,-3.64573478242363
1.58647,-3.64478409479542
1.586475,-3.64383366441923
1.58648,-3.64288349128626
1.586485,-3.64193357538768
1.58649,-3.6409839167146
1.586495,-3.64003451525793
1.5865,-3.63908537100866
1.586505,-3.63813648395756
1.58651,-3.63718785409531
1.586515,-3.63623948141245
1.58652,-3.63529136589948
1.586525,-3.63434350754676
1.58653,-3.63339590634461
1.586535,-3.63244856228322
1.58654,-3.63150147535266
1.586545,-3.63055464554288
1.58655,-3.62960807284369
1.586555,-3.62866175724504
1.58656,-3.62771569873655
1.586565,-3.62676989730776
1.58657,-3.62582435294816
1.586575,-3.62487906564709
1.58658,-3.62393403539398
1.586585,-3.6229892621779
1.58659,-3.62204474598796
1.586595,-3.62110048681316
1.5866,-3.62015648464234
1.586605,-3.61921273946438
1.58661,-3.61826925126791
1.586615,-3.61732602004157
1.58662,-3.61638304577385
1.586625,-3.61544032845305
1.58663,-3.61449786806761
1.586635,-3.6135556646057
1.58664,-3.61261371805544
1.586645,-3.6116720284048
1.58665,-3.6107305956417
1.586655,-3.60978941975392
1.58666,-3.60884850072931
1.586665,-3.60790783855542
1.58667,-3.60696743321976
1.586675,-3.6060272847098
1.58668,-3.60508739301281
1.586685,-3.60414775811612
1.58669,-3.60320838000688
1.586695,-3.60226925867209
1.5867,-3.6013303940987
1.586705,-3.60039178627355
1.58671,-3.59945343518353
1.586715,-3.59851534081521
1.58672,-3.59757750315516
1.586725,-3.5966399221899
1.58673,-3.59570259790573
1.586735,-3.59476553028909
1.58674,-3.59382871932613
1.586745,-3.5928921650029
1.58675,-3.59195586730543
1.586755,-3.5910198262196
1.58676,-3.59008404173136
1.586765,-3.58914851382631
1.58677,-3.58821324249019
1.586775,-3.58727822770847
1.58678,-3.58634346946661
1.586785,-3.58540896774993
1.58679,-3.5844747225438
1.586795,-3.58354073383334
1.5868,-3.58260700160366
1.586805,-3.58167352583969
1.58681,-3.58074030652627
1.586815,-3.57980734364838
1.58682,-3.57887463719061
1.586825,-3.57794218713764
1.58683,-3.57700999347397
1.586835,-3.57607805618393
1.58684,-3.57514637525209
1.586845,-3.57421495066257
1.58685,-3.57328378239954
1.586855,-3.57235287044709
1.58686,-3.57142221478913
1.586865,-3.57049181540969
1.58687,-3.5695616722925
1.586875,-3.56863178542129
1.58688,-3.56770215477968
1.586885,-3.56677278035111
1.58689,-3.56584366211914
1.586895,-3.5649148000671
1.5869,-3.56398619417823
1.586905,-3.56305784443572
1.58691,-3.56212975082262
1.586915,-3.56120191332191
1.58692,-3.56027433191657
1.586925,-3.5593470065894
1.58693,-3.55841993732313
1.586935,-3.55749312410032
1.58694,-3.55656656690357
1.586945,-3.5556402657154
1.58695,-3.55471422051813
1.586955,-3.55378843129407
1.58696,-3.55286289802538
1.586965,-3.55193762069415
1.58697,-3.5510125992825
1.586975,-3.55008783377233
1.58698,-3.54916332414546
1.586985,-3.54823907038369
1.58699,-3.54731507246859
1.586995,-3.5463913303819
1.587,-3.54546784410505
1.587005,-3.54454461361947
1.58701,-3.54362163890646
1.587015,-3.54269891994729
1.58702,-3.54177645672302
1.587025,-3.54085424921489
1.58703,-3.53993229740382
1.587035,-3.53901060127063
1.58704,-3.53808916079623
1.587045,-3.5371679759612
1.58705,-3.53624704674639
1.587055,-3.53532637313221
1.58706,-3.53440595509923
1.587065,-3.53348579262772
1.58707,-3.53256588569804
1.587075,-3.53164623429042
1.58708,-3.53072683838502
1.587085,-3.52980769796181
1.58709,-3.52888881300084
1.587095,-3.52797018348183
1.5871,-3.5270518093848
1.587105,-3.52613369068931
1.58711,-3.52521582737503
1.587115,-3.52429821942153
1.58712,-3.52338086680816
1.587125,-3.52246376951446
1.58713,-3.52154692751962
1.587135,-3.5206303408029
1.58714,-3.51971400934339
1.587145,-3.51879793312017
1.58715,-3.5178821121121
1.587155,-3.51696654629822
1.58716,-3.51605123565724
1.587165,-3.5151361801679
1.58717,-3.5142213798088
1.587175,-3.51330683455848
1.58718,-3.51239254439548
1.587185,-3.51147850929817
1.58719,-3.51056472924482
1.587195,-3.50965120421366
1.5872,-3.50873793418283
1.587205,-3.50782491913043
1.58721,-3.50691215903443
1.587215,-3.50599965387274
1.58722,-3.50508740362314
1.587225,-3.50417540826334
1.58723,-3.5032636677711
1.587235,-3.50235218212397
1.58724,-3.5014409512994
1.587245,-3.50052997527485
1.58725,-3.49961925402756
1.587255,-3.49870878753492
1.58726,-3.4977985757741
1.587265,-3.49688861872211
1.58727,-3.49597891635603
1.587275,-3.4950694686528
1.58728,-3.49416027558918
1.587285,-3.49325133714212
1.58729,-3.49234265328822
1.587295,-3.49143422400414
1.5873,-3.49052604926639
1.587305,-3.48961812905137
1.58731,-3.48871046333563
1.587315,-3.48780305209543
1.58732,-3.48689589530694
1.587325,-3.48598899294637
1.58733,-3.48508234498969
1.587335,-3.48417595141302
1.58734,-3.48326981219229
1.587345,-3.48236392730324
1.58735,-3.48145829672171
1.587355,-3.48055292042331
1.58736,-3.47964779838375
1.587365,-3.47874293057853
1.58737,-3.47783831698308
1.587375,-3.47693395757278
1.58738,-3.4760298523229
1.587385,-3.47512600120879
1.58739,-3.47422240420551
1.587395,-3.47331906128816
1.5874,-3.47241597243171
1.587405,-3.47151313761109
1.58741,-3.47061055680109
1.587415,-3.46970822997664
1.58742,-3.46880615711231
1.587425,-3.46790433818273
1.58743,-3.46700277316248
1.587435,-3.46610146202596
1.58744,-3.46520040474766
1.587445,-3.46429960130186
1.58745,-3.46339905166279
1.587455,-3.4624987558046
1.58746,-3.46159871370135
1.587465,-3.46069892532721
1.58747,-3.459799390656
1.587475,-3.45890010966161
1.58748,-3.45800108231787
1.587485,-3.45710230859843
1.58749,-3.45620378847703
1.587495,-3.45530552192719
1.5875,-3.45440750892244
1.587505,-3.45350974943622
1.58751,-3.45261224344177
1.587515,-3.45171499091254
1.58752,-3.45081799182163
1.587525,-3.4499212461422
1.58753,-3.44902475384732
1.587535,-3.44812851490999
1.58754,-3.44723252930304
1.587545,-3.44633679699943
1.58755,-3.44544131797189
1.587555,-3.44454609219314
1.58756,-3.44365111963576
1.587565,-3.44275640027226
1.58757,-3.44186193407526
1.587575,-3.44096772101709
1.58758,-3.44007376107011
1.587585,-3.4391800542066
1.58759,-3.43828660039866
1.587595,-3.43739339961855
1.5876,-3.43650045183827
1.587605,-3.43560775702981
1.58761,-3.43471531516507
1.587615,-3.43382312621581
1.58762,-3.43293119015396
1.587625,-3.43203950695117
1.58763,-3.43114807657902
1.587635,-3.43025689900908
1.58764,-3.42936597421281
1.587645,-3.42847530216171
1.58765,-3.42758488282711
1.587655,-3.42669471618029
1.58766,-3.42580480219242
1.587665,-3.42491514083465
1.58767,-3.424025732078
1.587675,-3.42313657589359
1.58768,-3.4222476722523
1.587685,-3.421359021125
1.58769,-3.42047062248245
1.587695,-3.41958247629532
1.5877,-3.41869458253442
1.587705,-3.41780694117023
1.58771,-3.41691955217331
1.587715,-3.41603241551411
1.58772,-3.41514553116292
1.587725,-3.41425889909017
1.58773,-3.41337251926608
1.587735,-3.41248639166079
1.58774,-3.41160051624446
1.587745,-3.41071489298704
1.58775,-3.40982952185859
1.587755,-3.40894440282904
1.58776,-3.40805953586816
1.587765,-3.40717492094573
1.58777,-3.40629055803149
1.587775,-3.40540644709497
1.58778,-3.40452258810591
1.587785,-3.40363898103375
1.58779,-3.40275562584786
1.587795,-3.4018725225177
1.5878,-3.40098967101246
1.587805,-3.40010707130149
1.58781,-3.39922472335395
1.587815,-3.3983426271389
1.58782,-3.39746078262541
1.587825,-3.39657918978237
1.58783,-3.39569784857883
1.587835,-3.39481675898358
1.58784,-3.39393592096533
1.587845,-3.39305533449289
1.58785,-3.39217499953478
1.587855,-3.39129491605969
1.58786,-3.39041508403613
1.587865,-3.38953550343251
1.58787,-3.38865617421723
1.587875,-3.38777709635854
1.58788,-3.38689826982485
1.587885,-3.38601969458424
1.58789,-3.38514137060489
1.587895,-3.38426329785481
1.5879,-3.38338547630206
1.587905,-3.38250790591449
1.58791,-3.38163058666003
1.587915,-3.38075351850654
1.58792,-3.37987670142165
1.587925,-3.37900013537314
1.58793,-3.37812382032848
1.587935,-3.37724775625543
1.58794,-3.37637194312134
1.587945,-3.37549638089367
1.58795,-3.3746210695398
1.587955,-3.37374600902693
1.58796,-3.37287119932246
1.587965,-3.37199664039347
1.58797,-3.3711223322071
1.587975,-3.37024827473037
1.58798,-3.36937446793024
1.587985,-3.36850091177373
1.58799,-3.36762760622767
1.587995,-3.36675455125882
1.588,-3.36588174683397
1.588005,-3.36500919291968
1.58801,-3.36413688948274
1.588015,-3.3632648364896
1.58802,-3.36239303390679
1.588025,-3.36152148170071
1.58803,-3.36065017983775
1.588035,-3.35977912828413
1.58804,-3.35890832700626
1.588045,-3.35803777597023
1.58805,-3.35716747514218
1.588055,-3.35629742448817
1.58806,-3.35542762397413
1.588065,-3.35455807356619
1.58807,-3.35368877323007
1.588075,-3.3528197229317
1.58808,-3.35195092263674
1.588085,-3.35108237231093
1.58809,-3.35021407191994
1.588095,-3.34934602142934
1.5881,-3.34847822080468
1.588105,-3.34761067001137
1.58811,-3.3467433690148
1.588115,-3.34587631778039
1.58812,-3.3450095162734
1.588125,-3.34414296445903
1.58813,-3.34327666230247
1.588135,-3.34241060976874
1.58814,-3.34154480682304
1.588145,-3.34067925343027
1.58815,-3.33981394955536
1.588155,-3.33894889516324
1.58816,-3.33808409021864
1.588165,-3.33721953468631
1.58817,-3.33635522853107
1.588175,-3.33549117171746
1.58818,-3.33462736421011
1.588185,-3.3337638059735
1.58819,-3.33290049697206
1.588195,-3.3320374371703
1.5882,-3.33117462653251
1.588205,-3.33031206502303
1.58821,-3.32944975260601
1.588215,-3.32858768924564
1.58822,-3.32772587490614
1.588225,-3.3268643095515
1.58823,-3.32600299314575
1.588235,-3.3251419256528
1.58824,-3.3242811070365
1.588245,-3.32342053726085
1.58825,-3.32256021628949
1.588255,-3.3217001440862
1.58826,-3.32084032061465
1.588265,-3.31998074583834
1.58827,-3.319121419721
1.588275,-3.31826234222603
1.58828,-3.31740351331686
1.588285,-3.31654493295691
1.58829,-3.31568660110952
1.588295,-3.31482851773788
1.5883,-3.31397068280533
1.588305,-3.31311309627497
1.58831,-3.3122557581099
1.588315,-3.3113986682732
1.58832,-3.31054182672781
1.588325,-3.30968523343676
1.58833,-3.30882888836291
1.588335,-3.30797279146907
1.58834,-3.307116942718
1.588345,-3.30626134207241
1.58835,-3.30540598949508
1.588355,-3.30455088494854
1.58836,-3.30369602839538
1.588365,-3.30284141979807
1.58837,-3.301987059119
1.588375,-3.30113294632073
1.58838,-3.30027908136553
1.588385,-3.29942546421567
1.58839,-3.29857209483338
1.588395,-3.29771897318081
1.5884,-3.29686609922022
1.588405,-3.29601347291359
1.58841,-3.29516109422294
1.588415,-3.29430896311026
1.58842,-3.29345707953749
1.588425,-3.29260544346638
1.58843,-3.29175405485891
1.588435,-3.29090291367672
1.58844,-3.29005201988154
1.588445,-3.28920137343503
1.58845,-3.28835097429875
1.588455,-3.28750082243432
1.58846,-3.28665091780319
1.588465,-3.28580126036682
1.58847,-3.2849518500866
1.588475,-3.28410268692378
1.58848,-3.28325377083977
1.588485,-3.28240510179577
1.58849,-3.28155667975296
1.588495,-3.28070850467245
1.5885,-3.27986057651525
1.588505,-3.27901289524254
1.58851,-3.2781654608152
1.588515,-3.2773182731942
1.58852,-3.27647133234039
1.588525,-3.27562463821459
1.58853,-3.27477819077751
1.588535,-3.27393198998999
1.58854,-3.27308603581267
1.588545,-3.27224032820613
1.58855,-3.27139486713094
1.588555,-3.27054965254759
1.58856,-3.26970468441666
1.588565,-3.26885996269846
1.58857,-3.26801548735343
1.588575,-3.26717125834184
1.58858,-3.2663272756239
1.588585,-3.26548353915997
1.58859,-3.26464004891016
1.588595,-3.26379680483456
1.5886,-3.26295380689323
1.588605,-3.26211105504617
1.58861,-3.26126854925343
1.588615,-3.26042628947491
1.58862,-3.25958427567048
1.588625,-3.25874250779991
1.58863,-3.25790098582294
1.588635,-3.25705970969943
1.58864,-3.25621867938897
1.588645,-3.25537789485122
1.58865,-3.25453735604574
1.588655,-3.25369706293204
1.58866,-3.25285701546954
1.588665,-3.25201721361782
1.58867,-3.25117765733618
1.588675,-3.25033834658398
1.58868,-3.24949928132047
1.588685,-3.24866046150488
1.58869,-3.24782188709649
1.588695,-3.24698355805438
1.5887,-3.24614547433764
1.588705,-3.24530763590534
1.58871,-3.2444700427164
1.588715,-3.24363269472992
1.58872,-3.2427955919047
1.588725,-3.24195873419965
1.58873,-3.24112212157358
1.588735,-3.24028575398512
1.58874,-3.23944963139321
1.588745,-3.23861375375639
1.58875,-3.23777812103328
1.588755,-3.23694273318251
1.58876,-3.2361075901625
1.588765,-3.23527269193188
1.58877,-3.23443803844901
1.588775,-3.23360362967231
1.58878,-3.23276946556012
1.588785,-3.23193554607067
1.58879,-3.23110187116227
1.588795,-3.23026844079315
1.5888,-3.22943525492143
1.588805,-3.22860231350526
1.58881,-3.22776961650266
1.588815,-3.22693716387164
1.58882,-3.22610495557026
1.588825,-3.22527299155642
1.58883,-3.22444127178798
1.588835,-3.22360979622282
1.58884,-3.22277856481863
1.588845,-3.22194757753333
1.58885,-3.22111683432452
1.588855,-3.22028633514989
1.58886,-3.21945607996704
1.588865,-3.21862606873351
1.58887,-3.2177963014069
1.588875,-3.21696677794469
1.58888,-3.21613749830429
1.588885,-3.21530846244306
1.58889,-3.21447967031836
1.588895,-3.21365112188753
1.5889,-3.21282281710787
1.588905,-3.21199475593649
1.58891,-3.21116693833067
1.588915,-3.21033936424745
1.58892,-3.20951203364393
1.588925,-3.2086849464772
1.58893,-3.20785810270427
1.588935,-3.20703150228202
1.58894,-3.20620514516745
1.588945,-3.20537903131727
1.58895,-3.20455316068852
1.588955,-3.20372753323783
1.58896,-3.20290214892204
1.588965,-3.20207700769774
1.58897,-3.20125210952162
1.588975,-3.20042745435031
1.58898,-3.1996030421404
1.588985,-3.1987788728484
1.58899,-3.19795494643076
1.588995,-3.1971312628439
1.589,-3.1963078220443
1.589005,-3.19548462398829
1.58901,-3.19466166863215
1.589015,-3.19383895593218
1.58902,-3.19301648584453
1.589025,-3.19219425832552
1.58903,-3.19137227333121
1.589035,-3.19055053081774
1.58904,-3.18972903074115
1.589045,-3.18890777305747
1.58905,-3.1880867577226
1.589055,-3.18726598469259
1.58906,-3.18644545392335
1.589065,-3.18562516537064
1.58907,-3.18480511899032
1.589075,-3.18398531473813
1.58908,-3.18316575256986
1.589085,-3.18234643244119
1.58909,-3.18152735430774
1.589095,-3.18070851812514
1.5891,-3.17988992384888
1.589105,-3.17907157143463
1.58911,-3.17825346083779
1.589115,-3.1774355920138
1.58912,-3.17661796491814
1.589125,-3.17580057950602
1.58913,-3.17498343573295
1.589135,-3.17416653355414
1.58914,-3.17334987292483
1.589145,-3.17253345380025
1.58915,-3.17171727613547
1.589155,-3.17090133988577
1.58916,-3.17008564500615
1.589165,-3.16927019145165
1.58917,-3.16845497917731
1.589175,-3.16764000813811
1.58918,-3.16682527828889
1.589185,-3.16601078958467
1.58919,-3.16519654198023
1.589195,-3.16438253543038
1.5892,-3.16356876988995
1.589205,-3.16275524531353
1.58921,-3.16194196165598
1.589215,-3.16112891887191
1.58922,-3.1603161169159
1.589225,-3.15950355574257
1.58923,-3.15869123530637
1.589235,-3.15787915556192
1.58924,-3.15706731646365
1.589245,-3.15625571796599
1.58925,-3.1554443600233
1.589255,-3.15463324258986
1.58926,-3.15382236562018
1.589265,-3.15301172906837
1.58927,-3.15220133288872
1.589275,-3.15139117703545
1.58928,-3.15058126146267
1.589285,-3.14977158612447
1.58929,-3.14896215097505
1.589295,-3.14815295596842
1.5893,-3.14734400105856
1.589305,-3.14653528619947
1.58931,-3.145726811345
1.589315,-3.14491857644916
1.58932,-3.1441105814658
1.589325,-3.14330282634872
1.58933,-3.1424953110517
1.589335,-3.14168803552843
1.58934,-3.14088099973276
1.589345,-3.14007420361832
1.58935,-3.13926764713871
1.589355,-3.13846133024756
1.58936,-3.13765525289839
1.589365,-3.13684941504485
1.58937,-3.13604381664035
1.589375,-3.13523845763836
1.58938,-3.13443333799232
1.589385,-3.13362845765557
1.58939,-3.13282381658154
1.589395,-3.1320194147235
1.5894,-3.13121525203474
1.589405,-3.13041132846853
1.58941,-3.12960764397803
1.589415,-3.12880419851637
1.58942,-3.12800099203682
1.589425,-3.12719802449244
1.58943,-3.12639529583625
1.589435,-3.1255928060213
1.58944,-3.12479055500055
1.589445,-3.12398854272707
1.58945,-3.12318676915372
1.589455,-3.12238523423337
1.58946,-3.12158393791892
1.589465,-3.12078288016314
1.58947,-3.11998206091889
1.589475,-3.11918148013887
1.58948,-3.11838113777583
1.589485,-3.11758103378242
1.58949,-3.11678116811127
1.589495,-3.11598154071511
1.5895,-3.11518215154643
1.589505,-3.11438300055778
1.58951,-3.1135840877017
1.589515,-3.11278541293061
1.58952,-3.11198697619702
1.589525,-3.11118877745336
1.58953,-3.11039081665195
1.589535,-3.10959309374515
1.58954,-3.10879560868528
1.589545,-3.10799836142458
1.58955,-3.10720135191536
1.589555,-3.10640458010978
1.58956,-3.10560804596004
1.589565,-3.10481174941826
1.58957,-3.10401569043653
1.589575,-3.10321986896702
1.58958,-3.10242428496168
1.589585,-3.1016289383726
1.58959,-3.10083382915169
1.589595,-3.10003895725086
1.5896,-3.09924432262215
1.589605,-3.09844992521736
1.58961,-3.09765576498836
1.589615,-3.09686184188697
1.58962,-3.09606815586489
1.589625,-3.09527470687398
1.58963,-3.09448149486592
1.589635,-3.09368851979239
1.58964,-3.09289578160505
1.589645,-3.09210328025545
1.58965,-3.09131101569531
1.589655,-3.09051898787615
1.58966,-3.08972719674942
1.589665,-3.0889356422667
1.58967,-3.0881443243794
1.589675,-3.08735324303891
1.58968,-3.08656239819675
1.589685,-3.0857717898042
1.58969,-3.08498141781264
1.589695,-3.08419128217335
1.5897,-3.08340138283755
1.589705,-3.08261171975659
1.58971,-3.08182229288165
1.589715,-3.0810331021639
1.58972,-3.08024414755444
1.589725,-3.07945542900442
1.58973,-3.07866694646497
1.589735,-3.07787869988711
1.58974,-3.07709068922189
1.589745,-3.07630291442026
1.58975,-3.07551537543317
1.589755,-3.07472807221165
1.58976,-3.07394100470656
1.589765,-3.07315417286875
1.58977,-3.07236757664909
1.589775,-3.07158121599831
1.58978,-3.07079509086734
1.589785,-3.07000920120684
1.58979,-3.06922354696757
1.589795,-3.06843812810019
1.5898,-3.06765294455539
1.589805,-3.06686799628375
1.58981,-3.06608328323593
1.589815,-3.06529880536254
1.58982,-3.06451456261403
1.589825,-3.06373055494101
1.58983,-3.06294678229381
1.589835,-3.0621632446231
1.58984,-3.06137994187916
1.589845,-3.06059687401246
1.58985,-3.05981404097331
1.589855,-3.05903144271207
1.58986,-3.05824907917907
1.589865,-3.05746695032462
1.58987,-3.0566850560989
1.589875,-3.05590339645221
1.58988,-3.05512197133461
1.589885,-3.05434078069647
1.58989,-3.05355982448777
1.589895,-3.05277910265872
1.5899,-3.05199861515931
1.589905,-3.0512183619396
1.58991,-3.05043834294972
1.589915,-3.04965855813959
1.58992,-3.04887900745921
1.589925,-3.04809969085847
1.58993,-3.04732060828733
1.589935,-3.04654175969559
1.58994,-3.04576314503324
1.589945,-3.04498476425004
1.58995,-3.04420661729579
1.589955,-3.04342870412026
1.58996,-3.04265102467316
1.589965,-3.0418735789043
1.58997,-3.04109636676332
1.589975,-3.04031938819988
1.58998,-3.03954264316364
1.589985,-3.03876613160411
1.58999,-3.037989853471
1.589995,-3.03721380871385
1.59,-3.03643799728211
1.590005,-3.03566241912534
1.59001,-3.03488707419296
1.590015,-3.03411196243449
1.59002,-3.03333708379933
1.590025,-3.03256243823683
1.59003,-3.03178802569641
1.590035,-3.03101384612736
1.59004,-3.03023989947894
1.590045,-3.02946618570061
1.59005,-3.02869270474149
1.590055,-3.02791945655086
1.59006,-3.02714644107795
1.590065,-3.02637365827184
1.59007,-3.02560110808182
1.590075,-3.02482879045695
1.59008,-3.02405670534635
1.590085,-3.02328485269907
1.59009,-3.02251323246412
1.590095,-3.02174184459064
1.5901,-3.02097068902759
1.590105,-3.02019976572392
1.59011,-3.01942907462859
1.590115,-3.01865861569046
1.59012,-3.01788838885854
1.590125,-3.01711839408165
1.59013,-3.0163486313086
1.590135,-3.01557910048827
1.59014,-3.01480980156939
1.590145,-3.0140407345008
1.59015,-3.01327189923124
1.590155,-3.01250329570939
1.59016,-3.01173492388395
1.590165,-3.01096678370361
1.59017,-3.01019887511697
1.590175,-3.00943119807273
1.59018,-3.00866375251946
1.590185,-3.0078965384057
1.59019,-3.00712955568001
1.590195,-3.00636280429086
1.5902,-3.00559628418688
1.590205,-3.00482999531645
1.59021,-3.00406393762805
1.590215,-3.00329811107008
1.59022,-3.00253251559089
1.590225,-3.00176715113898
1.59023,-3.00100201766265
1.590235,-3.00023711511021
1.59024,-2.99947244342995
1.590245,-2.99870800257014
1.59025,-2.99794379247914
1.590255,-2.9971798131051
1.59026,-2.99641606439622
1.590265,-2.99565254630073
1.59027,-2.99488925876672
1.590275,-2.99412620174243
1.59028,-2.99336337517593
1.590285,-2.99260077901528
1.59029,-2.99183841320857
1.590295,-2.99107627770386
1.5903,-2.99031437244911
1.590305,-2.98955269739241
1.59031,-2.98879125248168
1.590315,-2.98803003766489
1.59032,-2.98726905288998
1.590325,-2.98650829810478
1.59033,-2.98574777325726
1.590335,-2.98498747829528
1.59034,-2.98422741316666
1.590345,-2.98346757781919
1.59035,-2.98270797220061
1.590355,-2.98194859625883
1.59036,-2.98118944994151
1.590365,-2.98043053319641
1.59037,-2.97967184597123
1.590375,-2.97891338821357
1.59038,-2.97815515987119
1.590385,-2.9773971608917
1.59039,-2.97663939122272
1.590395,-2.97588185081181
1.5904,-2.9751245396065
1.590405,-2.97436745755445
1.59041,-2.97361060460315
1.590415,-2.97285398070006
1.59042,-2.97209758579268
1.590425,-2.97134141982849
1.59043,-2.97058548275484
1.590435,-2.9698297745193
1.59044,-2.9690742950692
1.590445,-2.96831904435189
1.59045,-2.96756402231473
1.590455,-2.96680922890502
1.59046,-2.96605466407014
1.590465,-2.96530032775736
1.59047,-2.96454621991396
1.590475,-2.96379234048714
1.59048,-2.96303868942409
1.590485,-2.96228526667214
1.59049,-2.9615320721784
1.590495,-2.96077910589004
1.5905,-2.96002636775423
1.590505,-2.95927385771799
1.59051,-2.95852157572854
1.590515,-2.95776952173293
1.59052,-2.95701769567819
1.590525,-2.95626609751139
1.59053,-2.95551472717949
1.590535,-2.95476358462958
1.59054,-2.95401266980856
1.590545,-2.95326198266344
1.59055,-2.95251152314112
1.590555,-2.95176129118854
1.59056,-2.95101128675252
1.590565,-2.95026150978008
1.59057,-2.94951196021801
1.590575,-2.9487626380131
1.59058,-2.94801354311223
1.590585,-2.94726467546212
1.59059,-2.94651603500964
1.590595,-2.94576762170152
1.5906,-2.94501943548447
1.590605,-2.94427147630523
1.59061,-2.94352374411044
1.590615,-2.94277623884689
1.59062,-2.94202896046119
1.590625,-2.94128190889994
1.59063,-2.94053508410983
1.590635,-2.93978848603737
1.59064,-2.93904211462923
1.590645,-2.93829596983195
1.59065,-2.93755005159205
1.590655,-2.93680435985609
1.59066,-2.9360588945705
1.590665,-2.93531365568188
1.59067,-2.93456864313663
1.590675,-2.93382385688123
1.59068,-2.93307929686209
1.590685,-2.93233496302563
1.59069,-2.9315908553182
1.590695,-2.93084697368624
1.5907,-2.93010331807611
1.590705,-2.92935988843408
1.59071,-2.92861668470655
1.590715,-2.92787370683973
1.59072,-2.92713095477998
1.590725,-2.92638842847355
1.59073,-2.92564612786666
1.590735,-2.92490405290557
1.59074,-2.92416220353641
1.590745,-2.9234205797055
1.59075,-2.92267918135893
1.590755,-2.92193800844289
1.59076,-2.9211970609035
1.590765,-2.92045633868683
1.59077,-2.91971584173909
1.590775,-2.91897557000632
1.59078,-2.91823552343456
1.590785,-2.91749570196989
1.59079,-2.91675610555832
1.590795,-2.91601673414584
1.5908,-2.91527758767852
1.590805,-2.91453866610232
1.59081,-2.91379996936316
1.590815,-2.91306149740703
1.59082,-2.91232325017977
1.590825,-2.91158522762742
1.59083,-2.9108474296958
1.590835,-2.91010985633082
1.59084,-2.90937250747829
1.590845,-2.90863538308405
1.59085,-2.90789848309399
1.590855,-2.90716180745388
1.59086,-2.90642535610954
1.590865,-2.90568912900669
1.59087,-2.90495312609111
1.590875,-2.90421734730856
1.59088,-2.90348179260477
1.590885,-2.90274646192545
1.59089,-2.90201135521626
1.590895,-2.90127647242286
1.5909,-2.90054181349097
1.590905,-2.89980737836623
1.59091,-2.89907316699422
1.590915,-2.89833917932059
1.59092,-2.8976054152909
1.590925,-2.89687187485071
1.59093,-2.89613855794565
1.590935,-2.89540546452123
1.59094,-2.89467259452301
1.590945,-2.89393994789644
1.59095,-2.89320752458703
1.590955,-2.89247532454034
1.59096,-2.89174334770177
1.590965,-2.8910115940168
1.59097,-2.89028006343084
1.590975,-2.88954875588928
1.59098,-2.8888176713376
1.590985,-2.88808680972115
1.59099,-2.88735617098534
1.590995,-2.88662575507546
1.591,-2.88589556193684
1.591005,-2.88516559151492
1.59101,-2.88443584375493
1.591015,-2.8837063186022
1.59102,-2.88297701600198
1.591025,-2.88224793589951
1.59103,-2.88151907824012
1.591035,-2.88079044296899
1.59104,-2.88006203003138
1.591045,-2.87933383937248
1.59105,-2.87860587093747
1.591055,-2.8778781246715
1.59106,-2.8771506005198
1.591065,-2.87642329842747
1.59107,-2.87569621833967
1.591075,-2.87496936020151
1.59108,-2.87424272395804
1.591085,-2.87351630955445
1.59109,-2.87279011693575
1.591095,-2.872064146047
1.5911,-2.87133839683327
1.591105,-2.87061286923955
1.59111,-2.86988756321092
1.591115,-2.86916247869236
1.59112,-2.86843761562883
1.591125,-2.86771297396532
1.59113,-2.86698855364676
1.591135,-2.86626435461819
1.59114,-2.86554037682447
1.591145,-2.86481662021055
1.59115,-2.8640930847213
1.591155,-2.86336977030158
1.59116,-2.86264667689637
1.591165,-2.8619238044505
1.59117,-2.86120115290878
1.591175,-2.86047872221606
1.59118,-2.85975651231718
1.591185,-2.85903452315691
1.59119,-2.85831275468011
1.591195,-2.85759120683152
1.5912,-2.85686987955595
1.591205,-2.85614877279809
1.59121,-2.85542788650269
1.591215,-2.85470722061456
1.59122,-2.85398677507834
1.591225,-2.85326654983875
1.59123,-2.8525465448405
1.591235,-2.85182676002822
1.59124,-2.85110719534663
1.591245,-2.85038785074036
1.59125,-2.84966872615405
1.591255,-2.84894982153233
1.59126,-2.84823113681975
1.591265,-2.84751267196099
1.59127,-2.84679442690063
1.591275,-2.84607640158323
1.59128,-2.84535859595334
1.591285,-2.84464100995545
1.59129,-2.84392364353422
1.591295,-2.84320649663411
1.5913,-2.84248956919964
1.591305,-2.84177286117533
1.59131,-2.84105637250563
1.591315,-2.84034010313496
1.59132,-2.83962405300792
1.591325,-2.8389082220689
1.59133,-2.83819261026232
1.591335,-2.83747721753261
1.59134,-2.83676204382414
1.591345,-2.83604708908144
1.59135,-2.83533235324877
1.591355,-2.83461783627061
1.59136,-2.83390353809125
1.591365,-2.83318945865502
1.59137,-2.83247559790637
1.591375,-2.8317619557896
1.59138,-2.83104853224898
1.591385,-2.83033532722883
1.59139,-2.82962234067343
1.591395,-2.82890957252712
1.5914,-2.82819702273416
1.591405,-2.82748469123881
1.59141,-2.82677257798529
1.591415,-2.8260606829178
1.59142,-2.82534900598069
1.591425,-2.82463754711809
1.59143,-2.82392630627424
1.591435,-2.82321528339333
1.59144,-2.82250447841952
1.591445,-2.82179389129693
1.59145,-2.82108352196984
1.591455,-2.82037337038234
1.59146,-2.81966343647858
1.591465,-2.81895372020267
1.59147,-2.8182442214987
1.591475,-2.81753494031086
1.59148,-2.8168258765832
1.591485,-2.81611703025978
1.59149,-2.81540840128472
1.591495,-2.81469998960198
1.5915,-2.81399179515576
1.591505,-2.81328381789003
1.59151,-2.81257605774882
1.591515,-2.81186851467618
1.59152,-2.811161188616
1.591525,-2.81045407951247
1.59153,-2.80974718730947
1.591535,-2.80904051195098
1.59154,-2.80833405338101
1.591545,-2.80762781154347
1.59155,-2.8069217863823
1.591555,-2.8062159778415
1.59156,-2.80551038586499
1.591565,-2.80480501039668
1.59157,-2.80409985138043
1.591575,-2.80339490876016
1.59158,-2.80269018247981
1.591585,-2.80198567248322
1.59159,-2.80128137871427
1.591595,-2.8005773011168
1.5916,-2.79987343963464
1.591605,-2.7991697942117
1.59161,-2.79846636479178
1.591615,-2.79776315131868
1.59162,-2.79706015373624
1.591625,-2.79635737198818
1.59163,-2.79565480601842
1.591635,-2.79495245577067
1.59164,-2.79425032118873
1.591645,-2.79354840221633
1.59165,-2.79284669879721
1.591655,-2.79214521087521
1.59166,-2.79144393839396
1.591665,-2.79074288129728
1.59167,-2.79004203952879
1.591675,-2.7893414130323
1.59168,-2.78864100175136
1.591685,-2.78794080562985
1.59169,-2.78724082461132
1.591695,-2.78654105863952
1.5917,-2.78584150765804
1.591705,-2.78514217161057
1.59171,-2.78444305044076
1.591715,-2.78374414409229
1.59172,-2.7830454525087
1.591725,-2.7823469756337
1.59173,-2.78164871341077
1.591735,-2.78095066578369
1.59174,-2.78025283269592
1.591745,-2.77955521409113
1.59175,-2.77885780991282
1.591755,-2.77816062010458
1.59176,-2.77746364461
1.591765,-2.77676688337264
1.59177,-2.77607033633603
1.591775,-2.77537400344369
1.59178,-2.77467788463911
1.591785,-2.77398197986591
1.59179,-2.77328628906755
1.591795,-2.77259081218751
1.5918,-2.77189554916933
1.591805,-2.77120049995645
1.59181,-2.77050566449234
1.591815,-2.76981104272054
1.59182,-2.76911663458449
1.591825,-2.76842244002761
1.59183,-2.76772845899338
1.591835,-2.76703469142517
1.59184,-2.76634113726651
1.591845,-2.76564779646082
1.59185,-2.76495466895144
1.591855,-2.76426175468185
1.59186,-2.76356905359534
1.591865,-2.76287656563545
1.59187,-2.76218429074551
1.591875,-2.76149222886888
1.59188,-2.76080037994895
1.591885,-2.76010874392902
1.59189,-2.75941732075256
1.591895,-2.75872611036284
1.5919,-2.75803511270322
1.591905,-2.75734432771708
1.59191,-2.75665375534762
1.591915,-2.7559633955383
1.59192,-2.7552732482324
1.591925,-2.75458331337319
1.59193,-2.753893590904
1.591935,-2.7532040807681
1.59194,-2.75251478290875
1.591945,-2.75182569726929
1.59195,-2.75113682379296
1.591955,-2.75044816242305
1.59196,-2.7497597131028
1.591965,-2.7490714757754
1.59197,-2.74838345038421
1.591975,-2.74769563687241
1.59198,-2.74700803518321
1.591985,-2.7463206452599
1.59199,-2.74563346704557
1.591995,-2.74494650048358
1.592,-2.74425974551708
1.592005,-2.74357320208926
1.59201,-2.74288687014332
1.592015,-2.74220074962237
1.59202,-2.74151484046971
1.592025,-2.74082914262847
1.59203,-2.74014365604181
1.592035,-2.73945838065289
1.59204,-2.73877331640481
1.592045,-2.73808846324085
1.59205,-2.73740382110404
1.592055,-2.73671938993756
1.59206,-2.73603516968455
1.592065,-2.7353511602881
1.59207,-2.73466736169129
1.592075,-2.73398377383735
1.59208,-2.73330039666933
1.592085,-2.73261723013031
1.59209,-2.73193427416342
1.592095,-2.73125152871166
1.5921,-2.73056899371822
1.592105,-2.72988666912615
1.59211,-2.72920455487853
1.592115,-2.72852265091839
1.59212,-2.72784095718875
1.592125,-2.72715947363279
1.59213,-2.7264782001935
1.592135,-2.72579713681391
1.59214,-2.72511628343705
1.592145,-2.72443564000594
1.59215,-2.72375520646369
1.592155,-2.72307498275326
1.59216,-2.72239496881767
1.592165,-2.72171516459995
1.59217,-2.72103557004306
1.592175,-2.72035618509008
1.59218,-2.71967700968395
1.592185,-2.71899804376769
1.59219,-2.71831928728429
1.592195,-2.7176407401767
1.5922,-2.71696240238785
1.592205,-2.71628427386084
1.59221,-2.71560635453858
1.592215,-2.714928644364
1.59222,-2.71425114328007
1.592225,-2.71357385122972
1.59223,-2.71289676815598
1.592235,-2.71221989400173
1.59224,-2.71154322870991
1.592245,-2.71086677222347
1.59225,-2.71019052448529
1.592255,-2.70951448543837
1.59226,-2.70883865502557
1.592265,-2.70816303318985
1.59227,-2.70748761987408
1.592275,-2.70681241502115
1.59228,-2.70613741857405
1.592285,-2.70546263047561
1.59229,-2.70478805066872
1.592295,-2.70411367909628
1.5923,-2.7034395157012
1.592305,-2.70276556042625
1.59231,-2.70209181321447
1.592315,-2.70141827400864
1.59232,-2.70074494275162
1.592325,-2.70007181938631
1.59233,-2.69939890385551
1.592335,-2.69872619610213
1.59234,-2.69805369606903
1.592345,-2.69738140369903
1.59235,-2.69670931893496
1.592355,-2.69603744171964
1.59236,-2.69536577199599
1.592365,-2.69469430970676
1.59237,-2.69402305479484
1.592375,-2.69335200720301
1.59238,-2.69268116687404
1.592385,-2.69201053375087
1.59239,-2.69134010777623
1.592395,-2.69066988889296
1.5924,-2.68999987704387
1.592405,-2.68933007217166
1.59241,-2.6886604742193
1.592415,-2.68799108312948
1.59242,-2.687321898845
1.592425,-2.68665292130867
1.59243,-2.68598415046325
1.592435,-2.68531558625149
1.59244,-2.68464722861627
1.592445,-2.68397907750028
1.59245,-2.68331113284634
1.592455,-2.68264339459718
1.59246,-2.68197586269552
1.592465,-2.68130853708424
1.59247,-2.68064141770602
1.592475,-2.67997450450365
1.59248,-2.67930779741985
1.592485,-2.67864129639735
1.59249,-2.67797500137896
1.592495,-2.67730891230741
1.5925,-2.67664302912543
1.592505,-2.67597735177572
1.59251,-2.67531188020103
1.592515,-2.67464661434414
1.59252,-2.67398155414774
1.592525,-2.67331669955457
1.59253,-2.67265205050733
1.592535,-2.67198760694872
1.59254,-2.67132336882153
1.592545,-2.67065933606845
1.59255,-2.66999550863217
1.592555,-2.66933188645542
1.59256,-2.66866846948088
1.592565,-2.66800525765125
1.59257,-2.66734225090929
1.592575,-2.66667944919767
1.59258,-2.66601685245907
1.592585,-2.66535446063622
1.59259,-2.66469227367175
1.592595,-2.66403029150841
1.5926,-2.6633685140889
1.592605,-2.66270694135584
1.59261,-2.66204557325199
1.592615,-2.66138440971991
1.59262,-2.66072345070244
1.592625,-2.66006269614215
1.59263,-2.65940214598177
1.592635,-2.65874180016392
1.59264,-2.65808165863128
1.592645,-2.65742172132655
1.59265,-2.65676198819242
1.592655,-2.65610245917149
1.59266,-2.65544313420648
1.592665,-2.65478401323995
1.59267,-2.65412509621471
1.592675,-2.65346638307331
1.59268,-2.65280787375847
1.592685,-2.65214956821278
1.59269,-2.65149146637895
1.592695,-2.65083356819954
1.5927,-2.65017587361731
1.592705,-2.64951838257488
1.59271,-2.64886109501486
1.592715,-2.64820401087992
1.59272,-2.64754713011264
1.592725,-2.64689045265578
1.59273,-2.6462339784519
1.592735,-2.64557770744367
1.59274,-2.64492163957369
1.592745,-2.64426577478459
1.59275,-2.64361011301906
1.592755,-2.64295465421971
1.59276,-2.64229939832917
1.592765,-2.64164434529006
1.59277,-2.64098949504497
1.592775,-2.6403348475366
1.59278,-2.63968040270758
1.592785,-2.63902616050048
1.59279,-2.63837212085795
1.592795,-2.63771828372259
1.5928,-2.63706464903707
1.592805,-2.636411216744
1.59281,-2.63575798678597
1.592815,-2.63510495910564
1.59282,-2.63445213364558
1.592825,-2.63379951034837
1.59283,-2.63314708915678
1.592835,-2.6324948700133
1.59284,-2.63184285286059
1.592845,-2.63119103764125
1.59285,-2.63053942429785
1.592855,-2.62988801277311
1.59286,-2.62923680300956
1.592865,-2.62858579494985
1.59287,-2.62793498853656
1.592875,-2.62728438371226
1.59288,-2.62663398041967
1.592885,-2.62598377860134
1.59289,-2.62533377819988
1.592895,-2.62468397915791
1.5929,-2.62403438141796
1.592905,-2.62338498492276
1.59291,-2.62273578961485
1.592915,-2.62208679543684
1.59292,-2.62143800233134
1.592925,-2.62078941024094
1.59293,-2.62014101910828
1.592935,-2.61949282887596
1.59294,-2.61884483948656
1.592945,-2.61819705088269
1.59295,-2.61754946300697
1.592955,-2.61690207580197
1.59296,-2.61625488921034
1.592965,-2.61560790317468
1.59297,-2.61496111763756
1.592975,-2.6143145325416
1.59298,-2.61366814782936
1.592985,-2.61302196344355
1.59299,-2.6123759793267
1.592995,-2.61173019542142
1.593,-2.61108461167035
1.593005,-2.61043922801599
1.59301,-2.60979404440108
1.593015,-2.60914906076817
1.59302,-2.60850427705985
1.593025,-2.60785969321872
1.59303,-2.60721530918737
1.593035,-2.6065711249085
1.59304,-2.60592714032463
1.593045,-2.60528335537838
1.59305,-2.60463977001238
1.593055,-2.60399638416923
1.59306,-2.60335319779147
1.593065,-2.60271021082184
1.59307,-2.60206742320285
1.593075,-2.60142483487713
1.59308,-2.60078244578731
1.593085,-2.60014025587595
1.59309,-2.59949826508573
1.593095,-2.59885647335922
1.5931,-2.59821488063906
1.593105,-2.59757348686784
1.59311,-2.59693229198813
1.593115,-2.59629129594263
1.59312,-2.59565049867392
1.593125,-2.59500990012463
1.59313,-2.59436950023734
1.593135,-2.59372929895464
1.59314,-2.59308929621924
1.593145,-2.59244949197372
1.59315,-2.5918098861607
1.593155,-2.5911704787228
1.59316,-2.59053126960259
1.593165,-2.58989225874278
1.59317,-2.58925344608596
1.593175,-2.58861483157477
1.59318,-2.5879764151518
1.593185,-2.58733819675969
1.59319,-2.58670017634104
1.593195,-2.58606235383857
1.5932,-2.58542472919484
1.593205,-2.5847873023525
1.59321,-2.58415007325418
1.593215,-2.58351304184247
1.59322,-2.5828762080601
1.593225,-2.58223957184968
1.59323,-2.58160313315381
1.593235,-2.58096689191514
1.59324,-2.58033084807628
1.593245,-2.57969500157996
1.59325,-2.57905935236879
1.593255,-2.5784239003854
1.59326,-2.57778864557245
1.593265,-2.57715358787251
1.59327,-2.57651872722836
1.593275,-2.57588406358259
1.59328,-2.57524959687786
1.593285,-2.57461532705684
1.59329,-2.57398125406212
1.593295,-2.57334737783643
1.5933,-2.57271369832243
1.593305,-2.57208021546274
1.59331,-2.57144692920006
1.593315,-2.57081383947706
1.59332,-2.57018094623631
1.593325,-2.56954824942063
1.59333,-2.56891574897261
1.593335,-2.56828344483493
1.59334,-2.56765133695027
1.593345,-2.56701942526126
1.59335,-2.56638770971067
1.593355,-2.56575619024115
1.59336,-2.56512486679534
1.593365,-2.56449373931599
1.59337,-2.56386280774569
1.593375,-2.56323207202722
1.59338,-2.56260153210326
1.593385,-2.56197118791647
1.59339,-2.56134103940958
1.593395,-2.5607110865252
1.5934,-2.56008132920617
1.593405,-2.55945176739513
1.59341,-2.55882240103473
1.593415,-2.55819323006777
1.59342,-2.55756425443685
1.593425,-2.55693547408479
1.59343,-2.55630688895426
1.593435,-2.55567849898796
1.59344,-2.55505030412864
1.593445,-2.554422304319
1.59345,-2.55379449950173
1.593455,-2.55316688961963
1.59346,-2.5525394746154
1.593465,-2.55191225443175
1.59347,-2.55128522901145
1.593475,-2.55065839829718
1.59348,-2.55003176223172
1.593485,-2.54940532075784
1.59349,-2.54877907381822
1.593495,-2.54815302135567
1.5935,-2.54752716331283
1.593505,-2.5469014996326
1.59351,-2.54627603025766
1.593515,-2.54565075513076
1.59352,-2.54502567419468
1.593525,-2.54440078739213
1.59353,-2.54377609466597
1.593535,-2.54315159595892
1.59354,-2.54252729121376
1.593545,-2.54190318037325
1.59355,-2.54127926338014
1.593555,-2.54065554017728
1.59356,-2.54003201070744
1.593565,-2.53940867491338
1.59357,-2.53878553273791
1.593575,-2.5381625841238
1.59358,-2.53753982901382
1.593585,-2.53691726735085
1.59359,-2.53629489907766
1.593595,-2.53567272413703
1.5936,-2.53505074247181
1.593605,-2.53442895402472
1.59361,-2.5338073587387
1.593615,-2.5331859565565
1.59362,-2.53256474742097
1.593625,-2.5319437312749
1.59363,-2.53132290806108
1.593635,-2.53070227772248
1.59364,-2.53008184020181
1.593645,-2.52946159544199
1.59365,-2.52884154338579
1.593655,-2.52822168397608
1.59366,-2.52760201715573
1.593665,-2.52698254286758
1.59367,-2.5263632610545
1.593675,-2.52574417165932
1.59368,-2.52512527462489
1.593685,-2.52450656989413
1.59369,-2.5238880574099
1.593695,-2.52326973711504
1.5937,-2.52265160895245
1.593705,-2.522033672865
1.59371,-2.52141592879554
1.593715,-2.52079837668704
1.59372,-2.52018101648233
1.593725,-2.51956384812435
1.59373,-2.51894687155595
1.593735,-2.51833008672002
1.59374,-2.51771349355956
1.593745,-2.51709709201741
1.59375,-2.51648088203652
1.593755,-2.51586486355976
1.59376,-2.51524903653006
1.593765,-2.51463340089039
1.59377,-2.51401795658365
1.593775,-2.51340270355282
1.59378,-2.51278764174076
1.593785,-2.51217277109042
1.59379,-2.51155809154483
1.593795,-2.51094360304687
1.5938,-2.51032930553954
1.593805,-2.50971519896575
1.59381,-2.50910128326847
1.593815,-2.50848755839067
1.59382,-2.50787402427534
1.593825,-2.50726068086546
1.59383,-2.50664752810401
1.593835,-2.50603456593394
1.59384,-2.50542179429823
1.593845,-2.50480921313993
1.59385,-2.50419682240199
1.593855,-2.50358462202744
1.59386,-2.50297261195928
1.593865,-2.50236079214045
1.59387,-2.50174916251409
1.593875,-2.50113772302313
1.59388,-2.5005264736106
1.593885,-2.49991541421956
1.59389,-2.49930454479299
1.593895,-2.49869386527398
1.5939,-2.49808337560557
1.593905,-2.49747307573077
1.59391,-2.49686296559262
1.593915,-2.49625304513418
1.59392,-2.49564331429857
1.593925,-2.4950337730288
1.59393,-2.49442442126795
1.593935,-2.49381525895908
1.59394,-2.49320628604527
1.593945,-2.49259750246957
1.59395,-2.49198890817516
1.593955,-2.49138050310506
1.59396,-2.49077228720237
1.593965,-2.49016426041021
1.59397,-2.48955642267165
1.593975,-2.48894877392985
1.59398,-2.4883413141279
1.593985,-2.48773404320893
1.59399,-2.48712696111606
1.593995,-2.48652006779237
1.594,-2.48591336318107
1.594005,-2.4853068472253
1.59401,-2.48470051986815
1.594015,-2.4840943810528
1.59402,-2.48348843072237
1.594025,-2.48288266882007
1.59403,-2.48227709528904
1.594035,-2.48167171007247
1.59404,-2.48106651311352
1.594045,-2.48046150435531
1.59405,-2.47985668374112
1.594055,-2.4792520512141
1.59406,-2.47864760671744
1.594065,-2.47804335019436
1.59407,-2.47743928158807
1.594075,-2.4768354008417
1.59408,-2.47623170789856
1.594085,-2.47562820270185
1.59409,-2.4750248851948
1.594095,-2.47442175532062
1.5941,-2.4738188130225
1.594105,-2.47321605824379
1.59411,-2.47261349092769
1.594115,-2.47201111101744
1.59412,-2.47140891845629
1.594125,-2.47080691318749
1.59413,-2.47020509515438
1.594135,-2.46960346430019
1.59414,-2.46900202056823
1.594145,-2.46840076390173
1.59415,-2.46779969424397
1.594155,-2.46719881153834
1.59416,-2.4665981157281
1.594165,-2.46599760675653
1.59417,-2.46539728456695
1.594175,-2.46479714910266
1.59418,-2.46419720030705
1.594185,-2.46359743812342
1.59419,-2.46299786249511
1.594195,-2.46239847336544
1.5942,-2.46179927067775
1.594205,-2.46120025437539
1.59421,-2.46060142440177
1.594215,-2.46000278070023
1.59422,-2.45940432321415
1.594225,-2.45880605188685
1.59423,-2.45820796666175
1.594235,-2.45761006748227
1.59424,-2.45701235429175
1.594245,-2.45641482703363
1.59425,-2.45581748565129
1.594255,-2.45522033008811
1.59426,-2.4546233602876
1.594265,-2.45402657619311
1.59427,-2.45342997774809
1.594275,-2.45283356489597
1.59428,-2.45223733758014
1.594285,-2.45164129574415
1.59429,-2.45104543933139
1.594295,-2.45044976828534
1.5943,-2.44985428254947
1.594305,-2.44925898206716
1.59431,-2.44866386678204
1.594315,-2.4480689366375
1.59432,-2.44747419157703
1.594325,-2.44687963154416
1.59433,-2.44628525648235
1.594335,-2.44569106633511
1.59434,-2.445097061046
1.594345,-2.44450324055852
1.59435,-2.44390960481618
1.594355,-2.44331615376254
1.59436,-2.44272288734109
1.594365,-2.44212980549542
1.59437,-2.44153690816909
1.594375,-2.44094419530563
1.59438,-2.4403516668486
1.594385,-2.43975932274156
1.59439,-2.43916716292813
1.594395,-2.43857518735189
1.5944,-2.43798339595639
1.594405,-2.43739178868527
1.59441,-2.43680036548205
1.594415,-2.43620912629046
1.59442,-2.43561807105404
1.594425,-2.43502719971644
1.59443,-2.43443651222127
1.594435,-2.43384600851214
1.59444,-2.43325568853275
1.594445,-2.43266555222673
1.59445,-2.43207559953772
1.594455,-2.4314858304094
1.59446,-2.43089624478544
1.594465,-2.43030684260942
1.59447,-2.42971762382518
1.594475,-2.42912858837631
1.59448,-2.42853973620654
1.594485,-2.42795106725954
1.59449,-2.42736258147902
1.594495,-2.42677427880872
1.5945,-2.42618615919239
1.594505,-2.42559822257369
1.59451,-2.42501046889641
1.594515,-2.4244228981042
1.59452,-2.42383551014096
1.594525,-2.42324830495032
1.59453,-2.42266128247612
1.594535,-2.42207444266207
1.59454,-2.42148778545194
1.594545,-2.4209013107896
1.59455,-2.42031501861878
1.594555,-2.41972890888329
1.59456,-2.41914298152692
1.594565,-2.4185572364935
1.59457,-2.41797167372678
1.594575,-2.4173862931707
1.59458,-2.41680109476903
1.594585,-2.41621607846561
1.59459,-2.4156312442043
1.594595,-2.4150465919289
1.5946,-2.41446212158335
1.594605,-2.4138778331115
1.59461,-2.41329372645719
1.594615,-2.41270980156433
1.59462,-2.41212605837675
1.594625,-2.41154249683843
1.59463,-2.41095911689327
1.594635,-2.41037591848511
1.59464,-2.40979290155792
1.594645,-2.40921006605559
1.59465,-2.4086274119221
1.594655,-2.40804493910138
1.59466,-2.40746264753735
1.594665,-2.40688053717398
1.59467,-2.40629860795518
1.594675,-2.40571685982502
1.59468,-2.40513529272741
1.594685,-2.40455390660634
1.59469,-2.40397270140584
1.594695,-2.40339167706985
1.5947,-2.40281083354236
1.594705,-2.40223017076748
1.59471,-2.40164968868917
1.594715,-2.40106938725147
1.59472,-2.40048926639841
1.594725,-2.39990932607397
1.59473,-2.39932956622234
1.594735,-2.39874998678747
1.59474,-2.39817058771348
1.594745,-2.39759136894442
1.59475,-2.39701233042432
1.594755,-2.39643347209738
1.59476,-2.39585479390762
1.594765,-2.39527629579916
1.59477,-2.39469797771612
1.594775,-2.39411983960257
1.59478,-2.39354188140272
1.594785,-2.39296410306067
1.59479,-2.39238650452054
1.594795,-2.39180908572648
1.5948,-2.39123184662264
1.594805,-2.39065478715326
1.59481,-2.39007790726244
1.594815,-2.3895012068944
1.59482,-2.38892468599329
1.594825,-2.38834834450332
1.59483,-2.38777218236867
1.594835,-2.38719619953363
1.59484,-2.38662039594236
1.594845,-2.38604477153911
1.59485,-2.3854693262681
1.594855,-2.38489406007352
1.59486,-2.38431897289973
1.594865,-2.38374406469095
1.59487,-2.38316933539143
1.594875,-2.38259478494544
1.59488,-2.38202041329726
1.594885,-2.38144622039121
1.59489,-2.38087220617158
1.594895,-2.38029837058268
1.5949,-2.37972471356881
1.594905,-2.37915123507425
1.59491,-2.37857793504343
1.594915,-2.37800481342065
1.59492,-2.37743187015024
1.594925,-2.37685910517655
1.59493,-2.37628651844393
1.594935,-2.37571410989683
1.59494,-2.37514187947956
1.594945,-2.37456982713652
1.59495,-2.37399795281212
1.594955,-2.37342625645078
1.59496,-2.37285473799683
1.594965,-2.37228339739477
1.59497,-2.37171223458903
1.594975,-2.37114124952404
1.59498,-2.37057044214421
1.594985,-2.36999981239398
1.59499,-2.36942936021788
1.594995,-2.36885908556037
1.595,-2.36828898836589
1.595005,-2.36771906857894
1.59501,-2.36714932614399
1.595015,-2.36657976100561
1.59502,-2.36601037310828
1.595025,-2.36544116239649
1.59503,-2.36487212881481
1.595035,-2.36430327230771
1.59504,-2.36373459281984
1.595045,-2.3631660902957
1.59505,-2.36259776467985
1.595055,-2.36202961591686
1.59506,-2.36146164395127
1.595065,-2.36089384872777
1.59507,-2.36032623019089
1.595075,-2.35975878828522
1.59508,-2.35919152295541
1.595085,-2.35862443414607
1.59509,-2.35805752180179
1.595095,-2.35749078586729
1.5951,-2.35692422628718
1.595105,-2.35635784300609
1.59511,-2.35579163596872
1.595115,-2.35522560511968
1.59512,-2.35465975040375
1.595125,-2.35409407176559
1.59513,-2.35352856914987
1.595135,-2.3529632425013
1.59514,-2.35239809176458
1.595145,-2.3518331168845
1.59515,-2.35126831780575
1.595155,-2.35070369447311
1.59516,-2.35013924683128
1.595165,-2.349574974825
1.59517,-2.34901087839913
1.595175,-2.34844695749839
1.59518,-2.34788321206759
1.595185,-2.34731964205152
1.59519,-2.34675624739491
1.595195,-2.34619302804271
1.5952,-2.34562998393967
1.595205,-2.34506711503061
1.59521,-2.3445044212604
1.595215,-2.34394190257386
1.59522,-2.34337955891583
1.595225,-2.34281739023124
1.59523,-2.34225539646494
1.595235,-2.34169357756182
1.59524,-2.34113193346675
1.595245,-2.3405704641246
1.59525,-2.34000916948038
1.595255,-2.33944804947894
1.59526,-2.33888710406523
1.595265,-2.33832633318418
1.59527,-2.33776573678072
1.595275,-2.33720531479985
1.59528,-2.33664506718653
1.595285,-2.33608499388572
1.59529,-2.33552509484238
1.595295,-2.33496537000151
1.5953,-2.33440581930814
1.595305,-2.3338464427073
1.59531,-2.33328724014397
1.595315,-2.33272821156318
1.59532,-2.33216935690998
1.595325,-2.33161067612937
1.59533,-2.3310521691665
1.595335,-2.33049383596637
1.59534,-2.32993567647409
1.595345,-2.32937769063472
1.59535,-2.32881987839333
1.595355,-2.32826223969508
1.59536,-2.32770477448507
1.595365,-2.32714748270839
1.59537,-2.32659036431021
1.595375,-2.32603341923559
1.59538,-2.32547664742979
1.595385,-2.3249200488379
1.59539,-2.32436362340513
1.595395,-2.32380737107663
1.5954,-2.32325129179752
1.595405,-2.32269538551314
1.59541,-2.32213965216858
1.595415,-2.32158409170913
1.59542,-2.32102870407995
1.595425,-2.3204734892263
1.59543,-2.31991844709343
1.595435,-2.31936357762661
1.59544,-2.31880888077106
1.595445,-2.3182543564721
1.59545,-2.31770000467495
1.595455,-2.31714582532491
1.59546,-2.31659181836735
1.595465,-2.31603798374752
1.59547,-2.31548432141076
1.595475,-2.31493083130238
1.59548,-2.3143775133677
1.595485,-2.31382436755212
1.59549,-2.31327139380099
1.595495,-2.31271859205964
1.5955,-2.31216596227348
1.595505,-2.31161350438783
1.59551,-2.31106121834818
1.595515,-2.31050910409989
1.59552,-2.30995716158839
1.595525,-2.30940539075907
1.59553,-2.30885379155736
1.595535,-2.30830236392875
1.59554,-2.30775110781868
1.595545,-2.30720002317261
1.59555,-2.30664910993598
1.595555,-2.3060983680543
1.59556,-2.30554779747307
1.595565,-2.30499739813779
1.59557,-2.30444716999398
1.595575,-2.30389711298714
1.59558,-2.30334722706281
1.595585,-2.30279751216648
1.59559,-2.3022479682438
1.595595,-2.30169859524027
1.5956,-2.30114939310148
1.595605,-2.30060036177299
1.59561,-2.30005150120036
1.595615,-2.29950281132929
1.59562,-2.2989542921053
1.595625,-2.29840594347405
1.59563,-2.29785776538117
1.595635,-2.29730975777225
1.59564,-2.29676192059301
1.595645,-2.29621425378908
1.59565,-2.29566675730611
1.595655,-2.29511943108983
1.59566,-2.29457227508582
1.595665,-2.29402528923991
1.59567,-2.29347847349776
1.595675,-2.29293182780506
1.59568,-2.29238535210758
1.595685,-2.29183904635099
1.59569,-2.29129291048112
1.595695,-2.29074694444372
1.5957,-2.29020114818451
1.595705,-2.2896555216493
1.59571,-2.28911006478388
1.595715,-2.288564777534
1.59572,-2.28801965984554
1.595725,-2.28747471166432
1.59573,-2.28692993293612
1.595735,-2.28638532360679
1.59574,-2.28584088362218
1.595745,-2.28529661292818
1.59575,-2.28475251147063
1.595755,-2.28420857919544
1.59576,-2.28366481604846
1.595765,-2.28312122197558
1.59577,-2.28257779692278
1.595775,-2.28203454083594
1.59578,-2.28149145366098
1.595785,-2.28094853534385
1.59579,-2.28040578583049
1.595795,-2.2798632050669
1.5958,-2.27932079299904
1.595805,-2.27877854957286
1.59581,-2.27823647473436
1.595815,-2.27769456842954
1.59582,-2.27715283060446
1.595825,-2.27661126120511
1.59583,-2.2760698601775
1.595835,-2.27552862746772
1.59584,-2.2749875630218
1.595845,-2.27444666678577
1.59585,-2.27390593870576
1.595855,-2.27336537872784
1.59586,-2.27282498679812
1.595865,-2.27228476286267
1.59587,-2.27174470686757
1.595875,-2.27120481875905
1.59588,-2.27066509848321
1.595885,-2.27012554598617
1.59589,-2.26958616121409
1.595895,-2.26904694411312
1.5959,-2.26850789462952
1.595905,-2.26796901270941
1.59591,-2.267430298299
1.595915,-2.26689175134452
1.59592,-2.26635337179214
1.595925,-2.26581515958816
1.59593,-2.26527711467878
1.595935,-2.26473923701027
1.59594,-2.26420152652889
1.595945,-2.26366398318086
1.59595,-2.26312660691254
1.595955,-2.2625893976702
1.59596,-2.26205235540016
1.595965,-2.26151548004869
1.59597,-2.26097877156214
1.595975,-2.26044222988681
1.59598,-2.25990585496911
1.595985,-2.25936964675539
1.59599,-2.258833605192
1.595995,-2.25829773022531
1.596,-2.25776202180167
1.596005,-2.25722647986758
1.59601,-2.2566911043694
1.596015,-2.25615589525354
1.59602,-2.25562085246643
1.596025,-2.2550859759545
1.59603,-2.25455126566425
1.596035,-2.25401672154213
1.59604,-2.25348234353463
1.596045,-2.25294813158818
1.59605,-2.25241408564928
1.596055,-2.2518802056645
1.59606,-2.25134649158031
1.596065,-2.25081294334327
1.59607,-2.2502795608999
1.596075,-2.24974634419674
1.59608,-2.24921329318032
1.596085,-2.2486804077973
1.59609,-2.2481476879942
1.596095,-2.24761513371764
1.5961,-2.2470827449142
1.596105,-2.24655052153048
1.59611,-2.24601846351317
1.596115,-2.24548657080887
1.59612,-2.2449548433642
1.596125,-2.24442328112587
1.59613,-2.24389188404047
1.596135,-2.24336065205478
1.59614,-2.24282958511542
1.596145,-2.24229868316914
1.59615,-2.24176794616263
1.596155,-2.24123737404256
1.59616,-2.24070696675575
1.596165,-2.24017672424891
1.59617,-2.2396466464688
1.596175,-2.23911673336218
1.59618,-2.23858698487579
1.596185,-2.23805740095651
1.59619,-2.23752798155108
1.596195,-2.23699872660633
1.5962,-2.23646963606908
1.596205,-2.23594070988613
1.59621,-2.23541194800434
1.596215,-2.23488335037061
1.59622,-2.23435491693175
1.596225,-2.23382664763468
1.59623,-2.23329854242625
1.596235,-2.23277060125335
1.59624,-2.23224282406294
1.596245,-2.23171521080193
1.59625,-2.23118776141723
1.596255,-2.2306604758558
1.59626,-2.23013335406455
1.596265,-2.22960639599052
1.59627,-2.22907960158064
1.596275,-2.22855297078192
1.59628,-2.22802650354136
1.596285,-2.22750019980588
1.59629,-2.22697405952265
1.596295,-2.2264480826386
1.5963,-2.22592226910083
1.596305,-2.22539661885634
1.59631,-2.22487113185222
1.596315,-2.22434580803556
1.59632,-2.22382064735346
1.596325,-2.22329564975299
1.59633,-2.22277081518126
1.596335,-2.22224614358541
1.59634,-2.22172163491252
1.596345,-2.22119728910982
1.59635,-2.22067310612442
1.596355,-2.2201490859035
1.59636,-2.21962522839421
1.596365,-2.21910153354374
1.59637,-2.21857800129932
1.596375,-2.21805463160817
1.59638,-2.21753142441748
1.596385,-2.21700837967451
1.59639,-2.21648549732644
1.596395,-2.21596277732061
1.5964,-2.21544021960428
1.596405,-2.21491782412468
1.59641,-2.21439559082916
1.596415,-2.21387351966493
1.59642,-2.21335161057942
1.596425,-2.21282986351987
1.59643,-2.21230827843365
1.596435,-2.21178685526812
1.59644,-2.21126559397058
1.596445,-2.21074449448848
1.59645,-2.21022355676915
1.596455,-2.20970278076001
1.59646,-2.20918216640844
1.596465,-2.20866171366188
1.59647,-2.20814142246769
1.596475,-2.20762129277342
1.59648,-2.20710132452645
1.596485,-2.20658151767426
1.59649,-2.20606187216432
1.596495,-2.20554238794406
1.5965,-2.20502306496109
1.596505,-2.20450390316283
1.59651,-2.20398490249684
1.596515,-2.20346606291064
1.59652,-2.20294738435172
1.596525,-2.20242886676774
1.59653,-2.20191051010618
1.596535,-2.20139231431466
1.59654,-2.20087427934074
1.596545,-2.200356405132
1.59655,-2.19983869163613
1.596555,-2.19932113880068
1.59656,-2.19880374657331
1.596565,-2.19828651490169
1.59657,-2.19776944373339
1.596575,-2.1972525330162
1.59658,-2.19673578269772
1.596585,-2.19621919272568
1.59659,-2.19570276304776
1.596595,-2.19518649361166
1.5966,-2.19467038436511
1.596605,-2.19415443525592
1.59661,-2.19363864623177
1.596615,-2.19312301724044
1.59662,-2.19260754822971
1.596625,-2.1920922391473
1.59663,-2.19157708994113
1.596635,-2.19106210055892
1.59664,-2.19054727094852
1.596645,-2.19003260105777
1.59665,-2.18951809083444
1.596655,-2.18900374022649
1.59666,-2.18848954918174
1.596665,-2.18797551764805
1.59667,-2.18746164557334
1.596675,-2.18694793290547
1.59668,-2.18643437959241
1.596685,-2.18592098558207
1.59669,-2.18540775082237
1.596695,-2.18489467526125
1.5967,-2.18438175884666
1.596705,-2.18386900152664
1.59671,-2.18335640324912
1.596715,-2.1828439639621
1.59672,-2.18233168361361
1.596725,-2.18181956215165
1.59673,-2.18130759952422
1.596735,-2.18079579567944
1.59674,-2.18028415056531
1.596745,-2.1797726641299
1.59675,-2.17926133632131
1.596755,-2.17875016708759
1.59676,-2.1782391563769
1.596765,-2.17772830413731
1.59677,-2.17721761031697
1.596775,-2.17670707486401
1.59678,-2.17619669772653
1.596785,-2.17568647885277
1.59679,-2.17517641819088
1.596795,-2.17466651568904
1.5968,-2.17415677129543
1.596805,-2.17364718495823
1.59681,-2.17313775662574
1.596815,-2.17262848624617
1.59682,-2.17211937376773
1.596825,-2.17161041913869
1.59683,-2.17110162230733
1.596835,-2.1705929832219
1.59684,-2.17008450183074
1.596845,-2.16957617808211
1.59685,-2.16906801192436
1.596855,-2.16856000330581
1.59686,-2.16805215217475
1.596865,-2.1675444584796
1.59687,-2.16703692216871
1.596875,-2.16652954319044
1.59688,-2.16602232149318
1.596885,-2.16551525702529
1.59689,-2.16500834973526
1.596895,-2.16450159957149
1.5969,-2.16399500648237
1.596905,-2.16348857041641
1.59691,-2.16298229132199
1.596915,-2.16247616914766
1.59692,-2.16197020384188
1.596925,-2.16146439535315
1.59693,-2.16095874362996
1.596935,-2.16045324862079
1.59694,-2.15994791027427
1.596945,-2.15944272853888
1.59695,-2.1589377033632
1.596955,-2.1584328346958
1.59696,-2.15792812248523
1.596965,-2.15742356668006
1.59697,-2.15691916722898
1.596975,-2.15641492408055
1.59698,-2.15591083718342
1.596985,-2.15540690648623
1.59699,-2.15490313193758
1.596995,-2.1543995134862
1.597,-2.15389605108075
1.597005,-2.1533927446699
1.59701,-2.15288959420238
1.597015,-2.15238659962686
1.59702,-2.15188376089212
1.597025,-2.15138107794686
1.59703,-2.15087855073986
1.597035,-2.15037617921984
1.59704,-2.14987396333558
1.597045,-2.14937190303592
1.59705,-2.14886999826959
1.597055,-2.14836824898547
1.59706,-2.14786665513233
1.597065,-2.14736521665897
1.59707,-2.14686393351434
1.597075,-2.14636280564724
1.59708,-2.14586183300655
1.597085,-2.14536101554114
1.59709,-2.14486035319993
1.597095,-2.14435984593179
1.5971,-2.14385949368567
1.597105,-2.14335929641053
1.59711,-2.14285925405527
1.597115,-2.14235936656886
1.59712,-2.14185963390025
1.597125,-2.14136005599845
1.59713,-2.14086063281247
1.597135,-2.14036136429128
1.59714,-2.13986225038392
1.597145,-2.13936329103936
1.59715,-2.13886448620675
1.597155,-2.1383658358351
1.59716,-2.13786733987343
1.597165,-2.13736899827089
1.59717,-2.1368708109765
1.597175,-2.13637277793943
1.59718,-2.13587489910878
1.597185,-2.13537717443366
1.59719,-2.13487960386324
1.597195,-2.1343821873466
1.5972,-2.13388492483302
1.597205,-2.1333878162716
1.59721,-2.13289086161157
1.597215,-2.1323940608021
1.59722,-2.13189741379243
1.597225,-2.13140092053174
1.59723,-2.13090458096935
1.597235,-2.13040839505447
1.59724,-2.12991236273637
1.597245,-2.12941648396431
1.59725,-2.12892075868758
1.597255,-2.12842518685551
1.59726,-2.12792976841742
1.597265,-2.12743450332261
1.59727,-2.12693939152043
1.597275,-2.12644443296019
1.59728,-2.12594962759134
1.597285,-2.1254549753632
1.59729,-2.12496047622518
1.597295,-2.12446613012666
1.5973,-2.12397193701704
1.597305,-2.12347789684579
1.59731,-2.12298400956235
1.597315,-2.12249027511614
1.59732,-2.12199669345665
1.597325,-2.12150326453329
1.59733,-2.12100998829565
1.597335,-2.12051686469317
1.59734,-2.12002389367538
1.597345,-2.1195310751918
1.59735,-2.11903840919198
1.597355,-2.11854589562541
1.59736,-2.11805353444176
1.597365,-2.11756132559053
1.59737,-2.11706926902135
1.597375,-2.11657736468378
1.59738,-2.11608561252744
1.597385,-2.11559401250199
1.59739,-2.11510256455704
1.597395,-2.11461126864228
1.5974,-2.11412012470731
1.597405,-2.11362913270184
1.59741,-2.11313829257557
1.597415,-2.11264760427819
1.59742,-2.11215706775943
1.597425,-2.11166668296898
1.59743,-2.11117644985659
1.597435,-2.11068636837204
1.59744,-2.11019643846508
1.597445,-2.10970666008548
1.59745,-2.10921703318303
1.597455,-2.1087275577075
1.59746,-2.10823823360876
1.597465,-2.10774906083663
1.59747,-2.10726003934092
1.597475,-2.1067711690715
1.59748,-2.10628244997824
1.597485,-2.10579388201097
1.59749,-2.10530546511966
1.597495,-2.10481719925415
1.5975,-2.1043290843644
1.597505,-2.1038411204003
1.59751,-2.10335330731176
1.597515,-2.10286564504882
1.59752,-2.10237813356141
1.597525,-2.1018907727995
1.59753,-2.10140356271308
1.597535,-2.10091650325212
1.59754,-2.1004295943667
1.597545,-2.09994283600685
1.59755,-2.09945622812255
1.597555,-2.0989697706639
1.59756,-2.09848346358092
1.597565,-2.09799730682376
1.59757,-2.09751130034248
1.597575,-2.09702544408718
1.59758,-2.09653973800796
1.597585,-2.09605418205498
1.59759,-2.09556877617836
1.597595,-2.09508352032828
1.5976,-2.09459841445491
1.597605,-2.0941134585084
1.59761,-2.09362865243897
1.597615,-2.09314399619678
1.59762,-2.09265948973213
1.597625,-2.0921751329952
1.59763,-2.09169092593625
1.597635,-2.09120686850554
1.59764,-2.09072296065328
1.597645,-2.09023920232985
1.59765,-2.08975559348551
1.597655,-2.08927213407054
1.59766,-2.08878882403528
1.597665,-2.08830566333004
1.59767,-2.08782265190523
1.597675,-2.08733978971116
1.59768,-2.0868570766982
1.597685,-2.08637451281676
1.59769,-2.08589209801721
1.597695,-2.08540983224999
1.5977,-2.08492771546552
1.597705,-2.08444574761421
1.59771,-2.08396392864652
1.597715,-2.08348225851293
1.59772,-2.08300073716387
1.597725,-2.08251936454988
1.59773,-2.08203814062143
1.597735,-2.08155706532905
1.59774,-2.08107613862326
1.597745,-2.08059536045455
1.59775,-2.08011473077355
1.597755,-2.07963424953079
1.59776,-2.07915391667686
1.597765,-2.07867373216233
1.59777,-2.07819369593776
1.597775,-2.07771380795386
1.59778,-2.07723406816121
1.597785,-2.07675447651046
1.59779,-2.07627503295224
1.597795,-2.07579573743721
1.5978,-2.0753165899161
1.597805,-2.07483759033959
1.59781,-2.07435873865837
1.597815,-2.07388003482316
1.59782,-2.07340147878464
1.597825,-2.07292307049365
1.59783,-2.07244480990091
1.597835,-2.07196669695718
1.59784,-2.07148873161322
1.597845,-2.07101091381987
1.59785,-2.07053324352789
1.597855,-2.07005572068814
1.59786,-2.06957834525146
1.597865,-2.06910111716868
1.59787,-2.06862403639064
1.597875,-2.06814710286822
1.59788,-2.06767031655235
1.597885,-2.06719367739389
1.59789,-2.06671718534375
1.597895,-2.06624084035287
1.5979,-2.06576464237214
1.597905,-2.06528859135259
1.59791,-2.06481268724516
1.597915,-2.06433693000079
1.59792,-2.06386131957049
1.597925,-2.06338585590523
1.59793,-2.06291053895608
1.597935,-2.06243536867406
1.59794,-2.06196034501019
1.597945,-2.06148546791551
1.59795,-2.0610107373411
1.597955,-2.06053615323806
1.59796,-2.06006171555746
1.597965,-2.05958742425043
1.59797,-2.05911327926806
1.597975,-2.05863928056149
1.59798,-2.05816542808185
1.597985,-2.05769172178032
1.59799,-2.0572181616081
1.597995,-2.05674474751632
1.598,-2.05627147945619
1.598005,-2.0557983573789
1.59801,-2.05532538123571
1.598015,-2.05485255097786
1.59802,-2.05437986655658
1.598025,-2.05390732792312
1.59803,-2.05343493502876
1.598035,-2.05296268782481
1.59804,-2.05249058626254
1.598045,-2.05201863029329
1.59805,-2.05154681986837
1.598055,-2.05107515493909
1.59806,-2.05060363545686
1.598065,-2.05013226137303
1.59807,-2.04966103263896
1.598075,-2.04918994920606
1.59808,-2.04871901102568
1.598085,-2.04824821804932
1.59809,-2.04777757022839
1.598095,-2.04730706751429
1.5981,-2.04683670985852
1.598105,-2.04636649721253
1.59811,-2.04589642952777
1.598115,-2.0454265067558
1.59812,-2.0449567288481
1.598125,-2.0444870957562
1.59813,-2.04401760743161
1.598135,-2.04354826382587
1.59814,-2.0430790648906
1.598145,-2.04261001057734
1.59815,-2.04214110083767
1.598155,-2.04167233562321
1.59816,-2.04120371488551
1.598165,-2.04073523857629
1.59817,-2.04026690664714
1.598175,-2.03979871904973
1.59818,-2.03933067573571
1.598185,-2.03886277665673
1.59819,-2.03839502176454
1.598195,-2.03792741101083
1.5982,-2.03745994434729
1.598205,-2.03699262172569
1.59821,-2.03652544309773
1.598215,-2.03605840841518
1.59822,-2.03559151762984
1.598225,-2.03512477069348
1.59823,-2.03465816755788
1.598235,-2.03419170817487
1.59824,-2.03372539249623
1.598245,-2.03325922047386
1.59825,-2.03279319205957
1.598255,-2.03232730720524
1.59826,-2.03186156586272
1.598265,-2.0313959679839
1.59827,-2.03093051352072
1.598275,-2.03046520242507
1.59828,-2.03000003464887
1.598285,-2.02953501014408
1.59829,-2.0290701288626
1.598295,-2.02860539075648
1.5983,-2.02814079577766
1.598305,-2.02767634387813
1.59831,-2.0272120350099
1.598315,-2.02674786912494
1.59832,-2.02628384617539
1.598325,-2.02581996611322
1.59833,-2.02535622889053
1.598335,-2.02489263445935
1.59834,-2.02442918277179
1.598345,-2.02396587377993
1.59835,-2.02350270743591
1.598355,-2.02303968369185
1.59836,-2.02257680249988
1.598365,-2.02211406381215
1.59837,-2.02165146758079
1.598375,-2.02118901375805
1.59838,-2.02072670229608
1.598385,-2.02026453314708
1.59839,-2.0198025062633
1.598395,-2.01934062159689
1.5984,-2.01887887910019
1.598405,-2.01841727872542
1.59841,-2.01795582042485
1.598415,-2.01749450415076
1.59842,-2.0170333298554
1.598425,-2.01657229749118
1.59843,-2.01611140701035
1.598435,-2.01565065836526
1.59844,-2.01519005150827
1.598445,-2.01472958639172
1.59845,-2.01426926296802
1.598455,-2.01380908118955
1.59846,-2.01334904100869
1.598465,-2.01288914237786
1.59847,-2.01242938524953
1.598475,-2.01196976957605
1.59848,-2.01151029530997
1.598485,-2.01105096240372
1.59849,-2.01059177080979
1.598495,-2.01013272048067
1.5985,-2.00967381136882
1.598505,-2.00921504342684
1.59851,-2.00875641660723
1.598515,-2.00829793086255
1.59852,-2.00783958614534
1.598525,-2.00738138240816
1.59853,-2.00692331960364
1.598535,-2.00646539768435
1.59854,-2.00600761660292
1.598545,-2.00554997631199
1.59855,-2.00509247676414
1.598555,-2.00463511791209
1.59856,-2.00417789970849
1.598565,-2.00372082210599
1.59857,-2.00326388505732
1.598575,-2.00280708851514
1.59858,-2.00235043243223
1.598585,-2.00189391676128
1.59859,-2.00143754145506
1.598595,-2.00098130646633
1.5986,-2.00052521174784
1.598605,-2.00006925725237
1.59861,-1.99961344293275
1.598615,-1.99915776874178
1.59862,-1.99870223463229
1.598625,-1.99824684055713
1.59863,-1.99779158646909
1.598635,-1.9973364723211
1.59864,-1.99688149806604
1.598645,-1.99642666365678
1.59865,-1.99597196904623
1.598655,-1.99551741418726
1.59866,-1.9950629990329
1.598665,-1.99460872353605
1.59867,-1.99415458764965
1.598675,-1.99370059132668
1.59868,-1.99324673452011
1.598685,-1.99279301718299
1.59869,-1.9923394392683
1.598695,-1.99188600072906
1.5987,-1.99143270151832
1.598705,-1.9909795415891
1.59871,-1.99052652089452
1.598715,-1.99007363938761
1.59872,-1.9896208970215
1.598725,-1.98916829374928
1.59873,-1.98871582952406
1.598735,-1.98826350429893
1.59874,-1.98781131802712
1.598745,-1.98735927066174
1.59875,-1.98690736215598
1.598755,-1.98645559246302
1.59876,-1.98600396153601
1.598765,-1.98555246932823
1.59877,-1.98510111579289
1.598775,-1.98464990088322
1.59878,-1.98419882455246
1.598785,-1.98374788675385
1.59879,-1.98329708744073
1.598795,-1.98284642656636
1.5988,-1.98239590408405
1.598805,-1.98194551994712
1.59881,-1.98149527410886
1.598815,-1.98104516652267
1.59882,-1.9805951971419
1.598825,-1.9801453659199
1.59883,-1.97969567281007
1.598835,-1.97924611776577
1.59884,-1.97879670074048
1.598845,-1.97834742168757
1.59885,-1.97789828056051
1.598855,-1.97744927731273
1.59886,-1.9770004118977
1.598865,-1.97655168426888
1.59887,-1.97610309437981
1.598875,-1.97565464218395
1.59888,-1.97520632763484
1.598885,-1.974758150686
1.59889,-1.97431011129095
1.598895,-1.97386220940332
1.5989,-1.97341444497662
1.598905,-1.97296681796447
1.59891,-1.97251932832044
1.598915,-1.97207197599813
1.59892,-1.97162476095121
1.598925,-1.97117768313329
1.59893,-1.97073074249804
1.598935,-1.9702839389991
1.59894,-1.96983727259014
1.598945,-1.96939074322491
1.59895,-1.96894435085707
1.598955,-1.96849809544034
1.59896,-1.96805197692846
1.598965,-1.96760599527516
1.59897,-1.96716015043419
1.598975,-1.96671444235937
1.59898,-1.96626887100446
1.598985,-1.96582343632325
1.59899,-1.96537813826957
1.598995,-1.9649329767972
1.599,-1.96448795186003
1.599005,-1.96404306341191
1.59901,-1.96359831140668
1.599015,-1.96315369579822
1.59902,-1.96270921654041
1.599025,-1.96226487358719
1.59903,-1.96182066689248
1.599035,-1.96137659641019
1.59904,-1.96093266209427
1.599045,-1.96048886389865
1.59905,-1.96004520177737
1.599055,-1.95960167568438
1.59906,-1.95915828557367
1.599065,-1.95871503139926
1.59907,-1.95827191311516
1.599075,-1.95782893067544
1.59908,-1.95738608403416
1.599085,-1.95694337314534
1.59909,-1.9565007979631
1.599095,-1.95605835844153
1.5991,-1.95561605453467
1.599105,-1.95517388619674
1.59911,-1.9547318533818
1.599115,-1.95428995604406
1.59912,-1.95384819413761
1.599125,-1.95340656761665
1.59913,-1.95296507643538
1.599135,-1.95252372054802
1.59914,-1.95208249990873
1.599145,-1.95164141447178
1.59915,-1.95120046419135
1.599155,-1.95075964902179
1.59916,-1.95031896891728
1.599165,-1.94987842383216
1.59917,-1.94943801372068
1.599175,-1.94899773853714
1.59918,-1.94855759823593
1.599185,-1.94811759277133
1.59919,-1.9476777220977
1.599195,-1.94723798616939
1.5992,-1.94679838494077
1.599205,-1.94635891836625
1.59921,-1.94591958640024
1.599215,-1.94548038899712
1.59922,-1.94504132611134
1.599225,-1.94460239769734
1.59923,-1.94416360370954
1.599235,-1.94372494410246
1.59924,-1.94328641883056
1.599245,-1.94284802784833
1.59925,-1.9424097711103
1.599255,-1.94197164857092
1.59926,-1.94153366018482
1.599265,-1.94109580590652
1.59927,-1.94065808569055
1.599275,-1.94022049949153
1.59928,-1.93978304726397
1.599285,-1.93934572896256
1.59929,-1.9389085445419
1.599295,-1.93847149395658
1.5993,-1.93803457716128
1.599305,-1.93759779411061
1.59931,-1.93716114475929
1.599315,-1.93672462906198
1.59932,-1.93628824697338
1.599325,-1.93585199844821
1.59933,-1.93541588344113
1.599335,-1.93497990190697
1.59934,-1.93454405380044
1.599345,-1.93410833907629
1.59935,-1.93367275768932
1.599355,-1.9332373095943
1.59936,-1.93280199474602
1.599365,-1.93236681309933
1.59937,-1.93193176460905
1.599375,-1.93149684923002
1.59938,-1.93106206691712
1.599385,-1.93062741762515
1.59939,-1.93019290130909
1.599395,-1.92975851792377
1.5994,-1.92932426742414
1.599405,-1.9288901497651
1.59941,-1.92845616490156
1.599415,-1.92802231278854
1.59942,-1.92758859338097
1.599425,-1.92715500663383
1.59943,-1.92672155250211
1.599435,-1.92628823094079
1.59944,-1.92585504190492
1.599445,-1.92542198534954
1.59945,-1.92498906122969
1.599455,-1.92455626950041
1.59946,-1.92412361011676
1.599465,-1.92369108303387
1.59947,-1.9232586882068
1.599475,-1.9228264255907
1.59948,-1.92239429514067
1.599485,-1.92196229681185
1.59949,-1.92153043055936
1.599495,-1.92109869633844
1.5995,-1.92066709410422
1.599505,-1.92023562381191
1.59951,-1.91980428541672
1.599515,-1.91937307887382
1.59952,-1.91894200413851
1.599525,-1.91851106116601
1.59953,-1.91808024991159
1.599535,-1.91764957033051
1.59954,-1.91721902237802
1.599545,-1.91678860600951
1.59955,-1.91635832118024
1.599555,-1.91592816784554
1.59956,-1.91549814596077
1.599565,-1.91506825548121
1.59957,-1.91463849636232
1.599575,-1.91420886855945
1.59958,-1.913779372028
1.599585,-1.91335000672336
1.59959,-1.91292077260093
1.599595,-1.9124916696162
1.5996,-1.91206269772461
1.599605,-1.91163385688159
1.59961,-1.91120514704263
1.599615,-1.91077656816322
1.59962,-1.91034812019884
1.599625,-1.90991980310504
1.59963,-1.90949161683733
1.599635,-1.90906356135127
1.59964,-1.9086356366024
1.599645,-1.90820784254626
1.59965,-1.90778017913849
1.599655,-1.90735264633466
1.59966,-1.90692524409038
1.599665,-1.90649797236127
1.59967,-1.90607083110295
1.599675,-1.90564382027111
1.59968,-1.90521693982138
1.599685,-1.90479018970946
1.59969,-1.90436356989103
1.599695,-1.90393708032176
1.5997,-1.90351072095742
1.599705,-1.90308449175372
1.59971,-1.9026583926664
1.599715,-1.90223242365122
1.59972,-1.90180658466396
1.599725,-1.90138087566036
1.59973,-1.90095529659627
1.599735,-1.90052984742749
1.59974,-1.90010452810985
1.599745,-1.89967933859916
1.59975,-1.89925427885126
1.599755,-1.89882934882206
1.59976,-1.89840454846743
1.599765,-1.89797987774324
1.59977,-1.89755533660542
1.599775,-1.89713092500983
1.59978,-1.89670664291248
1.599785,-1.89628249026928
1.59979,-1.89585846703619
1.599795,-1.89543457316918
1.5998,-1.8950108086242
1.599805,-1.89458717335732
1.59981,-1.89416366732453
1.599815,-1.89374029048184
1.59982,-1.89331704278528
1.599825,-1.8928939241909
1.59983,-1.8924709346548
1.599835,-1.89204807413304
1.59984,-1.89162534258174
1.599845,-1.89120273995694
1.59985,-1.89078026621484
1.599855,-1.89035792131149
1.59986,-1.8899357052031
1.599865,-1.88951361784582
1.59987,-1.88909165919581
1.599875,-1.88866982920926
1.59988,-1.88824812784234
1.599885,-1.88782655505134
1.59989,-1.88740511079244
1.599895,-1.88698379502187
1.5999,-1.88656260769592
1.599905,-1.88614154877079
1.59991,-1.88572061820283
1.599915,-1.88529981594832
1.59992,-1.88487914196355
1.599925,-1.88445859620486
1.59993,-1.88403817862853
1.599935,-1.883617889191
1.59994,-1.88319772784857
1.599945,-1.88277769455764
1.59995,-1.88235778927459
1.599955,-1.88193801195577
1.59996,-1.88151836255769
1.599965,-1.88109884103672
1.59997,-1.88067944734933
1.599975,-1.88026018145195
1.59998,-1.87984104330106
1.599985,-1.87942203285312
1.59999,-1.87900315006466
1.599995,-1.87858439489219
1.6,-1.87816576729221
