"Freq [GHz]","dB(S(1,1)) []"
1.55,-2.60356475889432
1.550005,-2.60433702918258
1.55001,-2.6051096575464
1.550015,-2.60588264422239
1.55002,-2.60665598944717
1.550025,-2.60742969345772
1.55003,-2.60820375649119
1.550035,-2.60897817878484
1.55004,-2.6097529605763
1.550045,-2.61052810210322
1.55005,-2.61130360360361
1.550055,-2.61207946531564
1.55006,-2.61285568747762
1.550065,-2.61363227032816
1.55007,-2.61440921410607
1.550075,-2.61518651905026
1.55008,-2.6159641854
1.550085,-2.61674221339463
1.55009,-2.61752060327379
1.550095,-2.61829935527733
1.5501,-2.61907846964521
1.550105,-2.61985794661774
1.55011,-2.62063778643529
1.550115,-2.62141798933857
1.55012,-2.62219855556843
1.550125,-2.62297948536592
1.55013,-2.62376077897234
1.550135,-2.62454243662921
1.55014,-2.62532445857819
1.550145,-2.62610684506123
1.55015,-2.62688959632042
1.550155,-2.62767271259809
1.55016,-2.62845619413686
1.550165,-2.62924004117941
1.55017,-2.63002425396874
1.550175,-2.63080883274802
1.55018,-2.63159377776065
1.550185,-2.63237908925026
1.55019,-2.63316476746063
1.550195,-2.63395081263578
1.5502,-2.63473722502003
1.550205,-2.63552400485775
1.55021,-2.63631115239368
1.550215,-2.63709866787264
1.55022,-2.63788655153976
1.550225,-2.63867480364038
1.55023,-2.63946342441997
1.550235,-2.64025241412432
1.55024,-2.64104177299932
1.550245,-2.6418315012912
1.55025,-2.64262159924635
1.550255,-2.64341206711132
1.55026,-2.64420290513296
1.550265,-2.64499411355832
1.55027,-2.64578569263459
1.550275,-2.64657764260929
1.55028,-2.64736996373005
1.550285,-2.64816265624481
1.55029,-2.64895572040169
1.550295,-2.64974915644898
1.5503,-2.65054296463527
1.550305,-2.65133714520928
1.55031,-2.65213169842003
1.550315,-2.65292662451672
1.55032,-2.65372192374876
1.550325,-2.65451759636579
1.55033,-2.65531364261769
1.550335,-2.65611006275451
1.55034,-2.65690685702657
1.550345,-2.65770402568435
1.55035,-2.65850156897861
1.550355,-2.65929948716033
1.55036,-2.66009778048063
1.550365,-2.66089644919097
1.55037,-2.66169549354289
1.550375,-2.66249491378828
1.55038,-2.66329471017921
1.550385,-2.66409488296791
1.55039,-2.66489543240691
1.550395,-2.66569635874896
1.5504,-2.66649766224695
1.550405,-2.6672993431541
1.55041,-2.66810140172375
1.550415,-2.66890383820953
1.55042,-2.66970665286532
1.550425,-2.67050984594511
1.55043,-2.67131341770324
1.550435,-2.67211736839416
1.55044,-2.67292169827263
1.550445,-2.67372640759363
1.55045,-2.67453149661228
1.550455,-2.67533696558402
1.55046,-2.67614281476449
1.550465,-2.6769490444095
1.55047,-2.67775565477517
1.550475,-2.67856264611776
1.55048,-2.67937001869383
1.550485,-2.68017777276015
1.55049,-2.68098590857366
1.550495,-2.68179442639161
1.5505,-2.68260332647138
1.550505,-2.68341260907065
1.55051,-2.68422227444736
1.550515,-2.68503232285956
1.55052,-2.68584275456561
1.550525,-2.68665356982413
1.55053,-2.68746476889385
1.550535,-2.68827635203388
1.55054,-2.68908831950337
1.550545,-2.68990067156187
1.55055,-2.69071340846911
1.550555,-2.69152653048498
1.55056,-2.69234003786971
1.550565,-2.69315393088367
1.55057,-2.69396820978748
1.550575,-2.69478287484205
1.55058,-2.69559792630842
1.550585,-2.69641336444795
1.55059,-2.69722918952221
1.550595,-2.69804540179295
1.5506,-2.69886200152223
1.550605,-2.69967898897224
1.55061,-2.70049636440549
1.550615,-2.70131412808475
1.55062,-2.70213228027288
1.550625,-2.70295082123313
1.55063,-2.70376975122885
1.550635,-2.70458907052374
1.55064,-2.70540877938167
1.550645,-2.70622887806671
1.55065,-2.70704936684324
1.550655,-2.70787024597588
1.55066,-2.70869151572937
1.550665,-2.70951317636883
1.55067,-2.71033522815948
1.550675,-2.71115767136689
1.55068,-2.71198050625681
1.550685,-2.7128037330952
1.55069,-2.71362735214833
1.550695,-2.71445136368265
1.5507,-2.71527576796483
1.550705,-2.71610056526187
1.55071,-2.71692575584087
1.550715,-2.71775133996927
1.55072,-2.71857731791478
1.550725,-2.71940368994518
1.55073,-2.72023045632869
1.550735,-2.7210576173336
1.55074,-2.72188517322854
1.550745,-2.72271312428237
1.55075,-2.72354147076414
1.550755,-2.72437021294316
1.55076,-2.72519935108905
1.550765,-2.72602888547152
1.55077,-2.72685881636068
1.550775,-2.72768914402676
1.55078,-2.72851986874027
1.550785,-2.72935099077203
1.55079,-2.73018251039298
1.550795,-2.7310144278744
1.5508,-2.73184674348774
1.550805,-2.73267945750472
1.55081,-2.73351257019736
1.550815,-2.7343460818378
1.55082,-2.73517999269852
1.550825,-2.73601430305224
1.55083,-2.73684901317183
1.550835,-2.73768412333057
1.55084,-2.73851963380176
1.550845,-2.73935554485915
1.55085,-2.74019185677664
1.550855,-2.74102856982837
1.55086,-2.74186568428875
1.550865,-2.74270320043241
1.55087,-2.74354111853423
1.550875,-2.7443794388694
1.55088,-2.74521816171322
1.550885,-2.74605728734138
1.55089,-2.74689681602974
1.550895,-2.74773674805439
1.5509,-2.74857708369174
1.550905,-2.74941782321835
1.55091,-2.75025896691112
1.550915,-2.75110051504714
1.55092,-2.75194246790376
1.550925,-2.7527848257586
1.55093,-2.75362758888949
1.550935,-2.75447075757452
1.55094,-2.7553143320921
1.550945,-2.75615831272073
1.55095,-2.75700269973933
1.550955,-2.757847493427
1.55096,-2.75869269406301
1.550965,-2.75953830192705
1.55097,-2.76038431729888
1.550975,-2.76123074045864
1.55098,-2.7620775716867
1.550985,-2.76292481126358
1.55099,-2.76377245947023
1.550995,-2.76462051658766
1.551,-2.76546898289725
1.551005,-2.76631785868066
1.55101,-2.76716714421968
1.551015,-2.76801683979641
1.55102,-2.7688669456933
1.551025,-2.76971746219288
1.55103,-2.77056838957807
1.551035,-2.77141972813195
1.55104,-2.77227147813793
1.551045,-2.77312363987964
1.55105,-2.77397621364095
1.551055,-2.77482919970604
1.55106,-2.77568259835923
1.551065,-2.77653640988523
1.55107,-2.77739063456896
1.551075,-2.77824527269553
1.55108,-2.77910032455038
1.551085,-2.77995579041923
1.55109,-2.78081167058794
1.551095,-2.78166796534276
1.5511,-2.78252467497009
1.551105,-2.78338179975665
1.55111,-2.78423933998944
1.551115,-2.78509729595561
1.55112,-2.78595566794271
1.551125,-2.78681445623841
1.55113,-2.78767366113075
1.551135,-2.788533282908
1.55114,-2.7893933218586
1.551145,-2.79025377827139
1.55115,-2.79111465243541
1.551155,-2.79197594463991
1.55116,-2.79283765517449
1.551165,-2.7936997843289
1.55117,-2.79456233239328
1.551175,-2.79542529965797
1.55118,-2.79628868641353
1.551185,-2.79715249295086
1.55119,-2.79801671956104
1.551195,-2.79888136653547
1.5512,-2.79974643416585
1.551205,-2.80061192274403
1.55121,-2.80147783256221
1.551215,-2.80234416391286
1.55122,-2.80321091708862
1.551225,-2.80407809238252
1.55123,-2.80494569008774
1.551235,-2.80581371049778
1.55124,-2.80668215390648
1.551245,-2.80755102060777
1.55125,-2.80842031089601
1.551255,-2.80929002506571
1.55126,-2.81016016341171
1.551265,-2.81103072622914
1.55127,-2.8119017138133
1.551275,-2.81277312645983
1.55128,-2.81364496446467
1.551285,-2.81451722812391
1.55129,-2.81538991773404
1.551295,-2.8162630335917
1.5513,-2.81713657599387
1.551305,-2.81801054523784
1.55131,-2.81888494162102
1.551315,-2.81975976544126
1.55132,-2.82063501699654
1.551325,-2.8215106965852
1.55133,-2.82238680450582
1.551335,-2.82326334105726
1.55134,-2.82414030653861
1.551345,-2.82501770124932
1.55135,-2.82589552548898
1.551355,-2.8267737795576
1.55136,-2.82765246375532
1.551365,-2.82853157838264
1.55137,-2.82941112374037
1.551375,-2.83029110012944
1.55138,-2.83117150785123
1.551385,-2.83205234720725
1.55139,-2.83293361849937
1.551395,-2.83381532202973
1.5514,-2.83469745810068
1.551405,-2.83558002701491
1.55141,-2.83646302907539
1.551415,-2.83734646458527
1.55142,-2.83823033384812
1.551425,-2.83911463716763
1.55143,-2.8399993748479
1.551435,-2.84088454719325
1.55144,-2.84177015450822
1.551445,-2.84265619709773
1.55145,-2.84354267526695
1.551455,-2.84442958932125
1.55146,-2.8453169395664
1.551465,-2.84620472630832
1.55147,-2.84709294985331
1.551475,-2.84798161050792
1.55148,-2.84887070857892
1.551485,-2.84976024437348
1.55149,-2.85065021819889
1.551495,-2.85154063036287
1.5515,-2.85243148117339
1.551505,-2.85332277093857
1.55151,-2.85421449996696
1.551515,-2.85510666856737
1.55152,-2.8559992770488
1.551525,-2.85689232572067
1.55153,-2.85778581489252
1.551535,-2.85867974487429
1.55154,-2.8595741159762
1.551545,-2.86046892850867
1.55155,-2.86136418278253
1.551555,-2.86225987910872
1.55156,-2.86315601779862
1.551565,-2.86405259916385
1.55157,-2.86494962351626
1.551575,-2.86584709116803
1.55158,-2.86674500243166
1.551585,-2.86764335761985
1.55159,-2.86854215704566
1.551595,-2.86944140102237
1.5516,-2.8703410898636
1.551605,-2.87124122388329
1.55161,-2.87214180339552
1.551615,-2.87304282871484
1.55162,-2.87394430015594
1.551625,-2.87484621803386
1.55163,-2.87574858266398
1.551635,-2.87665139436185
1.55164,-2.87755465344339
1.551645,-2.87845836022483
1.55165,-2.8793625150226
1.551655,-2.88026711815351
1.55166,-2.88117216993456
1.551665,-2.88207767068315
1.55167,-2.88298362071692
1.551675,-2.88389002035376
1.55168,-2.88479686991196
1.551685,-2.88570416970994
1.55169,-2.88661192006656
1.551695,-2.88752012130095
1.5517,-2.88842877373242
1.551705,-2.8893378776807
1.55171,-2.89024743346577
1.551715,-2.89115744140785
1.55172,-2.89206790182757
1.551725,-2.8929788150457
1.55173,-2.89389018138345
1.551735,-2.89480200116227
1.55174,-2.89571427470384
1.551745,-2.89662700233026
1.55175,-2.8975401843638
1.551755,-2.89845382112709
1.55176,-2.8993679129431
1.551765,-2.900282460135
1.55177,-2.9011974630263
1.551775,-2.90211292194087
1.55178,-2.90302883720273
1.551785,-2.90394520913638
1.55179,-2.90486203806641
1.551795,-2.9057793243179
1.5518,-2.90669706821615
1.551805,-2.90761527008672
1.55181,-2.90853393025554
1.551815,-2.90945304904878
1.55182,-2.91037262679293
1.551825,-2.91129266381485
1.55183,-2.91221316044154
1.551835,-2.91313411700048
1.55184,-2.91405553381936
1.551845,-2.91497741122611
1.55185,-2.91589974954914
1.551855,-2.91682254911694
1.55186,-2.91774581025849
1.551865,-2.918669533303
1.55187,-2.91959371857995
1.551875,-2.92051836641919
1.55188,-2.92144347715079
1.551885,-2.92236905110522
1.55189,-2.9232950886132
1.551895,-2.92422159000573
1.5519,-2.92514855561418
1.551905,-2.9260759857702
1.55191,-2.9270038808057
1.551915,-2.92793224105298
1.55192,-2.92886106684456
1.551925,-2.92979035851332
1.55193,-2.93072011639245
1.551935,-2.93165034081541
1.55194,-2.93258103211604
1.551945,-2.93351219062833
1.55195,-2.93444381668678
1.551955,-2.9353759106261
1.55196,-2.93630847278125
1.551965,-2.9372415034876
1.55197,-2.93817500308083
1.551975,-2.93910897189681
1.55198,-2.94004341027189
1.551985,-2.94097831854256
1.55199,-2.94191369704573
1.551995,-2.94284954611864
1.552,-2.94378586609874
1.552005,-2.9447226573239
1.55201,-2.94565992013216
1.552015,-2.94659765486204
1.55202,-2.94753586185232
1.552025,-2.94847454144197
1.55203,-2.94941369397043
1.552035,-2.95035331977743
1.55204,-2.95129341920292
1.552045,-2.95223399258727
1.55205,-2.95317504027106
1.552055,-2.95411656259529
1.55206,-2.95505855990127
1.552065,-2.95600103253049
1.55207,-2.95694398082493
1.552075,-2.95788740512676
1.55208,-2.95883130577855
1.552085,-2.95977568312317
1.55209,-2.96072053750373
1.552095,-2.96166586926376
1.5521,-2.96261167874707
1.552105,-2.96355796629776
1.55211,-2.96450473226033
1.552115,-2.96545197697947
1.55212,-2.96639970080031
1.552125,-2.96734790406827
1.55213,-2.968296587129
1.552135,-2.96924575032864
1.55214,-2.97019539401348
1.552145,-2.97114551853024
1.55215,-2.97209612422596
1.552155,-2.9730472114479
1.55216,-2.97399878054376
1.552165,-2.97495083186153
1.55217,-2.97590336574946
1.552175,-2.97685638255622
1.55218,-2.97780988263071
1.552185,-2.97876386632223
1.55219,-2.97971833398041
1.552195,-2.9806732859551
1.5522,-2.98162872259657
1.552205,-2.98258464425544
1.55221,-2.98354105128253
1.552215,-2.98449794402913
1.55222,-2.98545532284672
1.552225,-2.98641318808721
1.55223,-2.98737154010285
1.552235,-2.98833037924608
1.55224,-2.98928970586985
1.552245,-2.99024952032726
1.55225,-2.99120982297188
1.552255,-2.99217061415757
1.55226,-2.99313189423845
1.552265,-2.99409366356905
1.55227,-2.99505592250424
1.552275,-2.99601867139912
1.55228,-2.99698191060925
1.552285,-2.99794564049039
1.55229,-2.99890986139872
1.552295,-2.99987457369078
1.5523,-3.00083977772332
1.552305,-3.00180547385356
1.55231,-3.00277166243892
1.552315,-3.00373834383725
1.55232,-3.00470551840674
1.552325,-3.00567318650582
1.55233,-3.00664134849332
1.552335,-3.00761000472847
1.55234,-3.00857915557066
1.552345,-3.0095488013798
1.55235,-3.01051894251601
1.552355,-3.01148957933978
1.55236,-3.01246071221199
1.552365,-3.01343234149375
1.55237,-3.01440446754664
1.552375,-3.01537709073244
1.55238,-3.01635021141337
1.552385,-3.01732382995199
1.55239,-3.0182979467111
1.552395,-3.01927256205392
1.5524,-3.02024767634402
1.552405,-3.02122328994522
1.55241,-3.02219940322181
1.552415,-3.02317601653829
1.55242,-3.0241531302596
1.552425,-3.02513074475099
1.55243,-3.02610886037799
1.552435,-3.0270874775066
1.55244,-3.02806659650302
1.552445,-3.02904621773388
1.55245,-3.03002634156621
1.552455,-3.03100696836718
1.55246,-3.0319880985045
1.552465,-3.03296973234619
1.55247,-3.03395187026051
1.552475,-3.03493451261619
1.55248,-3.03591765978219
1.552485,-3.03690131212791
1.55249,-3.03788547002309
1.552495,-3.03887013383775
1.5525,-3.03985530394232
1.552505,-3.04084098070749
1.55251,-3.04182716450443
1.552515,-3.04281385570458
1.55252,-3.04380105467968
1.552525,-3.0447887618019
1.55253,-3.0457769774438
1.552535,-3.04676570197811
1.55254,-3.04775493577811
1.552545,-3.04874467921728
1.55255,-3.04973493266953
1.552555,-3.05072569650914
1.55256,-3.05171697111064
1.552565,-3.05270875684906
1.55257,-3.0537010540996
1.552575,-3.05469386323795
1.55258,-3.05568718464017
1.552585,-3.05668101868251
1.55259,-3.05767536574175
1.552595,-3.05867022619495
1.5526,-3.05966560041948
1.552605,-3.06066148879319
1.55261,-3.06165789169411
1.552615,-3.06265480950076
1.55262,-3.06365224259205
1.552625,-3.06465019134705
1.55263,-3.06564865614542
1.552635,-3.06664763736696
1.55264,-3.06764713539199
1.552645,-3.06864715060119
1.55265,-3.06964768337543
1.552655,-3.07064873409611
1.55266,-3.07165030314493
1.552665,-3.07265239090391
1.55267,-3.0736549977555
1.552675,-3.07465812408243
1.55268,-3.07566177026788
1.552685,-3.07666593669534
1.55269,-3.07767062374865
1.552695,-3.07867583181205
1.5527,-3.07968156127008
1.552705,-3.0806878125077
1.55271,-3.08169458591028
1.552715,-3.08270188186337
1.55272,-3.08370970075308
1.552725,-3.0847180429658
1.55273,-3.08572690888827
1.552735,-3.08673629890764
1.55274,-3.08774621341135
1.552745,-3.08875665278727
1.55275,-3.08976761742369
1.552755,-3.09077910770909
1.55276,-3.09179112403252
1.552765,-3.09280366678319
1.55277,-3.09381673635088
1.552775,-3.09483033312562
1.55278,-3.09584445749781
1.552785,-3.09685910985825
1.55279,-3.09787429059813
1.552795,-3.09889000010893
1.5528,-3.09990623878259
1.552805,-3.10092300701135
1.55281,-3.10194030518783
1.552815,-3.10295813370513
1.55282,-3.10397649295653
1.552825,-3.10499538333585
1.55283,-3.10601480523716
1.552835,-3.10703475905498
1.55284,-3.10805524518421
1.552845,-3.10907626402005
1.55285,-3.11009781595811
1.552855,-3.11111990139447
1.55286,-3.11214252072539
1.552865,-3.11316567434766
1.55287,-3.11418936265837
1.552875,-3.11521358605503
1.55288,-3.11623834493551
1.552885,-3.11726363969804
1.55289,-3.11828947074127
1.552895,-3.11931583846412
1.5529,-3.12034274326604
1.552905,-3.12137018554679
1.55291,-3.12239816570642
1.552915,-3.12342668414551
1.55292,-3.12445574126496
1.552925,-3.12548533746598
1.55293,-3.12651547315026
1.552935,-3.1275461487198
1.55294,-3.12857736457703
1.552945,-3.12960912112475
1.55295,-3.13064141876611
1.552955,-3.13167425790468
1.55296,-3.13270763894443
1.552965,-3.1337415622896
1.55297,-3.13477602834496
1.552975,-3.13581103751557
1.55298,-3.13684659020689
1.552985,-3.13788268682485
1.55299,-3.13891932777556
1.552995,-3.13995651346579
1.553,-3.14099424430245
1.553005,-3.14203252069296
1.55301,-3.14307134304517
1.553015,-3.14411071176713
1.55302,-3.1451506272675
1.553025,-3.14619108995522
1.55303,-3.14723210023957
1.553035,-3.14827365853035
1.55304,-3.14931576523758
1.553045,-3.1503584207718
1.55305,-3.15140162554396
1.553055,-3.15244537996527
1.55306,-3.15348968444746
1.553065,-3.15453453940253
1.55307,-3.15557994524297
1.553075,-3.15662590238167
1.55308,-3.15767241123177
1.553085,-3.15871947220698
1.55309,-3.15976708572135
1.553095,-3.16081525218922
1.5531,-3.16186397202549
1.553105,-3.16291324564527
1.55311,-3.16396307346423
1.553115,-3.16501345589839
1.55312,-3.16606439336407
1.553125,-3.16711588627813
1.55313,-3.16816793505771
1.553135,-3.1692205401204
1.55314,-3.17027370188422
1.553145,-3.1713274207675
1.55315,-3.17238169718905
1.553155,-3.17343653156808
1.55316,-3.17449192432408
1.553165,-3.17554787587712
1.55317,-3.17660438664748
1.553175,-3.17766145705599
1.55318,-3.17871908752385
1.553185,-3.17977727847258
1.55319,-3.18083603032422
1.553195,-3.18189534350108
1.5532,-3.18295521842599
1.553205,-3.18401565552217
1.55321,-3.18507665521312
1.553215,-3.1861382179229
1.55322,-3.18720034407593
1.553225,-3.18826303409695
1.55323,-3.18932628841122
1.553235,-3.19039010744431
1.55324,-3.19145449162227
1.553245,-3.19251944137154
1.55325,-3.1935849571189
1.553255,-3.19465103929166
1.55326,-3.19571768831739
1.553265,-3.19678490462419
1.55327,-3.19785268864056
1.553275,-3.19892104079531
1.55328,-3.19998996151774
1.553285,-3.2010594512376
1.55329,-3.20212951038491
1.553295,-3.20320013939026
1.5533,-3.20427133868453
1.553305,-3.20534310869904
1.55331,-3.20641544986561
1.553315,-3.20748836261631
1.55332,-3.20856184738381
1.553325,-3.20963590460102
1.55333,-3.21071053470137
1.553335,-3.21178573811874
1.55334,-3.21286151528725
1.553345,-3.2139378666416
1.55335,-3.21501479261688
1.553355,-3.21609229364851
1.55336,-3.21717037017245
1.553365,-3.21824902262496
1.55337,-3.21932825144276
1.553375,-3.22040805706306
1.55338,-3.22148843992335
1.553385,-3.22256940046168
1.55339,-3.22365093911641
1.553395,-3.22473305632636
1.5534,-3.22581575253082
1.553405,-3.22689902816938
1.55341,-3.22798288368218
1.553415,-3.22906731950973
1.55342,-3.2301523360929
1.553425,-3.23123793387311
1.55343,-3.23232411329208
1.553435,-3.233410874792
1.55344,-3.23449821881555
1.553445,-3.23558614580569
1.55345,-3.23667465620599
1.553455,-3.23776375046022
1.55346,-3.23885342901276
1.553465,-3.23994369230842
1.55347,-3.24103454079223
1.553475,-3.24212597490987
1.55348,-3.24321799510738
1.553485,-3.24431060183118
1.55349,-3.24540379552816
1.553495,-3.24649757664558
1.5535,-3.24759194563125
1.553505,-3.24868690293332
1.55351,-3.24978244900033
1.553515,-3.2508785842814
1.55352,-3.25197530922589
1.553525,-3.25307262428375
1.55353,-3.2541705299053
1.553535,-3.25526902654124
1.55354,-3.25636811464282
1.553545,-3.25746779466165
1.55355,-3.25856806704973
1.553555,-3.25966893225964
1.55356,-3.26077039074418
1.553565,-3.26187244295679
1.55357,-3.26297508935126
1.553575,-3.26407833038176
1.55358,-3.26518216650305
1.553585,-3.26628659817011
1.55359,-3.26739162583856
1.553595,-3.26849724996438
1.5536,-3.26960347100394
1.553605,-3.27071028941409
1.55361,-3.2718177056522
1.553615,-3.27292572017588
1.55362,-3.27403433344341
1.553625,-3.27514354591333
1.55363,-3.27625335804471
1.553635,-3.27736377029711
1.55364,-3.27847478313035
1.553645,-3.27958639700492
1.55365,-3.28069861238153
1.553655,-3.28181142972153
1.55366,-3.28292484948663
1.553665,-3.28403887213892
1.55367,-3.28515349814102
1.553675,-3.28626872795605
1.55368,-3.28738456204737
1.553685,-3.28850100087903
1.55369,-3.28961804491533
1.553695,-3.2907356946211
1.5537,-3.29185395046171
1.553705,-3.29297281290275
1.55371,-3.29409228241049
1.553715,-3.29521235945153
1.55372,-3.29633304449292
1.553725,-3.29745433800221
1.55373,-3.29857624044733
1.553735,-3.29969875229673
1.55374,-3.30082187401929
1.553745,-3.30194560608431
1.55375,-3.3030699489616
1.553755,-3.30419490312135
1.55376,-3.30532046903427
1.553765,-3.30644664717151
1.55377,-3.30757343800462
1.553775,-3.30870084200567
1.55378,-3.30982885964718
1.553785,-3.31095749140207
1.55379,-3.31208673774379
1.553795,-3.31321659914617
1.5538,-3.31434707608356
1.553805,-3.31547816903076
1.55381,-3.31660987846298
1.553815,-3.31774220485597
1.55382,-3.31887514868579
1.553825,-3.32000871042915
1.55383,-3.32114289056315
1.553835,-3.32227768956524
1.55384,-3.32341310791344
1.553845,-3.32454914608631
1.55385,-3.32568580456265
1.553855,-3.32682308382193
1.55386,-3.32796098434394
1.553865,-3.32909950660902
1.55387,-3.33023865109799
1.553875,-3.331378418292
1.55388,-3.33251880867285
1.553885,-3.33365982272264
1.55389,-3.33480146092403
1.553895,-3.33594372376015
1.5539,-3.33708661171453
1.553905,-3.33823012527122
1.55391,-3.33937426491477
1.553915,-3.34051903113007
1.55392,-3.34166442440265
1.553925,-3.34281044521835
1.55393,-3.34395709406358
1.553935,-3.34510437142524
1.55394,-3.34625227779054
1.553945,-3.3474008136474
1.55395,-3.34854997948398
1.553955,-3.34969977578907
1.55396,-3.35085020305192
1.553965,-3.35200126176212
1.55397,-3.35315295240985
1.553975,-3.35430527548583
1.55398,-3.35545823148107
1.553985,-3.35661182088722
1.55399,-3.35776604419626
1.553995,-3.35892090190076
1.554,-3.36007639449379
1.554005,-3.36123252246871
1.55401,-3.36238928631962
1.554015,-3.36354668654086
1.55402,-3.3647047236274
1.554025,-3.36586339807467
1.55403,-3.36702271037848
1.554035,-3.36818266103522
1.55404,-3.36934325054178
1.554045,-3.3705044793954
1.55405,-3.37166634809396
1.554055,-3.37282885713566
1.55406,-3.37399200701934
1.554065,-3.37515579824428
1.55407,-3.37632023131013
1.554075,-3.37748530671719
1.55408,-3.37865102496609
1.554085,-3.37981738655805
1.55409,-3.38098439199481
1.554095,-3.38215204177843
1.5541,-3.3833203364116
1.554105,-3.38448927639752
1.55411,-3.38565886223972
1.554115,-3.38682909444238
1.55412,-3.38799997351004
1.554125,-3.38917149994783
1.55413,-3.39034367426136
1.554135,-3.39151649695663
1.55414,-3.39268996854029
1.554145,-3.39386408951929
1.55415,-3.39503886040124
1.554155,-3.3962142816942
1.55416,-3.39739035390662
1.554165,-3.39856707754758
1.55417,-3.39974445312663
1.554175,-3.4009224811537
1.55418,-3.4021011621394
1.554185,-3.40328049659461
1.55419,-3.4044604850309
1.554195,-3.40564112796029
1.5542,-3.40682242589519
1.554205,-3.40800437934869
1.55421,-3.40918698883419
1.554215,-3.4103702548657
1.55422,-3.41155417795777
1.554225,-3.41273875862529
1.55423,-3.41392399738381
1.554235,-3.41510989474931
1.55424,-3.41629645123823
1.554245,-3.41748366736763
1.55425,-3.41867154365492
1.554255,-3.41986008061815
1.55426,-3.42104927877583
1.554265,-3.42223913864692
1.55427,-3.42342966075096
1.554275,-3.4246208456079
1.55428,-3.4258126937383
1.554285,-3.42700520566321
1.55429,-3.42819838190408
1.554295,-3.42939222298302
1.5543,-3.43058672942256
1.554305,-3.43178190174568
1.55431,-3.43297774047604
1.554315,-3.43417424613762
1.55432,-3.43537141925505
1.554325,-3.43656926035342
1.55433,-3.43776776995827
1.554335,-3.43896694859579
1.55434,-3.44016679679254
1.554345,-3.44136731507565
1.55435,-3.44256850397283
1.554355,-3.44377036401215
1.55436,-3.44497289572235
1.554365,-3.44617609963262
1.55437,-3.44737997627259
1.554375,-3.44858452617257
1.55438,-3.44978974986323
1.554385,-3.45099564787581
1.55439,-3.45220222074215
1.554395,-3.45340946899447
1.5544,-3.45461739316561
1.554405,-3.45582599378882
1.55441,-3.457035271398
1.554415,-3.45824522652756
1.55442,-3.45945585971226
1.554425,-3.46066717148755
1.55443,-3.46187916238943
1.554435,-3.46309183295422
1.55444,-3.46430518371897
1.554445,-3.46551921522113
1.55445,-3.46673392799869
1.554455,-3.46794932259029
1.55446,-3.46916539953485
1.554465,-3.47038215937203
1.55447,-3.471599602642
1.554475,-3.47281772988527
1.55448,-3.4740365416431
1.554485,-3.47525603845714
1.55449,-3.47647622086959
1.554495,-3.47769708942329
1.5545,-3.47891864466138
1.554505,-3.48014088712779
1.55451,-3.48136381736677
1.554515,-3.4825874359232
1.55452,-3.48381174334256
1.554525,-3.48503674017065
1.55453,-3.48626242695401
1.554535,-3.48748880423965
1.55454,-3.48871587257504
1.554545,-3.48994363250828
1.55455,-3.49117208458792
1.554555,-3.49240122936311
1.55456,-3.49363106738355
1.554565,-3.4948615991994
1.55457,-3.49609282536143
1.554575,-3.49732474642088
1.55458,-3.49855736292954
1.554585,-3.49979067543987
1.55459,-3.50102468450462
1.554595,-3.5022593906773
1.5546,-3.50349479451189
1.554605,-3.50473089656284
1.55461,-3.50596769738527
1.554615,-3.50720519753465
1.55462,-3.50844339756723
1.554625,-3.50968229803966
1.55463,-3.51092189950911
1.554635,-3.51216220253341
1.55464,-3.5134032076708
1.554645,-3.51464491548014
1.55465,-3.51588732652091
1.554655,-3.51713044135295
1.55466,-3.51837426053676
1.554665,-3.51961878463346
1.55467,-3.52086401420452
1.554675,-3.52210994981219
1.55468,-3.52335659201904
1.554685,-3.52460394138832
1.55469,-3.5258519984839
1.554695,-3.52710076386998
1.5547,-3.52835023811156
1.554705,-3.52960042177398
1.55471,-3.53085131542322
1.554715,-3.53210291962593
1.55472,-3.53335523494907
1.554725,-3.53460826196033
1.55473,-3.53586200122796
1.554735,-3.53711645332063
1.55474,-3.5383716188077
1.554745,-3.539627498259
1.55475,-3.54088409224496
1.554755,-3.54214140133659
1.55476,-3.54339942610537
1.554765,-3.54465816712347
1.55477,-3.54591762496343
1.554775,-3.54717780019854
1.55478,-3.5484386934026
1.554785,-3.54970030514983
1.55479,-3.55096263601521
1.554795,-3.55222568657422
1.5548,-3.55348945740279
1.554805,-3.55475394907756
1.55481,-3.55601916217563
1.554815,-3.55728509727474
1.55482,-3.55855175495318
1.554825,-3.5598191357897
1.55483,-3.56108724036382
1.554835,-3.56235606925541
1.55484,-3.56362562304504
1.554845,-3.56489590231385
1.55485,-3.56616690764342
1.554855,-3.56743863961606
1.55486,-3.56871109881461
1.554865,-3.56998428582234
1.55487,-3.57125820122331
1.554875,-3.57253284560192
1.55488,-3.57380821954334
1.554885,-3.57508432363326
1.55489,-3.57636115845783
1.554895,-3.57763872460394
1.5549,-3.57891702265888
1.554905,-3.58019605321063
1.55491,-3.58147581684781
1.554915,-3.58275631415942
1.55492,-3.58403754573517
1.554925,-3.58531951216538
1.55493,-3.58660221404078
1.554935,-3.58788565195288
1.55494,-3.58916982649357
1.554945,-3.59045473825549
1.55495,-3.59174038783182
1.554955,-3.59302677581621
1.55496,-3.59431390280304
1.554965,-3.59560176938713
1.55497,-3.59689037616398
1.554975,-3.59817972372971
1.55498,-3.59946981268085
1.554985,-3.60076064361468
1.55499,-3.60205221712905
1.554995,-3.60334453382225
1.555,-3.60463759429336
1.555005,-3.60593139914182
1.55501,-3.60722594896787
1.555015,-3.60852124437227
1.55502,-3.60981728595625
1.555025,-3.61111407432182
1.55503,-3.61241161007138
1.555035,-3.61370989380807
1.55504,-3.61500892613561
1.555045,-3.61630870765818
1.55505,-3.61760923898069
1.555055,-3.61891052070864
1.55506,-3.62021255344798
1.555065,-3.62151533780544
1.55507,-3.62281887438816
1.555075,-3.62412316380402
1.55508,-3.62542820666147
1.555085,-3.62673400356947
1.55509,-3.62804055513767
1.555095,-3.62934786197621
1.5551,-3.63065592469595
1.555105,-3.63196474390833
1.55511,-3.63327432022527
1.555115,-3.6345846542594
1.55512,-3.63589574662397
1.555125,-3.6372075979327
1.55513,-3.63852020880006
1.555135,-3.63983357984098
1.55514,-3.6411477116711
1.555145,-3.64246260490667
1.55515,-3.64377826016444
1.555155,-3.64509467806185
1.55516,-3.64641185921686
1.555165,-3.64772980424813
1.55517,-3.64904851377494
1.555175,-3.65036798841703
1.55518,-3.65168822879488
1.555185,-3.65300923552958
1.55519,-3.65433100924273
1.555195,-3.65565355055662
1.5552,-3.65697686009406
1.555205,-3.65830093847858
1.55521,-3.65962578633431
1.555215,-3.66095140428589
1.55522,-3.66227779295863
1.555225,-3.66360495297852
1.55523,-3.66493288497202
1.555235,-3.66626158956635
1.55524,-3.66759106738923
1.555245,-3.66892131906903
1.55525,-3.6702523452348
1.555255,-3.67158414651608
1.55526,-3.67291672354318
1.555265,-3.67425007694687
1.55527,-3.67558420735861
1.555275,-3.67691911541055
1.55528,-3.67825480173529
1.555285,-3.67959126696623
1.55529,-3.68092851173729
1.555295,-3.68226653668297
1.5553,-3.68360534243852
1.555305,-3.68494492963969
1.55531,-3.6862852989229
1.555315,-3.68762645092525
1.55532,-3.68896838628435
1.555325,-3.69031110563853
1.55533,-3.69165460962665
1.555335,-3.69299889888831
1.55534,-3.69434397406368
1.555345,-3.69568983579348
1.55535,-3.69703648471919
1.555355,-3.69838392148293
1.55536,-3.69973214672722
1.555365,-3.70108116109549
1.55537,-3.70243096523162
1.555375,-3.70378155978016
1.55538,-3.70513294538641
1.555385,-3.70648512269605
1.55539,-3.70783809235566
1.555395,-3.70919185501228
1.5554,-3.71054641131361
1.555405,-3.71190176190809
1.55541,-3.71325790744465
1.555415,-3.71461484857292
1.55542,-3.71597258594325
1.555425,-3.71733112020641
1.55543,-3.71869045201406
1.555435,-3.72005058201829
1.55544,-3.72141151087192
1.555445,-3.72277323922851
1.55545,-3.724135767742
1.555455,-3.72549909706727
1.55546,-3.72686322785954
1.555465,-3.72822816077493
1.55547,-3.7295938964701
1.555475,-3.73096043560227
1.55548,-3.73232777882945
1.555485,-3.73369592681023
1.55549,-3.7350648802038
1.555495,-3.73643463967007
1.5555,-3.73780520586952
1.555505,-3.73917657946332
1.55551,-3.74054876111337
1.555515,-3.741921751482
1.55552,-3.74329555123245
1.555525,-3.74467016102834
1.55553,-3.74604558153418
1.555535,-3.74742181341501
1.55554,-3.74879885733651
1.555545,-3.75017671396502
1.55555,-3.75155538396765
1.555555,-3.75293486801196
1.55556,-3.75431516676632
1.555565,-3.75569628089965
1.55557,-3.75707821108159
1.555575,-3.7584609579825
1.55558,-3.75984452227318
1.555585,-3.76122890462537
1.55559,-3.76261410571117
1.555595,-3.76400012620354
1.5556,-3.76538696677612
1.555605,-3.76677462810299
1.55561,-3.76816311085914
1.555615,-3.76955241572012
1.55562,-3.77094254336201
1.555625,-3.77233349446182
1.55563,-3.77372526969693
1.555635,-3.77511786974563
1.55564,-3.77651129528678
1.555645,-3.77790554699978
1.55565,-3.77930062556496
1.555655,-3.78069653166303
1.55566,-3.78209326597552
1.555665,-3.7834908291847
1.55567,-3.78488922197331
1.555675,-3.78628844502485
1.55568,-3.78768849902362
1.555685,-3.78908938465434
1.55569,-3.79049110260258
1.555695,-3.79189365355449
1.5557,-3.79329703819695
1.555705,-3.79470125721753
1.55571,-3.79610631130429
1.555715,-3.79751220114628
1.55572,-3.7989189274329
1.555725,-3.80032649085439
1.55573,-3.80173489210175
1.555735,-3.80314413186641
1.55574,-3.80455421084068
1.555745,-3.80596512971749
1.55575,-3.80737688919038
1.555755,-3.80878948995371
1.55576,-3.81020293270232
1.555765,-3.8116172181319
1.55577,-3.81303234693878
1.555775,-3.8144483198199
1.55578,-3.815865137473
1.555785,-3.81728280059633
1.55579,-3.81870130988895
1.555795,-3.82012066605068
1.5558,-3.82154086978179
1.555805,-3.82296192178342
1.55581,-3.82438382275737
1.555815,-3.82580657340601
1.55582,-3.82723017443254
1.555825,-3.82865462654074
1.55583,-3.83007993043515
1.555835,-3.831506086821
1.55584,-3.83293309640411
1.555845,-3.83436095989113
1.55585,-3.83578967798921
1.555855,-3.8372192514064
1.55586,-3.83864968085138
1.555865,-3.84008096703338
1.55587,-3.84151311066249
1.555875,-3.84294611244947
1.55588,-3.84437997310566
1.555885,-3.84581469334324
1.55589,-3.84725027387494
1.555895,-3.84868671541429
1.5559,-3.85012401867553
1.555905,-3.8515621843735
1.55591,-3.85300121322385
1.555915,-3.85444110594278
1.55592,-3.85588186324732
1.555925,-3.85732348585522
1.55593,-3.85876597448475
1.555935,-3.86020932985505
1.55594,-3.86165355268596
1.555945,-3.86309864369786
1.55595,-3.86454460361206
1.555955,-3.86599143315034
1.55596,-3.86743913303534
1.555965,-3.86888770399043
1.55597,-3.8703371467395
1.555975,-3.87178746200732
1.55598,-3.87323865051936
1.555985,-3.87469071300164
1.55599,-3.8761436501811
1.555995,-3.87759746278517
1.556,-3.87905215154215
1.556005,-3.88050771718107
1.55601,-3.88196416043147
1.556015,-3.88342148202384
1.55602,-3.88487968268917
1.556025,-3.88633876315932
1.55603,-3.88779872416685
1.556035,-3.88925956644489
1.55604,-3.89072129072742
1.556045,-3.89218389774916
1.55605,-3.89364738824541
1.556055,-3.8951117629523
1.55606,-3.89657702260655
1.556065,-3.89804316794575
1.55607,-3.89951019970818
1.556075,-3.90097811863269
1.55608,-3.90244692545907
1.556085,-3.90391662092761
1.55609,-3.90538720577946
1.556095,-3.90685868075656
1.5561,-3.90833104660131
1.556105,-3.90980430405704
1.55611,-3.91127845386784
1.556115,-3.91275349677832
1.55612,-3.91422943353403
1.556125,-3.91570626488104
1.55613,-3.91718399156635
1.556135,-3.91866261433756
1.55614,-3.92014213394297
1.556145,-3.92162255113175
1.55615,-3.92310386665361
1.556155,-3.92458608125916
1.55616,-3.92606919569968
1.556165,-3.92755321072709
1.55617,-3.92903812709415
1.556175,-3.93052394555439
1.55618,-3.93201066686191
1.556185,-3.9334982917717
1.55619,-3.93498682103933
1.556195,-3.93647625542124
1.5562,-3.93796659567464
1.556205,-3.93945784255723
1.55621,-3.94094999682773
1.556215,-3.94244305924537
1.55622,-3.9439370305703
1.556225,-3.94543191156334
1.55623,-3.94692770298593
1.556235,-3.94842440560042
1.55624,-3.94992202016992
1.556245,-3.95142054745802
1.55625,-3.95291998822937
1.556255,-3.95442034324913
1.55626,-3.95592161328328
1.556265,-3.95742379909865
1.55627,-3.95892690146261
1.556275,-3.96043092114346
1.55628,-3.96193585891006
1.556285,-3.96344171553221
1.55629,-3.96494849178036
1.556295,-3.96645618842563
1.5563,-3.96796480624006
1.556305,-3.96947434599633
1.55631,-3.97098480846782
1.556315,-3.97249619442884
1.55632,-3.9740085046542
1.556325,-3.97552173991965
1.55633,-3.97703590100173
1.556335,-3.97855098867747
1.55634,-3.98006700372499
1.556345,-3.98158394692282
1.55635,-3.98310181905051
1.556355,-3.98462062088834
1.55636,-3.98614035321713
1.556365,-3.9876610168187
1.55637,-3.98918261247552
1.556375,-3.99070514097076
1.55638,-3.99222860308855
1.556385,-3.99375299961346
1.55639,-3.99527833133112
1.556395,-3.99680459902781
1.5564,-3.99833180349048
1.556405,-3.999859945507
1.55641,-4.00138902586585
1.556415,-4.00291904535636
1.55642,-4.00445000476871
1.556425,-4.00598190489357
1.55643,-4.00751474652265
1.556435,-4.00904853044834
1.55644,-4.0105832574637
1.556445,-4.0121189283627
1.55645,-4.01365554393994
1.556455,-4.01519310499085
1.55646,-4.01673161231176
1.556465,-4.01827106669946
1.55647,-4.01981146895186
1.556475,-4.02135281986731
1.55648,-4.02289512024519
1.556485,-4.02443837088556
1.55649,-4.02598257258918
1.556495,-4.02752772615765
1.5565,-4.02907383239345
1.556505,-4.03062089209958
1.55651,-4.03216890608004
1.556515,-4.03371787513947
1.55652,-4.03526780008333
1.556525,-4.03681868171797
1.55653,-4.03837052085028
1.556535,-4.03992331828814
1.55654,-4.04147707484006
1.556545,-4.04303179131541
1.55655,-4.04458746852442
1.556555,-4.04614410727787
1.55656,-4.04770170838748
1.556565,-4.04926027266584
1.55657,-4.05081980092607
1.556575,-4.05238029398228
1.55658,-4.05394175264926
1.556585,-4.05550417774263
1.55659,-4.05706757007881
1.556595,-4.05863193047491
1.5566,-4.060197259749
1.556605,-4.06176355871968
1.55661,-4.0633308282066
1.556615,-4.06489906903009
1.55662,-4.06646828201115
1.556625,-4.06803846797179
1.55663,-4.06960962773471
1.556635,-4.07118176212326
1.55664,-4.07275487196188
1.556645,-4.0743289580755
1.55665,-4.07590402129002
1.556655,-4.07748006243212
1.55666,-4.07905708232919
1.556665,-4.08063508180949
1.55667,-4.0822140617021
1.556675,-4.08379402283671
1.55668,-4.08537496604411
1.556685,-4.08695689215558
1.55669,-4.08853980200339
1.556695,-4.09012369642058
1.5567,-4.09170857624089
1.556705,-4.09329444229904
1.55671,-4.09488129543032
1.556715,-4.09646913647098
1.55672,-4.09805796625808
1.556725,-4.09964778562938
1.55673,-4.1012385954235
1.556735,-4.10283039647992
1.55674,-4.10442318963876
1.556745,-4.10601697574113
1.55675,-4.1076117556288
1.556755,-4.10920753014443
1.55676,-4.11080430013152
1.556765,-4.11240206643421
1.55677,-4.11400082989766
1.556775,-4.11560059136763
1.55678,-4.11720135169081
1.556785,-4.11880311171481
1.55679,-4.12040587228777
1.556795,-4.12200963425884
1.5568,-4.123614398478
1.556805,-4.12522016579585
1.55681,-4.12682693706406
1.556815,-4.12843471313484
1.55682,-4.13004349486143
1.556825,-4.13165328309783
1.55683,-4.13326407869876
1.556835,-4.13487588251993
1.55684,-4.13648869541764
1.556845,-4.13810251824919
1.55685,-4.13971735187269
1.556855,-4.1413331971469
1.55686,-4.14295005493158
1.556865,-4.14456792608729
1.55687,-4.14618681147524
1.556875,-4.14780671195771
1.55688,-4.14942762839756
1.556885,-4.15104956165862
1.55689,-4.15267251260559
1.556895,-4.15429648210378
1.5569,-4.15592147101958
1.556905,-4.15754748021995
1.55691,-4.15917451057286
1.556915,-4.16080256294711
1.55692,-4.16243163821214
1.556925,-4.1640617372384
1.55693,-4.16569286089717
1.556935,-4.16732501006037
1.55694,-4.16895818560099
1.556945,-4.17059238839262
1.55695,-4.17222761930984
1.556955,-4.17386387922807
1.55696,-4.1755011690234
1.556965,-4.17713948957296
1.55697,-4.17877884175448
1.556975,-4.18041922644671
1.55698,-4.18206064452926
1.556985,-4.18370309688231
1.55699,-4.18534658438714
1.556995,-4.18699110792582
1.557,-4.18863666838111
1.557005,-4.19028326663681
1.55701,-4.19193090357734
1.557015,-4.19357958008812
1.55702,-4.19522929705543
1.557025,-4.19688005536621
1.55703,-4.19853185590843
1.557035,-4.20018469957071
1.55704,-4.20183858724267
1.557045,-4.20349351981479
1.55705,-4.2051494981782
1.557055,-4.20680652322504
1.55706,-4.20846459584834
1.557065,-4.21012371694169
1.55707,-4.21178388739986
1.557075,-4.21344510811821
1.55708,-4.2151073799931
1.557085,-4.21677070392178
1.55709,-4.21843508080207
1.557095,-4.22010051153297
1.5571,-4.22176699701407
1.557105,-4.22343453814596
1.55711,-4.22510313583012
1.557115,-4.22677279096863
1.55712,-4.22844350446467
1.557125,-4.23011527722224
1.55713,-4.23178811014604
1.557135,-4.23346200414179
1.55714,-4.23513696011589
1.557145,-4.23681297897575
1.55715,-4.23849006162968
1.557155,-4.24016820898655
1.55716,-4.24184742195642
1.557165,-4.24352770144994
1.55717,-4.24520904837883
1.557175,-4.24689146365558
1.55718,-4.24857494819342
1.557185,-4.25025950290666
1.55719,-4.25194512871032
1.557195,-4.25363182652026
1.5572,-4.25531959725338
1.557205,-4.25700844182712
1.55721,-4.2586983611601
1.557215,-4.26038935617173
1.55722,-4.26208142778207
1.557225,-4.26377457691232
1.55723,-4.26546880448435
1.557235,-4.26716411142096
1.55724,-4.2688604986459
1.557245,-4.27055796708362
1.55725,-4.27225651765951
1.557255,-4.27395615129992
1.55726,-4.27565686893189
1.557265,-4.27735867148348
1.55727,-4.27906155988348
1.557275,-4.28076553506163
1.55728,-4.28247059794862
1.557285,-4.28417674947582
1.55729,-4.28588399057562
1.557295,-4.28759232218119
1.5573,-4.28930174522658
1.557305,-4.29101226064687
1.55731,-4.2927238693777
1.557315,-4.29443657235585
1.55732,-4.29615037051899
1.557325,-4.29786526480535
1.55733,-4.29958125615445
1.557335,-4.30129834550628
1.55734,-4.30301653380202
1.557345,-4.30473582198363
1.55735,-4.30645621099383
1.557355,-4.3081777017764
1.55736,-4.30990029527583
1.557365,-4.31162399243758
1.55737,-4.31334879420808
1.557375,-4.31507470153436
1.55738,-4.31680171536462
1.557385,-4.31852983664782
1.55739,-4.32025906633375
1.557395,-4.32198940537318
1.5574,-4.32372085471767
1.557405,-4.3254534153197
1.55741,-4.32718708813275
1.557415,-4.32892187411092
1.55742,-4.33065777420944
1.557425,-4.33239478938438
1.55743,-4.33413292059248
1.557435,-4.33587216879172
1.55744,-4.33761253494061
1.557445,-4.3393540199988
1.55745,-4.3410966249268
1.557455,-4.34284035068579
1.55746,-4.34458519823818
1.557465,-4.34633116854688
1.55747,-4.34807826257604
1.557475,-4.34982648129058
1.55748,-4.35157582565613
1.557485,-4.35332629663947
1.55749,-4.35507789520818
1.557495,-4.35683062233065
1.5575,-4.35858447897632
1.557505,-4.36033946611529
1.55751,-4.36209558471879
1.557515,-4.3638528357589
1.55752,-4.36561122020839
1.557525,-4.36737073904124
1.55753,-4.36913139323203
1.557535,-4.37089318375639
1.55754,-4.37265611159094
1.557545,-4.37442017771294
1.55755,-4.37618538310071
1.557555,-4.37795172873357
1.55756,-4.37971921559146
1.557565,-4.38148784465549
1.55757,-4.3832576169074
1.557575,-4.38502853333011
1.55758,-4.38680059490734
1.557585,-4.38857380262353
1.55759,-4.39034815746435
1.557595,-4.39212366041604
1.5576,-4.39390031246597
1.557605,-4.39567811460236
1.55761,-4.39745706781426
1.557615,-4.3992371730917
1.55762,-4.40101843142565
1.557625,-4.40280084380781
1.55763,-4.40458441123099
1.557635,-4.40636913468875
1.55764,-4.40815501517566
1.557645,-4.40994205368721
1.55765,-4.41173025121963
1.557655,-4.41351960877026
1.55766,-4.4153101273372
1.557665,-4.41710180791955
1.55767,-4.41889465151735
1.557675,-4.42068865913136
1.55768,-4.42248383176345
1.557685,-4.42428017041635
1.55769,-4.42607767609361
1.557695,-4.42787634979986
1.5577,-4.42967619254041
1.557705,-4.43147720532168
1.55771,-4.433279389151
1.557715,-4.43508274503642
1.55772,-4.43688727398712
1.557725,-4.43869297701304
1.55773,-4.44049985512515
1.557735,-4.44230790933533
1.55774,-4.44411714065621
1.557745,-4.44592755010152
1.55775,-4.44773913868591
1.557755,-4.44955190742473
1.55776,-4.45136585733455
1.557765,-4.45318098943256
1.55777,-4.45499730473707
1.557775,-4.4568148042673
1.55778,-4.45863348904324
1.557785,-4.46045336008603
1.55779,-4.46227441841745
1.557795,-4.46409666506041
1.5578,-4.46592010103874
1.557805,-4.46774472737701
1.55781,-4.46957054510088
1.557815,-4.47139755523695
1.55782,-4.47322575881255
1.557825,-4.47505515685617
1.55783,-4.476885750397
1.557835,-4.47871754046531
1.55784,-4.48055052809231
1.557845,-4.48238471430995
1.55785,-4.48422010015135
1.557855,-4.4860566866503
1.55786,-4.4878944748417
1.557865,-4.4897334657614
1.55787,-4.49157366044596
1.557875,-4.49341505993307
1.55788,-4.49525766526134
1.557885,-4.49710147747016
1.55789,-4.49894649759999
1.557895,-4.50079272669207
1.5579,-4.50264016578873
1.557905,-4.50448881593323
1.55791,-4.50633867816955
1.557915,-4.50818975354287
1.55792,-4.51004204309906
1.557925,-4.51189554788507
1.55793,-4.51375026894882
1.557935,-4.51560620733895
1.55794,-4.51746336410527
1.557945,-4.5193217402984
1.55795,-4.52118133696983
1.557955,-4.52304215517217
1.55796,-4.52490419595875
1.557965,-4.52676746038398
1.55797,-4.52863194950324
1.557975,-4.53049766437263
1.55798,-4.53236460604949
1.557985,-4.53423277559172
1.55799,-4.53610217405845
1.557995,-4.53797280250975
1.558,-4.53984466200638
1.558005,-4.54171775361028
1.55801,-4.54359207838426
1.558015,-4.54546763739192
1.55802,-4.54734443169806
1.558025,-4.54922246236814
1.55803,-4.5511017304688
1.558035,-4.5529822370675
1.55804,-4.55486398323256
1.558045,-4.55674697003346
1.55805,-4.55863119854036
1.558055,-4.56051666982458
1.55806,-4.5624033849583
1.558065,-4.56429134501451
1.55807,-4.56618055106734
1.558075,-4.56807100419188
1.55808,-4.56996270546386
1.558085,-4.5718556559603
1.55809,-4.57374985675894
1.558095,-4.57564530893852
1.5581,-4.57754201357885
1.558105,-4.57943997176042
1.55811,-4.581339184565
1.558115,-4.5832396530749
1.55812,-4.58514137837369
1.558125,-4.5870443615459
1.55813,-4.58894860367667
1.558135,-4.59085410585241
1.55814,-4.59276086916047
1.558145,-4.59466889468883
1.55815,-4.59657818352681
1.558155,-4.59848873676437
1.55816,-4.60040055549256
1.558165,-4.60231364080345
1.55817,-4.60422799378984
1.558175,-4.60614361554562
1.55818,-4.60806050716571
1.558185,-4.6099786697457
1.55819,-4.61189810438244
1.558195,-4.6138188121735
1.5582,-4.61574079421748
1.558205,-4.61766405161402
1.55821,-4.61958858546352
1.558215,-4.62151439686751
1.55822,-4.62344148692829
1.558225,-4.62536985674924
1.55823,-4.62729950743475
1.558235,-4.62923044008989
1.55824,-4.63116265582094
1.558245,-4.63309615573514
1.55825,-4.63503094094039
1.558255,-4.63696701254593
1.55826,-4.63890437166155
1.558265,-4.64084301939834
1.55827,-4.64278295686817
1.558275,-4.64472418518383
1.55828,-4.6466667054592
1.558285,-4.64861051880893
1.55829,-4.65055562634874
1.558295,-4.65250202919541
1.5583,-4.65444972846634
1.558305,-4.65639872528023
1.55831,-4.65834902075658
1.558315,-4.66030061601579
1.55832,-4.66225351217932
1.558325,-4.66420771036949
1.55833,-4.66616321170962
1.558335,-4.66812001732411
1.55834,-4.67007812833798
1.558345,-4.67203754587763
1.55835,-4.67399827107
1.558355,-4.67596030504322
1.55836,-4.67792364892648
1.558365,-4.67988830384955
1.55837,-4.68185427094353
1.558375,-4.68382155134032
1.55838,-4.68579014617271
1.558385,-4.68776005657463
1.55839,-4.68973128368066
1.558395,-4.69170382862666
1.5584,-4.69367769254933
1.558405,-4.6956528765862
1.55841,-4.697629381876
1.558415,-4.69960720955807
1.55842,-4.70158636077307
1.558425,-4.70356683666249
1.55843,-4.70554863836855
1.558435,-4.70753176703478
1.55844,-4.70951622380552
1.558445,-4.71150200982589
1.55845,-4.71348912624232
1.558455,-4.71547757420184
1.55846,-4.71746735485263
1.558465,-4.71945846934393
1.55847,-4.72145091882564
1.558475,-4.72344470444887
1.55848,-4.72543982736553
1.558485,-4.72743628872859
1.55849,-4.72943408969196
1.558495,-4.73143323141043
1.5585,-4.73343371503983
1.558505,-4.73543554173699
1.55851,-4.73743871265946
1.558515,-4.7394432289661
1.55852,-4.74144909181639
1.558525,-4.74345630237097
1.55853,-4.74546486179143
1.558535,-4.7474747712402
1.55854,-4.74948603188083
1.558545,-4.75149864487761
1.55855,-4.75351261139595
1.558555,-4.75552793260232
1.55856,-4.75754460966382
1.558565,-4.75956264374877
1.55857,-4.76158203602645
1.558575,-4.76360278766684
1.55858,-4.76562489984127
1.558585,-4.76764837372164
1.55859,-4.76967321048103
1.558595,-4.77169941129353
1.5586,-4.77372697733388
1.558605,-4.77575590977822
1.55861,-4.77778620980322
1.558615,-4.77981787858677
1.55862,-4.78185091730771
1.558625,-4.78388532714564
1.55863,-4.78592110928131
1.558635,-4.7879582648964
1.55864,-4.78999679517345
1.558645,-4.79203670129612
1.55865,-4.79407798444877
1.558655,-4.79612064581697
1.55866,-4.79816468658719
1.558665,-4.8002101079467
1.55867,-4.80225691108396
1.558675,-4.80430509718811
1.55868,-4.80635466744953
1.558685,-4.80840562305948
1.55869,-4.81045796520998
1.558695,-4.81251169509422
1.5587,-4.81456681390634
1.558705,-4.81662332284125
1.55871,-4.81868122309507
1.558715,-4.82074051586462
1.55872,-4.82280120234784
1.558725,-4.82486328374369
1.55873,-4.82692676125181
1.558735,-4.82899163607313
1.55874,-4.83105790940922
1.558745,-4.83312558246282
1.55875,-4.83519465643765
1.558755,-4.83726513253813
1.55876,-4.83933701196988
1.558765,-4.84141029593947
1.55877,-4.84348498565419
1.558775,-4.84556108232259
1.55878,-4.84763858715389
1.558785,-4.84971750135845
1.55879,-4.85179782614762
1.558795,-4.85387956273345
1.5588,-4.85596271232927
1.558805,-4.85804727614905
1.55881,-4.86013325540792
1.558815,-4.86222065132199
1.55882,-4.86430946510808
1.558825,-4.8663996979842
1.55883,-4.86849135116929
1.558835,-4.87058442588304
1.55884,-4.87267892334641
1.558845,-4.87477484478091
1.55885,-4.87687219140934
1.558855,-4.8789709644554
1.55886,-4.88107116514352
1.558865,-4.88317279469939
1.55887,-4.88527585434933
1.558875,-4.88738034532085
1.55888,-4.88948626884241
1.558885,-4.89159362614322
1.55889,-4.89370241845356
1.558895,-4.89581264700476
1.5589,-4.89792431302884
1.558905,-4.90003741775908
1.55891,-4.90215196242939
1.558915,-4.9042679482749
1.55892,-4.90638537653156
1.558925,-4.90850424843618
1.55893,-4.91062456522667
1.558935,-4.91274632814191
1.55894,-4.91486953842148
1.558945,-4.91699419730628
1.55895,-4.9191203060377
1.558955,-4.92124786585842
1.55896,-4.92337687801205
1.558965,-4.92550734374294
1.55897,-4.92763926429656
1.558975,-4.92977264091915
1.55898,-4.93190747485808
1.558985,-4.93404376736165
1.55899,-4.93618151967892
1.558995,-4.93832073306002
1.559,-4.9404614087561
1.559005,-4.94260354801901
1.55901,-4.94474715210188
1.559015,-4.94689222225835
1.55902,-4.94903875974335
1.559025,-4.95118676581274
1.55903,-4.95333624172299
1.559035,-4.95548718873192
1.55904,-4.95763960809793
1.559045,-4.95979350108064
1.55905,-4.96194886894049
1.559055,-4.96410571293873
1.55906,-4.9662640343378
1.559065,-4.96842383440092
1.55907,-4.97058511439218
1.559075,-4.97274787557685
1.55908,-4.97491211922076
1.559085,-4.97707784659101
1.55909,-4.97924505895561
1.559095,-4.98141375758317
1.5591,-4.9835839437437
1.559105,-4.98575561870767
1.55911,-4.98792878374682
1.559115,-4.99010344013383
1.55912,-4.99227958914197
1.559125,-4.99445723204576
1.55913,-4.99663637012067
1.559135,-4.99881700464274
1.55914,-5.00099913688939
1.559145,-5.00318276813854
1.55915,-5.00536789966938
1.559155,-5.00755453276189
1.55916,-5.00974266869685
1.559165,-5.01193230875628
1.55917,-5.01412345422271
1.559175,-5.01631610637994
1.55918,-5.01851026651259
1.559185,-5.02070593590606
1.55919,-5.02290311584682
1.559195,-5.02510180762235
1.5592,-5.02730201252071
1.559205,-5.02950373183131
1.55921,-5.03170696684403
1.559215,-5.03391171885005
1.55922,-5.03611798914131
1.559225,-5.03832577901059
1.55923,-5.04053508975175
1.559235,-5.04274592265939
1.55924,-5.0449582790291
1.559245,-5.04717216015758
1.55925,-5.04938756734199
1.559255,-5.05160450188084
1.55926,-5.05382296507338
1.559265,-5.05604295821967
1.55927,-5.05826448262087
1.559275,-5.06048753957888
1.55928,-5.06271213039657
1.559285,-5.0649382563779
1.55929,-5.06716591882736
1.559295,-5.06939511905067
1.5593,-5.07162585835425
1.559305,-5.07385813804552
1.55931,-5.07609195943294
1.559315,-5.07832732382549
1.55932,-5.08056423253344
1.559325,-5.08280268686785
1.55933,-5.08504268814043
1.559335,-5.08728423766422
1.55934,-5.08952733675276
1.559345,-5.09177198672068
1.55935,-5.09401818888363
1.559355,-5.09626594455779
1.55936,-5.09851525506068
1.559365,-5.10076612171029
1.55937,-5.10301854582573
1.559375,-5.10527252872714
1.55938,-5.10752807173517
1.559385,-5.10978517617162
1.55939,-5.11204384335928
1.559395,-5.11430407462147
1.5594,-5.11656587128273
1.559405,-5.11882923466828
1.55941,-5.12109416610433
1.559415,-5.12336066691804
1.55942,-5.12562873843715
1.559425,-5.12789838199074
1.55943,-5.13016959890831
1.559435,-5.13244239052049
1.55944,-5.13471675815893
1.559445,-5.13699270315576
1.55945,-5.13927022684428
1.559455,-5.14154933055865
1.55946,-5.14383001563374
1.559465,-5.14611228340554
1.55947,-5.14839613521059
1.559475,-5.15068157238658
1.55948,-5.152968596272
1.559485,-5.1552572082061
1.55949,-5.1575474095292
1.559495,-5.15983920158221
1.5595,-5.1621325857071
1.559505,-5.16442756324682
1.55951,-5.16672413554484
1.559515,-5.16902230394575
1.55952,-5.17132206979502
1.559525,-5.17362343443873
1.55953,-5.1759263992241
1.559535,-5.17823096549901
1.55954,-5.18053713461232
1.559545,-5.18284490791377
1.55955,-5.18515428675374
1.559555,-5.18746527248375
1.55956,-5.18977786645584
1.559565,-5.19209207002324
1.55957,-5.19440788453992
1.559575,-5.19672531136051
1.55958,-5.19904435184069
1.559585,-5.20136500733702
1.55959,-5.20368727920665
1.559595,-5.20601116880789
1.5596,-5.20833667749958
1.559605,-5.21066380664158
1.55961,-5.21299255759475
1.559615,-5.21532293172038
1.55962,-5.21765493038098
1.559625,-5.21998855493956
1.55963,-5.22232380676024
1.559635,-5.22466068720793
1.55964,-5.22699919764815
1.559645,-5.22933933944748
1.55965,-5.23168111397335
1.559655,-5.23402452259373
1.55966,-5.23636956667779
1.559665,-5.23871624759517
1.55967,-5.24106456671656
1.559675,-5.24341452541352
1.55968,-5.24576612505814
1.559685,-5.24811936702359
1.55969,-5.25047425268386
1.559695,-5.25283078341349
1.5597,-5.25518896058817
1.559705,-5.2575487855841
1.55971,-5.25991025977849
1.559715,-5.26227338454939
1.55972,-5.26463816127541
1.559725,-5.26700459133627
1.55973,-5.26937267611218
1.559735,-5.27174241698441
1.55974,-5.27411381533502
1.559745,-5.2764868725466
1.55975,-5.27886159000284
1.559755,-5.28123796908816
1.55976,-5.28361601118757
1.559765,-5.2859957176872
1.55977,-5.28837708997366
1.559775,-5.29076012943449
1.55978,-5.29314483745814
1.559785,-5.29553121543354
1.55979,-5.29791926475076
1.559795,-5.3003089868003
1.5598,-5.3027003829737
1.559805,-5.30509345466328
1.55981,-5.30748820326193
1.559815,-5.30988463016342
1.55982,-5.31228273676245
1.559825,-5.31468252445418
1.55983,-5.31708399463487
1.559835,-5.31948714870123
1.55984,-5.32189198805098
1.559845,-5.32429851408265
1.55985,-5.32670672819513
1.559855,-5.32911663178858
1.55986,-5.33152822626349
1.559865,-5.3339415130214
1.55987,-5.33635649346463
1.559875,-5.33877316899587
1.55988,-5.34119154101894
1.559885,-5.34361161093838
1.55989,-5.34603338015922
1.559895,-5.34845685008761
1.5599,-5.35088202212998
1.559905,-5.35330889769388
1.55991,-5.35573747818757
1.559915,-5.35816776501982
1.55992,-5.36059975960036
1.559925,-5.36303346333943
1.55993,-5.36546887764823
1.559935,-5.36790600393871
1.55994,-5.37034484362318
1.559945,-5.37278539811506
1.55995,-5.37522766882845
1.559955,-5.37767165717794
1.55996,-5.38011736457907
1.559965,-5.3825647924479
1.55997,-5.38501394220141
1.559975,-5.38746481525722
1.55998,-5.38991741303349
1.559985,-5.39237173694947
1.55999,-5.39482778842461
1.559995,-5.39728556887946
1.56,-5.39974507973529
1.560005,-5.40220632241366
1.56001,-5.40466929833722
1.560015,-5.40713400892932
1.56002,-5.40960045561362
1.560025,-5.41206863981493
1.56003,-5.41453856295843
1.560035,-5.41701022647007
1.56004,-5.41948363177665
1.560045,-5.42195878030539
1.56005,-5.42443567348439
1.560055,-5.42691431274227
1.56006,-5.42939469950839
1.560065,-5.43187683521293
1.56007,-5.43436072128647
1.560075,-5.43684635916039
1.56008,-5.43933375026691
1.560085,-5.44182289603848
1.56009,-5.44431379790873
1.560095,-5.44680645731142
1.5601,-5.44930087568135
1.560105,-5.45179705445399
1.56011,-5.45429499506507
1.560115,-5.45679469895147
1.56012,-5.4592961675502
1.560125,-5.46179940229934
1.56013,-5.46430440463747
1.560135,-5.46681117600368
1.56014,-5.4693197178378
1.560145,-5.47183003158046
1.56015,-5.47434211867249
1.560155,-5.47685598055586
1.56016,-5.47937161867266
1.560165,-5.481889034466
1.56017,-5.48440822937949
1.560175,-5.4869292048572
1.56018,-5.48945196234406
1.560185,-5.49197650328538
1.56019,-5.49450282912719
1.560195,-5.49703094131629
1.5602,-5.49956084129966
1.560205,-5.50209253052529
1.56021,-5.50462601044167
1.560215,-5.5071612824976
1.56022,-5.50969834814295
1.560225,-5.51223720882765
1.56023,-5.51477786600268
1.560235,-5.5173203211194
1.56024,-5.51986457562966
1.560245,-5.52241063098614
1.56025,-5.52495848864169
1.560255,-5.52750815005017
1.56026,-5.53005961666586
1.560265,-5.53261288994334
1.56027,-5.53516797133814
1.560275,-5.53772486230619
1.56028,-5.54028356430388
1.560285,-5.54284407878836
1.56029,-5.54540640721699
1.560295,-5.54797055104809
1.5603,-5.55053651174035
1.560305,-5.55310429075277
1.56031,-5.55567388954536
1.560315,-5.55824530957817
1.56032,-5.56081855231207
1.560325,-5.56339361920856
1.56033,-5.56597051172929
1.560335,-5.56854923133669
1.56034,-5.57112977949384
1.560345,-5.57371215766392
1.56035,-5.57629636731105
1.560355,-5.57888240989944
1.56036,-5.58147028689421
1.560365,-5.58405999976085
1.56037,-5.58665154996507
1.560375,-5.58924493897359
1.56038,-5.59184016825309
1.560385,-5.5944372392711
1.56039,-5.59703615349555
1.560395,-5.59963691239474
1.5604,-5.60223951743758
1.560405,-5.60484397009348
1.56041,-5.60745027183208
1.560415,-5.61005842412377
1.56042,-5.61266842843922
1.560425,-5.61528028624965
1.56043,-5.61789399902683
1.560435,-5.62050956824266
1.56044,-5.62312699536977
1.560445,-5.62574628188132
1.56045,-5.62836742925055
1.560455,-5.63099043895152
1.56046,-5.63361531245837
1.560465,-5.63624205124589
1.56047,-5.63887065678946
1.560475,-5.64150113056445
1.56048,-5.64413347404705
1.560485,-5.64676768871355
1.56049,-5.64940377604087
1.560495,-5.65204173750639
1.5605,-5.65468157458758
1.560505,-5.65732328876256
1.56051,-5.65996688150998
1.560515,-5.66261235430848
1.56052,-5.6652597086375
1.560525,-5.66790894597649
1.56053,-5.67056006780557
1.560535,-5.67321307560522
1.56054,-5.67586797085603
1.560545,-5.67852475503934
1.56055,-5.68118342963648
1.560555,-5.6838439961294
1.56056,-5.68650645600038
1.560565,-5.68917081073192
1.56057,-5.69183706180699
1.560575,-5.69450521070899
1.56058,-5.69717525892132
1.560585,-5.69984720792817
1.56059,-5.70252105921361
1.560595,-5.70519681426238
1.5606,-5.70787447455952
1.560605,-5.71055404159011
1.56061,-5.71323551683992
1.560615,-5.71591890179468
1.56062,-5.71860419794067
1.560625,-5.72129140676451
1.56063,-5.72398052975281
1.560635,-5.72667156839278
1.56064,-5.72936452417192
1.560645,-5.73205939857771
1.56065,-5.73475619309832
1.560655,-5.73745490922178
1.56066,-5.74015554843673
1.560665,-5.74285811223204
1.56067,-5.7455626020966
1.560675,-5.74826901951984
1.56068,-5.75097736599117
1.560685,-5.7536876430005
1.56069,-5.75639985203799
1.560695,-5.75911399459375
1.5607,-5.76183007215841
1.560705,-5.76454808622284
1.56071,-5.76726803827786
1.560715,-5.76998992981485
1.56072,-5.7727137623251
1.560725,-5.77543953730037
1.56073,-5.77816725623254
1.560735,-5.78089692061352
1.56074,-5.78362853193579
1.560745,-5.78636209169159
1.56075,-5.78909760137367
1.560755,-5.79183506247495
1.56076,-5.79457447648827
1.560765,-5.79731584490694
1.56077,-5.80005916922432
1.560775,-5.80280445093379
1.56078,-5.80555169152921
1.560785,-5.80830089250424
1.56079,-5.81105205535298
1.560795,-5.81380518156958
1.5608,-5.81656027264815
1.560805,-5.8193173300833
1.56081,-5.82207635536935
1.560815,-5.82483735000109
1.56082,-5.82760031547332
1.560825,-5.83036525328077
1.56083,-5.83313216491853
1.560835,-5.83590105188178
1.56084,-5.8386719156656
1.560845,-5.84144475776534
1.56085,-5.84421957967626
1.560855,-5.8469963828939
1.56086,-5.84977516891393
1.560865,-5.85255593923168
1.56087,-5.85533869534305
1.560875,-5.85812343874363
1.56088,-5.8609101709292
1.560885,-5.86369889339574
1.56089,-5.86648960763894
1.560895,-5.86928231515484
1.5609,-5.87207701743941
1.560905,-5.87487371598846
1.56091,-5.87767241229823
1.560915,-5.88047310786445
1.56092,-5.88327580418328
1.560925,-5.88608050275089
1.56093,-5.88888720506301
1.560935,-5.89169591261589
1.56094,-5.8945066269054
1.560945,-5.89731934942751
1.56095,-5.90013408167833
1.560955,-5.90295082515364
1.56096,-5.90576958134934
1.560965,-5.90859035176145
1.56097,-5.91141313788549
1.560975,-5.91423794121744
1.56098,-5.91706476325285
1.560985,-5.91989360548732
1.56099,-5.92272446941661
1.560995,-5.92555735653588
1.561,-5.92839226834075
1.561005,-5.93122920632637
1.56101,-5.93406817198793
1.561015,-5.93690916682072
1.56102,-5.93975219231942
1.561025,-5.94259724997907
1.56103,-5.94544434129445
1.561035,-5.94829346776
1.56104,-5.95114463087045
1.561045,-5.95399783211983
1.56105,-5.95685307300254
1.561055,-5.9597103550126
1.56106,-5.9625696796438
1.561065,-5.96543104838994
1.56107,-5.96829446274444
1.561075,-5.97115992420067
1.56108,-5.97402743425199
1.561085,-5.97689699439107
1.56109,-5.97976860611089
1.561095,-5.98264227090401
1.5611,-5.98551799026269
1.561105,-5.98839576567915
1.56111,-5.99127559864521
1.561115,-5.99415749065254
1.56112,-5.99704144319276
1.561125,-5.99992745775677
1.56113,-6.00281553583579
1.561135,-6.00570567892024
1.56114,-6.00859788850059
1.561145,-6.01149216606714
1.56115,-6.01438851310945
1.561155,-6.01728693111727
1.56116,-6.02018742157988
1.561165,-6.02308998598611
1.56117,-6.02599462582477
1.561175,-6.02890134258394
1.56118,-6.03181013775182
1.561185,-6.03472101281608
1.56119,-6.03763396926396
1.561195,-6.0405490085825
1.5612,-6.04346613225838
1.561205,-6.04638534177778
1.56121,-6.04930663862675
1.561215,-6.05223002429056
1.56122,-6.05515550025457
1.561225,-6.05808306800358
1.56123,-6.0610127290217
1.561235,-6.06394448479317
1.56124,-6.06687833680129
1.561245,-6.06981428652923
1.56125,-6.07275233545988
1.561255,-6.07569248507522
1.56126,-6.07863473685713
1.561265,-6.08157909228717
1.56127,-6.08452555284598
1.561275,-6.08747412001414
1.56128,-6.0904247952715
1.561285,-6.0933775800976
1.56129,-6.09633247597151
1.561295,-6.09928948437146
1.5613,-6.10224860677575
1.561305,-6.10520984466155
1.56131,-6.10817319950594
1.561315,-6.11113867278536
1.56132,-6.11410626597558
1.561325,-6.11707598055198
1.56133,-6.12004781798942
1.561335,-6.12302177976185
1.56134,-6.12599786734322
1.561345,-6.12897608220631
1.56135,-6.1319564258237
1.561355,-6.13493889966735
1.56136,-6.13792350520827
1.561365,-6.14091024391742
1.56137,-6.14389911726456
1.561375,-6.1468901267192
1.56138,-6.14988327375019
1.561385,-6.15287855982539
1.56139,-6.15587598641245
1.561395,-6.15887555497823
1.5614,-6.16187726698862
1.561405,-6.16488112390926
1.56141,-6.16788712720469
1.561415,-6.17089527833906
1.56142,-6.17390557877575
1.561425,-6.17691802997727
1.56143,-6.17993263340568
1.561435,-6.1829493905219
1.56144,-6.18596830278647
1.561445,-6.18898937165914
1.56145,-6.19201259859859
1.561455,-6.19503798506306
1.56146,-6.19806553250999
1.561465,-6.20109524239566
1.56147,-6.20412711617617
1.561475,-6.20716115530617
1.56148,-6.2101973612399
1.561485,-6.21323573543079
1.56149,-6.21627627933106
1.561495,-6.21931899439257
1.5615,-6.22236388206585
1.561505,-6.22541094380092
1.56151,-6.22846018104691
1.561515,-6.23151159525175
1.56152,-6.23456518786279
1.561525,-6.23762096032648
1.56153,-6.24067891408804
1.561535,-6.24373905059222
1.56154,-6.24680137128235
1.561545,-6.24986587760119
1.56155,-6.25293257099055
1.561555,-6.2560014528909
1.56156,-6.25907252474225
1.561565,-6.26214578798313
1.56157,-6.26522124405143
1.561575,-6.26829889438405
1.56158,-6.27137874041653
1.561585,-6.27446078358372
1.56159,-6.27754502531945
1.561595,-6.28063146705618
1.5616,-6.28372011022573
1.561605,-6.28681095625845
1.56161,-6.28990400658393
1.561615,-6.29299926263067
1.56162,-6.29609672582583
1.561625,-6.29919639759571
1.56163,-6.30229827936523
1.561635,-6.30540237255847
1.56164,-6.30850867859836
1.561645,-6.31161719890636
1.56165,-6.3147279349031
1.561655,-6.31784088800805
1.56166,-6.32095605963916
1.561665,-6.32407345121369
1.56167,-6.3271930641471
1.561675,-6.33031489985412
1.56168,-6.33343895974822
1.561685,-6.3365652452413
1.56169,-6.33969375774445
1.561695,-6.34282449866706
1.5617,-6.34595746941765
1.561705,-6.34909267140331
1.56171,-6.35223010602964
1.561715,-6.35536977470124
1.56172,-6.3585116788214
1.561725,-6.3616558197918
1.56173,-6.36480219901307
1.561735,-6.3679508178842
1.56174,-6.37110167780314
1.561745,-6.37425478016642
1.56175,-6.37741012636895
1.561755,-6.38056771780451
1.56176,-6.3837275558652
1.561765,-6.38688964194199
1.56177,-6.39005397742447
1.561775,-6.39322056370028
1.56178,-6.39638940215614
1.561785,-6.39956049417722
1.56179,-6.40273384114696
1.561795,-6.40590944444758
1.5618,-6.40908730545953
1.561805,-6.41226742556201
1.56181,-6.41544980613277
1.561815,-6.41863444854753
1.56182,-6.42182135418105
1.561825,-6.4250105244061
1.56183,-6.42820196059404
1.561835,-6.43139566411483
1.56184,-6.43459163633646
1.561845,-6.43778987862552
1.56185,-6.44099039234712
1.561855,-6.44419317886441
1.56186,-6.44739823953917
1.561865,-6.45060557573123
1.56187,-6.4538151887991
1.561875,-6.45702708009941
1.56188,-6.46024125098697
1.561885,-6.46345770281528
1.56189,-6.46667643693552
1.561895,-6.46989745469763
1.5619,-6.4731207574498
1.561905,-6.47634634653797
1.56191,-6.47957422330684
1.561915,-6.48280438909911
1.56192,-6.48603684525549
1.561925,-6.48927159311535
1.56193,-6.49250863401559
1.561935,-6.49574796929184
1.56194,-6.49898960027764
1.561945,-6.50223352830449
1.56195,-6.50547975470237
1.561955,-6.50872828079914
1.56196,-6.5119791079207
1.561965,-6.5152322373912
1.56197,-6.51848767053264
1.561975,-6.52174540866518
1.56198,-6.52500545310728
1.561985,-6.52826780517477
1.56199,-6.53153246618224
1.561995,-6.53479943744155
1.562,-6.53806872026313
1.562005,-6.54134031595512
1.56201,-6.54461422582351
1.562015,-6.54789045117234
1.56202,-6.55116899330379
1.562025,-6.55444985351738
1.56203,-6.55773303311121
1.562035,-6.56101853338056
1.56204,-6.56430635561915
1.562045,-6.56759650111832
1.56205,-6.57088897116713
1.562055,-6.57418376705269
1.56206,-6.57748089005966
1.562065,-6.58078034147063
1.56207,-6.58408212256619
1.562075,-6.58738623462416
1.56208,-6.59069267892045
1.562085,-6.59400145672888
1.56209,-6.5973125693204
1.562095,-6.60062601796435
1.5621,-6.60394180392712
1.562105,-6.60725992847312
1.56211,-6.61058039286456
1.562115,-6.61390319836075
1.56212,-6.61722834621927
1.562125,-6.6205558376947
1.56213,-6.62388567403955
1.562135,-6.62721785650408
1.56214,-6.63055238633557
1.562145,-6.63388926477922
1.56215,-6.63722849307789
1.562155,-6.64057007247147
1.56216,-6.64391400419778
1.562165,-6.64726028949185
1.56217,-6.65060892958634
1.562175,-6.65395992571133
1.56218,-6.6573132790942
1.562185,-6.66066899096
1.56219,-6.66402706253074
1.562195,-6.6673874950263
1.5622,-6.67075028966379
1.562205,-6.67411544765728
1.56221,-6.67748297021873
1.562215,-6.68085285855723
1.56222,-6.68422511387884
1.562225,-6.68759973738738
1.56223,-6.69097673028357
1.562235,-6.6943560937656
1.56224,-6.69773782902894
1.562245,-6.70112193726585
1.56225,-6.70450841966644
1.562255,-6.70789727741735
1.56226,-6.7112885117028
1.562265,-6.7146821237041
1.56227,-6.71807811459949
1.562275,-6.72147648556451
1.56228,-6.72487723777185
1.562285,-6.72828037239093
1.56229,-6.73168589058861
1.562295,-6.73509379352854
1.5623,-6.73850408237152
1.562305,-6.74191675827545
1.56231,-6.74533182239484
1.562315,-6.74874927588159
1.56232,-6.75216911988426
1.562325,-6.7555913555485
1.56233,-6.75901598401695
1.562335,-6.76244300642877
1.56234,-6.76587242392039
1.562345,-6.76930423762506
1.56235,-6.77273844867247
1.562355,-6.77617505818978
1.56236,-6.77961406730031
1.562365,-6.78305547712457
1.56237,-6.78649928877983
1.562375,-6.78994550337978
1.56238,-6.79339412203526
1.562385,-6.79684514585341
1.56239,-6.80029857593835
1.562395,-6.80375441339086
1.5624,-6.80721265930816
1.562405,-6.81067331478431
1.56241,-6.81413638091003
1.562415,-6.81760185877227
1.56242,-6.82106974945503
1.562425,-6.82454005403841
1.56243,-6.82801277359936
1.562435,-6.8314879092114
1.56244,-6.83496546194413
1.562445,-6.83844543286416
1.56245,-6.84192782303404
1.562455,-6.84541263351311
1.56246,-6.84889986535717
1.562465,-6.85238951961801
1.56247,-6.85588159734417
1.562475,-6.85937609958057
1.56248,-6.86287302736805
1.562485,-6.86637238174431
1.56249,-6.86987416374282
1.562495,-6.8733783743937
1.5625,-6.87688501472331
1.562505,-6.8803940857539
1.56251,-6.8839055885044
1.562515,-6.88741952398946
1.56252,-6.89093589322025
1.562525,-6.89445469720409
1.56253,-6.89797593694407
1.562535,-6.90149961343976
1.56254,-6.90502572768679
1.562545,-6.90855428067657
1.56255,-6.91208527339685
1.562555,-6.91561870683109
1.56256,-6.91915458195908
1.562565,-6.92269289975656
1.56257,-6.92623366119485
1.562575,-6.92977686724175
1.56258,-6.93332251886042
1.562585,-6.93687061701031
1.56259,-6.94042116264674
1.562595,-6.94397415672056
1.5626,-6.94752960017863
1.562605,-6.95108749396379
1.56261,-6.95464783901425
1.562615,-6.95821063626445
1.56262,-6.96177588664408
1.562625,-6.96534359107898
1.56263,-6.96891375049048
1.562635,-6.97248636579539
1.56264,-6.97606143790662
1.562645,-6.97963896773218
1.56265,-6.98321895617608
1.562655,-6.98680140413792
1.56266,-6.99038631251235
1.562665,-6.99397368219006
1.56267,-6.99756351405721
1.562675,-7.00115580899506
1.56268,-7.00475056788089
1.562685,-7.00834779158672
1.56269,-7.01194748098057
1.562695,-7.01554963692575
1.5627,-7.01915426028064
1.562705,-7.02276135189915
1.56271,-7.02637091263069
1.562715,-7.02998294331951
1.56272,-7.0335974448057
1.562725,-7.03721441792393
1.56273,-7.04083386350461
1.562735,-7.04445578237336
1.56274,-7.04808017535042
1.562745,-7.05170704325185
1.56275,-7.05533638688826
1.562755,-7.05896820706582
1.56276,-7.06260250458555
1.562765,-7.06623928024336
1.56277,-7.06987853483054
1.562775,-7.07352026913318
1.56278,-7.07716448393217
1.562785,-7.08081118000383
1.56279,-7.08446035811873
1.562795,-7.08811201904287
1.5628,-7.09176616353716
1.562805,-7.09542279235674
1.56281,-7.09908190625229
1.562815,-7.10274350596877
1.56282,-7.1064075922461
1.562825,-7.11007416581917
1.56283,-7.11374322741699
1.562835,-7.11741477776379
1.56284,-7.12108881757847
1.562845,-7.12476534757401
1.56285,-7.12844436845875
1.562855,-7.13212588093483
1.56286,-7.13580988569955
1.562865,-7.1394963834447
1.56287,-7.14318537485604
1.562875,-7.14687686061454
1.56288,-7.15057084139486
1.562885,-7.15426731786671
1.56289,-7.15796629069396
1.562895,-7.16166776053461
1.5629,-7.16537172804143
1.562905,-7.16907819386129
1.56291,-7.1727871586352
1.562915,-7.17649862299869
1.56292,-7.18021258758127
1.562925,-7.18392905300677
1.56293,-7.18764801989345
1.562935,-7.19136948885306
1.56294,-7.19509346049225
1.562945,-7.19881993541098
1.56295,-7.20254891420392
1.562955,-7.20628039745949
1.56296,-7.21001438575999
1.562965,-7.21375087968185
1.56297,-7.21748987979566
1.562975,-7.22123138666536
1.56298,-7.2249754008493
1.562985,-7.22872192289937
1.56299,-7.23247095336138
1.562995,-7.23622249277524
1.563,-7.23997654167395
1.563005,-7.24373310058504
1.56301,-7.24749217002897
1.563015,-7.25125375052054
1.56302,-7.25501784256799
1.563025,-7.25878444667278
1.56303,-7.26255356333058
1.563035,-7.26632519303033
1.56304,-7.27009933625438
1.563045,-7.27387599347891
1.56305,-7.27765516517304
1.563055,-7.28143685179992
1.56306,-7.2852210538159
1.563065,-7.28900777167034
1.56307,-7.29279700580665
1.563075,-7.29658875666076
1.56308,-7.30038302466256
1.563085,-7.304179810235
1.56309,-7.30797911379383
1.563095,-7.31178093574861
1.5631,-7.31558527650185
1.563105,-7.31939213644885
1.56311,-7.32320151597849
1.563115,-7.32701341547238
1.56312,-7.33082783530533
1.563125,-7.33464477584518
1.56313,-7.33846423745255
1.563135,-7.34228622048131
1.56314,-7.34611072527768
1.563145,-7.3499377521814
1.56315,-7.3537673015248
1.563155,-7.35759937363274
1.56316,-7.36143396882313
1.563165,-7.36527108740685
1.56317,-7.36911072968689
1.563175,-7.3729528959595
1.56318,-7.37679758651299
1.563185,-7.38064480162886
1.56319,-7.38449454158099
1.563195,-7.38834680663548
1.5632,-7.39220159705147
1.563205,-7.39605891307996
1.56321,-7.39991875496498
1.563215,-7.40378112294282
1.56322,-7.40764601724175
1.563225,-7.4115134380828
1.56323,-7.41538338567926
1.563235,-7.41925586023644
1.56324,-7.42313086195228
1.563245,-7.42700839101639
1.56325,-7.43088844761099
1.563255,-7.43477103191036
1.56326,-7.43865614408065
1.563265,-7.44254378428043
1.56327,-7.44643395265981
1.563275,-7.45032664936132
1.56328,-7.45422187451941
1.563285,-7.45811962826006
1.56329,-7.46201991070156
1.563295,-7.46592272195394
1.5633,-7.46982806211886
1.563305,-7.47373593129011
1.56331,-7.47764632955272
1.563315,-7.48155925698384
1.56332,-7.48547471365229
1.563325,-7.48939269961812
1.56333,-7.4933132149335
1.563335,-7.49723625964162
1.56334,-7.5011618337776
1.563345,-7.50508993736806
1.56335,-7.50902057043064
1.563355,-7.5129537329748
1.56336,-7.5168894250013
1.563365,-7.52082764650206
1.56337,-7.52476839746059
1.563375,-7.52871167785122
1.56338,-7.5326574876399
1.563385,-7.53660582678377
1.56339,-7.54055669523068
1.563395,-7.54451009292018
1.5634,-7.5484660197823
1.563405,-7.55242447573853
1.56341,-7.55638546070137
1.563415,-7.56034897457383
1.56342,-7.56431501725025
1.563425,-7.56828358861588
1.56343,-7.57225468854637
1.563435,-7.57622831690872
1.56344,-7.58020447356021
1.563445,-7.58418315834905
1.56345,-7.58816437111432
1.563455,-7.59214811168529
1.56346,-7.59613437988223
1.563465,-7.60012317551594
1.56347,-7.60411449838739
1.563475,-7.60810834828853
1.56348,-7.61210472500121
1.563485,-7.61610362829812
1.56349,-7.62010505794228
1.563495,-7.62410901368664
1.5635,-7.62811549527496
1.563505,-7.63212450244076
1.56351,-7.63613603490797
1.563515,-7.64015009239089
1.56352,-7.64416667459342
1.563525,-7.64818578120998
1.56353,-7.65220741192501
1.563535,-7.65623156641254
1.56354,-7.66025824433714
1.563545,-7.66428744535254
1.56355,-7.66831916910296
1.563555,-7.67235341522238
1.56356,-7.67639018333414
1.563565,-7.68042947305185
1.56357,-7.68447128397837
1.563575,-7.68851561570638
1.56358,-7.6925624678184
1.563585,-7.69661183988604
1.56359,-7.70066373147082
1.563595,-7.70471814212385
1.5636,-7.70877507138499
1.563605,-7.71283451878435
1.56361,-7.71689648384066
1.563615,-7.72096096606246
1.56362,-7.72502796494758
1.563625,-7.72909747998245
1.56363,-7.73316951064342
1.563635,-7.73724405639539
1.56364,-7.74132111669281
1.563645,-7.74540069097894
1.56365,-7.74948277868585
1.563655,-7.75356737923491
1.56366,-7.75765449203648
1.563665,-7.76174411648912
1.56367,-7.765836251981
1.563675,-7.7699308978885
1.56368,-7.77402805357693
1.563685,-7.7781277184005
1.56369,-7.78222989170162
1.563695,-7.78633457281163
1.5637,-7.79044176105011
1.563705,-7.79455145572553
1.56371,-7.79866365613456
1.563715,-7.80277836156213
1.56372,-7.80689557128192
1.563725,-7.81101528455571
1.56373,-7.81513750063332
1.563735,-7.81926221875338
1.56374,-7.8233894381419
1.563745,-7.82751915801363
1.56375,-7.83165137757144
1.563755,-7.83578609600555
1.56376,-7.83992331249503
1.563765,-7.84406302620603
1.56377,-7.84820523629321
1.563775,-7.85234994189911
1.56378,-7.85649714215335
1.563785,-7.86064683617406
1.56379,-7.86479902306676
1.563795,-7.86895370192439
1.5638,-7.87311087182806
1.563805,-7.87727053184566
1.56381,-7.88143268103325
1.563815,-7.88559731843409
1.56382,-7.88976444307869
1.563825,-7.89393405398517
1.56383,-7.89810615015869
1.563835,-7.90228073059178
1.56384,-7.90645779426442
1.563845,-7.91063734014326
1.56385,-7.91481936718232
1.563855,-7.91900387432291
1.56386,-7.92319086049265
1.563865,-7.92738032460695
1.56387,-7.93157226556728
1.563875,-7.93576668226265
1.56388,-7.9399635735686
1.563885,-7.94416293834725
1.56389,-7.94836477544771
1.563895,-7.95256908370547
1.5639,-7.95677586194278
1.563905,-7.96098510896846
1.56391,-7.9651968235776
1.563915,-7.96941100455185
1.56392,-7.97362765065955
1.563925,-7.97784676065465
1.56393,-7.98206833327823
1.563935,-7.98629236725673
1.56394,-7.99051886130351
1.563945,-7.9947478141178
1.56395,-7.9989792243845
1.563955,-8.00321309077527
1.56396,-8.00744941194691
1.563965,-8.01168818654283
1.56397,-8.01592941319207
1.563975,-8.02017309050907
1.56398,-8.02441921709462
1.563985,-8.02866779153501
1.56399,-8.03291881240174
1.563995,-8.03717227825269
1.564,-8.04142818763036
1.564005,-8.04568653906351
1.56401,-8.04994733106608
1.564015,-8.05421056213691
1.56402,-8.05847623076099
1.564025,-8.06274433540774
1.56403,-8.06701487453223
1.564035,-8.07128784657489
1.56404,-8.07556324996058
1.564045,-8.0798410830997
1.56405,-8.08412134438757
1.564055,-8.08840403220417
1.56406,-8.09268914491479
1.564065,-8.09697668086884
1.56407,-8.10126663840124
1.564075,-8.10555901583132
1.56408,-8.10985381146269
1.564085,-8.1141510235841
1.56409,-8.11845065046841
1.564095,-8.12275269037317
1.5641,-8.12705714154045
1.564105,-8.13136400219612
1.56411,-8.13567327055103
1.564115,-8.13998494480004
1.56412,-8.14429902312182
1.564125,-8.14861550367967
1.56413,-8.15293438462059
1.564135,-8.15725566407582
1.56414,-8.1615793401606
1.564145,-8.16590541097361
1.56415,-8.17023387459776
1.564155,-8.17456472909992
1.56416,-8.17889797253002
1.564165,-8.18323360292231
1.56417,-8.18757161829401
1.564175,-8.19191201664635
1.56418,-8.19625479596396
1.564185,-8.20059995421462
1.56419,-8.2049474893499
1.564195,-8.20929739930408
1.5642,-8.21364968199515
1.564205,-8.21800433532426
1.56421,-8.22236135717522
1.564215,-8.2267207454153
1.56422,-8.23108249789494
1.564225,-8.23544661244685
1.56423,-8.23981308688729
1.564235,-8.24418191901472
1.56424,-8.24855310661079
1.564245,-8.25292664743984
1.56425,-8.25730253924838
1.564255,-8.26168077976609
1.56426,-8.26606136670452
1.564265,-8.27044429775806
1.56427,-8.27482957060368
1.564275,-8.27921718289998
1.56428,-8.28360713228836
1.564285,-8.28799941639238
1.56429,-8.29239403281729
1.564295,-8.29679097915098
1.5643,-8.30119025296275
1.564305,-8.30559185180427
1.56431,-8.30999577320911
1.564315,-8.31440201469214
1.56432,-8.31881057375063
1.564325,-8.3232214478629
1.56433,-8.32763463448932
1.564335,-8.33205013107185
1.56434,-8.33646793503343
1.564345,-8.34088804377892
1.56435,-8.34531045469452
1.564355,-8.34973516514725
1.56436,-8.354162172486
1.564365,-8.35859147404017
1.56437,-8.36302306712074
1.564375,-8.36745694901973
1.56438,-8.37189311700962
1.564385,-8.37633156834447
1.56439,-8.38077230025856
1.564395,-8.38521530996724
1.5644,-8.38966059466673
1.564405,-8.39410815153339
1.56441,-8.3985579777246
1.564415,-8.40301007037824
1.56442,-8.40746442661215
1.564425,-8.41192104352518
1.56443,-8.41637991819585
1.564435,-8.42084104768337
1.56444,-8.42530442902724
1.564445,-8.42977005924629
1.56445,-8.43423793534029
1.564455,-8.43870805428827
1.56446,-8.44318041304961
1.564465,-8.44765500856353
1.56447,-8.45213183774854
1.564475,-8.45661089750337
1.56448,-8.46109218470619
1.564485,-8.46557569621444
1.56449,-8.47006142886564
1.564495,-8.47454937947605
1.5645,-8.4790395448418
1.564505,-8.48353192173837
1.56451,-8.48802650691972
1.564515,-8.49252329711984
1.56452,-8.49702228905108
1.564525,-8.50152347940526
1.56453,-8.50602686485325
1.564535,-8.510532442044
1.56454,-8.51504020760603
1.564545,-8.51955015814649
1.56455,-8.52406229025077
1.564555,-8.52857660048327
1.56456,-8.53309308538647
1.564565,-8.53761174148172
1.56457,-8.54213256526882
1.564575,-8.54665555322514
1.56458,-8.55118070180715
1.564585,-8.5557080074488
1.56459,-8.56023746656263
1.564595,-8.56476907553901
1.5646,-8.56930283074599
1.564605,-8.57383872852997
1.56461,-8.57837676521492
1.564615,-8.58291693710229
1.56462,-8.58745924047176
1.564625,-8.59200367158003
1.56463,-8.59655022666155
1.564635,-8.60109890192846
1.56464,-8.60564969356977
1.564645,-8.6102025977522
1.56465,-8.61475761061929
1.564655,-8.61931472829221
1.56466,-8.62387394686897
1.564665,-8.62843526242441
1.56467,-8.63299867101047
1.564675,-8.63756416865619
1.56468,-8.6421317513669
1.564685,-8.64670141512507
1.56469,-8.65127315588937
1.564695,-8.65584696959552
1.5647,-8.66042285215552
1.564705,-8.66500079945757
1.56471,-8.66958080736658
1.564715,-8.67416287172329
1.56472,-8.67874698834514
1.564725,-8.68333315302542
1.56473,-8.68792136153332
1.564735,-8.69251160961414
1.56474,-8.69710389298942
1.564745,-8.70169820735568
1.56475,-8.70629454838618
1.564755,-8.71089291172885
1.56476,-8.71549329300796
1.564765,-8.72009568782328
1.56477,-8.72470009174931
1.564775,-8.72930650033686
1.56478,-8.73391490911109
1.564785,-8.73852531357315
1.56479,-8.74313770919903
1.564795,-8.74775209143959
1.5648,-8.75236845572088
1.564805,-8.75698679744412
1.56481,-8.76160711198461
1.564815,-8.76622939469336
1.56482,-8.77085364089506
1.564825,-8.77547984588986
1.56483,-8.78010800495213
1.564835,-8.78473811333027
1.56484,-8.78937016624791
1.564845,-8.79400415890197
1.56485,-8.79864008646446
1.564855,-8.80327794408116
1.56486,-8.80791772687177
1.564865,-8.81255942993013
1.56487,-8.81720304832431
1.564875,-8.8218485770955
1.56488,-8.82649601125926
1.564885,-8.83114534580444
1.56489,-8.83579657569362
1.564895,-8.84044969586327
1.5649,-8.84510470122254
1.564905,-8.84976158665442
1.56491,-8.85442034701545
1.564915,-8.85908097713462
1.56492,-8.86374347181473
1.564925,-8.86840782583119
1.56493,-8.87307403393256
1.564935,-8.87774209084061
1.56494,-8.8824119912492
1.564945,-8.88708372982554
1.56495,-8.89175730120914
1.564955,-8.8964327000123
1.56496,-8.90110992081982
1.564965,-8.90578895818867
1.56497,-8.9104698066484
1.564975,-8.91515246070093
1.56498,-8.91983691481974
1.564985,-8.92452316345135
1.56499,-8.92921120101338
1.564995,-8.9339010218959
1.565,-8.93859262046107
1.565005,-8.94328599104211
1.56501,-8.94798112794466
1.565015,-8.95267802544526
1.56502,-8.95737667779274
1.565025,-8.96207707920713
1.56503,-8.96677922387944
1.565035,-8.97148310597238
1.56504,-8.97618871962018
1.565045,-8.98089605892739
1.56505,-8.98560511797044
1.565055,-8.99031589079596
1.56506,-8.99502837142225
1.565065,-8.99974255383815
1.56507,-9.00445843200287
1.565075,-9.00917599984692
1.56508,-9.01389525127066
1.565085,-9.01861618014567
1.56509,-9.02333878031373
1.565095,-9.02806304558653
1.5651,-9.03278896974653
1.565105,-9.03751654654635
1.56511,-9.04224576970816
1.565115,-9.04697663292503
1.56512,-9.05170912985905
1.565125,-9.05644325414278
1.56513,-9.06117899937853
1.565135,-9.06591635913782
1.56514,-9.07065532696245
1.565145,-9.07539589636297
1.56515,-9.08013806082019
1.565155,-9.084881813784
1.56516,-9.08962714867318
1.565165,-9.09437405887622
1.56517,-9.09912253775074
1.565175,-9.10387257862289
1.56518,-9.10862417478848
1.565185,-9.11337731951154
1.56519,-9.11813200602538
1.565195,-9.12288822753205
1.5652,-9.12764597720176
1.565205,-9.13240524817384
1.56521,-9.13716603355569
1.565215,-9.14192832642339
1.56522,-9.14669211982138
1.565225,-9.15145740676189
1.56523,-9.15622418022575
1.565235,-9.16099243316192
1.56524,-9.16576215848684
1.565245,-9.17053334908551
1.56525,-9.17530599781014
1.565255,-9.18008009748116
1.56526,-9.18485564088669
1.565265,-9.18963262078194
1.56527,-9.19441102989031
1.565275,-9.19919086090193
1.56528,-9.20397210647484
1.565285,-9.2087547592343
1.56529,-9.21353881177228
1.565295,-9.21832425664835
1.5653,-9.22311108638913
1.565305,-9.22789929348767
1.56531,-9.23268887040463
1.565315,-9.23747980956657
1.56532,-9.24227210336748
1.565325,-9.24706574416792
1.56533,-9.25186072429446
1.565335,-9.25665703604085
1.56534,-9.26145467166651
1.565345,-9.26625362339772
1.56535,-9.27105388342693
1.565355,-9.27585544391229
1.56536,-9.28065829697846
1.565365,-9.28546243471624
1.56537,-9.29026784918152
1.565375,-9.29507453239697
1.56538,-9.29988247635026
1.565385,-9.30469167299521
1.56539,-9.30950211425124
1.565395,-9.31431379200278
1.5654,-9.31912669810043
1.565405,-9.32394082435924
1.56541,-9.32875616256026
1.565415,-9.3335727044497
1.56542,-9.33839044173831
1.565425,-9.34320936610242
1.56543,-9.34802946918341
1.565435,-9.35285074258675
1.56544,-9.35767317788367
1.565445,-9.36249676660933
1.56545,-9.36732150026405
1.565455,-9.37214737031282
1.56546,-9.37697436818432
1.565465,-9.38180248527259
1.56547,-9.38663171293525
1.565475,-9.39146204249465
1.56548,-9.39629346523742
1.565485,-9.40112597241353
1.56549,-9.40595955523773
1.565495,-9.41079420488862
1.5655,-9.41562991250824
1.565505,-9.42046666920286
1.56551,-9.42530446604203
1.565515,-9.43014329405944
1.56552,-9.4349831442521
1.565525,-9.43982400758023
1.56553,-9.44466587496808
1.565535,-9.4495087373026
1.56554,-9.45435258543427
1.565545,-9.45919741017702
1.56555,-9.46404320230734
1.565555,-9.46888995256504
1.56556,-9.47373765165311
1.565565,-9.47858629023693
1.56557,-9.4834358589451
1.565575,-9.48828634836852
1.56558,-9.49313774906126
1.565585,-9.49799005153972
1.56559,-9.50284324628256
1.565595,-9.50769732373153
1.5656,-9.51255227428982
1.565605,-9.51740808832375
1.56561,-9.52226475616152
1.565615,-9.52712226809322
1.56562,-9.53198061437149
1.565625,-9.53683978521074
1.56563,-9.54169977078704
1.565635,-9.54656056123897
1.56564,-9.55142214666598
1.565645,-9.55628451713007
1.56565,-9.56114766265452
1.565655,-9.56601157322402
1.56566,-9.57087623878491
1.565665,-9.57574164924523
1.56567,-9.58060779447383
1.565675,-9.58547466430129
1.56568,-9.59034224851906
1.565685,-9.59521053687989
1.56569,-9.60007951909795
1.565695,-9.60494918484755
1.5657,-9.609819523765
1.565705,-9.61469052544639
1.56571,-9.6195621794495
1.565715,-9.62443447529248
1.56572,-9.629307402454
1.565725,-9.63418095037346
1.56573,-9.63905510845116
1.565735,-9.64392986604696
1.56574,-9.64880521248218
1.565745,-9.65368113703743
1.56575,-9.65855762895444
1.565755,-9.66343467743478
1.56576,-9.66831227163999
1.565765,-9.673190400692
1.56577,-9.67806905367243
1.565775,-9.68294821962308
1.56578,-9.68782788754558
1.565785,-9.69270804640118
1.56579,-9.69758868511101
1.565795,-9.70246979255621
1.5658,-9.70735135757671
1.565805,-9.712233368973
1.56581,-9.71711581550416
1.565815,-9.72199868588917
1.56582,-9.72688196880667
1.565825,-9.73176565289375
1.56583,-9.73664972674776
1.565835,-9.74153417892433
1.56584,-9.7464189979387
1.565845,-9.75130417226547
1.56585,-9.75618969033744
1.565855,-9.76107554054693
1.56586,-9.76596171124536
1.565865,-9.77084819074217
1.56587,-9.7757349673066
1.565875,-9.78062202916565
1.56588,-9.78550936450551
1.565885,-9.79039696147127
1.56589,-9.79528480816575
1.565895,-9.80017289265108
1.5659,-9.80506120294704
1.565905,-9.80994972703259
1.56591,-9.81483845284477
1.565915,-9.81972736827838
1.56592,-9.8246164611872
1.565925,-9.82950571938298
1.56593,-9.83439513063512
1.565935,-9.83928468267174
1.56594,-9.84417436317849
1.565945,-9.84906415979932
1.56595,-9.85395406013605
1.565955,-9.85884405174813
1.56596,-9.86373412215328
1.565965,-9.86862425882637
1.56597,-9.87351444920052
1.565975,-9.87840468066644
1.56598,-9.88329494057222
1.565985,-9.88818521622378
1.56599,-9.89307549488467
1.565995,-9.89796576377534
1.566,-9.90285601007463
1.566005,-9.90774622091781
1.56601,-9.91263638339816
1.566015,-9.91752648456623
1.56602,-9.92241651142927
1.566025,-9.92730645095269
1.56603,-9.93219629005815
1.566035,-9.93708601562506
1.56604,-9.94197561448992
1.566045,-9.94686507344581
1.56605,-9.95175437924333
1.566055,-9.95664351859
1.56606,-9.96153247815
1.566065,-9.96642124454489
1.56607,-9.9713098043525
1.566075,-9.97619814410797
1.56608,-9.98108625030329
1.566085,-9.98597410938669
1.56609,-9.99086170776381
1.566095,-9.99574903179622
1.5661,-10.0006360678029
1.566105,-10.0055228020593
1.56611,-10.010409220797
1.566115,-10.0152953102045
1.56612,-10.0201810564271
1.566125,-10.025066445566
1.56613,-10.0299514636794
1.566135,-10.0348360967815
1.56614,-10.0397203308433
1.566145,-10.0446041517923
1.56615,-10.0494875455117
1.566155,-10.0543704978419
1.56616,-10.0592529945788
1.566165,-10.0641350214752
1.56617,-10.0690165642401
1.566175,-10.0738976085382
1.56618,-10.0787781399911
1.566185,-10.0836581441764
1.56619,-10.0885376066275
1.566195,-10.0934165128347
1.5662,-10.0982948482434
1.566205,-10.1031725982562
1.56621,-10.1080497482313
1.566215,-10.1129262834828
1.56622,-10.1178021892814
1.566225,-10.1226774508531
1.56623,-10.1275520533807
1.566235,-10.1324259820028
1.56624,-10.1372992218136
1.566245,-10.1421717578639
1.56625,-10.1470435751602
1.566255,-10.1519146586648
1.56626,-10.1567849932964
1.566265,-10.1616545639292
1.56627,-10.1665233553937
1.566275,-10.1713913524763
1.56628,-10.176258539919
1.566285,-10.1811249024203
1.56629,-10.1859904246339
1.566295,-10.1908550911702
1.5663,-10.1957188865951
1.566305,-10.2005817954303
1.56631,-10.2054438021537
1.566315,-10.2103048911992
1.56632,-10.215165046956
1.566325,-10.22002425377
1.56633,-10.2248824959423
1.566335,-10.2297397577304
1.56634,-10.2345960233479
1.566345,-10.2394512769637
1.56635,-10.2443055027032
1.566355,-10.2491586846471
1.56636,-10.2540108068327
1.566365,-10.2588618532533
1.56637,-10.2637118078574
1.566375,-10.2685606545502
1.56638,-10.2734083771929
1.566385,-10.2782549596019
1.56639,-10.2831003855508
1.566395,-10.2879446387681
1.5664,-10.2927877029391
1.566405,-10.297629561705
1.56641,-10.3024701986627
1.566415,-10.3073095973658
1.56642,-10.3121477413238
1.566425,-10.3169846140019
1.56643,-10.3218201988222
1.566435,-10.3266544791623
1.56644,-10.3314874383564
1.566445,-10.3363190596952
1.56645,-10.3411493264247
1.566455,-10.3459782217485
1.56646,-10.3508057288252
1.566465,-10.3556318307705
1.56647,-10.3604565106567
1.566475,-10.3652797515116
1.56648,-10.3701015363203
1.566485,-10.3749218480242
1.56649,-10.3797406695205
1.566495,-10.384557983664
1.5665,-10.3893737732652
1.566505,-10.3941880210916
1.56651,-10.3990007098677
1.566515,-10.4038118222739
1.56652,-10.408621340948
1.566525,-10.4134292484841
1.56653,-10.4182355274336
1.566535,-10.4230401603044
1.56654,-10.4278431295614
1.566545,-10.4326444176265
1.56655,-10.4374440068787
1.566555,-10.4422418796538
1.56656,-10.447038018245
1.566565,-10.4518324049023
1.56657,-10.4566250218333
1.566575,-10.4614158512027
1.56658,-10.4662048751325
1.566585,-10.4709920757021
1.56659,-10.4757774349482
1.566595,-10.4805609348652
1.5666,-10.4853425574052
1.566605,-10.4901222844773
1.56661,-10.4949000979489
1.566615,-10.4996759796452
1.56662,-10.5044499113484
1.566625,-10.5092218747996
1.56663,-10.513991851697
1.566635,-10.5187598236974
1.56664,-10.5235257724155
1.566645,-10.528289679424
1.56665,-10.533051526254
1.566655,-10.5378112943948
1.56666,-10.5425689652942
1.566665,-10.5473245203586
1.56667,-10.5520779409524
1.566675,-10.5568292083992
1.56668,-10.5615783039811
1.566685,-10.5663252089388
1.56669,-10.5710699044722
1.566695,-10.5758123717397
1.5667,-10.5805525918592
1.566705,-10.5852905459076
1.56671,-10.5900262149208
1.566715,-10.5947595798943
1.56672,-10.5994906217827
1.566725,-10.6042193215002
1.56673,-10.6089456599212
1.566735,-10.6136696178786
1.56674,-10.6183911761659
1.566745,-10.6231103155367
1.56675,-10.6278270167035
1.566755,-10.6325412603403
1.56676,-10.63725302708
1.566765,-10.6419622975165
1.56677,-10.6466690522044
1.566775,-10.6513732716578
1.56678,-10.6560749363524
1.566785,-10.660774026724
1.56679,-10.6654705231696
1.566795,-10.6701644060471
1.5668,-10.6748556556752
1.566805,-10.6795442523342
1.56681,-10.6842301762656
1.566815,-10.6889134076721
1.56682,-10.6935939267183
1.566825,-10.6982717135298
1.56683,-10.702946748195
1.566835,-10.7076190107637
1.56684,-10.7122884812474
1.566845,-10.7169551396206
1.56685,-10.7216189658192
1.566855,-10.7262799397424
1.56686,-10.7309380412514
1.566865,-10.7355932501704
1.56687,-10.7402455462863
1.566875,-10.7448949093493
1.56688,-10.7495413190721
1.566885,-10.7541847551316
1.56689,-10.7588251971671
1.566895,-10.7634626247821
1.5669,-10.768097017544
1.566905,-10.7727283549833
1.56691,-10.7773566165953
1.566915,-10.7819817818387
1.56692,-10.7866038301372
1.566925,-10.7912227408788
1.56693,-10.7958384934158
1.566935,-10.8004510670655
1.56694,-10.8050604411104
1.566945,-10.8096665947974
1.56695,-10.8142695073397
1.566955,-10.8188691579149
1.56696,-10.8234655256667
1.566965,-10.8280585897049
1.56697,-10.8326483291044
1.566975,-10.8372347229069
1.56698,-10.84181775012
1.566985,-10.8463973897181
1.56699,-10.850973620642
1.566995,-10.8555464217993
1.567,-10.8601157720645
1.567005,-10.8646816502798
1.56701,-10.869244035254
1.567015,-10.873802905764
1.56702,-10.8783582405542
1.567025,-10.8829100183369
1.56703,-10.8874582177927
1.567035,-10.8920028175702
1.56704,-10.8965437962869
1.567045,-10.9010811325284
1.56705,-10.9056148048497
1.567055,-10.9101447917749
1.56706,-10.9146710717968
1.567065,-10.9191936233784
1.56707,-10.923712424952
1.567075,-10.9282274549196
1.56708,-10.9327386916541
1.567085,-10.9372461134976
1.56709,-10.9417496987635
1.567095,-10.946249425736
1.5671,-10.9507452726697
1.567105,-10.9552372177907
1.56711,-10.9597252392965
1.567115,-10.9642093153561
1.56712,-10.9686894241105
1.567125,-10.9731655436724
1.56713,-10.9776376521271
1.567135,-10.9821057275325
1.56714,-10.9865697479187
1.567145,-10.9910296912894
1.56715,-10.9954855356208
1.567155,-10.9999372588632
1.56716,-11.0043848389404
1.567165,-11.0088282537497
1.56717,-11.0132674811629
1.567175,-11.0177024990264
1.56718,-11.0221332851604
1.567185,-11.0265598173611
1.56719,-11.0309820733987
1.567195,-11.0354000310195
1.5672,-11.0398136679455
1.567205,-11.0442229618738
1.56721,-11.0486278904785
1.567215,-11.0530284314094
1.56722,-11.0574245622933
1.567225,-11.0618162607341
1.56723,-11.0662035043121
1.567235,-11.0705862705858
1.56724,-11.0749645370911
1.567245,-11.0793382813418
1.56725,-11.0837074808301
1.567255,-11.0880721130261
1.56726,-11.0924321553795
1.567265,-11.0967875853188
1.56727,-11.1011383802513
1.567275,-11.1054845175646
1.56728,-11.1098259746256
1.567285,-11.1141627287816
1.56729,-11.1184947573606
1.567295,-11.1228220376707
1.5673,-11.1271445470016
1.567305,-11.1314622626242
1.56731,-11.1357751617904
1.567315,-11.1400832217349
1.56732,-11.1443864196737
1.567325,-11.1486847328059
1.56733,-11.1529781383133
1.567335,-11.1572666133603
1.56734,-11.1615501350952
1.567345,-11.1658286806495
1.56735,-11.1701022271392
1.567355,-11.1743707516644
1.56736,-11.1786342313093
1.567365,-11.1828926431437
1.56737,-11.1871459642224
1.567375,-11.1913941715854
1.56738,-11.1956372422591
1.567385,-11.1998751532556
1.56739,-11.2041078815736
1.567395,-11.2083354041988
1.5674,-11.2125576981038
1.567405,-11.2167747402489
1.56741,-11.2209865075817
1.567415,-11.2251929770384
1.56742,-11.2293941255437
1.567425,-11.2335899300103
1.56743,-11.237780367341
1.567435,-11.2419654144275
1.56744,-11.2461450481512
1.567445,-11.2503192453839
1.56745,-11.2544879829876
1.567455,-11.2586512378152
1.56746,-11.2628089867111
1.567465,-11.2669612065103
1.56747,-11.2711078740408
1.567475,-11.2752489661217
1.56748,-11.2793844595653
1.567485,-11.2835143311767
1.56749,-11.287638557754
1.567495,-11.291757116089
1.5675,-11.295869982968
1.567505,-11.2999771351704
1.56751,-11.3040785494717
1.567515,-11.3081742026413
1.56752,-11.3122640714447
1.567525,-11.3163481326429
1.56753,-11.3204263629931
1.567535,-11.324498739249
1.56754,-11.3285652381612
1.567545,-11.3326258364776
1.56755,-11.3366805109437
1.567555,-11.340729238303
1.56756,-11.3447719952974
1.567565,-11.3488087586678
1.56757,-11.3528395051535
1.567575,-11.3568642114945
1.56758,-11.3608828544296
1.567585,-11.3648954106987
1.56759,-11.368901857042
1.567595,-11.3729021702008
1.5676,-11.3768963269181
1.567605,-11.3808843039385
1.56761,-11.384866078009
1.567615,-11.3888416258795
1.56762,-11.3928109243025
1.567625,-11.396773950034
1.56763,-11.4007306798345
1.567635,-11.4046810904679
1.56764,-11.4086251587035
1.567645,-11.4125628613149
1.56765,-11.4164941750819
1.567655,-11.42041907679
1.56766,-11.4243375432306
1.567665,-11.4282495512023
1.56767,-11.4321550775105
1.567675,-11.4360540989683
1.56768,-11.4399465923968
1.567685,-11.4438325346252
1.56769,-11.4477119024918
1.567695,-11.4515846728439
1.5677,-11.4554508225385
1.567705,-11.4593103284428
1.56771,-11.4631631674339
1.567715,-11.4670093164006
1.56772,-11.4708487522427
1.567725,-11.4746814518713
1.56773,-11.4785073922106
1.567735,-11.4823265501964
1.56774,-11.4861389027783
1.567745,-11.4899444269194
1.56775,-11.493743099596
1.567755,-11.4975348977993
1.56776,-11.5013197985356
1.567765,-11.5050977788256
1.56777,-11.5088688157064
1.567775,-11.5126328862307
1.56778,-11.5163899674681
1.567785,-11.5201400365052
1.56779,-11.5238830704456
1.567795,-11.5276190464116
1.5678,-11.5313479415429
1.567805,-11.5350697329986
1.56781,-11.538784397957
1.567815,-11.5424919136158
1.56782,-11.5461922571932
1.567825,-11.5498854059278
1.56783,-11.553571337079
1.567835,-11.5572500279283
1.56784,-11.5609214557785
1.567845,-11.5645855979554
1.56785,-11.5682424318074
1.567855,-11.5718919347061
1.56786,-11.5755340840472
1.567865,-11.5791688572504
1.56787,-11.5827962317602
1.567875,-11.5864161850466
1.56788,-11.5900286946046
1.567885,-11.5936337379559
1.56789,-11.5972312926487
1.567895,-11.6008213362578
1.5679,-11.6044038463861
1.567905,-11.607978800664
1.56791,-11.6115461767506
1.567915,-11.6151059523342
1.56792,-11.6186581051319
1.567925,-11.6222026128911
1.56793,-11.6257394533896
1.567935,-11.6292686044355
1.56794,-11.6327900438688
1.567945,-11.6363037495608
1.56795,-11.6398096994155
1.567955,-11.6433078713693
1.56796,-11.6467982433918
1.567965,-11.6502807934865
1.56797,-11.6537554996908
1.567975,-11.657222340077
1.56798,-11.6606812927524
1.567985,-11.6641323358597
1.56799,-11.667575447578
1.567995,-11.671010606123
1.568,-11.674437789747
1.568005,-11.6778569767403
1.56801,-11.681268145431
1.568015,-11.6846712741856
1.56802,-11.68806634141
1.568025,-11.6914533255491
1.56803,-11.6948322050881
1.568035,-11.6982029585522
1.56804,-11.701565564508
1.568045,-11.7049200015635
1.56805,-11.7082662483681
1.568055,-11.7116042836141
1.56806,-11.7149340860367
1.568065,-11.7182556344139
1.56807,-11.7215689075682
1.568075,-11.7248738843661
1.56808,-11.7281705437189
1.568085,-11.7314588645837
1.56809,-11.7347388259626
1.568095,-11.7380104069047
1.5681,-11.7412735865056
1.568105,-11.7445283439081
1.56811,-11.7477746583032
1.568115,-11.7510125089296
1.56812,-11.7542418750751
1.568125,-11.7574627360768
1.56813,-11.7606750713213
1.568135,-11.7638788602455
1.56814,-11.767074082337
1.568145,-11.7702607171347
1.56815,-11.7734387442293
1.568155,-11.7766081432633
1.56816,-11.7797688939323
1.568165,-11.7829209759848
1.56817,-11.7860643692231
1.568175,-11.7891990535037
1.56818,-11.7923250087374
1.568185,-11.7954422148905
1.56819,-11.7985506519849
1.568195,-11.8016503000982
1.5682,-11.8047411393653
1.568205,-11.8078231499775
1.56821,-11.8108963121839
1.568215,-11.8139606062921
1.56822,-11.8170160126674
1.568225,-11.820062511735
1.56823,-11.823100083979
1.568235,-11.8261287099437
1.56824,-11.8291483702342
1.568245,-11.832159045516
1.56825,-11.8351607165167
1.568255,-11.8381533640255
1.56826,-11.8411369688938
1.568265,-11.8441115120366
1.56827,-11.8470769744316
1.568275,-11.8500333371209
1.56828,-11.8529805812107
1.568285,-11.855918687872
1.56829,-11.8588476383415
1.568295,-11.8617674139212
1.5683,-11.8646779959797
1.568305,-11.8675793659525
1.56831,-11.870471505342
1.568315,-11.8733543957184
1.56832,-11.8762280187204
1.568325,-11.879092356055
1.56833,-11.8819473894986
1.568335,-11.8847931008969
1.56834,-11.8876294721661
1.568345,-11.8904564852929
1.56835,-11.8932741223346
1.568355,-11.8960823654207
1.56836,-11.8988811967519
1.568365,-11.9016705986019
1.56837,-11.9044505533174
1.568375,-11.9072210433178
1.56838,-11.9099820510969
1.568385,-11.9127335592229
1.56839,-11.9154755503382
1.568395,-11.918208007161
1.5684,-11.9209309124848
1.568405,-11.9236442491794
1.56841,-11.9263480001913
1.568415,-11.9290421485437
1.56842,-11.9317266773378
1.568425,-11.9344015697524
1.56843,-11.9370668090448
1.568435,-11.9397223785514
1.56844,-11.9423682616875
1.568445,-11.9450044419485
1.56845,-11.94763090291
1.568455,-11.950247628228
1.56846,-11.9528546016399
1.568465,-11.9554518069644
1.56847,-11.9580392281023
1.568475,-11.960616849037
1.56848,-11.9631846538345
1.568485,-11.9657426266441
1.56849,-11.9682907516989
1.568495,-11.9708290133163
1.5685,-11.9733573958983
1.568505,-11.9758758839315
1.56851,-11.9783844619884
1.568515,-11.9808831147274
1.56852,-11.9833718268928
1.568525,-11.985850583316
1.56853,-11.9883193689153
1.568535,-11.9907781686968
1.56854,-11.9932269677546
1.568545,-11.9956657512708
1.56855,-11.9980945045167
1.568555,-12.0005132128526
1.56856,-12.0029218617287
1.568565,-12.005320436685
1.56857,-12.0077089233518
1.568575,-12.0100873074508
1.56858,-12.0124555747944
1.568585,-12.0148137112869
1.56859,-12.0171617029246
1.568595,-12.0194995357962
1.5686,-12.0218271960833
1.568605,-12.0241446700608
1.56861,-12.0264519440969
1.568615,-12.0287490046542
1.56862,-12.0310358382892
1.568625,-12.0333124316537
1.56863,-12.0355787714944
1.568635,-12.0378348446534
1.56864,-12.0400806380688
1.568645,-12.0423161387751
1.56865,-12.0445413339031
1.568655,-12.0467562106811
1.56866,-12.0489607564343
1.568665,-12.0511549585859
1.56867,-12.0533388046571
1.568675,-12.0555122822676
1.56868,-12.0576753791358
1.568685,-12.0598280830796
1.56869,-12.0619703820159
1.568695,-12.064102263962
1.5687,-12.0662237170348
1.568705,-12.0683347294523
1.56871,-12.0704352895333
1.568715,-12.0725253856974
1.56872,-12.0746050064664
1.568725,-12.0766741404634
1.56873,-12.0787327764142
1.568735,-12.080780903147
1.56874,-12.0828185095926
1.568745,-12.0848455847853
1.56875,-12.086862117863
1.568755,-12.0888680980672
1.56876,-12.0908635147437
1.568765,-12.0928483573426
1.56877,-12.0948226154188
1.568775,-12.0967862786326
1.56878,-12.0987393367492
1.568785,-12.1006817796398
1.56879,-12.1026135972813
1.568795,-12.1045347797571
1.5688,-12.1064453172571
1.568805,-12.108345200078
1.56881,-12.1102344186236
1.568815,-12.1121129634052
1.56882,-12.1139808250416
1.568825,-12.1158379942597
1.56883,-12.1176844618947
1.568835,-12.1195202188901
1.56884,-12.1213452562984
1.568845,-12.1231595652809
1.56885,-12.1249631371083
1.568855,-12.1267559631609
1.56886,-12.1285380349286
1.568865,-12.1303093440116
1.56887,-12.1320698821202
1.568875,-12.1338196410754
1.56888,-12.135558612809
1.568885,-12.1372867893634
1.56889,-12.1390041628929
1.568895,-12.1407107256628
1.5689,-12.1424064700502
1.568905,-12.1440913885443
1.56891,-12.1457654737464
1.568915,-12.1474287183701
1.56892,-12.1490811152415
1.568925,-12.1507226572998
1.56893,-12.152353337597
1.568935,-12.1539731492982
1.56894,-12.1555820856822
1.568945,-12.1571801401414
1.56895,-12.1587673061815
1.568955,-12.160343577423
1.56896,-12.1619089475999
1.568965,-12.1634634105608
1.56897,-12.1650069602691
1.568975,-12.1665395908025
1.56898,-12.1680612963539
1.568985,-12.1695720712311
1.56899,-12.1710719098572
1.568995,-12.1725608067709
1.569,-12.174038756626
1.569005,-12.1755057541925
1.56901,-12.1769617943559
1.569015,-12.1784068721179
1.56902,-12.1798409825964
1.569025,-12.1812641210254
1.56903,-12.1826762827556
1.569035,-12.1840774632541
1.56904,-12.1854676581047
1.569045,-12.1868468630081
1.56905,-12.188215073782
1.569055,-12.1895722863611
1.56906,-12.1909184967974
1.569065,-12.19225370126
1.56907,-12.1935778960356
1.569075,-12.1948910775285
1.56908,-12.1961932422602
1.569085,-12.1974843868706
1.56909,-12.1987645081167
1.569095,-12.2000336028739
1.5691,-12.2012916681355
1.569105,-12.2025387010127
1.56911,-12.2037746987351
1.569115,-12.2049996586504
1.56912,-12.2062135782246
1.569125,-12.2074164550422
1.56913,-12.2086082868059
1.569135,-12.2097890713371
1.56914,-12.2109588065759
1.569145,-12.2121174905806
1.56915,-12.2132651215286
1.569155,-12.2144016977157
1.56916,-12.2155272175566
1.569165,-12.2166416795849
1.56917,-12.2177450824527
1.569175,-12.2188374249313
1.56918,-12.2199187059107
1.569185,-12.2209889243998
1.56919,-12.2220480795267
1.569195,-12.2230961705381
1.5692,-12.2241331967999
1.569205,-12.2251591577968
1.56921,-12.2261740531326
1.569215,-12.2271778825302
1.56922,-12.2281706458311
1.569225,-12.2291523429961
1.56923,-12.2301229741049
1.569235,-12.2310825393561
1.56924,-12.2320310390672
1.569245,-12.2329684736747
1.56925,-12.2338948437339
1.569255,-12.2348101499191
1.56926,-12.2357143930232
1.569265,-12.2366075739581
1.56927,-12.2374896937543
1.569275,-12.2383607535612
1.56928,-12.2392207546466
1.569285,-12.2400696983971
1.56929,-12.2409075863179
1.569295,-12.2417344200324
1.5693,-12.2425502012828
1.569305,-12.2433549319295
1.56931,-12.2441486139511
1.569315,-12.2449312494446
1.56932,-12.2457028406251
1.569325,-12.2464633898256
1.56933,-12.2472128994975
1.569335,-12.2479513722097
1.56934,-12.248678810649
1.569345,-12.24939521762
1.56935,-12.2501005960449
1.569355,-12.2507949489633
1.56936,-12.2514782795324
1.569365,-12.2521505910264
1.56937,-12.2528118868371
1.569375,-12.253462170473
1.56938,-12.2541014455595
1.569385,-12.2547297158393
1.56939,-12.2553469851713
1.569395,-12.2559532575311
1.5694,-12.2565485370108
1.569405,-12.2571328278188
1.56941,-12.2577061342795
1.569415,-12.2582684608335
1.56942,-12.258819812037
1.569425,-12.2593601925622
1.56943,-12.2598896071965
1.569435,-12.2604080608429
1.56944,-12.2609155585197
1.569445,-12.2614121053599
1.56945,-12.2618977066117
1.569455,-12.2623723676379
1.56946,-12.2628360939157
1.569465,-12.263288891037
1.56947,-12.2637307647075
1.569475,-12.2641617207469
1.56948,-12.264581765089
1.569485,-12.2649909037808
1.56949,-12.2653891429829
1.569495,-12.2657764889691
1.5695,-12.2661529481261
1.569505,-12.2665185269534
1.56951,-12.266873232063
1.569515,-12.2672170701795
1.56952,-12.2675500481393
1.569525,-12.267872172891
1.56953,-12.2681834514946
1.569535,-12.2684838911217
1.56954,-12.2687734990553
1.569545,-12.269052282689
1.56955,-12.2693202495275
1.569555,-12.2695774071858
1.56956,-12.2698237633893
1.569565,-12.2700593259734
1.56957,-12.2702841028832
1.569575,-12.2704981021733
1.56958,-12.2707013320077
1.569585,-12.2708938006592
1.56959,-12.2710755165095
1.569595,-12.2712464880487
1.5696,-12.2714067238751
1.569605,-12.271556232695
1.56961,-12.2716950233222
1.569615,-12.271823104678
1.56962,-12.2719404857907
1.569625,-12.2720471757956
1.56963,-12.2721431839342
1.569635,-12.2722285195545
1.56964,-12.2723031921103
1.569645,-12.2723672111612
1.56965,-12.2724205863718
1.569655,-12.2724633275122
1.56966,-12.2724954444568
1.569665,-12.2725169471847
1.56967,-12.272527845779
1.569675,-12.2725281504266
1.56968,-12.272517871418
1.569685,-12.2724970191467
1.56969,-12.2724656041091
1.569695,-12.2724236369043
1.5697,-12.2723711282332
1.569705,-12.272308088899
1.56971,-12.2722345298061
1.569715,-12.2721504619603
1.56972,-12.272055896468
1.569725,-12.2719508445365
1.56973,-12.2718353174729
1.569735,-12.2717093266843
1.56974,-12.2715728836774
1.569745,-12.2714260000577
1.56975,-12.2712686875298
1.569755,-12.2711009578965
1.56976,-12.2709228230587
1.569765,-12.2707342950152
1.56977,-12.2705353858618
1.569775,-12.2703261077915
1.56978,-12.2701064730938
1.569785,-12.2698764941546
1.56979,-12.2696361834553
1.569795,-12.2693855535733
1.5698,-12.2691246171806
1.569805,-12.2688533870442
1.56981,-12.2685718760255
1.569815,-12.2682800970796
1.56982,-12.2679780632554
1.569825,-12.2676657876949
1.56983,-12.2673432836329
1.569835,-12.2670105643966
1.56984,-12.2666676434052
1.569845,-12.2663145341696
1.56985,-12.2659512502918
1.569855,-12.2655778054646
1.56986,-12.2651942134713
1.569865,-12.264800488185
1.56987,-12.2643966435688
1.569875,-12.2639826936746
1.56988,-12.2635586526432
1.569885,-12.2631245347038
1.56989,-12.2626803541734
1.569895,-12.2622261254568
1.5699,-12.2617618630457
1.569905,-12.2612875815184
1.56991,-12.2608032955398
1.569915,-12.2603090198604
1.56992,-12.2598047693161
1.569925,-12.2592905588279
1.56993,-12.2587664034013
1.569935,-12.258232318126
1.56994,-12.2576883181753
1.569945,-12.2571344188058
1.56995,-12.256570635357
1.569955,-12.2559969832507
1.56996,-12.2554134779906
1.569965,-12.254820135162
1.56997,-12.2542169704314
1.569975,-12.2536039995456
1.56998,-12.2529812383319
1.569985,-12.2523487026971
1.56999,-12.2517064086275
1.569995,-12.2510543721879
1.57,-12.2503926095219
1.570005,-12.2497211368508
1.57001,-12.2490399704732
1.570015,-12.2483491267653
1.57002,-12.2476486221792
1.570025,-12.2469384732436
1.57003,-12.2462186965627
1.570035,-12.2454893088157
1.57004,-12.2447503267568
1.570045,-12.2440017672144
1.57005,-12.2432436470906
1.570055,-12.242475983361
1.57006,-12.2416987930741
1.570065,-12.2409120933505
1.57007,-12.2401159013832
1.570075,-12.2393102344362
1.57008,-12.238495109845
1.570085,-12.2376705450152
1.57009,-12.2368365574228
1.570095,-12.2359931646132
1.5701,-12.2351403842009
1.570105,-12.2342782338692
1.57011,-12.2334067313695
1.570115,-12.2325258945208
1.57012,-12.2316357412096
1.570125,-12.2307362893887
1.57013,-12.2298275570777
1.570135,-12.2289095623614
1.57014,-12.2279823233905
1.570145,-12.22704585838
1.57015,-12.2261001856097
1.570155,-12.2251453234229
1.57016,-12.2241812902265
1.570165,-12.2232081044901
1.57017,-12.2222257847461
1.570175,-12.2212343495884
1.57018,-12.2202338176726
1.570185,-12.2192242077152
1.57019,-12.2182055384932
1.570195,-12.2171778288435
1.5702,-12.2161410976626
1.570205,-12.215095363906
1.57021,-12.2140406465878
1.570215,-12.21297696478
1.57022,-12.2119043376123
1.570225,-12.2108227842714
1.57023,-12.2097323240006
1.570235,-12.2086329760992
1.57024,-12.2075247599224
1.570245,-12.2064076948801
1.57025,-12.2052818004372
1.570255,-12.2041470961125
1.57026,-12.2030036014786
1.570265,-12.2018513361611
1.57027,-12.2006903198385
1.570275,-12.1995205722412
1.57028,-12.1983421131515
1.570285,-12.1971549624028
1.57029,-12.1959591398793
1.570295,-12.1947546655153
1.5703,-12.193541559295
1.570305,-12.1923198412516
1.57031,-12.1910895314673
1.570315,-12.1898506500724
1.57032,-12.188603217245
1.570325,-12.1873472532105
1.57033,-12.1860827782412
1.570335,-12.1848098126554
1.57034,-12.1835283768176
1.570345,-12.1822384911373
1.57035,-12.180940176069
1.570355,-12.1796334521115
1.57036,-12.1783183398075
1.570365,-12.1769948597431
1.57037,-12.1756630325472
1.570375,-12.174322878891
1.57038,-12.1729744194878
1.570385,-12.1716176750924
1.57039,-12.1702526665001
1.570395,-12.1688794145472
1.5704,-12.1674979401096
1.570405,-12.1661082641028
1.57041,-12.1647104074813
1.570415,-12.163304391238
1.57042,-12.161890236404
1.570425,-12.1604679640479
1.57043,-12.1590375952752
1.570435,-12.1575991512281
1.57044,-12.1561526530851
1.570445,-12.1546981220599
1.57045,-12.1532355794016
1.570455,-12.151765046394
1.57046,-12.1502865443549
1.570465,-12.1488000946359
1.57047,-12.1473057186218
1.570475,-12.1458034377302
1.57048,-12.1442932734109
1.570485,-12.1427752471455
1.57049,-12.141249380447
1.570495,-12.139715694859
1.5705,-12.1381742119559
1.570505,-12.1366249533415
1.57051,-12.1350679406494
1.570515,-12.1335031955421
1.57052,-12.1319307397103
1.570525,-12.1303505948731
1.57053,-12.1287627827768
1.570535,-12.1271673251952
1.57054,-12.1255642439283
1.570545,-12.1239535608024
1.57055,-12.1223352976696
1.570555,-12.120709476407
1.57056,-12.1190761189167
1.570565,-12.117435247125
1.57057,-12.1157868829817
1.570575,-12.1141310484606
1.57058,-12.1124677655579
1.570585,-12.1107970562926
1.57059,-12.1091189427054
1.570595,-12.1074334468587
1.5706,-12.1057405908362
1.570605,-12.1040403967418
1.57061,-12.1023328866998
1.570615,-12.1006180828544
1.57062,-12.0988960073687
1.570625,-12.0971666824251
1.57063,-12.095430130224
1.570635,-12.0936863729838
1.57064,-12.0919354329407
1.570645,-12.0901773323476
1.57065,-12.088412093474
1.570655,-12.086639738606
1.57066,-12.0848602900448
1.570665,-12.0830737701075
1.57067,-12.0812802011256
1.570675,-12.0794796054451
1.57068,-12.0776720054262
1.570685,-12.0758574234424
1.57069,-12.0740358818803
1.570695,-12.0722074031395
1.5707,-12.0703720096313
1.570705,-12.0685297237795
1.57071,-12.0666805680186
1.570715,-12.0648245647944
1.57072,-12.0629617365635
1.570725,-12.0610921057921
1.57073,-12.0592156949564
1.570735,-12.0573325265418
1.57074,-12.0554426230424
1.570745,-12.0535460069612
1.57075,-12.0516427008086
1.570755,-12.0497327271032
1.57076,-12.0478161083704
1.570765,-12.0458928671423
1.57077,-12.0439630259579
1.570775,-12.0420266073616
1.57078,-12.0400836339035
1.570785,-12.0381341281392
1.57079,-12.0361781126284
1.570795,-12.0342156099358
1.5708,-12.0322466426297
1.570805,-12.0302712332817
1.57081,-12.0282894044671
1.570815,-12.0263011787636
1.57082,-12.0243065787512
1.570825,-12.0223056270122
1.57083,-12.0202983461298
1.570835,-12.0182847586893
1.57084,-12.0162648872759
1.570845,-12.0142387544757
1.57085,-12.0122063828747
1.570855,-12.0101677950585
1.57086,-12.008123013612
1.570865,-12.0060720611188
1.57087,-12.0040149601611
1.570875,-12.0019517333194
1.57088,-11.9998824031715
1.570885,-11.997806992293
1.57089,-11.9957255232562
1.570895,-11.99363801863
1.5709,-11.9915445009797
1.570905,-11.9894449928665
1.57091,-11.9873395168469
1.570915,-11.9852280954727
1.57092,-11.9831107512904
1.570925,-11.9809875068412
1.57093,-11.9788583846598
1.570935,-11.9767234072752
1.57094,-11.9745825972095
1.570945,-11.9724359769777
1.57095,-11.9702835690875
1.570955,-11.968125396039
1.57096,-11.9659614803242
1.570965,-11.9637918444267
1.57097,-11.9616165108213
1.570975,-11.9594355019738
1.57098,-11.9572488403405
1.570985,-11.9550565483678
1.57099,-11.9528586484924
1.570995,-11.9506551631401
1.571,-11.9484461147262
1.571005,-11.9462315256548
1.57101,-11.9440114183186
1.571015,-11.9417858150983
1.57102,-11.9395547383629
1.571025,-11.9373182104687
1.57103,-11.9350762537593
1.571035,-11.9328288905652
1.57104,-11.9305761432036
1.571045,-11.9283180339779
1.57105,-11.9260545851775
1.571055,-11.9237858190776
1.57106,-11.9215117579384
1.571065,-11.9192324240054
1.57107,-11.9169478395089
1.571075,-11.9146580266634
1.57108,-11.9123630076675
1.571085,-11.9100628047038
1.57109,-11.9077574399383
1.571095,-11.9054469355202
1.5711,-11.9031313135815
1.571105,-11.900810596237
1.57111,-11.8984848055837
1.571115,-11.8961539637006
1.57112,-11.8938180926487
1.571125,-11.89147721447
1.57113,-11.8891313511878
1.571135,-11.8867805248064
1.57114,-11.8844247573107
1.571145,-11.8820640706655
1.57115,-11.8796984868163
1.571155,-11.8773280276877
1.57116,-11.874952715184
1.571165,-11.8725725711889
1.57117,-11.8701876175646
1.571175,-11.8677978761523
1.57118,-11.8654033687713
1.571185,-11.8630041172192
1.57119,-11.8606001432714
1.571195,-11.8581914686807
1.5712,-11.8557781151775
1.571205,-11.8533601044691
1.57121,-11.8509374582395
1.571215,-11.8485101981493
1.57122,-11.8460783458355
1.571225,-11.843641922911
1.57123,-11.8412009509647
1.571235,-11.8387554515604
1.57124,-11.836305446238
1.571245,-11.8338509565119
1.57125,-11.8313920038715
1.571255,-11.8289286097807
1.57126,-11.8264607956775
1.571265,-11.8239885829744
1.57127,-11.8215119930573
1.571275,-11.819031047286
1.57128,-11.8165457669934
1.571285,-11.8140561734858
1.57129,-11.8115622880422
1.571295,-11.8090641319144
1.5713,-11.8065617263263
1.571305,-11.8040550924748
1.57131,-11.8015442515278
1.571315,-11.7990292246258
1.57132,-11.7965100328805
1.571325,-11.7939866973747
1.57133,-11.791459239163
1.571335,-11.7889276792702
1.57134,-11.7863920386921
1.571345,-11.7838523383953
1.57135,-11.781308599316
1.571355,-11.7787608423611
1.57136,-11.7762090884071
1.571365,-11.7736533583
1.57137,-11.7710936728556
1.571375,-11.7685300528588
1.57138,-11.7659625190635
1.571385,-11.7633910921927
1.57139,-11.7608157929376
1.571395,-11.7582366419584
1.5714,-11.7556536598835
1.571405,-11.7530668673091
1.57141,-11.7504762847996
1.571415,-11.7478819328868
1.57142,-11.7452838320707
1.571425,-11.7426820028179
1.57143,-11.7400764655626
1.571435,-11.7374672407059
1.57144,-11.7348543486158
1.571445,-11.7322378096268
1.57145,-11.72961764404
1.571455,-11.7269938721228
1.57146,-11.7243665141086
1.571465,-11.7217355901969
1.57147,-11.7191011205528
1.571475,-11.7164631253074
1.57148,-11.7138216245568
1.571485,-11.7111766383629
1.57149,-11.7085281867524
1.571495,-11.7058762897168
1.5715,-11.7032209672129
1.571505,-11.7005622391619
1.57151,-11.6979001254496
1.571515,-11.6952346459261
1.57152,-11.6925658204056
1.571525,-11.6898936686668
1.57153,-11.6872182104518
1.571535,-11.6845394654665
1.57154,-11.6818574533809
1.571545,-11.6791721938281
1.57155,-11.6764837064045
1.571555,-11.6737920106699
1.57156,-11.671097126147
1.571565,-11.6683990723216
1.57157,-11.6656978686421
1.571575,-11.6629935345197
1.57158,-11.660286089328
1.571585,-11.657575552403
1.57159,-11.6548619430432
1.571595,-11.6521452805089
1.5716,-11.6494255840225
1.571605,-11.6467028727686
1.57161,-11.643977165893
1.571615,-11.6412484825038
1.57162,-11.63851684167
1.571625,-11.6357822624223
1.57163,-11.6330447637529
1.571635,-11.6303043646147
1.57164,-11.627561083922
1.571645,-11.6248149405499
1.57165,-11.6220659533344
1.571655,-11.6193141410724
1.57166,-11.616559522521
1.571665,-11.6138021163981
1.57167,-11.611041941382
1.571675,-11.6082790161111
1.57168,-11.6055133591845
1.571685,-11.6027449891609
1.57169,-11.5999739245589
1.571695,-11.5972001838576
1.5717,-11.5944237854956
1.571705,-11.5916447478709
1.57171,-11.5888630893417
1.571715,-11.5860788282253
1.57172,-11.5832919827987
1.571725,-11.5805025712981
1.57173,-11.5777106119189
1.571735,-11.5749161228159
1.57174,-11.5721191221027
1.571745,-11.5693196278523
1.57175,-11.5665176580963
1.571755,-11.5637132308252
1.57176,-11.5609063639883
1.571765,-11.5580970754937
1.57177,-11.5552853832077
1.571775,-11.5524713049558
1.57178,-11.5496548585213
1.571785,-11.5468360616464
1.57179,-11.5440149320313
1.571795,-11.5411914873344
1.5718,-11.5383657451726
1.571805,-11.5355377231205
1.57181,-11.5327074387112
1.571815,-11.5298749094354
1.57182,-11.5270401527417
1.571825,-11.524203186037
1.57183,-11.5213640266854
1.571835,-11.518522692009
1.57184,-11.5156791992877
1.571845,-11.5128335657588
1.57185,-11.5099858086173
1.571855,-11.5071359450156
1.57186,-11.5042839920634
1.571865,-11.5014299668282
1.57187,-11.4985738863345
1.571875,-11.4957157675641
1.57188,-11.4928556274564
1.571885,-11.4899934829073
1.57189,-11.4871293507707
1.571895,-11.484263247857
1.5719,-11.4813951909337
1.571905,-11.4785251967256
1.57191,-11.475653281914
1.571915,-11.4727794631379
1.57192,-11.4699037569925
1.571925,-11.46702618003
1.57193,-11.4641467487595
1.571935,-11.4612654796469
1.57194,-11.4583823891148
1.571945,-11.4554974935426
1.57195,-11.4526108092661
1.571955,-11.4497223525781
1.57196,-11.4468321397277
1.571965,-11.4439401869206
1.57197,-11.4410465103195
1.571975,-11.438151126043
1.57198,-11.4352540501666
1.571985,-11.4323552987222
1.57199,-11.429454887698
1.571995,-11.4265528330388
1.572,-11.4236491506455
1.572005,-11.4207438563761
1.57201,-11.4178369660441
1.572015,-11.4149284954196
1.57202,-11.4120184602295
1.572025,-11.4091068761564
1.57203,-11.4061937588394
1.572035,-11.403279123874
1.57204,-11.4003629868118
1.572045,-11.3974453631608
1.57205,-11.3945262683849
1.572055,-11.3916057179046
1.57206,-11.3886837270966
1.572065,-11.3857603112933
1.57207,-11.3828354857841
1.572075,-11.3799092658139
1.57208,-11.3769816665839
1.572085,-11.3740527032518
1.57209,-11.3711223909313
1.572095,-11.3681907446919
1.5721,-11.3652577795599
1.572105,-11.3623235105174
1.57211,-11.3593879525026
1.572115,-11.3564511204101
1.57212,-11.3535130290903
1.572125,-11.3505736933503
1.57213,-11.3476331279527
1.572135,-11.3446913476168
1.57214,-11.341748367018
1.572145,-11.3388042007874
1.57215,-11.335858863513
1.572155,-11.3329123697385
1.57216,-11.3299647339637
1.572165,-11.3270159706451
1.57217,-11.324066094195
1.572175,-11.3211151189821
1.57218,-11.3181630593313
1.572185,-11.3152099295237
1.57219,-11.3122557437967
1.572195,-11.3093005163439
1.5722,-11.3063442613154
1.572205,-11.3033869928175
1.57221,-11.3004287249124
1.572215,-11.2974694716193
1.57222,-11.2945092469134
1.572225,-11.2915480647262
1.57223,-11.2885859389458
1.572235,-11.2856228834166
1.57224,-11.2826589119394
1.572245,-11.2796940382716
1.57225,-11.2767282761266
1.572255,-11.273761639175
1.57226,-11.2707941410433
1.572265,-11.267825795315
1.57227,-11.2648566155298
1.572275,-11.2618866151841
1.57228,-11.258915807731
1.572285,-11.2559442065803
1.57229,-11.2529718250982
1.572295,-11.2499986766078
1.5723,-11.2470247743888
1.572305,-11.2440501316779
1.57231,-11.2410747616683
1.572315,-11.23809867751
1.57232,-11.2351218923102
1.572325,-11.2321444191326
1.57233,-11.2291662709981
1.572335,-11.2261874608843
1.57234,-11.2232080017258
1.572345,-11.2202279064144
1.57235,-11.2172471877989
1.572355,-11.2142658586849
1.57236,-11.2112839318356
1.572365,-11.2083014199708
1.57237,-11.2053183357681
1.572375,-11.2023346918619
1.57238,-11.1993505008439
1.572385,-11.1963657752634
1.57239,-11.1933805276267
1.572395,-11.1903947703976
1.5724,-11.1874085159976
1.572405,-11.1844217768053
1.57241,-11.181434565157
1.572415,-11.1784468933466
1.57242,-11.1754587736253
1.572425,-11.1724702182025
1.57243,-11.1694812392446
1.572435,-11.1664918488766
1.57244,-11.1635020591804
1.572445,-11.1605118821962
1.57245,-11.1575213299221
1.572455,-11.1545304143139
1.57246,-11.1515391472854
1.572465,-11.1485475407088
1.57247,-11.1455556064137
1.572475,-11.1425633561885
1.57248,-11.1395708017792
1.572485,-11.1365779548903
1.57249,-11.1335848271847
1.572495,-11.1305914302832
1.5725,-11.1275977757654
1.572505,-11.1246038751691
1.57251,-11.1216097399903
1.572515,-11.1186153816842
1.57252,-11.1156208116641
1.572525,-11.1126260413019
1.57253,-11.1096310819285
1.572535,-11.106635944833
1.57254,-11.1036406412641
1.572545,-11.1006451824288
1.57255,-11.0976495794928
1.572555,-11.0946538435814
1.57256,-11.0916579857785
1.572565,-11.0886620171272
1.57257,-11.0856659486297
1.572575,-11.0826697912472
1.57258,-11.0796735559007
1.572585,-11.07667725347
1.57259,-11.0736808947943
1.572595,-11.0706844906726
1.5726,-11.067688051863
1.572605,-11.0646915890834
1.57261,-11.0616951130112
1.572615,-11.0586986342833
1.57262,-11.0557021634967
1.572625,-11.052705711208
1.57263,-11.0497092879336
1.572635,-11.0467129041501
1.57264,-11.0437165702935
1.572645,-11.0407202967605
1.57265,-11.0377240939076
1.572655,-11.0347279720512
1.57266,-11.0317319414687
1.572665,-11.028736012397
1.57267,-11.0257401950338
1.572675,-11.0227444995373
1.57268,-11.0197489360256
1.572685,-11.0167535145783
1.57269,-11.0137582452347
1.572695,-11.0107631379955
1.5727,-11.0077682028218
1.572705,-11.0047734496355
1.57271,-11.0017788883197
1.572715,-10.9987845287181
1.57272,-10.9957903806356
1.572725,-10.9927964538383
1.57273,-10.9898027580533
1.572735,-10.9868093029691
1.57274,-10.9838160982353
1.572745,-10.9808231534629
1.57275,-10.9778304782247
1.572755,-10.9748380820545
1.57276,-10.9718459744481
1.572765,-10.9688541648628
1.57277,-10.9658626627173
1.572775,-10.9628714773928
1.57278,-10.9598806182318
1.572785,-10.9568900945387
1.57279,-10.9538999155805
1.572795,-10.9509100905856
1.5728,-10.947920628745
1.572805,-10.9449315392118
1.57281,-10.9419428311012
1.572815,-10.9389545134912
1.57282,-10.9359665954217
1.572825,-10.9329790858957
1.57283,-10.9299919938783
1.572835,-10.9270053282974
1.57284,-10.9240190980438
1.572845,-10.921033311971
1.57285,-10.9180479788953
1.572855,-10.9150631075962
1.57286,-10.9120787068159
1.572865,-10.90909478526
1.57287,-10.9061113515971
1.572875,-10.903128414459
1.57288,-10.9001459824412
1.572885,-10.8971640641022
1.57289,-10.8941826679641
1.572895,-10.8912018025127
1.5729,-10.8882214761972
1.572905,-10.8852416974308
1.57291,-10.8822624745901
1.572915,-10.8792838160159
1.57292,-10.8763057300129
1.572925,-10.8733282248495
1.57293,-10.8703513087587
1.572935,-10.8673749899372
1.57294,-10.8643992765461
1.572945,-10.8614241767111
1.57295,-10.8584496985217
1.572955,-10.8554758500326
1.57296,-10.8525026392624
1.572965,-10.8495300741946
1.57297,-10.8465581627777
1.572975,-10.8435869129245
1.57298,-10.8406163325127
1.572985,-10.8376464293855
1.57299,-10.8346772113504
1.572995,-10.8317086861805
1.573,-10.8287408616139
1.573005,-10.8257737453539
1.57301,-10.8228073450692
1.573015,-10.8198416683939
1.57302,-10.8168767229277
1.573025,-10.8139125162357
1.57303,-10.8109490558485
1.573035,-10.8079863492631
1.57304,-10.8050244039414
1.573045,-10.8020632273119
1.57305,-10.7991028267686
1.573055,-10.7961432096719
1.57306,-10.7931843833483
1.573065,-10.7902263550901
1.57307,-10.7872691321561
1.573075,-10.7843127217718
1.57308,-10.7813571311287
1.573085,-10.778402367385
1.57309,-10.7754484376655
1.573095,-10.7724953490616
1.5731,-10.7695431086315
1.573105,-10.7665917234004
1.57311,-10.7636412003601
1.573115,-10.7606915464698
1.57312,-10.7577427686553
1.573125,-10.7547948738102
1.57313,-10.7518478687946
1.573135,-10.7489017604364
1.57314,-10.7459565555309
1.573145,-10.7430122608407
1.57315,-10.7400688830959
1.573155,-10.7371264289947
1.57316,-10.7341849052023
1.573165,-10.7312443183525
1.57317,-10.7283046750463
1.573175,-10.7253659818531
1.57318,-10.7224282453102
1.573185,-10.7194914719229
1.57319,-10.7165556681649
1.573195,-10.7136208404783
1.5732,-10.7106869952729
1.573205,-10.707754138928
1.57321,-10.7048222777906
1.573215,-10.7018914181764
1.57322,-10.6989615663703
1.573225,-10.6960327286253
1.57323,-10.6931049111638
1.573235,-10.6901781201769
1.57324,-10.6872523618246
1.573245,-10.6843276422362
1.57325,-10.68140396751
1.573255,-10.6784813437138
1.57326,-10.6755597768845
1.573265,-10.6726392730283
1.57327,-10.6697198381214
1.573275,-10.6668014781091
1.57328,-10.6638841989064
1.573285,-10.6609680063984
1.57329,-10.6580529064395
1.573295,-10.6551389048545
1.5733,-10.6522260074379
1.573305,-10.6493142199541
1.57331,-10.6464035481381
1.573315,-10.6434939976947
1.57332,-10.6405855742993
1.573325,-10.6376782835974
1.57333,-10.6347721312051
1.573335,-10.6318671227092
1.57334,-10.6289632636668
1.573345,-10.6260605596058
1.57335,-10.6231590160253
1.573355,-10.6202586383944
1.57336,-10.6173594321541
1.573365,-10.6144614027157
1.57337,-10.6115645554618
1.573375,-10.6086688957465
1.57338,-10.6057744288947
1.573385,-10.6028811602031
1.57339,-10.5999890949393
1.573395,-10.5970982383427
1.5734,-10.5942085956244
1.573405,-10.5913201719669
1.57341,-10.5884329725245
1.573415,-10.5855470024235
1.57342,-10.5826622667618
1.573425,-10.5797787706096
1.57343,-10.5768965190089
1.573435,-10.574015516974
1.57344,-10.5711357694912
1.573445,-10.5682572815193
1.57345,-10.5653800579896
1.573455,-10.5625041038055
1.57346,-10.5596294238431
1.573465,-10.5567560229511
1.57347,-10.5538839059509
1.573475,-10.5510130776367
1.57348,-10.5481435427755
1.573485,-10.5452753061071
1.57349,-10.5424083723447
1.573495,-10.5395427461742
1.5735,-10.5366784322548
1.573505,-10.5338154352188
1.57351,-10.530953759672
1.573515,-10.5280934101937
1.57352,-10.5252343913363
1.573525,-10.5223767076259
1.57353,-10.5195203635626
1.573535,-10.5166653636196
1.57354,-10.5138117122442
1.573545,-10.5109594138577
1.57355,-10.508108472855
1.573555,-10.5052588936055
1.57356,-10.5024106804521
1.573565,-10.4995638377121
1.57357,-10.4967183696773
1.573575,-10.4938742806136
1.57358,-10.4910315747614
1.573585,-10.4881902563354
1.57359,-10.4853503295249
1.573595,-10.4825117984942
1.5736,-10.4796746673819
1.573605,-10.4768389403013
1.57361,-10.474004621341
1.573615,-10.4711717145643
1.57362,-10.4683402240095
1.573625,-10.4655101536899
1.57363,-10.4626815075942
1.573635,-10.4598542896864
1.57364,-10.4570285039052
1.573645,-10.4542041541656
1.57365,-10.4513812443575
1.573655,-10.4485597783463
1.57366,-10.4457397599733
1.573665,-10.4429211930554
1.57367,-10.4401040813852
1.573675,-10.4372884287314
1.57368,-10.4344742388381
1.573685,-10.4316615154261
1.57369,-10.4288502621916
1.573695,-10.4260404828074
1.5737,-10.4232321809223
1.573705,-10.4204253601615
1.57371,-10.4176200241266
1.573715,-10.4148161763955
1.57372,-10.4120138205226
1.573725,-10.4092129600393
1.57373,-10.4064135984531
1.573735,-10.4036157392485
1.57374,-10.400819385887
1.573745,-10.3980245418066
1.57375,-10.3952312104227
1.573755,-10.3924393951274
1.57376,-10.3896490992897
1.573765,-10.3868603262566
1.57377,-10.3840730793515
1.573775,-10.3812873618757
1.57378,-10.3785031771075
1.573785,-10.3757205283027
1.57379,-10.3729394186952
1.573795,-10.3701598514958
1.5738,-10.3673818298933
1.573805,-10.3646053570544
1.57381,-10.3618304361232
1.573815,-10.3590570702224
1.57382,-10.356285262452
1.573825,-10.3535150158902
1.57383,-10.3507463335937
1.573835,-10.3479792185969
1.57384,-10.345213673913
1.573845,-10.3424497025329
1.57385,-10.3396873074262
1.573855,-10.3369264915413
1.57386,-10.3341672578046
1.573865,-10.3314096091214
1.57387,-10.3286535483756
1.573875,-10.32589907843
1.57388,-10.3231462021262
1.573885,-10.3203949222845
1.57389,-10.3176452417041
1.573895,-10.3148971631638
1.5739,-10.312150689421
1.573905,-10.3094058232121
1.57391,-10.3066625672536
1.573915,-10.3039209242403
1.57392,-10.3011808968471
1.573925,-10.2984424877281
1.57393,-10.2957056995168
1.573935,-10.2929705348265
1.57394,-10.29023699625
1.573945,-10.2875050863601
1.57395,-10.2847748077089
1.573955,-10.2820461628289
1.57396,-10.2793191542321
1.573965,-10.2765937844109
1.57397,-10.2738700558373
1.573975,-10.2711479709639
1.57398,-10.2684275322231
1.573985,-10.2657087420281
1.57399,-10.2629916027717
1.573995,-10.2602761168277
1.574,-10.2575622865502
1.574005,-10.2548501142737
1.57401,-10.2521396023135
1.574015,-10.2494307529655
1.57402,-10.2467235685062
1.574025,-10.2440180511932
1.57403,-10.2413142032647
1.574035,-10.2386120269398
1.57404,-10.2359115244189
1.574045,-10.2332126978832
1.57405,-10.2305155494953
1.574055,-10.2278200813987
1.57406,-10.2251262957182
1.574065,-10.2224341945601
1.57407,-10.219743780012
1.574075,-10.2170550541431
1.57408,-10.2143680190038
1.574085,-10.2116826766263
1.57409,-10.2089990290246
1.574095,-10.206317078194
1.5741,-10.203636826112
1.574105,-10.2009582747377
1.57411,-10.1982814260121
1.574115,-10.1956062818583
1.57412,-10.1929328441816
1.574125,-10.1902611148687
1.57413,-10.1875910957894
1.574135,-10.184922788795
1.57414,-10.1822561957195
1.574145,-10.179591318379
1.57415,-10.176928158572
1.574155,-10.1742667180799
1.57416,-10.1716069986661
1.574165,-10.1689490020768
1.57417,-10.1662927300411
1.574175,-10.1636381842703
1.57418,-10.1609853664592
1.574185,-10.1583342782847
1.57419,-10.1556849214069
1.574195,-10.1530372974694
1.5742,-10.1503914080978
1.574205,-10.1477472549018
1.57421,-10.1451048394736
1.574215,-10.1424641633886
1.57422,-10.1398252282061
1.574225,-10.1371880354682
1.57423,-10.1345525867003
1.574235,-10.1319188834118
1.57424,-10.1292869270951
1.574245,-10.1266567192264
1.57425,-10.1240282612656
1.574255,-10.121401554656
1.57426,-10.1187766008251
1.574265,-10.1161534011838
1.57427,-10.1135319571273
1.574275,-10.1109122700342
1.57428,-10.1082943412675
1.574285,-10.1056781721741
1.57429,-10.1030637640851
1.574295,-10.1004511183155
1.5743,-10.097840236165
1.574305,-10.0952311189171
1.57431,-10.09262376784
1.574315,-10.0900181841861
1.57432,-10.0874143691923
1.574325,-10.08481232408
1.57433,-10.0822120500553
1.574335,-10.0796135483088
1.57434,-10.0770168200157
1.574345,-10.0744218663362
1.57435,-10.0718286884152
1.574355,-10.0692372873823
1.57436,-10.0666476643521
1.574365,-10.0640598204245
1.57437,-10.0614737566837
1.574375,-10.0588894741999
1.57438,-10.0563069740277
1.574385,-10.0537262572071
1.57439,-10.0511473247636
1.574395,-10.0485701777076
1.5744,-10.0459948170353
1.574405,-10.043421243728
1.57441,-10.0408494587525
1.574415,-10.0382794630614
1.57442,-10.0357112575925
1.574425,-10.0331448432694
1.57443,-10.0305802210016
1.574435,-10.028017391684
1.57444,-10.0254563561976
1.574445,-10.0228971154091
1.57445,-10.0203396701709
1.574455,-10.017784021322
1.57446,-10.0152301696865
1.574465,-10.0126781160756
1.57447,-10.0101278612857
1.574475,-10.0075794060999
1.57448,-10.0050327512876
1.574485,-10.0024878976041
1.57449,-9.99994484579122
1.574495,-9.99740359657731
1.5745,-9.99486415067688
1.574505,-9.99232650879125
1.57451,-9.98979067160806
1.574515,-9.98725663980151
1.57452,-9.98472441403274
1.574525,-9.98219399494923
1.57453,-9.97966538318557
1.574535,-9.97713857936289
1.57454,-9.97461358408917
1.574545,-9.9720903979596
1.57455,-9.969569021556
1.574555,-9.96704945544728
1.57456,-9.96453170018961
1.574565,-9.96201575632596
1.57457,-9.95950162438681
1.574575,-9.95698930488956
1.57458,-9.95447879833893
1.574585,-9.95197010522716
1.57459,-9.94946322603355
1.574595,-9.94695816122514
1.5746,-9.94445491125618
1.574605,-9.94195347656844
1.57461,-9.9394538575915
1.574615,-9.93695605474231
1.57462,-9.93446006842543
1.574625,-9.93196589903351
1.57463,-9.92947354694652
1.574635,-9.92698301253259
1.57464,-9.92449429614748
1.574645,-9.92200739813482
1.57465,-9.9195223188265
1.574655,-9.91703905854212
1.57466,-9.91455761758935
1.574665,-9.91207799626416
1.57467,-9.90960019485048
1.574675,-9.90712421362061
1.57468,-9.9046500528349
1.574685,-9.90217771274201
1.57469,-9.89970719357917
1.574695,-9.89723849557161
1.5747,-9.89477161893347
1.574705,-9.89230656386698
1.57471,-9.88984333056296
1.574715,-9.88738191920103
1.57472,-9.88492232994918
1.574725,-9.88246456296402
1.57473,-9.88000861839128
1.574735,-9.87755449636496
1.57474,-9.87510219700824
1.574745,-9.87265172043287
1.57475,-9.87020306673962
1.574755,-9.86775623601831
1.57476,-9.86531122834747
1.574765,-9.862868043795
1.57477,-9.86042668241758
1.574775,-9.85798714426111
1.57478,-9.85554942936084
1.574785,-9.85311353774098
1.57479,-9.85067946941496
1.574795,-9.84824722438591
1.5748,-9.84581680264582
1.574805,-9.84338820417641
1.57481,-9.84096142894874
1.574815,-9.83853647692316
1.57482,-9.8361133480499
1.574825,-9.83369204226836
1.57483,-9.83127255950797
1.574835,-9.8288548996875
1.57484,-9.82643906271537
1.574845,-9.82402504849014
1.57485,-9.82161285689976
1.574855,-9.81920248782203
1.57486,-9.81679394112497
1.574865,-9.81438721666607
1.57487,-9.8119823142931
1.574875,-9.80957923384369
1.57488,-9.80717797514538
1.574885,-9.80477853801617
1.57489,-9.80238092226374
1.574895,-9.79998512768628
1.5749,-9.79759115407203
1.574905,-9.79519900119939
1.57491,-9.79280866883729
1.574915,-9.79042015674487
1.57492,-9.78803346467144
1.574925,-9.78564859235721
1.57493,-9.78326553953228
1.574935,-9.7808843059178
1.57494,-9.77850489122504
1.574945,-9.77612729515588
1.57495,-9.77375151740318
1.574955,-9.77137755764997
1.57496,-9.76900541557045
1.574965,-9.76663509082919
1.57497,-9.76426658308167
1.574975,-9.76189989197429
1.57498,-9.75953501714423
1.574985,-9.75717195821941
1.57499,-9.75481071481907
1.574995,-9.75245128655298
1.575,-9.75009367302239
1.575005,-9.7477378738192
1.57501,-9.74538388852667
1.575015,-9.74303171671888
1.57502,-9.74068135796168
1.575025,-9.73833281181155
1.57503,-9.73598607781652
1.575035,-9.73364115551574
1.57504,-9.73129804443969
1.575045,-9.72895674411058
1.57505,-9.72661725404165
1.575055,-9.72427957373761
1.57506,-9.72194370269482
1.575065,-9.71960964040098
1.57507,-9.71727738633537
1.575075,-9.71494693996917
1.57508,-9.7126183007649
1.575085,-9.71029146817669
1.57509,-9.70796644165061
1.575095,-9.70564322062411
1.5751,-9.703321804527
1.575105,-9.70100219278057
1.57511,-9.69868438479775
1.575115,-9.69636837998383
1.57512,-9.69405417773539
1.575125,-9.69174177744186
1.57513,-9.68943117848403
1.575135,-9.68712238023479
1.57514,-9.6848153820593
1.575145,-9.68251018331448
1.57515,-9.68020678335005
1.575155,-9.67790518150727
1.57516,-9.67560537711994
1.575165,-9.67330736951394
1.57517,-9.67101115800737
1.575175,-9.6687167419113
1.57518,-9.66642412052827
1.575185,-9.66413329315376
1.57519,-9.66184425907556
1.575195,-9.65955701757381
1.5752,-9.65727156792115
1.575205,-9.65498790938309
1.57521,-9.65270604121738
1.575215,-9.65042596267437
1.57522,-9.64814767299713
1.575225,-9.6458711714214
1.57523,-9.64359645717571
1.575235,-9.64132352948125
1.57524,-9.63905238755197
1.575245,-9.63678303059455
1.57525,-9.63451545780854
1.575255,-9.63224966838664
1.57526,-9.62998566151409
1.575265,-9.62772343636929
1.57527,-9.62546299212356
1.575275,-9.62320432794095
1.57528,-9.62094744297924
1.575285,-9.6186923363886
1.57529,-9.61643900731257
1.575295,-9.61418745488796
1.5753,-9.61193767824425
1.575305,-9.60968967650494
1.57531,-9.60744344878617
1.575315,-9.6051989941974
1.57532,-9.60295631184151
1.575325,-9.60071540081482
1.57533,-9.5984762602065
1.575335,-9.59623888909997
1.57534,-9.59400328657146
1.575345,-9.59176945169073
1.57535,-9.58953738352111
1.575355,-9.58730708111938
1.57536,-9.58507854353626
1.575365,-9.58285176981552
1.57537,-9.58062675899485
1.575375,-9.57840351010544
1.57538,-9.57618202217208
1.575385,-9.5739622942138
1.57539,-9.57174432524286
1.575395,-9.56952811426534
1.5754,-9.56731366028121
1.575405,-9.5651009622842
1.57541,-9.56289001926229
1.575415,-9.56068083019679
1.57542,-9.55847339406321
1.575425,-9.55626770983113
1.57543,-9.55406377646358
1.575435,-9.55186159291848
1.57544,-9.54966115814713
1.575445,-9.54746247109502
1.57545,-9.54526553070181
1.575455,-9.54307033590135
1.57546,-9.54087688562146
1.575465,-9.53868517878448
1.57547,-9.53649521430664
1.575475,-9.53430699109862
1.57548,-9.53212050806532
1.575485,-9.52993576410569
1.57549,-9.52775275811358
1.575495,-9.52557148897679
1.5755,-9.52339195557764
1.575505,-9.52121415679274
1.57551,-9.51903809149313
1.575515,-9.5168637585448
1.57552,-9.51469115680769
1.575525,-9.51252028513655
1.57553,-9.51035114238064
1.575535,-9.50818372738355
1.57554,-9.50601803898405
1.575545,-9.50385407601516
1.57555,-9.50169183730469
1.575555,-9.49953132167501
1.57556,-9.49737252794319
1.575565,-9.49521545492157
1.57557,-9.49306010141669
1.575575,-9.49090646623017
1.57558,-9.48875454815842
1.575585,-9.48660434599264
1.57559,-9.48445585851882
1.575595,-9.48230908451844
1.5756,-9.48016402276736
1.575605,-9.47802067203651
1.57561,-9.47587903109188
1.575615,-9.47373909869443
1.57562,-9.47160087360046
1.575625,-9.46946435456105
1.57563,-9.46732954032247
1.575635,-9.46519642962603
1.57564,-9.46306502120813
1.575645,-9.46093531380089
1.57565,-9.45880730613102
1.575655,-9.45668099692077
1.57566,-9.4545563848876
1.575665,-9.45243346874391
1.57567,-9.45031224719828
1.575675,-9.44819271895378
1.57568,-9.44607488270915
1.575685,-9.44395873715859
1.57569,-9.44184428099142
1.575695,-9.43973151289299
1.5757,-9.43762043154359
1.575705,-9.43551103561902
1.57571,-9.43340332379092
1.575715,-9.43129729472614
1.57572,-9.42919294708708
1.575725,-9.42709027953223
1.57573,-9.42498929071513
1.575735,-9.42288997928522
1.57574,-9.42079234388754
1.575745,-9.41869638316254
1.57575,-9.41660209574717
1.575755,-9.41450948027329
1.57576,-9.41241853536884
1.575765,-9.4103292596576
1.57577,-9.40824165175886
1.575775,-9.40615571028833
1.57578,-9.40407143385699
1.575785,-9.40198882107199
1.57579,-9.39990787053623
1.575795,-9.39782858084853
1.5758,-9.39575095060401
1.575805,-9.39367497839321
1.57581,-9.39160066280315
1.575815,-9.38952800241643
1.57582,-9.38745699581214
1.575825,-9.38538764156491
1.57583,-9.38331993824604
1.575835,-9.38125388442258
1.57584,-9.3791894786577
1.575845,-9.37712671951089
1.57585,-9.3750656055375
1.575855,-9.37300613528967
1.57586,-9.3709483073152
1.575865,-9.3688921201584
1.57587,-9.3668375723597
1.575875,-9.36478466245582
1.57588,-9.36273338898011
1.575885,-9.36068375046192
1.57589,-9.35863574542699
1.575895,-9.35658937239754
1.5759,-9.35454462989195
1.575905,-9.35250151642555
1.57591,-9.35046003050958
1.575915,-9.34842017065197
1.57592,-9.34638193535707
1.575925,-9.34434532312566
1.57593,-9.34231033245539
1.575935,-9.34027696184015
1.57594,-9.33824520977039
1.575945,-9.33621507473331
1.57595,-9.33418655521257
1.575955,-9.33215964968849
1.57596,-9.33013435663828
1.575965,-9.32811067453559
1.57597,-9.32608860185073
1.575975,-9.3240681370509
1.57598,-9.32204927859971
1.575985,-9.32003202495815
1.57599,-9.31801637458338
1.575995,-9.31600232592967
1.576,-9.31398987744793
1.576005,-9.31197902758595
1.57601,-9.30996977478865
1.576015,-9.30796211749753
1.57602,-9.30595605415102
1.576025,-9.30395158318458
1.57603,-9.30194870303035
1.576035,-9.29994741211798
1.57604,-9.29794770887356
1.576045,-9.29594959172036
1.57605,-9.29395305907883
1.576055,-9.29195810936596
1.57606,-9.28996474099657
1.576065,-9.287972952382
1.57607,-9.28598274193076
1.576075,-9.28399410804859
1.57608,-9.28200704913827
1.576085,-9.28002156359971
1.57609,-9.27803764983028
1.576095,-9.27605530622424
1.5761,-9.27407453117311
1.576105,-9.27209532306566
1.57611,-9.27011768028795
1.576115,-9.26814160122335
1.57612,-9.26616708425246
1.576125,-9.2641941277532
1.57613,-9.26222273010071
1.576135,-9.26025288966752
1.57614,-9.25828460482375
1.576145,-9.25631787393665
1.57615,-9.25435269537088
1.576155,-9.25238906748856
1.57616,-9.25042698864925
1.576165,-9.24846645721006
1.57617,-9.24650747152545
1.576175,-9.24455002994743
1.57618,-9.24259413082539
1.576185,-9.24063977250629
1.57619,-9.23868695333489
1.576195,-9.23673567165316
1.5762,-9.23478592580086
1.576205,-9.23283771411529
1.57621,-9.23089103493128
1.576215,-9.2289458865813
1.57622,-9.22700226739573
1.576225,-9.22506017570227
1.57623,-9.22311960982662
1.576235,-9.22118056809178
1.57624,-9.21924304881871
1.576245,-9.21730705032637
1.57625,-9.21537257093098
1.576255,-9.21343960894676
1.57626,-9.21150816268575
1.576265,-9.20957823045764
1.57627,-9.20764981057021
1.576275,-9.20572290132887
1.57628,-9.20379750103684
1.576285,-9.2018736079953
1.57629,-9.19995122050324
1.576295,-9.19803033685788
1.5763,-9.19611095535392
1.576305,-9.19419307428424
1.57631,-9.19227669193952
1.576315,-9.19036180660839
1.57632,-9.1884484165779
1.576325,-9.18653652013264
1.57633,-9.18462611555528
1.576335,-9.1827172011266
1.57634,-9.18080977512548
1.576345,-9.17890383582868
1.57635,-9.17699938151137
1.576355,-9.17509641044648
1.57636,-9.17319492090526
1.576365,-9.17129491115702
1.57637,-9.169396379469
1.576375,-9.16749932410708
1.57638,-9.16560374333498
1.576385,-9.16370963541469
1.57639,-9.1618169986063
1.576395,-9.15992583116811
1.5764,-9.15803613135707
1.576405,-9.15614789742795
1.57641,-9.15426112763385
1.576415,-9.15237582022621
1.57642,-9.1504919734547
1.576425,-9.14860958556764
1.57643,-9.14672865481123
1.576435,-9.14484917943017
1.57644,-9.14297115766762
1.576445,-9.14109458776491
1.57645,-9.13921946796208
1.576455,-9.13734579649722
1.57646,-9.13547357160708
1.576465,-9.13360279152674
1.57647,-9.13173345448969
1.576475,-9.12986555872778
1.57648,-9.12799910247182
1.576485,-9.12613408395057
1.57649,-9.12427050139157
1.576495,-9.12240835302081
1.5765,-9.1205476370626
1.576505,-9.11868835174026
1.57651,-9.11683049527537
1.576515,-9.11497406588813
1.57652,-9.11311906179724
1.576525,-9.11126548121998
1.57653,-9.10941332237268
1.576535,-9.10756258346978
1.57654,-9.10571326272464
1.576545,-9.1038653583492
1.57655,-9.10201886855387
1.576555,-9.10017379154822
1.57656,-9.09833012554018
1.576565,-9.09648786873641
1.57657,-9.0946470193424
1.576575,-9.09280757556234
1.57658,-9.09096953559897
1.576585,-9.08913289765425
1.57659,-9.0872976599286
1.576595,-9.08546382062123
1.5766,-9.08363137793028
1.576605,-9.08180033005248
1.57661,-9.07997067518387
1.576615,-9.07814241151891
1.57662,-9.07631553725098
1.576625,-9.0744900505724
1.57663,-9.07266594967431
1.576635,-9.07084323274699
1.57664,-9.0690218979794
1.576645,-9.06720194355941
1.57665,-9.06538336767396
1.576655,-9.06356616850874
1.57666,-9.06175034424873
1.576665,-9.05993589307756
1.57667,-9.05812281317805
1.576675,-9.05631110273188
1.57668,-9.05450075991975
1.576685,-9.05269178292164
1.57669,-9.05088416991631
1.576695,-9.04907791908157
1.5767,-9.04727302859442
1.576705,-9.04546949663088
1.57671,-9.0436673213658
1.576715,-9.04186650097381
1.57672,-9.04006703362796
1.576725,-9.03826891750071
1.57673,-9.03647215076367
1.576735,-9.03467673158738
1.57674,-9.03288265814202
1.576745,-9.03108992859645
1.57675,-9.02929854111897
1.576755,-9.02750849387693
1.57676,-9.02571978503692
1.576765,-9.02393241276495
1.57677,-9.02214637522607
1.576775,-9.02036167058458
1.57678,-9.01857829700394
1.576785,-9.01679625264706
1.57679,-9.01501553567611
1.576795,-9.01323614425256
1.5768,-9.01145807653693
1.576805,-9.00968133068942
1.57681,-9.00790590486914
1.576815,-9.00613179723499
1.57682,-9.00435900594494
1.576825,-9.00258752915628
1.57683,-9.00081736502584
1.576835,-8.99904851170966
1.57684,-8.9972809673632
1.576845,-8.99551473014155
1.57685,-8.99374979819896
1.576855,-8.99198616968914
1.57686,-8.9902238427653
1.576865,-8.98846281557989
1.57687,-8.9867030862853
1.576875,-8.98494465303288
1.57688,-8.98318751397372
1.576885,-8.98143166725827
1.57689,-8.97967711103648
1.576895,-8.97792384345803
1.5769,-8.97617186267192
1.576905,-8.97442116682663
1.57691,-8.97267175407028
1.576915,-8.97092362255053
1.57692,-8.96917677041467
1.576925,-8.96743119580953
1.57693,-8.96568689688132
1.576935,-8.96394387177619
1.57694,-8.9622021186394
1.576945,-8.96046163561651
1.57695,-8.95872242085219
1.576955,-8.95698447249083
1.57696,-8.95524778867659
1.576965,-8.95351236755313
1.57697,-8.9517782072638
1.576975,-8.95004530595186
1.57698,-8.94831366176003
1.576985,-8.94658327283068
1.57699,-8.94485413730604
1.576995,-8.94312625332781
1.577,-8.9413996190379
1.577005,-8.93967423257744
1.57701,-8.93795009208753
1.577015,-8.9362271957091
1.57702,-8.93450554158245
1.577025,-8.9327851278483
1.57703,-8.93106595264669
1.577035,-8.92934801411749
1.57704,-8.9276313104005
1.577045,-8.9259158396351
1.57705,-8.92420159996094
1.577055,-8.92248858951707
1.57706,-8.9207768064425
1.577065,-8.91906624887626
1.57707,-8.91735691495679
1.577075,-8.91564880282307
1.57708,-8.91394191061346
1.577085,-8.91223623646627
1.57709,-8.91053177851985
1.577095,-8.9088285349123
1.5771,-8.9071265037816
1.577105,-8.9054256832661
1.57711,-8.90372607150346
1.577115,-8.90202766663167
1.57712,-8.90033046678856
1.577125,-8.89863447011175
1.57713,-8.89693967473929
1.577135,-8.89524607880872
1.57714,-8.89355368045777
1.577145,-8.89186247782421
1.57715,-8.89017246904562
1.577155,-8.88848365225992
1.57716,-8.88679602560479
1.577165,-8.88510958721793
1.57717,-8.88342433523717
1.577175,-8.88174026780029
1.57718,-8.88005738304544
1.577185,-8.87837567911041
1.57719,-8.87669515413331
1.577195,-8.87501580625221
1.5772,-8.87333763360519
1.577205,-8.87166063433087
1.57721,-8.86998480656753
1.577215,-8.86831014845365
1.57722,-8.86663665812794
1.577225,-8.86496433372911
1.57723,-8.86329317339597
1.577235,-8.86162317526787
1.57724,-8.85995433748392
1.577245,-8.85828665818345
1.57725,-8.85662013550599
1.577255,-8.85495476759123
1.57726,-8.85329055257932
1.577265,-8.85162748861021
1.57727,-8.8499655738242
1.577275,-8.84830480636189
1.57728,-8.8466451843639
1.577285,-8.8449867059714
1.57729,-8.84332936932553
1.577295,-8.84167317256768
1.5773,-8.84001811383956
1.577305,-8.83836419128308
1.57731,-8.83671140304068
1.577315,-8.83505974725471
1.57732,-8.83340922206795
1.577325,-8.83175982562352
1.57733,-8.8301115560648
1.577335,-8.82846441153528
1.57734,-8.82681839017919
1.577345,-8.82517349014076
1.57735,-8.82352970956464
1.577355,-8.82188704659573
1.57736,-8.82024549937922
1.577365,-8.81860506606107
1.57737,-8.81696574478712
1.577375,-8.81532753370379
1.57738,-8.81369043095785
1.577385,-8.81205443469625
1.57739,-8.81041954306673
1.577395,-8.80878575421714
1.5774,-8.8071530662958
1.577405,-8.80552147745137
1.57741,-8.80389098583286
1.577415,-8.80226158959011
1.57742,-8.800633286873
1.577425,-8.79900607583181
1.57743,-8.7973799546176
1.577435,-8.79575492138145
1.57744,-8.79413097427536
1.577445,-8.79250811145149
1.57745,-8.79088633106256
1.577455,-8.7892656312617
1.57746,-8.78764601020256
1.577465,-8.78602746603927
1.57747,-8.78440999692664
1.577475,-8.78279360101978
1.57748,-8.78117827647438
1.577485,-8.77956402144657
1.57749,-8.77795083409296
1.577495,-8.77633871257108
1.5775,-8.77472765503856
1.577505,-8.77311765965379
1.57751,-8.77150872457568
1.577515,-8.76990084796349
1.57752,-8.76829402797746
1.577525,-8.76668826277814
1.57753,-8.76508355052662
1.577535,-8.76347988938472
1.57754,-8.76187727751461
1.577545,-8.76027571307951
1.57755,-8.75867519424286
1.577555,-8.75707571916874
1.57756,-8.75547728602194
1.577565,-8.7538798929678
1.57757,-8.7522835381725
1.577575,-8.75068821980265
1.57758,-8.7490939360255
1.577585,-8.74750068500906
1.57759,-8.74590846492192
1.577595,-8.74431727393321
1.5776,-8.74272711021306
1.577605,-8.74113797193203
1.57761,-8.73954985726135
1.577615,-8.73796276437304
1.57762,-8.73637669143961
1.577625,-8.73479163663468
1.57763,-8.73320759813216
1.577635,-8.73162457410687
1.57764,-8.7300425627343
1.577645,-8.72846156219044
1.57765,-8.7268815706526
1.577655,-8.72530258629824
1.57766,-8.72372460730576
1.577665,-8.72214763185436
1.57767,-8.72057165812379
1.577675,-8.71899668429498
1.57768,-8.71742270854918
1.577685,-8.71584972906863
1.57769,-8.71427774403623
1.577695,-8.71270675163569
1.5777,-8.71113675005167
1.577705,-8.70956773746944
1.57771,-8.70799971207506
1.577715,-8.7064326720555
1.57772,-8.70486661559841
1.577725,-8.70330154089228
1.57773,-8.70173744612667
1.577735,-8.70017432949154
1.57774,-8.69861218917805
1.577745,-8.69705102337788
1.57775,-8.69549083028376
1.577755,-8.69393160808927
1.57776,-8.69237335498882
1.577765,-8.6908160691775
1.57777,-8.68925974885155
1.577775,-8.68770439220766
1.57778,-8.68614999744404
1.577785,-8.68459656275912
1.57779,-8.68304408635267
1.577795,-8.68149256642499
1.5778,-8.6799420011775
1.577805,-8.67839238881253
1.57781,-8.67684372753332
1.577815,-8.67529601554377
1.57782,-8.67374925104904
1.577825,-8.67220343225478
1.57783,-8.6706585573682
1.577835,-8.6691146245968
1.57784,-8.66757163214944
1.577845,-8.6660295782356
1.57785,-8.66448846106597
1.577855,-8.66294827885197
1.57786,-8.66140902980626
1.577865,-8.6598707121422
1.57787,-8.65833332407419
1.577875,-8.65679686381762
1.57788,-8.6552613295887
1.577885,-8.65372671960503
1.57789,-8.65219303208474
1.577895,-8.65066026524721
1.5779,-8.64912841731265
1.577905,-8.64759748650233
1.57791,-8.64606747103867
1.577915,-8.64453836914494
1.57792,-8.64301017904539
1.577925,-8.64148289896533
1.57793,-8.63995652713113
1.577935,-8.63843106177021
1.57794,-8.63690650111097
1.577945,-8.63538284338284
1.57795,-8.63386008681627
1.577955,-8.63233822964271
1.57796,-8.63081727009489
1.577965,-8.62929720640638
1.57797,-8.62777803681182
1.577975,-8.62625975954698
1.57798,-8.62474237284865
1.577985,-8.62322587495458
1.57799,-8.62171026410399
1.577995,-8.62019553853682
1.578,-8.61868169649414
1.578005,-8.6171687362182
1.57801,-8.61565665595214
1.578015,-8.61414545394062
1.57802,-8.61263512842899
1.578025,-8.61112567766385
1.57803,-8.60961709989297
1.578035,-8.60810939336507
1.57804,-8.60660255633026
1.578045,-8.60509658703954
1.57805,-8.60359148374508
1.578055,-8.60208724470024
1.57806,-8.60058386815934
1.578065,-8.59908135237819
1.57807,-8.59757969561347
1.578075,-8.59607889612308
1.57808,-8.59457895216602
1.578085,-8.59307986200253
1.57809,-8.59158162389383
1.578095,-8.59008423610263
1.5781,-8.5885876968926
1.578105,-8.58709200452858
1.57811,-8.58559715727656
1.578115,-8.58410315340371
1.57812,-8.5826099911786
1.578125,-8.58111766887069
1.57813,-8.57962618475084
1.578135,-8.57813553709102
1.57814,-8.57664572416424
1.578145,-8.57515674424509
1.57815,-8.57366859560916
1.578155,-8.5721812765331
1.57816,-8.570694785295
1.578165,-8.56920912017402
1.57817,-8.56772427945073
1.578175,-8.56624026140673
1.57818,-8.56475706432497
1.578185,-8.56327468648959
1.57819,-8.5617931261858
1.578195,-8.56031238170045
1.5782,-8.55883245132133
1.578205,-8.55735333333756
1.57821,-8.55587502603944
1.578215,-8.55439752771859
1.57822,-8.55292083666783
1.578225,-8.55144495118151
1.57823,-8.54996986955487
1.578235,-8.54849559008464
1.57824,-8.54702211106872
1.578245,-8.54554943080621
1.57825,-8.54407754759789
1.578255,-8.54260645974542
1.57826,-8.54113616555184
1.578265,-8.5396666633215
1.57827,-8.53819795136001
1.578275,-8.53673002797452
1.57828,-8.53526289147309
1.578285,-8.53379654016542
1.57829,-8.53233097236227
1.578295,-8.53086618637573
1.5783,-8.52940218051952
1.578305,-8.52793895310836
1.57831,-8.52647650245832
1.578315,-8.52501482688686
1.57832,-8.52355392471269
1.578325,-8.52209379425613
1.57833,-8.52063443383848
1.578335,-8.51917584178249
1.57834,-8.51771801641236
1.578345,-8.51626095605352
1.57835,-8.5148046590326
1.578355,-8.51334912367811
1.57836,-8.51189434831934
1.578365,-8.51044033128717
1.57837,-8.50898707091386
1.578375,-8.50753456553292
1.57838,-8.50608281347943
1.578385,-8.50463181308962
1.57839,-8.50318156270122
1.578395,-8.50173206065327
1.5784,-8.50028330528613
1.578405,-8.49883529494184
1.57841,-8.49738802796346
1.578415,-8.49594150269557
1.57842,-8.49449571748421
1.578425,-8.4930506706766
1.57843,-8.49160636062175
1.578435,-8.49016278566974
1.57844,-8.48871994417209
1.578445,-8.48727783448175
1.57845,-8.48583645495307
1.578455,-8.48439580394197
1.57846,-8.48295587980561
1.578465,-8.4815166809026
1.57847,-8.48007820559288
1.578475,-8.47864045223805
1.57848,-8.47720341920078
1.578485,-8.47576710484558
1.57849,-8.47433150753813
1.578495,-8.47289662564555
1.5785,-8.47146245753649
1.578505,-8.47002900158088
1.57851,-8.4685962561503
1.578515,-8.46716421961771
1.57852,-8.46573289035739
1.578525,-8.46430226674514
1.57853,-8.46287234715819
1.578535,-8.46144312997539
1.57854,-8.46001461357686
1.578545,-8.45858679634421
1.57855,-8.45715967666055
1.578555,-8.4557332529103
1.57856,-8.45430752347974
1.578565,-8.45288248675626
1.57857,-8.45145814112871
1.578575,-8.45003448498769
1.57858,-8.44861151672491
1.578585,-8.44718923473395
1.57859,-8.44576763740966
1.578595,-8.44434672314833
1.5786,-8.44292649034786
1.578605,-8.44150693740753
1.57861,-8.44008806272812
1.578615,-8.43866986471209
1.57862,-8.43725234176321
1.578625,-8.43583549228674
1.57863,-8.43441931468955
1.578635,-8.43300380737985
1.57864,-8.43158896876757
1.578645,-8.43017479726408
1.57865,-8.42876129128208
1.578655,-8.42734844923608
1.57866,-8.42593626954168
1.578665,-8.42452475061663
1.57867,-8.42311389087958
1.578675,-8.42170368875111
1.57868,-8.42029414265307
1.578685,-8.41888525100884
1.57869,-8.41747701224367
1.578695,-8.41606942478395
1.5787,-8.41466248705779
1.578705,-8.41325619749477
1.57871,-8.41185055452596
1.578715,-8.41044555658419
1.57872,-8.40904120210365
1.578725,-8.40763748952005
1.57873,-8.40623441727074
1.578735,-8.40483198379454
1.57874,-8.40343018753183
1.578745,-8.40202902692469
1.57875,-8.40062850041661
1.578755,-8.3992286064526
1.57876,-8.39782934347931
1.578765,-8.39643070994492
1.57877,-8.39503270429924
1.578775,-8.39363532499363
1.57878,-8.39223857048084
1.578785,-8.39084243921547
1.57879,-8.38944692965331
1.578795,-8.38805204025223
1.5788,-8.38665776947132
1.578805,-8.38526411577128
1.57881,-8.38387107761448
1.578815,-8.38247865346469
1.57882,-8.38108684178764
1.578825,-8.37969564105025
1.57883,-8.37830504972125
1.578835,-8.37691506627083
1.57884,-8.37552568917087
1.578845,-8.37413691689466
1.57885,-8.37274874791748
1.578855,-8.37136118071577
1.57886,-8.36997421376779
1.578865,-8.36858784555341
1.57887,-8.36720207455383
1.578875,-8.36581689925235
1.57888,-8.36443231813351
1.578885,-8.36304832968347
1.57889,-8.36166493239014
1.578895,-8.3602821247428
1.5789,-8.35889990523276
1.578905,-8.35751827235255
1.57891,-8.35613722459646
1.578915,-8.35475676046048
1.57892,-8.35337687844189
1.578925,-8.35199757704013
1.57893,-8.35061885475587
1.578935,-8.34924071009144
1.57894,-8.3478631415509
1.578945,-8.34648614763975
1.57895,-8.34510972686549
1.578955,-8.34373387773688
1.57896,-8.34235859876446
1.578965,-8.34098388846041
1.57897,-8.33960974533854
1.578975,-8.33823616791415
1.57898,-8.33686315470454
1.578985,-8.33549070422827
1.57899,-8.3341188150057
1.578995,-8.33274748555892
1.579,-8.33137671441133
1.579005,-8.33000650008849
1.57901,-8.32863684111724
1.579015,-8.32726773602611
1.57902,-8.32589918334538
1.579025,-8.32453118160678
1.57903,-8.32316372934404
1.579035,-8.3217968250923
1.57904,-8.3204304673884
1.579045,-8.3190646547708
1.57905,-8.31769938577956
1.579055,-8.31633465895679
1.57906,-8.31497047284573
1.579065,-8.31360682599161
1.57907,-8.31224371694126
1.579075,-8.310881144243
1.57908,-8.30951910644716
1.579085,-8.30815760210551
1.57909,-8.30679662977152
1.579095,-8.30543618800031
1.5791,-8.30407627534873
1.579105,-8.30271689037516
1.57911,-8.30135803163996
1.579115,-8.29999969770491
1.57912,-8.29864188713355
1.579125,-8.29728459849105
1.57913,-8.29592783034419
1.579135,-8.29457158126177
1.57914,-8.29321584981396
1.579145,-8.29186063457263
1.57915,-8.29050593411142
1.579155,-8.28915174700559
1.57916,-8.2877980718323
1.579165,-8.28644490717012
1.57917,-8.2850922515994
1.579175,-8.28374010370227
1.57918,-8.28238846206238
1.579185,-8.28103732526533
1.57919,-8.27968669189818
1.579195,-8.2783365605498
1.5792,-8.27698692981074
1.579205,-8.2756377982731
1.57921,-8.274289164531
1.579215,-8.27294102718003
1.57922,-8.27159338481753
1.579225,-8.27024623604249
1.57923,-8.26889957945567
1.579235,-8.26755341365945
1.57924,-8.2662077372582
1.579245,-8.26486254885762
1.57925,-8.2635178470653
1.579255,-8.26217363049055
1.57926,-8.26082989774424
1.579265,-8.25948664743928
1.57927,-8.25814387819001
1.579275,-8.25680158861251
1.57928,-8.25545977732461
1.579285,-8.25411844294582
1.57929,-8.25277758409762
1.579295,-8.25143719940283
1.5793,-8.25009728748618
1.579305,-8.24875784697413
1.57931,-8.24741887649469
1.579315,-8.24608037467797
1.57932,-8.24474234015545
1.579325,-8.24340477156041
1.57933,-8.24206766752788
1.579335,-8.24073102669457
1.57934,-8.23939484769912
1.579345,-8.23805912918168
1.57935,-8.23672386978419
1.579355,-8.23538906815029
1.57936,-8.23405472292535
1.579365,-8.23272083275647
1.57937,-8.23138739629264
1.579375,-8.2300544121844
1.57938,-8.22872187908408
1.579385,-8.22738979564567
1.57939,-8.22605816052489
1.579395,-8.22472697237947
1.5794,-8.22339622986856
1.579405,-8.22206593165317
1.57941,-8.220736076396
1.579415,-8.21940666276147
1.57942,-8.21807768941598
1.579425,-8.21674915502734
1.57943,-8.21542105826524
1.579435,-8.21409339780114
1.57944,-8.2127661723081
1.579445,-8.21143938046124
1.57945,-8.21011302093708
1.579455,-8.20878709241408
1.57946,-8.20746159357238
1.579465,-8.20613652309369
1.57947,-8.20481187966196
1.579475,-8.20348766196239
1.57948,-8.20216386868211
1.579485,-8.20084049851006
1.57949,-8.19951755013679
1.579495,-8.19819502225466
1.5795,-8.19687291355792
1.579505,-8.1955512227424
1.57951,-8.19422994850568
1.579515,-8.19290908954719
1.57952,-8.19158864456797
1.579525,-8.190268612271
1.57953,-8.18894899136095
1.579535,-8.18762978054408
1.57954,-8.18631097852869
1.579545,-8.18499258402447
1.57955,-8.18367459574329
1.579555,-8.1823570123985
1.57956,-8.18103983270524
1.579565,-8.17972305538046
1.57957,-8.17840667914274
1.579575,-8.17709070271273
1.57958,-8.17577512481251
1.579585,-8.1744599441661
1.57959,-8.17314515949915
1.579595,-8.17183076953921
1.5796,-8.17051677301539
1.579605,-8.16920316865892
1.57961,-8.16788995520243
1.579615,-8.1665771313805
1.57962,-8.16526469592938
1.579625,-8.16395264758709
1.57963,-8.16264098509358
1.579635,-8.16132970719039
1.57964,-8.16001881262083
1.579645,-8.15870830013007
1.57965,-8.15739816846484
1.579655,-8.15608841637402
1.57966,-8.1547790426079
1.579665,-8.15347004591869
1.57967,-8.1521614250603
1.579675,-8.15085317878841
1.57968,-8.14954530586063
1.579685,-8.14823780503616
1.57969,-8.146930675076
1.579695,-8.14562391474296
1.5797,-8.14431752280148
1.579705,-8.14301149801811
1.57971,-8.14170583916081
1.579715,-8.1404005449995
1.57972,-8.13909561430578
1.579725,-8.1377910458531
1.57973,-8.13648683841651
1.579735,-8.13518299077318
1.57974,-8.13387950170173
1.579745,-8.13257636998262
1.57975,-8.13127359439824
1.579755,-8.12997117373241
1.57976,-8.12866910677125
1.579765,-8.12736739230212
1.57977,-8.12606602911449
1.579775,-8.1247650159995
1.57978,-8.12346435174991
1.579785,-8.12216403516064
1.57979,-8.12086406502802
1.579795,-8.11956444015033
1.5798,-8.11826515932753
1.579805,-8.11696622136137
1.57981,-8.11566762505555
1.579815,-8.1143693692153
1.57982,-8.11307145264784
1.579825,-8.11177387416191
1.57983,-8.11047663256818
1.579835,-8.10917972667928
1.57984,-8.10788315530929
1.579845,-8.10658691727424
1.57985,-8.10529101139186
1.579855,-8.10399543648176
1.57986,-8.10270019136511
1.579865,-8.10140527486521
1.57987,-8.10011068580688
1.579875,-8.09881642301678
1.57988,-8.09752248532331
1.579885,-8.09622887155663
1.57989,-8.09493558054888
1.579895,-8.09364261113376
1.5799,-8.09234996214679
1.579905,-8.09105763242529
1.57991,-8.08976562080832
1.579915,-8.08847392613694
1.57992,-8.08718254725368
1.579925,-8.08589148300301
1.57993,-8.08460073223112
1.579935,-8.0833102937859
1.57994,-8.08202016651736
1.579945,-8.08073034927695
1.57995,-8.07944084091797
1.579955,-8.07815164029556
1.57996,-8.07686274626649
1.579965,-8.07557415768959
1.57997,-8.07428587342527
1.579975,-8.07299789233576
1.57998,-8.07171021328501
1.579985,-8.07042283513884
1.57999,-8.06913575676469
1.579995,-8.06784897703207
1.58,-8.06656249481206
1.580005,-8.06527630897754
1.58001,-8.06399041840316
1.580015,-8.06270482196532
1.58002,-8.06141951854238
1.580025,-8.06013450701427
1.58003,-8.05884978626282
1.580035,-8.05756535517159
1.58004,-8.05628121262581
1.580045,-8.05499735751275
1.58005,-8.0537137887213
1.580055,-8.05243050514211
1.58006,-8.05114750566762
1.580065,-8.04986478919195
1.58007,-8.04858235461135
1.580075,-8.04730020082352
1.58008,-8.04601832672797
1.580085,-8.04473673122606
1.58009,-8.04345541322086
1.580095,-8.04217437161745
1.5801,-8.04089360532237
1.580105,-8.03961311324406
1.58011,-8.03833289429282
1.580115,-8.03705294738063
1.58012,-8.03577327142115
1.580125,-8.03449386533012
1.58013,-8.03321472802482
1.580135,-8.03193585842435
1.58014,-8.03065725544957
1.580145,-8.02937891802305
1.58015,-8.02810084506944
1.580155,-8.02682303551486
1.58016,-8.02554548828726
1.580165,-8.02426820231639
1.58017,-8.02299117653374
1.580175,-8.02171440987281
1.58018,-8.02043790126853
1.580185,-8.01916164965778
1.58019,-8.01788565397921
1.580195,-8.01660991317314
1.5802,-8.01533442618185
1.580205,-8.01405919194931
1.58021,-8.01278420942117
1.580215,-8.01150947754492
1.58022,-8.01023499526978
1.580225,-8.00896076154696
1.58023,-8.00768677532913
1.580235,-8.00641303557089
1.58024,-8.00513954122862
1.580245,-8.00386629126039
1.58025,-8.00259328462607
1.580255,-8.00132052028748
1.58026,-8.00004799720792
1.580265,-7.99877571435259
1.58027,-7.99750367068851
1.580275,-7.99623186518428
1.58028,-7.99496029681063
1.580285,-7.99368896453975
1.58029,-7.99241786734563
1.580295,-7.99114700420408
1.5803,-7.98987637409263
1.580305,-7.98860597599077
1.58031,-7.98733580887955
1.580315,-7.98606587174186
1.58032,-7.98479616356224
1.580325,-7.98352668332714
1.58033,-7.98225743002484
1.580335,-7.98098840264515
1.58034,-7.97971960017985
1.580345,-7.97845102162235
1.58035,-7.97718266596791
1.580355,-7.97591453221344
1.58036,-7.97464661935778
1.580365,-7.97337892640149
1.58037,-7.97211145234675
1.580375,-7.9708441961976
1.58038,-7.96957715695981
1.580385,-7.96831033364106
1.58039,-7.96704372525061
1.580395,-7.96577733079952
1.5804,-7.96451114930065
1.580405,-7.96324517976853
1.58041,-7.96197942121958
1.580415,-7.96071387267197
1.58042,-7.95944853314548
1.580425,-7.95818340166173
1.58043,-7.95691847724407
1.580435,-7.95565375891776
1.58044,-7.95438924570967
1.580445,-7.95312493664837
1.58045,-7.95186083076434
1.580455,-7.95059692708959
1.58046,-7.94933322465826
1.580465,-7.94806972250588
1.58047,-7.9468064196699
1.580475,-7.9455433151895
1.58048,-7.94428040810551
1.580485,-7.94301769746065
1.58049,-7.94175518229938
1.580495,-7.94049286166792
1.5805,-7.9392307346141
1.580505,-7.93796880018758
1.58051,-7.93670705743975
1.580515,-7.93544550542391
1.58052,-7.93418414319491
1.580525,-7.93292296980938
1.58053,-7.93166198432578
1.580535,-7.9304011858041
1.58054,-7.92914057330649
1.580545,-7.92788014589644
1.58055,-7.92661990263938
1.580555,-7.9253598426024
1.58056,-7.92409996485432
1.580565,-7.9228402684659
1.58057,-7.92158075250943
1.580575,-7.92032141605898
1.58058,-7.91906225819042
1.580585,-7.9178032779812
1.58059,-7.91654447451085
1.580595,-7.91528584686029
1.5806,-7.91402739411236
1.580605,-7.91276911535155
1.58061,-7.91151100966416
1.580615,-7.91025307613806
1.58062,-7.90899531386322
1.580625,-7.90773772193096
1.58063,-7.90648029943453
1.580635,-7.90522304546885
1.58064,-7.90396595913053
1.580645,-7.90270903951811
1.58065,-7.90145228573164
1.580655,-7.90019569687307
1.58066,-7.89893927204587
1.580665,-7.89768301035541
1.58067,-7.89642691090879
1.580675,-7.89517097281479
1.58068,-7.89391519518392
1.580685,-7.89265957712839
1.58069,-7.8914041177621
1.580695,-7.89014881620089
1.5807,-7.88889367156212
1.580705,-7.88763868296489
1.58071,-7.8863838495301
1.580715,-7.88512917038021
1.58072,-7.88387464463975
1.580725,-7.88262027143461
1.58073,-7.88136604989254
1.580735,-7.8801119791431
1.58074,-7.87885805831734
1.580745,-7.87760428654817
1.58075,-7.87635066297039
1.580755,-7.87509718672022
1.58076,-7.87384385693573
1.580765,-7.87259067275668
1.58077,-7.87133763332451
1.580775,-7.87008473778254
1.58078,-7.8688319852756
1.580785,-7.8675793749504
1.58079,-7.86632690595517
1.580795,-7.86507457743993
1.5808,-7.86382238855664
1.580805,-7.86257033845862
1.58081,-7.8613184263011
1.580815,-7.86006665124092
1.58082,-7.85881501243658
1.580825,-7.85756350904864
1.58083,-7.85631214023891
1.580835,-7.85506090517115
1.58084,-7.8538098030108
1.580845,-7.85255883292483
1.58085,-7.85130799408229
1.580855,-7.85005728565355
1.58086,-7.84880670681084
1.580865,-7.84755625672813
1.58087,-7.84630593458103
1.580875,-7.84505573954672
1.58088,-7.84380567080445
1.580885,-7.84255572753479
1.58089,-7.84130590892015
1.580895,-7.84005621414467
1.5809,-7.83880664239406
1.580905,-7.83755719285595
1.58091,-7.83630786471946
1.580915,-7.83505865717543
1.58092,-7.83380956941642
1.580925,-7.83256060063664
1.58093,-7.8313117500322
1.580935,-7.83006301680062
1.58094,-7.82881440014119
1.580945,-7.82756589925497
1.58095,-7.82631751334456
1.580955,-7.82506924161447
1.58096,-7.8238210832707
1.580965,-7.82257303752096
1.58097,-7.82132510357466
1.580975,-7.82007728064287
1.58098,-7.81882956793854
1.580985,-7.81758196467601
1.58099,-7.8163344700714
1.580995,-7.81508708334259
1.581,-7.81383980370907
1.581005,-7.81259263039188
1.58101,-7.81134556261404
1.581015,-7.81009859960001
1.58102,-7.808851740576
1.581025,-7.80760498476982
1.58103,-7.80635833141092
1.581035,-7.80511177973072
1.58104,-7.803865328962
1.581045,-7.80261897833927
1.58105,-7.80137272709874
1.581055,-7.80012657447823
1.58106,-7.79888051971746
1.581065,-7.7976345620575
1.58107,-7.79638870074123
1.581075,-7.7951429350132
1.58108,-7.79389726411955
1.581085,-7.79265168730823
1.58109,-7.79140620382869
1.581095,-7.79016081293213
1.5811,-7.78891551387139
1.581105,-7.7876703059009
1.58111,-7.78642518827672
1.581115,-7.78518016025687
1.58112,-7.78393522110066
1.581125,-7.78269037006925
1.58113,-7.78144560642537
1.581135,-7.78020092943332
1.58114,-7.77895633835932
1.581145,-7.77771183247102
1.58115,-7.77646741103779
1.581155,-7.77522307333058
1.58116,-7.77397881862194
1.581165,-7.77273464618638
1.58117,-7.77149055529971
1.581175,-7.77024654523954
1.58118,-7.76900261528509
1.581185,-7.76775876471709
1.58119,-7.76651499281821
1.581195,-7.76527129887255
1.5812,-7.76402768216584
1.581205,-7.76278414198553
1.58121,-7.76154067762057
1.581215,-7.76029728836179
1.58122,-7.75905397350142
1.581225,-7.75781073233343
1.58123,-7.75656756415338
1.581235,-7.7553244682585
1.58124,-7.75408144394756
1.581245,-7.7528384905211
1.58125,-7.75159560728127
1.581255,-7.75035279353169
1.58126,-7.74911004857772
1.581265,-7.74786737172627
1.58127,-7.74662476228608
1.581275,-7.74538221956731
1.58128,-7.74413974288179
1.581285,-7.74289733154291
1.58129,-7.74165498486576
1.581295,-7.74041270216713
1.5813,-7.73917048276525
1.581305,-7.73792832598008
1.58131,-7.73668623113311
1.581315,-7.73544419754744
1.58132,-7.73420222454798
1.581325,-7.73296031146105
1.58133,-7.73171845761463
1.581335,-7.73047666233829
1.58134,-7.72923492496312
1.581345,-7.72799324482215
1.58135,-7.72675162124967
1.581355,-7.72551005358174
1.58136,-7.72426854115593
1.581365,-7.7230270833115
1.58137,-7.72178567938916
1.581375,-7.72054432873153
1.58138,-7.71930303068253
1.581385,-7.71806178458779
1.58139,-7.71682058979455
1.581395,-7.71557944565144
1.5814,-7.71433835150917
1.581405,-7.71309730671952
1.58141,-7.71185631063621
1.581415,-7.71061536261434
1.58142,-7.70937446201059
1.581425,-7.70813360818354
1.58143,-7.70689280049301
1.581435,-7.70565203830058
1.58144,-7.70441132096931
1.581445,-7.70317064786386
1.58145,-7.70193001835067
1.581455,-7.70068943179753
1.58146,-7.69944888757387
1.581465,-7.69820838505075
1.58147,-7.69696792360064
1.581475,-7.69572750259795
1.58148,-7.6944871214183
1.581485,-7.69324677943906
1.58149,-7.69200647603911
1.581495,-7.69076621059894
1.5815,-7.6895259825005
1.581505,-7.68828579112761
1.58151,-7.68704563586532
1.581515,-7.68580551610045
1.58152,-7.68456543122125
1.581525,-7.68332538061758
1.58153,-7.68208536368101
1.581535,-7.68084537980451
1.58154,-7.67960542838263
1.581545,-7.67836550881151
1.58155,-7.67712562048874
1.581555,-7.67588576281379
1.58156,-7.67464593518731
1.581565,-7.67340613701173
1.58157,-7.67216636769092
1.581575,-7.67092662663029
1.58158,-7.66968691323701
1.581585,-7.66844722691961
1.58159,-7.66720756708814
1.581595,-7.6659679331543
1.5816,-7.6647283245313
1.581605,-7.66348874063393
1.58161,-7.66224918087851
1.581615,-7.66100964468287
1.58162,-7.65977013146638
1.581625,-7.65853064065001
1.58163,-7.65729117165609
1.581635,-7.65605172390885
1.58164,-7.65481229683371
1.581645,-7.6535728898578
1.58165,-7.65233350240967
1.581655,-7.65109413391945
1.58166,-7.64985478381894
1.581665,-7.64861545154126
1.58167,-7.64737613652124
1.581675,-7.64613683819503
1.58168,-7.64489755600042
1.581685,-7.64365828937689
1.58169,-7.64241903776517
1.581695,-7.64117980060767
1.5817,-7.63994057734824
1.581705,-7.63870136743224
1.58171,-7.63746217030673
1.581715,-7.63622298542008
1.58172,-7.63498381222233
1.581725,-7.63374465016483
1.58173,-7.63250549870059
1.581735,-7.63126635728427
1.58174,-7.63002722537177
1.581745,-7.62878810242066
1.58175,-7.62754898788992
1.581755,-7.62630988124012
1.58176,-7.62507078193325
1.581765,-7.62383168943304
1.58177,-7.62259260320443
1.581775,-7.62135352271401
1.58178,-7.62011444742982
1.581785,-7.61887537682132
1.58179,-7.61763631035983
1.581795,-7.61639724751771
1.5818,-7.61515818776908
1.581805,-7.6139191305895
1.58181,-7.61268007545589
1.581815,-7.61144102184694
1.58182,-7.61020196924269
1.581825,-7.60896291712452
1.58183,-7.60772386497551
1.581835,-7.60648481228007
1.58184,-7.60524575852431
1.581845,-7.60400670319559
1.58185,-7.6027676457829
1.581855,-7.60152858577666
1.58186,-7.60028952266873
1.581865,-7.59905045595244
1.58187,-7.59781138512279
1.581875,-7.59657230967602
1.58188,-7.59533322910998
1.581885,-7.59409414292396
1.58189,-7.59285505061857
1.581895,-7.59161595169622
1.5819,-7.59037684566056
1.581905,-7.58913773201674
1.58191,-7.58789861027135
1.581915,-7.58665947993245
1.58192,-7.58542034050971
1.581925,-7.58418119151408
1.58193,-7.58294203245807
1.581935,-7.58170286285563
1.58194,-7.58046368222201
1.581945,-7.57922449007426
1.58195,-7.57798528593065
1.581955,-7.57674606931092
1.58196,-7.57550683973627
1.581965,-7.57426759672927
1.58197,-7.57302833981426
1.581975,-7.57178906851673
1.58198,-7.57054978236364
1.581985,-7.56931048088346
1.58199,-7.56807116360615
1.581995,-7.56683183006295
1.582,-7.5655924797868
1.582005,-7.56435311231184
1.58201,-7.56311372717379
1.582015,-7.56187432390975
1.58202,-7.56063490205811
1.582025,-7.55939546115914
1.58203,-7.55815600075408
1.582035,-7.55691652038579
1.58204,-7.55567701959858
1.582045,-7.55443749793808
1.58205,-7.55319795495154
1.582055,-7.55195839018745
1.58206,-7.55071880319583
1.582065,-7.5494791935281
1.58207,-7.54823956073696
1.582075,-7.54699990437684
1.58208,-7.54576022400336
1.582085,-7.54452051917357
1.58209,-7.54328078944604
1.582095,-7.54204103438059
1.5821,-7.54080125353869
1.582105,-7.53956144648301
1.58211,-7.53832161277775
1.582115,-7.53708175198844
1.58212,-7.53584186368211
1.582125,-7.53460194742705
1.58213,-7.53336200279318
1.582135,-7.53212202935162
1.58214,-7.53088202667501
1.582145,-7.5296419943373
1.58215,-7.52840193191385
1.582155,-7.52716183898163
1.58216,-7.52592171511871
1.582165,-7.52468155990468
1.58217,-7.52344137292056
1.582175,-7.5222011537486
1.58218,-7.52096090197279
1.582185,-7.51972061717815
1.58219,-7.51848029895129
1.582195,-7.51723994688011
1.5822,-7.51599956055383
1.582205,-7.5147591395633
1.58221,-7.51351868350058
1.582215,-7.51227819195909
1.58222,-7.51103766453372
1.582225,-7.50979710082055
1.58223,-7.50855650041741
1.582235,-7.50731586292319
1.58224,-7.50607518793815
1.582245,-7.50483447506414
1.58225,-7.50359372390417
1.582255,-7.50235293406262
1.58226,-7.50111210514553
1.582265,-7.49987123675998
1.58227,-7.49863032851456
1.582275,-7.49738938001916
1.58228,-7.49614839088503
1.582285,-7.49490736072499
1.58229,-7.49366628915287
1.582295,-7.49242517578416
1.5823,-7.49118402023552
1.582305,-7.48994282212493
1.58231,-7.48870158107203
1.582315,-7.48746029669747
1.58232,-7.48621896862345
1.582325,-7.48497759647339
1.58233,-7.48373617987207
1.582335,-7.48249471844582
1.58234,-7.48125321182211
1.582345,-7.48001165962975
1.58235,-7.47877006149899
1.582355,-7.47752841706126
1.58236,-7.47628672594965
1.582365,-7.47504498779826
1.58237,-7.47380320224268
1.582375,-7.47256136891976
1.58238,-7.47131948746778
1.582385,-7.47007755752619
1.58239,-7.46883557873599
1.582395,-7.46759355073941
1.5824,-7.46635147317988
1.582405,-7.46510934570238
1.58241,-7.4638671679529
1.582415,-7.46262493957924
1.58242,-7.46138266023003
1.582425,-7.46014032955555
1.58243,-7.45889794720714
1.582435,-7.45765551283762
1.58244,-7.45641302610115
1.582445,-7.45517048665318
1.58245,-7.45392789415031
1.582455,-7.45268524825071
1.58246,-7.4514425486135
1.582465,-7.45019979489965
1.58247,-7.44895698677091
1.582475,-7.44771412389061
1.58248,-7.44647120592333
1.582485,-7.4452282325348
1.58249,-7.44398520339242
1.582495,-7.44274211816451
1.5825,-7.4414989765209
1.582505,-7.44025577813257
1.58251,-7.43901252267196
1.582515,-7.43776920981255
1.58252,-7.43652583922951
1.582525,-7.43528241059894
1.58253,-7.43403892359839
1.582535,-7.43279537790661
1.58254,-7.43155177320365
1.582545,-7.430308109171
1.58255,-7.42906438549128
1.582555,-7.42782060184838
1.58256,-7.42657675792749
1.582565,-7.4253328534151
1.58257,-7.42408888799902
1.582575,-7.42284486136829
1.58258,-7.42160077321321
1.582585,-7.42035662322533
1.58259,-7.41911241109744
1.582595,-7.41786813652379
1.5826,-7.41662379919974
1.582605,-7.41537939882187
1.58261,-7.41413493508815
1.582615,-7.41289040769771
1.58262,-7.4116458163509
1.582625,-7.41040116074963
1.58263,-7.40915644059676
1.582635,-7.40791165559645
1.58264,-7.40666680545422
1.582645,-7.40542188987664
1.58265,-7.40417690857191
1.582655,-7.4029318612491
1.58266,-7.40168674761868
1.582665,-7.40044156739244
1.58267,-7.39919632028313
1.582675,-7.39795100600521
1.58268,-7.39670562427403
1.582685,-7.39546017480622
1.58269,-7.39421465731976
1.582695,-7.39296907153367
1.5827,-7.39172341716853
1.582705,-7.3904776939459
1.58271,-7.38923190158866
1.582715,-7.38798603982086
1.58272,-7.38674010836777
1.582725,-7.38549410695609
1.58273,-7.38424803531349
1.582735,-7.38300189316903
1.58274,-7.38175568025292
1.582745,-7.38050939629659
1.58275,-7.37926304103264
1.582755,-7.37801661419511
1.58276,-7.37677011551901
1.582765,-7.37552354474071
1.58277,-7.37427690159773
1.582775,-7.3730301858287
1.58278,-7.37178339717379
1.582785,-7.37053653537405
1.58279,-7.36928960017186
1.582795,-7.36804259131083
1.5828,-7.36679550853568
1.582805,-7.36554835159252
1.58281,-7.36430112022847
1.582815,-7.36305381419195
1.58282,-7.36180643323258
1.582825,-7.36055897710099
1.58283,-7.35931144554941
1.582835,-7.35806383833088
1.58284,-7.35681615519978
1.582845,-7.3555683959117
1.58285,-7.35432056022333
1.582855,-7.35307264789273
1.58286,-7.35182465867894
1.582865,-7.35057659234232
1.58287,-7.34932844864437
1.582875,-7.34808022734772
1.58288,-7.34683192821615
1.582885,-7.3455835510149
1.58289,-7.34433509551011
1.582895,-7.34308656146912
1.5829,-7.34183794866049
1.582905,-7.34058925685392
1.58291,-7.33934048582048
1.582915,-7.33809163533213
1.58292,-7.3368427051621
1.582925,-7.33559369508485
1.58293,-7.33434460487586
1.582935,-7.333095434312
1.58294,-7.33184618317109
1.582945,-7.33059685123223
1.58295,-7.32934743827562
1.582955,-7.32809794408252
1.58296,-7.32684836843562
1.582965,-7.32559871111857
1.58297,-7.32434897191615
1.582975,-7.32309915061439
1.58298,-7.32184924700034
1.582985,-7.32059926086241
1.58299,-7.31934919198994
1.582995,-7.31809904017354
1.583,-7.31684880520492
1.583005,-7.31559848687689
1.58301,-7.31434808498337
1.583015,-7.31309759931969
1.58302,-7.311847029682
1.583025,-7.31059637586775
1.58303,-7.30934563767545
1.583035,-7.30809481490466
1.58304,-7.30684390735635
1.583045,-7.30559291483239
1.58305,-7.30434183713579
1.583055,-7.30309067407078
1.58306,-7.30183942544256
1.583065,-7.30058809105771
1.58307,-7.29933667072365
1.583075,-7.29808516424912
1.58308,-7.29683357144384
1.583085,-7.29558189211866
1.58309,-7.29433012608578
1.583095,-7.29307827315813
1.5831,-7.29182633315008
1.583105,-7.2905743058769
1.58311,-7.28932219115494
1.583115,-7.28806998880198
1.58312,-7.28681769863657
1.583125,-7.28556532047848
1.58313,-7.28431285414861
1.583135,-7.28306029946888
1.58314,-7.28180765626226
1.583145,-7.28055492435314
1.58315,-7.27930210356665
1.583155,-7.27804919372917
1.58316,-7.27679619466812
1.583165,-7.27554310621198
1.58317,-7.27428992819055
1.583175,-7.27303666043437
1.58318,-7.27178330277537
1.583185,-7.27052985504635
1.58319,-7.26927631708118
1.583195,-7.26802268871512
1.5832,-7.26676896978418
1.583205,-7.26551516012559
1.58321,-7.26426125957759
1.583215,-7.26300726797951
1.58322,-7.26175318517188
1.583225,-7.26049901099618
1.58323,-7.25924474529496
1.583235,-7.25799038791179
1.58324,-7.2567359386915
1.583245,-7.25548139747964
1.58325,-7.25422676412335
1.583255,-7.25297203847035
1.58326,-7.2517172203696
1.583265,-7.25046230967116
1.58327,-7.24920730622598
1.583275,-7.2479522098864
1.58328,-7.24669702050547
1.583285,-7.24544173793747
1.58329,-7.24418636203766
1.583295,-7.24293089266232
1.5833,-7.24167532966896
1.583305,-7.24041967291599
1.58331,-7.23916392226282
1.583315,-7.23790807757002
1.58332,-7.23665213869904
1.583325,-7.23539610551267
1.58333,-7.23413997787444
1.583335,-7.23288375564906
1.58334,-7.2316274387022
1.583345,-7.23037102690057
1.58335,-7.22911452011207
1.583355,-7.22785791820547
1.58336,-7.22660122105057
1.583365,-7.22534442851826
1.58337,-7.22408754048041
1.583375,-7.22283055680988
1.58338,-7.22157347738073
1.583385,-7.22031630206789
1.58339,-7.21905903074729
1.583395,-7.21780166329597
1.5834,-7.21654419959181
1.583405,-7.21528663951406
1.58341,-7.21402898294263
1.583415,-7.21277122975861
1.58342,-7.21151337984403
1.583425,-7.2102554330819
1.58343,-7.20899738935645
1.583435,-7.2077392485527
1.58344,-7.20648101055671
1.583445,-7.2052226752556
1.58345,-7.20396424253733
1.583455,-7.20270571229121
1.58346,-7.20144708440719
1.583465,-7.20018835877636
1.58347,-7.19892953529088
1.583475,-7.19767061384361
1.58348,-7.19641159432885
1.583485,-7.19515247664157
1.58349,-7.19389326067777
1.583495,-7.19263394633452
1.5835,-7.19137453350977
1.583505,-7.19011502210248
1.58351,-7.18885541201275
1.583515,-7.18759570314148
1.58352,-7.18633589539058
1.583525,-7.18507598866298
1.58353,-7.18381598286245
1.583535,-7.18255587789401
1.58354,-7.18129567366344
1.583545,-7.18003537007756
1.58355,-7.17877496704408
1.583555,-7.17751446447171
1.58356,-7.17625386227025
1.583565,-7.17499316035036
1.58357,-7.1737323586236
1.583575,-7.17247145700257
1.58358,-7.17121045540083
1.583585,-7.16994935373291
1.58359,-7.16868815191429
1.583595,-7.16742684986138
1.5836,-7.16616544749152
1.583605,-7.16490394472297
1.58361,-7.16364234147516
1.583615,-7.16238063766821
1.58362,-7.16111883322338
1.583625,-7.15985692806264
1.58363,-7.15859492210917
1.583635,-7.15733281528685
1.58364,-7.15607060752077
1.583645,-7.15480829873676
1.58365,-7.1535458888616
1.583655,-7.15228337782304
1.58366,-7.15102076554972
1.583665,-7.14975805197144
1.58367,-7.14849523701863
1.583675,-7.1472323206228
1.58368,-7.14596930271633
1.583685,-7.14470618323246
1.58369,-7.14344296210567
1.583695,-7.14217963927107
1.5837,-7.1409162146647
1.583705,-7.13965268822361
1.58371,-7.13838905988573
1.583715,-7.13712532958997
1.58372,-7.13586149727612
1.583725,-7.13459756288486
1.58373,-7.13333352635775
1.583735,-7.13206938763722
1.58374,-7.13080514666692
1.583745,-7.12954080339108
1.58375,-7.12827635775491
1.583755,-7.12701180970454
1.58376,-7.12574715918707
1.583765,-7.12448240615035
1.58377,-7.12321755054337
1.583775,-7.12195259231583
1.58378,-7.12068753141832
1.583785,-7.11942236780238
1.58379,-7.1181571014204
1.583795,-7.11689173222589
1.5838,-7.11562626017291
1.583805,-7.11436068521657
1.58381,-7.11309500731292
1.583815,-7.11182922641872
1.58382,-7.11056334249189
1.583825,-7.10929735549096
1.58383,-7.10803126537551
1.583835,-7.10676507210595
1.58384,-7.10549877564342
1.583845,-7.10423237595025
1.58385,-7.10296587298945
1.583855,-7.1016992667249
1.58386,-7.10043255712135
1.583865,-7.09916574414435
1.58387,-7.09789882776064
1.583875,-7.09663180793748
1.58388,-7.09536468464316
1.583885,-7.09409745784679
1.58389,-7.09283012751831
1.583895,-7.09156269362846
1.5839,-7.09029515614916
1.583905,-7.08902751505287
1.58391,-7.08775977031297
1.583915,-7.08649192190371
1.58392,-7.08522396980018
1.583925,-7.08395591397851
1.58393,-7.08268775441536
1.583935,-7.08141949108852
1.58394,-7.08015112397642
1.583945,-7.07888265305833
1.58395,-7.07761407831468
1.583955,-7.07634539972642
1.58396,-7.07507661727541
1.583965,-7.07380773094437
1.58397,-7.07253874071681
1.583975,-7.07126964657727
1.58398,-7.07000044851095
1.583985,-7.06873114650391
1.58399,-7.06746174054301
1.583995,-7.06619223061598
1.584,-7.06492261671133
1.584005,-7.06365289881857
1.58401,-7.06238307692789
1.584015,-7.0611131510303
1.58402,-7.05984312111759
1.584025,-7.05857298718247
1.58403,-7.05730274921852
1.584035,-7.05603240721998
1.58404,-7.05476196118201
1.584045,-7.05349141110052
1.58405,-7.05222075697223
1.584055,-7.05094999879487
1.58406,-7.0496791365667
1.584065,-7.0484081702869
1.58407,-7.04713709995551
1.584075,-7.0458659255732
1.58408,-7.04459464714181
1.584085,-7.04332326466358
1.58409,-7.04205177814179
1.584095,-7.04078018758044
1.5841,-7.03950849298415
1.584105,-7.03823669435884
1.58411,-7.03696479171072
1.584115,-7.03569278504698
1.58412,-7.03442067437564
1.584125,-7.03314845970544
1.58413,-7.03187614104588
1.584135,-7.03060371840745
1.58414,-7.02933119180122
1.584145,-7.02805856123908
1.58415,-7.02678582673375
1.584155,-7.02551298829865
1.58416,-7.0242400459481
1.584165,-7.02296699969718
1.58417,-7.02169384956159
1.584175,-7.02042059555804
1.58418,-7.0191472377037
1.584185,-7.01787377601689
1.58419,-7.01660021051647
1.584195,-7.01532654122207
1.5842,-7.01405276815417
1.584205,-7.01277889133384
1.58421,-7.01150491078326
1.584215,-7.01023082652504
1.58422,-7.00895663858272
1.584225,-7.0076823469805
1.58423,-7.00640795174334
1.584235,-7.00513345289716
1.58424,-7.00385885046842
1.584245,-7.00258414448436
1.58425,-7.00130933497304
1.584255,-7.00003442196322
1.58426,-6.99875940548436
1.584265,-6.99748428556687
1.58427,-6.99620906224174
1.584275,-6.99493373554068
1.58428,-6.99365830549625
1.584285,-6.99238277214157
1.58429,-6.99110713551084
1.584295,-6.98983139563867
1.5843,-6.98855555256057
1.584305,-6.9872796063127
1.58431,-6.98600355693193
1.584315,-6.98472740445609
1.58432,-6.98345114892352
1.584325,-6.98217479037331
1.58433,-6.98089832884537
1.584335,-6.97962176438014
1.58434,-6.97834509701915
1.584345,-6.97706832680431
1.58435,-6.97579145377841
1.584355,-6.97451447798489
1.58436,-6.9732373994679
1.584365,-6.97196021827248
1.58437,-6.97068293444422
1.584375,-6.96940554802942
1.58438,-6.96812805907518
1.584385,-6.96685046762921
1.58439,-6.96557277373997
1.584395,-6.96429497745677
1.5844,-6.96301707882941
1.584405,-6.96173907790859
1.58441,-6.96046097474547
1.584415,-6.95918276939207
1.58442,-6.95790446190127
1.584425,-6.95662605232634
1.58443,-6.95534754072145
1.584435,-6.95406892714134
1.58444,-6.95279021164147
1.584445,-6.95151139427818
1.58445,-6.9502324751083
1.584455,-6.94895345418936
1.58446,-6.94767433157964
1.584465,-6.94639510733808
1.58447,-6.94511578152437
1.584475,-6.94383635419885
1.58448,-6.9425568254225
1.584485,-6.941277195257
1.58449,-6.93999746376466
1.584495,-6.93871763100867
1.5845,-6.93743769705271
1.584505,-6.93615766196115
1.58451,-6.93487752579907
1.584515,-6.9335972886323
1.58452,-6.93231695052706
1.584525,-6.93103651155071
1.58453,-6.92975597177092
1.584535,-6.92847533125608
1.58454,-6.92719459007533
1.584545,-6.92591374829832
1.58455,-6.92463280599564
1.584555,-6.92335176323833
1.58456,-6.92207062009814
1.584565,-6.92078937664744
1.58457,-6.91950803295924
1.584575,-6.9182265891074
1.58458,-6.91694504516622
1.584585,-6.91566340121074
1.58459,-6.91438165731667
1.584595,-6.9130998135602
1.5846,-6.91181787001851
1.584605,-6.91053582676911
1.58461,-6.90925368389027
1.584615,-6.90797144146095
1.58462,-6.90668909956061
1.584625,-6.90540665826959
1.58463,-6.90412411766868
1.584635,-6.90284147783933
1.58464,-6.90155873886363
1.584645,-6.90027590082439
1.58465,-6.8989929638049
1.584655,-6.89770992788932
1.58466,-6.8964267931622
1.584665,-6.89514355970891
1.58467,-6.89386022761522
1.584675,-6.89257679696767
1.58468,-6.8912932678536
1.584685,-6.89000964036065
1.58469,-6.88872591457724
1.584695,-6.88744209059243
1.5847,-6.88615816849578
1.584705,-6.88487414837769
1.58471,-6.88359003032896
1.584715,-6.88230581444113
1.58472,-6.88102150080631
1.584725,-6.87973708951709
1.58473,-6.87845258066699
1.584735,-6.87716797434992
1.58474,-6.87588327066041
1.584745,-6.8745984696936
1.58475,-6.87331357154524
1.584755,-6.87202857631168
1.58476,-6.87074348409005
1.584765,-6.86945829497781
1.58477,-6.86817300907312
1.584775,-6.86688762647481
1.58478,-6.86560214728215
1.584785,-6.86431657159526
1.58479,-6.8630308995146
1.584795,-6.86174513114137
1.5848,-6.86045926657732
1.584805,-6.85917330592464
1.58481,-6.85788724928645
1.584815,-6.8566010967662
1.58482,-6.85531484846801
1.584825,-6.85402850449649
1.58483,-6.85274206495684
1.584835,-6.85145552995512
1.58484,-6.85016889959762
1.584845,-6.8488821739914
1.58485,-6.84759535324404
1.584855,-6.84630843746355
1.58486,-6.84502142675887
1.584865,-6.84373432123924
1.58487,-6.84244712101456
1.584875,-6.84115982619521
1.58488,-6.83987243689224
1.584885,-6.83858495321716
1.58489,-6.83729737528228
1.584895,-6.83600970320027
1.5849,-6.8347219370844
1.584905,-6.83343407704848
1.58491,-6.83214612320682
1.584915,-6.83085807567461
1.58492,-6.82956993456724
1.584925,-6.82828170000083
1.58493,-6.82699337209201
1.584935,-6.82570495095779
1.58494,-6.82441643671623
1.584945,-6.82312782948544
1.58495,-6.82183912938426
1.584955,-6.82055033653212
1.58496,-6.81926145104883
1.584965,-6.8179724730551
1.58497,-6.81668340267185
1.584975,-6.81539424002062
1.58498,-6.81410498522351
1.584985,-6.81281563840314
1.58499,-6.81152619968282
1.584995,-6.81023666918624
1.585,-6.80894704703762
1.585005,-6.80765733336179
1.58501,-6.8063675282841
1.585015,-6.80507763193026
1.58502,-6.80378764442686
1.585025,-6.80249756590077
1.58503,-6.8012073964794
1.585035,-6.79991713629077
1.58504,-6.79862678546326
1.585045,-6.7973363441261
1.58505,-6.79604581240872
1.585055,-6.79475519044122
1.58506,-6.79346447835422
1.585065,-6.79217367627862
1.58507,-6.79088278434637
1.585075,-6.78959180268943
1.58508,-6.78830073144046
1.585085,-6.78700957073268
1.58509,-6.78571832069962
1.585095,-6.78442698147571
1.5851,-6.78313555319552
1.585105,-6.78184403599428
1.58511,-6.78055243000768
1.585115,-6.77926073537188
1.58512,-6.77796895222375
1.585125,-6.77667708070047
1.58513,-6.77538512093971
1.585135,-6.77409307307976
1.58514,-6.77280093725932
1.585145,-6.77150871361746
1.58515,-6.77021640229419
1.585155,-6.7689240034295
1.58516,-6.76763151716424
1.585165,-6.76633894363947
1.58517,-6.76504628299691
1.585175,-6.76375353537884
1.58518,-6.76246070092783
1.585185,-6.76116777978707
1.58519,-6.75987477210016
1.585195,-6.75858167801116
1.5852,-6.75728849766482
1.585205,-6.75599523120618
1.58521,-6.75470187878074
1.585215,-6.7534084405346
1.58522,-6.75211491661415
1.585225,-6.7508213071666
1.58523,-6.74952761233928
1.585235,-6.74823383228019
1.58524,-6.74693996713769
1.585245,-6.74564601706063
1.58525,-6.74435198219849
1.585255,-6.743057862701
1.58526,-6.74176365871855
1.585265,-6.74046937040177
1.58527,-6.73917499790199
1.585275,-6.73788054137068
1.58528,-6.73658600096029
1.585285,-6.73529137682323
1.58529,-6.73399666911261
1.585295,-6.73270187798198
1.5853,-6.73140700358518
1.585305,-6.73011204607686
1.58531,-6.72881700561177
1.585315,-6.72752188234531
1.58532,-6.72622667643321
1.585325,-6.72493138803166
1.58533,-6.72363601729751
1.585335,-6.72234056438783
1.58534,-6.72104502946017
1.585345,-6.71974941267259
1.58535,-6.71845371418344
1.585355,-6.71715793415181
1.58536,-6.71586207273705
1.585365,-6.71456613009883
1.58537,-6.71327010639747
1.585375,-6.71197400179353
1.58538,-6.71067781644828
1.585385,-6.70938155052321
1.58539,-6.70808520418024
1.585395,-6.70678877758183
1.5854,-6.70549227089078
1.585405,-6.70419568427029
1.58541,-6.7028990178842
1.585415,-6.70160227189656
1.58542,-6.70030544647195
1.585425,-6.69900854177533
1.58543,-6.69771155797199
1.585435,-6.69641449522796
1.58544,-6.69511735370934
1.585445,-6.69382013358284
1.58545,-6.69252283501549
1.585455,-6.69122545817471
1.58546,-6.68992800322862
1.585465,-6.68863047034545
1.58547,-6.68733285969391
1.585475,-6.68603517144318
1.58548,-6.6847374057627
1.585485,-6.68343956282266
1.58549,-6.6821416427933
1.585495,-6.68084364584542
1.5855,-6.67954557215025
1.585505,-6.67824742187939
1.58551,-6.6769491952047
1.585515,-6.6756508922988
1.58552,-6.67435251333439
1.585525,-6.67305405848464
1.58553,-6.67175552792321
1.585535,-6.67045692182402
1.58554,-6.66915824036158
1.585545,-6.66785948371065
1.58555,-6.66656065204636
1.585555,-6.6652617455443
1.58556,-6.66396276438037
1.585565,-6.66266370873113
1.58557,-6.66136457877318
1.585575,-6.66006537468365
1.58558,-6.65876609664012
1.585585,-6.65746674482038
1.58559,-6.65616731940287
1.585595,-6.65486782056622
1.5856,-6.65356824848943
1.585605,-6.65226860335193
1.58561,-6.65096888533348
1.585615,-6.64966909461447
1.58562,-6.64836923137533
1.585625,-6.64706929579698
1.58563,-6.6457692880608
1.585635,-6.64446920834846
1.58564,-6.6431690568419
1.585645,-6.64186883372373
1.58565,-6.6405685391767
1.585655,-6.63926817338399
1.58566,-6.63796773652907
1.585665,-6.63666722879577
1.58567,-6.63536665036857
1.585675,-6.63406600143202
1.58568,-6.63276528217104
1.585685,-6.63146449277102
1.58569,-6.6301636334176
1.585695,-6.62886270429703
1.5857,-6.62756170559562
1.585705,-6.62626063750015
1.58571,-6.62495950019779
1.585715,-6.62365829387596
1.58572,-6.62235701872264
1.585725,-6.62105567492593
1.58573,-6.61975426267442
1.585735,-6.61845278215702
1.58574,-6.61715123356282
1.585745,-6.61584961708162
1.58575,-6.61454793290329
1.585755,-6.61324618121813
1.58576,-6.61194436221671
1.585765,-6.61064247609
1.58577,-6.60934052302926
1.585775,-6.60803850322628
1.58578,-6.60673641687299
1.585785,-6.60543426416173
1.58579,-6.60413204528511
1.585795,-6.60282976043604
1.5858,-6.60152740980807
1.585805,-6.60022499359478
1.58581,-6.59892251199007
1.585815,-6.5976199651884
1.58582,-6.59631735338425
1.585825,-6.59501467677278
1.58583,-6.59371193554925
1.585835,-6.59240912990931
1.58584,-6.59110626004883
1.585845,-6.58980332616411
1.58585,-6.5885003284519
1.585855,-6.58719726710899
1.58586,-6.5858941423327
1.585865,-6.5845909543206
1.58587,-6.58328770327039
1.585875,-6.58198438938059
1.58588,-6.58068101284953
1.585885,-6.57937757387606
1.58589,-6.57807407265936
1.585895,-6.57677050939885
1.5859,-6.57546688429425
1.585905,-6.57416319754582
1.58591,-6.57285944935378
1.585915,-6.57155563991896
1.58592,-6.57025176944226
1.585925,-6.56894783812492
1.58593,-6.56764384616876
1.585935,-6.56633979377557
1.58594,-6.56503568114763
1.585945,-6.56373150848744
1.58595,-6.56242727599765
1.585955,-6.56112298388169
1.58596,-6.5598186323428
1.585965,-6.55851422158469
1.58597,-6.55720975181143
1.585975,-6.55590522322717
1.58598,-6.55460063603674
1.585985,-6.5532959904449
1.58599,-6.55199128665687
1.585995,-6.55068652487808
1.586,-6.54938170531423
1.586005,-6.54807682817157
1.58601,-6.54677189365623
1.586015,-6.54546690197499
1.58602,-6.54416185333464
1.586025,-6.54285674794239
1.58603,-6.54155158600565
1.586035,-6.54024636773232
1.58604,-6.53894109333036
1.586045,-6.53763576300807
1.58605,-6.53633037697406
1.586055,-6.53502493543706
1.58606,-6.53371943860645
1.586065,-6.5324138866915
1.58607,-6.53110827990195
1.586075,-6.52980261844772
1.58608,-6.52849690253899
1.586085,-6.52719113238641
1.58609,-6.52588530820069
1.586095,-6.52457943019285
1.5861,-6.52327349857423
1.586105,-6.52196751355627
1.58611,-6.52066147535104
1.586115,-6.51935538417054
1.58612,-6.51804924022708
1.586125,-6.51674304373339
1.58613,-6.51543679490215
1.586135,-6.51413049394682
1.58614,-6.51282414108058
1.586145,-6.51151773651724
1.58615,-6.51021128047058
1.586155,-6.50890477315492
1.58616,-6.50759821478446
1.586165,-6.5062916055742
1.58617,-6.50498494573886
1.586175,-6.50367823549371
1.58618,-6.50237147505419
1.586185,-6.50106466463586
1.58619,-6.49975780445488
1.586195,-6.4984508947273
1.5862,-6.49714393566959
1.586205,-6.49583692749838
1.58621,-6.49452987043055
1.586215,-6.49322276468339
1.58622,-6.49191561047425
1.586225,-6.49060840802075
1.58623,-6.48930115754081
1.586235,-6.48799385925242
1.58624,-6.48668651337416
1.586245,-6.4853791201245
1.58625,-6.48407167972231
1.586255,-6.48276419238661
1.58626,-6.48145665833677
1.586265,-6.48014907779216
1.58627,-6.47884145097274
1.586275,-6.4775337780985
1.58628,-6.47622605938953
1.586285,-6.47491829506639
1.58629,-6.47361048534966
1.586295,-6.47230263046038
1.5863,-6.47099473061964
1.586305,-6.46968678604876
1.58631,-6.46837879696936
1.586315,-6.46707076360311
1.58632,-6.46576268617226
1.586325,-6.46445456489894
1.58633,-6.46314640000558
1.586335,-6.46183819171493
1.58634,-6.4605299402498
1.586345,-6.45922164583344
1.58635,-6.45791330868914
1.586355,-6.4566049290404
1.58636,-6.45529650711103
1.586365,-6.45398804312486
1.58637,-6.45267953730627
1.586375,-6.45137098987963
1.58638,-6.45006240106944
1.586385,-6.44875377110058
1.58639,-6.44744510019807
1.586395,-6.44613638858702
1.5864,-6.44482763649307
1.586405,-6.44351884414173
1.58641,-6.44221001175884
1.586415,-6.44090113957049
1.58642,-6.43959222780282
1.586425,-6.43828327668243
1.58643,-6.43697428643591
1.586435,-6.43566525729006
1.58644,-6.43435618947191
1.586445,-6.43304708320867
1.58645,-6.43173793872794
1.586455,-6.43042875625723
1.58646,-6.42911953602439
1.586465,-6.42781027825739
1.58647,-6.42650098318435
1.586475,-6.42519165103389
1.58648,-6.42388228203452
1.586485,-6.42257287641495
1.58649,-6.42126343440421
1.586495,-6.4199539562313
1.5865,-6.41864444212574
1.586505,-6.41733489231702
1.58651,-6.41602530703482
1.586515,-6.41471568650901
1.58652,-6.41340603096966
1.586525,-6.41209634064701
1.58653,-6.41078661577155
1.586535,-6.40947685657388
1.58654,-6.40816706328479
1.586545,-6.40685723613522
1.58655,-6.40554737535623
1.586555,-6.40423748117934
1.58656,-6.40292755383597
1.586565,-6.40161759355775
1.58657,-6.40030760057651
1.586575,-6.39899757512422
1.58658,-6.39768751743326
1.586585,-6.39637742773584
1.58659,-6.39506730626448
1.586595,-6.39375715325193
1.5866,-6.39244696893094
1.586605,-6.39113675353469
1.58661,-6.38982650729627
1.586615,-6.38851623044908
1.58662,-6.38720592322665
1.586625,-6.38589558586252
1.58663,-6.38458521859071
1.586635,-6.38327482164518
1.58664,-6.38196439526011
1.586645,-6.38065393966975
1.58665,-6.37934345510861
1.586655,-6.37803294181126
1.58666,-6.37672240001269
1.586665,-6.3754118299477
1.58667,-6.37410123185141
1.586675,-6.37279060595911
1.58668,-6.37147995250612
1.586685,-6.37016927172811
1.58669,-6.36885856386082
1.586695,-6.36754782914002
1.5867,-6.36623706780174
1.586705,-6.36492628008207
1.58671,-6.36361546621751
1.586715,-6.36230462644439
1.58672,-6.36099376099928
1.586725,-6.359682870119
1.58673,-6.35837195404027
1.586735,-6.35706101300037
1.58674,-6.35575004723636
1.586745,-6.35443905698551
1.58675,-6.35312804248529
1.586755,-6.35181700397323
1.58676,-6.35050594168725
1.586765,-6.34919485586502
1.58677,-6.34788374674469
1.586775,-6.34657261456431
1.58678,-6.34526145956215
1.586785,-6.34395028197657
1.58679,-6.34263908204626
1.586795,-6.34132786000983
1.5868,-6.34001661610609
1.586805,-6.33870535057392
1.58681,-6.33739406365232
1.586815,-6.33608275558068
1.58682,-6.33477142659821
1.586825,-6.33346007694438
1.58683,-6.33214870685878
1.586835,-6.33083731658092
1.58684,-6.32952590635092
1.586845,-6.32821447640859
1.58685,-6.32690302699397
1.586855,-6.3255915583473
1.58686,-6.32428007070876
1.586865,-6.322968564319
1.58687,-6.32165703941845
1.586875,-6.32034549624781
1.58688,-6.31903393504788
1.586885,-6.31772235605942
1.58689,-6.31641075952363
1.586895,-6.31509914568161
1.5869,-6.31378751477456
1.586905,-6.31247586704387
1.58691,-6.31116420273099
1.586915,-6.30985252207746
1.58692,-6.3085408253251
1.586925,-6.30722911271569
1.58693,-6.30591738449113
1.586935,-6.30460564089336
1.58694,-6.30329388216456
1.586945,-6.30198210854706
1.58695,-6.30067032028311
1.586955,-6.29935851761521
1.58696,-6.29804670078586
1.586965,-6.29673487003767
1.58697,-6.29542302561356
1.586975,-6.29411116775632
1.58698,-6.29279929670888
1.586985,-6.29148741271434
1.58699,-6.29017551601573
1.586995,-6.28886360685654
1.587,-6.28755168548
1.587005,-6.28623975212958
1.58701,-6.28492780704881
1.587015,-6.28361585048138
1.58702,-6.28230388267089
1.587025,-6.28099190386139
1.58703,-6.27967991429673
1.587035,-6.27836791422084
1.58704,-6.27705590387795
1.587045,-6.27574388351205
1.58705,-6.27443185336773
1.587055,-6.27311981368917
1.58706,-6.27180776472094
1.587065,-6.27049570670748
1.58707,-6.26918363989346
1.587075,-6.26787156452366
1.58708,-6.26655948084294
1.587085,-6.26524738909605
1.58709,-6.26393528952811
1.587095,-6.26262318238395
1.5871,-6.26131106790902
1.587105,-6.25999894634833
1.58711,-6.25868681794727
1.587115,-6.25737468295122
1.58712,-6.2560625416055
1.587125,-6.25475039415588
1.58713,-6.25343824084785
1.587135,-6.25212608192713
1.58714,-6.25081391763946
1.587145,-6.2495017482307
1.58715,-6.24818957394665
1.587155,-6.24687739503353
1.58716,-6.24556521173724
1.587165,-6.24425302430398
1.58717,-6.2429408329799
1.587175,-6.24162863801123
1.58718,-6.24031643964445
1.587185,-6.23900423812593
1.58719,-6.23769203370209
1.587195,-6.23637982661949
1.5872,-6.23506761712473
1.587205,-6.23375540546454
1.58721,-6.23244319188567
1.587215,-6.23113097663491
1.58722,-6.2298187599591
1.587225,-6.22850654210512
1.58723,-6.2271943233201
1.587235,-6.22588210385104
1.58724,-6.22456988394504
1.587245,-6.22325766384929
1.58725,-6.22194544381089
1.587255,-6.22063322407733
1.58726,-6.21932100489594
1.587265,-6.21800878651401
1.58727,-6.21669656917908
1.587275,-6.21538435313866
1.58728,-6.21407213864019
1.587285,-6.21275992593153
1.58729,-6.21144771526021
1.587295,-6.210135506874
1.5873,-6.20882330102065
1.587305,-6.2075110979479
1.58731,-6.20619889790384
1.587315,-6.20488670113633
1.58732,-6.20357450789329
1.587325,-6.2022623184228
1.58733,-6.20095013297278
1.587335,-6.19963795179156
1.58734,-6.19832577512729
1.587345,-6.19701360322805
1.58735,-6.19570143634218
1.587355,-6.19438927471788
1.58736,-6.19307711860364
1.587365,-6.1917649682478
1.58737,-6.19045282389873
1.587375,-6.18914068580489
1.58738,-6.18782855421476
1.587385,-6.18651642937705
1.58739,-6.1852043115402
1.587395,-6.18389220095289
1.5874,-6.18258009786373
1.587405,-6.18126800252142
1.58741,-6.17995591517463
1.587415,-6.17864383607231
1.58742,-6.17733176546313
1.587425,-6.17601970359591
1.58743,-6.17470765071957
1.587435,-6.17339560708292
1.58744,-6.17208357293502
1.587445,-6.17077154852478
1.58745,-6.16945953410116
1.587455,-6.16814752991317
1.58746,-6.16683553620981
1.587465,-6.16552355324034
1.58747,-6.16421158125373
1.587475,-6.16289962049912
1.58748,-6.1615876712257
1.587485,-6.16027573368256
1.58749,-6.15896380811906
1.587495,-6.15765189478432
1.5875,-6.15633999392764
1.587505,-6.15502810579832
1.58751,-6.1537162306455
1.587515,-6.15240436871873
1.58752,-6.15109252026724
1.587525,-6.14978068554035
1.58753,-6.14846886478752
1.587535,-6.14715705825813
1.58754,-6.14584526620148
1.587545,-6.14453348886716
1.58755,-6.1432217265046
1.587555,-6.14190997936325
1.58756,-6.14059824769255
1.587565,-6.13928653174192
1.58757,-6.13797483176108
1.587575,-6.13666314799943
1.58758,-6.13535148070655
1.587585,-6.13403983013199
1.58759,-6.13272819652517
1.587595,-6.13141658013585
1.5876,-6.13010498121356
1.587605,-6.1287934000079
1.58761,-6.12748183676842
1.587615,-6.12617029174463
1.58762,-6.12485876518639
1.587625,-6.12354725734322
1.58763,-6.1222357684647
1.587635,-6.12092429880047
1.58764,-6.11961284860014
1.587645,-6.11830141811346
1.58765,-6.11699000759006
1.587655,-6.11567861727958
1.58766,-6.11436724743161
1.587665,-6.11305589829584
1.58767,-6.11174457012186
1.587675,-6.11043326315946
1.58768,-6.10912197765827
1.587685,-6.10781071386793
1.58769,-6.10649947203806
1.587695,-6.10518825241821
1.5877,-6.10387705525827
1.587705,-6.10256588080775
1.58771,-6.10125472931633
1.587715,-6.09994360103366
1.58772,-6.09863249620922
1.587725,-6.09732141509285
1.58773,-6.09601035793411
1.587735,-6.09469932498256
1.58774,-6.09338831648787
1.587745,-6.09207733269954
1.58775,-6.09076637386726
1.587755,-6.08945544024065
1.58776,-6.08814453206921
1.587765,-6.08683364960247
1.58777,-6.08552279309005
1.587775,-6.08421196278134
1.58778,-6.0829011589261
1.587785,-6.08159038177376
1.58779,-6.08027963157371
1.587795,-6.07896890857559
1.5878,-6.07765821302868
1.587805,-6.07634754518263
1.58781,-6.07503690528682
1.587815,-6.07372629359063
1.58782,-6.07241571034352
1.587825,-6.07110515579474
1.58783,-6.06979463019388
1.587835,-6.06848413379021
1.58784,-6.06717366683298
1.587845,-6.06586322957162
1.58785,-6.06455282225525
1.587855,-6.06324244513332
1.58786,-6.06193209845504
1.587865,-6.06062178246958
1.58787,-6.0593114974262
1.587875,-6.05800124357394
1.58788,-6.05669102116218
1.587885,-6.05538083043992
1.58789,-6.05407067165632
1.587895,-6.0527605450604
1.5879,-6.05145045090126
1.587905,-6.05014038942784
1.58791,-6.04883036088925
1.587915,-6.04752036553448
1.58792,-6.04621040361235
1.587925,-6.0449004753719
1.58793,-6.04359058106181
1.587935,-6.04228072093123
1.58794,-6.04097089522881
1.587945,-6.03966110420334
1.58795,-6.03835134810364
1.587955,-6.03704162717828
1.58796,-6.03573194167619
1.587965,-6.03442229184589
1.58797,-6.03311267793606
1.587975,-6.03180310019524
1.58798,-6.03049355887195
1.587985,-6.02918405421485
1.58799,-6.02787458647235
1.587995,-6.02656515589289
1.588,-6.0252557627249
1.588005,-6.02394640721662
1.58801,-6.02263708961662
1.588015,-6.02132781017305
1.58802,-6.02001856913421
1.588025,-6.01870936674827
1.58803,-6.01740020326345
1.588035,-6.01609107892775
1.58804,-6.01478199398949
1.588045,-6.01347294869657
1.58805,-6.01216394329705
1.588055,-6.01085497803884
1.58806,-6.00954605316978
1.588065,-6.00823716893801
1.58807,-6.00692832559112
1.588075,-6.00561952337705
1.58808,-6.00431076254339
1.588085,-6.00300204333787
1.58809,-6.0016933660082
1.588095,-6.00038473080195
1.5881,-5.99907613796669
1.588105,-5.99776758774986
1.58811,-5.99645908039888
1.588115,-5.99515061616127
1.58812,-5.99384219528434
1.588125,-5.99253381801536
1.58813,-5.9912254846016
1.588135,-5.98991719529014
1.58814,-5.98860895032833
1.588145,-5.98730074996315
1.58815,-5.98599259444163
1.588155,-5.98468448401084
1.58816,-5.98337641891759
1.588165,-5.98206839940873
1.58817,-5.98076042573128
1.588175,-5.97945249813188
1.58818,-5.97814461685726
1.588185,-5.97683678215403
1.58819,-5.97552899426876
1.588195,-5.9742212534481
1.5882,-5.97291355993846
1.588205,-5.97160591398633
1.58821,-5.97029831583794
1.588215,-5.9689907657396
1.58822,-5.96768326393773
1.588225,-5.96637581067836
1.58823,-5.96506840620767
1.588235,-5.96376105077167
1.58824,-5.96245374461626
1.588245,-5.96114648798765
1.58825,-5.95983928113147
1.588255,-5.95853212429363
1.58826,-5.95722501771987
1.588265,-5.95591796165572
1.58827,-5.95461095634703
1.588275,-5.95330400203921
1.58828,-5.95199709897774
1.588285,-5.95069024740807
1.58829,-5.94938344757555
1.588295,-5.94807669972533
1.5883,-5.94677000410285
1.588305,-5.9454633609531
1.58831,-5.94415677052118
1.588315,-5.94285023305212
1.58832,-5.94154374879077
1.588325,-5.94023731798214
1.58833,-5.93893094087096
1.588335,-5.93762461770192
1.58834,-5.93631834871968
1.588345,-5.93501213416876
1.58835,-5.93370597429385
1.588355,-5.93239986933925
1.58836,-5.93109381954937
1.588365,-5.92978782516844
1.58837,-5.9284818864406
1.588375,-5.92717600361019
1.58838,-5.9258701769212
1.588385,-5.92456440661756
1.58839,-5.92325869294319
1.588395,-5.92195303614186
1.5884,-5.92064743645752
1.588405,-5.91934189413371
1.58841,-5.91803640941404
1.588415,-5.91673098254207
1.58842,-5.91542561376123
1.588425,-5.91412030331477
1.58843,-5.91281505144618
1.588435,-5.91150985839854
1.58844,-5.91020472441498
1.588445,-5.90889964973857
1.58845,-5.90759463461219
1.588455,-5.90628967927885
1.58846,-5.90498478398127
1.588465,-5.90367994896218
1.58847,-5.90237517446424
1.588475,-5.90107046072984
1.58848,-5.89976580800164
1.588485,-5.89846121652195
1.58849,-5.89715668653308
1.588495,-5.8958522182772
1.5885,-5.89454781199631
1.588505,-5.8932434679327
1.58851,-5.89193918632818
1.588515,-5.89063496742463
1.58852,-5.88933081146386
1.588525,-5.88802671868748
1.58853,-5.88672268933702
1.588535,-5.8854187236542
1.58854,-5.88411482188036
1.588545,-5.88281098425677
1.58855,-5.88150721102469
1.588555,-5.8802035024252
1.58856,-5.87889985869956
1.588565,-5.87759628008855
1.58857,-5.87629276683317
1.588575,-5.87498931917413
1.58858,-5.87368593735202
1.588585,-5.87238262160767
1.58859,-5.87107937218148
1.588595,-5.86977618931384
1.5886,-5.86847307324505
1.588605,-5.86717002421529
1.58861,-5.86586704246482
1.588615,-5.86456412823363
1.58862,-5.86326128176167
1.588625,-5.8619585032887
1.58863,-5.86065579305441
1.588635,-5.85935315129865
1.58864,-5.85805057826085
1.588645,-5.8567480741805
1.58865,-5.85544563929693
1.588655,-5.85414327384939
1.58866,-5.85284097807692
1.588665,-5.85153875221881
1.58867,-5.85023659651389
1.588675,-5.84893451120104
1.58868,-5.847632496519
1.588685,-5.84633055270635
1.58869,-5.84502868000185
1.588695,-5.84372687864381
1.5887,-5.84242514887058
1.588705,-5.84112349092046
1.58871,-5.83982190503145
1.588715,-5.83852039144182
1.58872,-5.83721895038937
1.588725,-5.835917582112
1.58873,-5.83461628684742
1.588735,-5.83331506483309
1.58874,-5.83201391630685
1.588745,-5.83071284150592
1.58875,-5.82941184066762
1.588755,-5.8281109140292
1.58876,-5.82681006182762
1.588765,-5.8255092843001
1.58877,-5.82420858168339
1.588775,-5.8229079542143
1.58878,-5.82160740212951
1.588785,-5.82030692566549
1.58879,-5.81900652505874
1.588795,-5.81770620054567
1.5888,-5.81640595236245
1.588805,-5.81510578074522
1.58881,-5.81380568592999
1.588815,-5.81250566815257
1.58882,-5.81120572764893
1.588825,-5.80990586465467
1.58883,-5.80860607940534
1.588835,-5.80730637213643
1.58884,-5.80600674308314
1.588845,-5.80470719248095
1.58885,-5.80340772056484
1.588855,-5.80210832756984
1.58886,-5.80080901373081
1.588865,-5.7995097792825
1.58887,-5.79821062445969
1.588875,-5.79691154949689
1.58888,-5.79561255462852
1.588885,-5.79431364008884
1.58889,-5.79301480611208
1.588895,-5.79171605293237
1.5889,-5.79041738078373
1.588905,-5.78911878989989
1.58891,-5.7878202805147
1.588915,-5.78652185286166
1.58892,-5.78522350717431
1.588925,-5.78392524368609
1.58893,-5.78262706263029
1.588935,-5.78132896423994
1.58894,-5.7800309487482
1.588945,-5.77873301638775
1.58895,-5.77743516739169
1.588955,-5.77613740199248
1.58896,-5.77483972042278
1.588965,-5.7735421229149
1.58897,-5.77224460970117
1.588975,-5.77094718101385
1.58898,-5.76964983708498
1.588985,-5.76835257814651
1.58899,-5.76705540443022
1.588995,-5.76575831616775
1.589,-5.76446131359081
1.589005,-5.76316439693081
1.58901,-5.76186756641903
1.589015,-5.76057082228671
1.58902,-5.7592741647648
1.589025,-5.75797759408449
1.58903,-5.75668111047645
1.589035,-5.75538471417144
1.58904,-5.7540884054
1.589045,-5.75279218439261
1.58905,-5.75149605137948
1.589055,-5.75020000659098
1.58906,-5.74890405025718
1.589065,-5.7476081826079
1.58907,-5.74631240387304
1.589075,-5.7450167142822
1.58908,-5.74372111406509
1.589085,-5.74242560345108
1.58909,-5.74113018266945
1.589095,-5.73983485194941
1.5891,-5.73853961151988
1.589105,-5.73724446161
1.58911,-5.73594940244843
1.589115,-5.73465443426381
1.58912,-5.73335955728477
1.589125,-5.73206477173949
1.58913,-5.7307700778565
1.589135,-5.72947547586385
1.58914,-5.72818096598948
1.589145,-5.72688654846133
1.58915,-5.72559222350699
1.589155,-5.7242979913543
1.58916,-5.7230038522306
1.589165,-5.72170980636323
1.58917,-5.72041585397943
1.589175,-5.7191219953063
1.58918,-5.71782823057063
1.589185,-5.71653455999946
1.58919,-5.71524098381931
1.589195,-5.71394750225674
1.5892,-5.71265411553822
1.589205,-5.71136082388982
1.58921,-5.71006762753791
1.589215,-5.70877452670843
1.58922,-5.70748152162716
1.589225,-5.7061886125199
1.58923,-5.70489579961208
1.589235,-5.70360308312934
1.58924,-5.70231046329695
1.589245,-5.70101794034008
1.58925,-5.69972551448371
1.589255,-5.69843318595268
1.58926,-5.69714095497199
1.589265,-5.69584882176606
1.58927,-5.69455678655946
1.589275,-5.69326484957651
1.58928,-5.6919730110414
1.589285,-5.6906812711781
1.58929,-5.68938963021076
1.589295,-5.68809808836306
1.5893,-5.68680664585862
1.589305,-5.68551530292098
1.58931,-5.68422405977337
1.589315,-5.68293291663919
1.58932,-5.68164187374149
1.589325,-5.68035093130319
1.58933,-5.67906008954704
1.589335,-5.67776934869563
1.58934,-5.67647870897168
1.589345,-5.67518817059746
1.58935,-5.67389773379517
1.589355,-5.67260739878689
1.58936,-5.67131716579451
1.589365,-5.67002703504001
1.58937,-5.6687370067449
1.589375,-5.6674470811307
1.58938,-5.6661572584188
1.589385,-5.66486753883035
1.58939,-5.66357792258655
1.589395,-5.66228840990823
1.5894,-5.66099900101623
1.589405,-5.65970969613117
1.58941,-5.65842049547352
1.589415,-5.65713139926352
1.58942,-5.65584240772159
1.589425,-5.65455352106771
1.58943,-5.65326473952172
1.589435,-5.65197606330339
1.58944,-5.65068749263227
1.589445,-5.64939902772803
1.58945,-5.64811066880981
1.589455,-5.64682241609682
1.58946,-5.64553426980809
1.589465,-5.64424623016242
1.58947,-5.64295829737865
1.589475,-5.64167047167528
1.58948,-5.64038275327075
1.589485,-5.63909514238331
1.58949,-5.63780763923104
1.589495,-5.63652024403208
1.5895,-5.63523295700412
1.589505,-5.63394577836484
1.58951,-5.6326587083318
1.589515,-5.63137174712228
1.58952,-5.6300848949536
1.589525,-5.62879815204286
1.58953,-5.6275115186069
1.589535,-5.62622499486247
1.58954,-5.62493858102624
1.589545,-5.62365227731458
1.58955,-5.62236608394392
1.589555,-5.62108000113034
1.58956,-5.61979402908988
1.589565,-5.61850816803836
1.58957,-5.61722241819141
1.589575,-5.61593677976476
1.58958,-5.61465125297363
1.589585,-5.61336583803338
1.58959,-5.612080535159
1.589595,-5.61079534456534
1.5896,-5.60951026646738
1.589605,-5.6082253010796
1.58961,-5.60694044861652
1.589615,-5.60565570929245
1.58962,-5.60437108332139
1.589625,-5.60308657091754
1.58963,-5.60180217229467
1.589635,-5.60051788766643
1.58964,-5.59923371724639
1.589645,-5.5979496612478
1.58965,-5.59666571988409
1.589655,-5.59538189336822
1.58966,-5.59409818191301
1.589665,-5.59281458573133
1.58967,-5.59153110503569
1.589675,-5.59024774003842
1.58968,-5.58896449095202
1.589685,-5.58768135798846
1.58969,-5.58639834135974
1.589695,-5.58511544127762
1.5897,-5.58383265795369
1.589705,-5.58254999159955
1.58971,-5.58126744242649
1.589715,-5.57998501064566
1.58972,-5.57870269646799
1.589725,-5.57742050010434
1.58973,-5.57613842176549
1.589735,-5.57485646166189
1.58974,-5.57357462000391
1.589745,-5.57229289700174
1.58975,-5.57101129286537
1.589755,-5.5697298078048
1.58976,-5.56844844202971
1.589765,-5.56716719574962
1.58977,-5.56588606917395
1.589775,-5.56460506251183
1.58978,-5.56332417597254
1.589785,-5.56204340976486
1.58979,-5.56076276409758
1.589795,-5.55948223917925
1.5898,-5.55820183521833
1.589805,-5.55692155242301
1.58981,-5.55564139100147
1.589815,-5.55436135116168
1.58982,-5.5530814331113
1.589825,-5.55180163705806
1.58983,-5.5505219632092
1.589835,-5.54924241177229
1.58984,-5.54796298295425
1.589845,-5.54668367696216
1.58985,-5.54540449400268
1.589855,-5.54412543428248
1.58986,-5.54284649800807
1.589865,-5.54156768538579
1.58987,-5.54028899662165
1.589875,-5.53901043192173
1.58988,-5.53773199149164
1.589885,-5.53645367553731
1.58989,-5.53517548426399
1.589895,-5.53389741787713
1.5899,-5.53261947658175
1.589905,-5.53134166058279
1.58991,-5.53006397008526
1.589915,-5.52878640529368
1.58992,-5.52750896641255
1.589925,-5.52623165364614
1.58993,-5.52495446719865
1.589935,-5.52367740727392
1.58994,-5.52240047407597
1.589945,-5.52112366780832
1.58995,-5.51984698867449
1.589955,-5.51857043687774
1.58996,-5.51729401262116
1.589965,-5.51601771610786
1.58997,-5.5147415475406
1.589975,-5.51346550712197
1.58998,-5.51218959505449
1.589985,-5.51091381154031
1.58999,-5.50963815678176
1.589995,-5.50836263098078
1.59,-5.50708723433903
1.590005,-5.50581196705825
1.59001,-5.50453682933978
1.590015,-5.50326182138505
1.59002,-5.50198694339512
1.590025,-5.50071219557091
1.59003,-5.49943757811323
1.590035,-5.49816309122264
1.59004,-5.49688873509949
1.590045,-5.49561450994432
1.59005,-5.49434041595699
1.590055,-5.49306645333752
1.59006,-5.49179262228568
1.590065,-5.4905189230009
1.59007,-5.48924535568283
1.590075,-5.48797192053057
1.59008,-5.48669861774324
1.590085,-5.4854254475197
1.59009,-5.48415241005858
1.590095,-5.48287950555866
1.5901,-5.48160673421824
1.590105,-5.4803340962355
1.59011,-5.4790615918085
1.590115,-5.477789221135
1.59012,-5.4765169844129
1.590125,-5.4752448818396
1.59013,-5.47397291361247
1.590135,-5.47270107992871
1.59014,-5.47142938098524
1.590145,-5.47015781697904
1.59015,-5.4688863881067
1.590155,-5.4676150945647
1.59016,-5.46634393654934
1.590165,-5.4650729142568
1.59017,-5.46380202788295
1.590175,-5.46253127762374
1.59018,-5.46126066367472
1.590185,-5.45999018623131
1.59019,-5.45871984548879
1.590195,-5.4574496416422
1.5902,-5.45617957488664
1.590205,-5.45490964541672
1.59021,-5.45363985342708
1.590215,-5.45237019911206
1.59022,-5.45110068266581
1.590225,-5.4498313042826
1.59023,-5.44856206415619
1.590235,-5.44729296248027
1.59024,-5.44602399944836
1.590245,-5.44475517525376
1.59025,-5.44348649008982
1.590255,-5.44221794414941
1.59026,-5.44094953762535
1.590265,-5.43968127071033
1.59027,-5.43841314359674
1.590275,-5.43714515647701
1.59028,-5.43587730954322
1.590285,-5.43460960298726
1.59029,-5.4333420370009
1.590295,-5.43207461177577
1.5903,-5.4308073275032
1.590305,-5.42954018437457
1.59031,-5.42827318258084
1.590315,-5.42700632231295
1.59032,-5.42573960376159
1.590325,-5.42447302711718
1.59033,-5.42320659257023
1.590335,-5.42194030031088
1.59034,-5.42067415052913
1.590345,-5.41940814341476
1.59035,-5.41814227915732
1.590355,-5.4168765579465
1.59036,-5.41561097997145
1.590365,-5.41434554542133
1.59037,-5.41308025448506
1.590375,-5.41181510735128
1.59038,-5.41055010420873
1.590385,-5.40928524524577
1.59039,-5.40802053065061
1.590395,-5.40675596061126
1.5904,-5.4054915353155
1.590405,-5.4042272549512
1.59041,-5.40296311970581
1.590415,-5.4016991297666
1.59042,-5.40043528532072
1.590425,-5.39917158655518
1.59043,-5.39790803365664
1.590435,-5.39664462681193
1.59044,-5.39538136620738
1.590445,-5.39411825202922
1.59045,-5.39285528446351
1.590455,-5.39159246369609
1.59046,-5.39032978991281
1.590465,-5.38906726329917
1.59047,-5.38780488404051
1.590475,-5.38654265232197
1.59048,-5.38528056832845
1.590485,-5.38401863224498
1.59049,-5.38275684425606
1.590495,-5.3814952045462
1.5905,-5.38023371329966
1.590505,-5.3789723707004
1.59051,-5.37771117693251
1.590515,-5.37645013217968
1.59052,-5.37518923662542
1.590525,-5.37392849045313
1.59053,-5.37266789384593
1.590535,-5.37140744698694
1.59054,-5.37014715005891
1.590545,-5.36888700324453
1.59055,-5.36762700672622
1.590555,-5.36636716068632
1.59056,-5.36510746530677
1.590565,-5.36384792076974
1.59057,-5.36258852725686
1.590575,-5.36132928494962
1.59058,-5.36007019402952
1.590585,-5.35881125467758
1.59059,-5.35755246707499
1.590595,-5.35629383140253
1.5906,-5.35503534784082
1.590605,-5.35377701657036
1.59061,-5.35251883777131
1.590615,-5.35126081162399
1.59062,-5.35000293830824
1.590625,-5.34874521800371
1.59063,-5.34748765089008
1.590635,-5.34623023714656
1.59064,-5.34497297695251
1.590645,-5.34371587048691
1.59065,-5.34245891792853
1.590655,-5.34120211945606
1.59066,-5.33994547524784
1.590665,-5.33868898548236
1.59067,-5.33743265033758
1.590675,-5.33617646999148
1.59068,-5.33492044462172
1.590685,-5.33366457440592
1.59069,-5.33240885952134
1.590695,-5.33115330014526
1.5907,-5.3298978964547
1.590705,-5.32864264862637
1.59071,-5.32738755683702
1.590715,-5.32613262126294
1.59072,-5.32487784208055
1.590725,-5.3236232194659
1.59073,-5.32236875359484
1.590735,-5.32111444464313
1.59074,-5.31986029278618
1.590745,-5.31860629819955
1.59075,-5.31735246105827
1.590755,-5.31609878153737
1.59076,-5.3148452598116
1.590765,-5.31359189605553
1.59077,-5.31233869044372
1.590775,-5.31108564315038
1.59078,-5.3098327543495
1.590785,-5.30858002421503
1.59079,-5.30732745292061
1.590795,-5.3060750406397
1.5908,-5.30482278754577
1.590805,-5.30357069381189
1.59081,-5.302318759611
1.590815,-5.3010669851159
1.59082,-5.29981537049904
1.590825,-5.29856391593307
1.59083,-5.29731262159004
1.590835,-5.29606148764205
1.59084,-5.29481051426091
1.590845,-5.29355970161822
1.59085,-5.29230904988561
1.590855,-5.29105855923427
1.59086,-5.28980822983541
1.590865,-5.28855806185983
1.59087,-5.2873080554783
1.590875,-5.28605821086142
1.59088,-5.28480852817957
1.590885,-5.28355900760293
1.59089,-5.28230964930146
1.590895,-5.28106045344494
1.5909,-5.27981142020311
1.590905,-5.27856254974539
1.59091,-5.277313842241
1.590915,-5.27606529785904
1.59092,-5.27481691676836
1.590925,-5.27356869913764
1.59093,-5.27232064513551
1.590935,-5.27107275493023
1.59094,-5.26982502869002
1.590945,-5.26857746658273
1.59095,-5.26733006877613
1.590955,-5.266082835438
1.59096,-5.26483576673558
1.590965,-5.26358886283617
1.59097,-5.26234212390675
1.590975,-5.26109555011412
1.59098,-5.25984914162509
1.590985,-5.25860289860605
1.59099,-5.25735682122335
1.590995,-5.25611090964301
1.591,-5.25486516403093
1.591005,-5.25361958455302
1.59101,-5.25237417137471
1.591015,-5.25112892466138
1.59102,-5.24988384457819
1.591025,-5.24863893129009
1.59103,-5.24739418496201
1.591035,-5.24614960575848
1.59104,-5.24490519384398
1.591045,-5.24366094938277
1.59105,-5.24241687253885
1.591055,-5.24117296347606
1.59106,-5.23992922235823
1.591065,-5.23868564934877
1.59107,-5.23744224461104
1.591075,-5.23619900830818
1.59108,-5.23495594060299
1.591085,-5.23371304165847
1.59109,-5.23247031163705
1.591095,-5.23122775070112
1.5911,-5.22998535901292
1.591105,-5.22874313673438
1.59111,-5.22750108402746
1.591115,-5.22625920105376
1.59112,-5.2250174879747
1.591125,-5.22377594495154
1.59113,-5.22253457214533
1.591135,-5.22129336971712
1.59114,-5.22005233782752
1.591145,-5.21881147663707
1.59115,-5.21757078630608
1.591155,-5.21633026699461
1.59116,-5.21508991886286
1.591165,-5.21384974207048
1.59117,-5.21260973677707
1.591175,-5.211369903142
1.59118,-5.21013024132455
1.591185,-5.20889075148366
1.59119,-5.20765143377831
1.591195,-5.20641228836706
1.5912,-5.20517331540849
1.591205,-5.20393451506075
1.59121,-5.20269588748193
1.591215,-5.20145743283014
1.59122,-5.20021915126295
1.591225,-5.19898104293792
1.59123,-5.19774310801244
1.591235,-5.19650534664359
1.59124,-5.19526775898849
1.591245,-5.19403034520384
1.59125,-5.1927931054463
1.591255,-5.19155603987227
1.59126,-5.19031914863788
1.591265,-5.18908243189934
1.59127,-5.18784588981247
1.591275,-5.18660952253294
1.59128,-5.18537333021621
1.591285,-5.18413731301747
1.59129,-5.18290147109208
1.591295,-5.18166580459482
1.5913,-5.18043031368048
1.591305,-5.17919499850361
1.59131,-5.17795985921854
1.591315,-5.17672489597938
1.59132,-5.17549010894032
1.591325,-5.17425549825508
1.59133,-5.17302106407727
1.591335,-5.17178680656029
1.59134,-5.17055272585736
1.591345,-5.16931882212173
1.59135,-5.16808509550608
1.591355,-5.16685154616323
1.59136,-5.16561817424561
1.591365,-5.16438497990545
1.59137,-5.16315196329508
1.591375,-5.16191912456636
1.59138,-5.16068646387102
1.591385,-5.15945398136061
1.59139,-5.15822167718648
1.591395,-5.15698955149996
1.5914,-5.155757604452
1.591405,-5.15452583619343
1.59141,-5.15329424687485
1.591415,-5.15206283664663
1.59142,-5.15083160565923
1.591425,-5.14960055406261
1.59143,-5.1483696820067
1.591435,-5.14713898964121
1.59144,-5.1459084771156
1.591445,-5.14467814457914
1.59145,-5.14344799218117
1.591455,-5.14221802007052
1.59146,-5.14098822839601
1.591465,-5.13975861730619
1.59147,-5.1385291869494
1.591475,-5.13729993747404
1.59148,-5.13607086902799
1.591485,-5.1348419817591
1.59149,-5.13361327581507
1.591495,-5.13238475134323
1.5915,-5.13115640849109
1.591505,-5.12992824740559
1.59151,-5.1287002682337
1.591515,-5.12747247112214
1.59152,-5.12624485621727
1.591525,-5.12501742366573
1.59153,-5.12379017361353
1.591535,-5.12256310620665
1.59154,-5.1213362215909
1.591545,-5.12010951991186
1.59155,-5.11888300131489
1.591555,-5.11765666594537
1.59156,-5.11643051394828
1.591565,-5.1152045454685
1.59157,-5.11397876065062
1.591575,-5.11275315963915
1.59158,-5.11152774257848
1.591585,-5.11030250961265
1.59159,-5.10907746088564
1.591595,-5.10785259654113
1.5916,-5.10662791672265
1.591605,-5.1054034215737
1.59161,-5.10417911123741
1.591615,-5.10295498585675
1.59162,-5.10173104557457
1.591625,-5.10050729053337
1.59163,-5.09928372087581
1.591635,-5.09806033674401
1.59164,-5.09683713828009
1.591645,-5.0956141256259
1.59165,-5.09439129892307
1.591655,-5.09316865831331
1.59166,-5.09194620393777
1.591665,-5.09072393593771
1.59167,-5.08950185445397
1.591675,-5.08827995962746
1.59168,-5.08705825159852
1.591685,-5.08583673050787
1.59169,-5.0846153964955
1.591695,-5.08339424970158
1.5917,-5.08217329026583
1.591705,-5.08095251832792
1.59171,-5.07973193402739
1.591715,-5.07851153750357
1.59172,-5.07729132889543
1.591725,-5.07607130834199
1.59173,-5.07485147598181
1.591735,-5.07363183195371
1.59174,-5.07241237639584
1.591745,-5.0711931094465
1.59175,-5.06997403124357
1.591755,-5.06875514192488
1.59176,-5.0675364416281
1.591765,-5.06631793049066
1.59177,-5.06509960864982
1.591775,-5.06388147624259
1.59178,-5.06266353340581
1.591785,-5.06144578027632
1.59179,-5.06022821699058
1.591795,-5.05901084368485
1.5918,-5.05779366049534
1.591805,-5.05657666755795
1.59181,-5.05535986500842
1.591815,-5.05414325298245
1.59182,-5.05292683161542
1.591825,-5.05171060104249
1.59183,-5.05049456139873
1.591835,-5.04927871281887
1.59184,-5.04806305543775
1.591845,-5.04684758938983
1.59185,-5.0456323148093
1.591855,-5.04441723183038
1.59186,-5.0432023405868
1.591865,-5.04198764121253
1.59187,-5.04077313384107
1.591875,-5.03955881860574
1.59188,-5.03834469563977
1.591885,-5.03713076507605
1.59189,-5.0359170270476
1.591895,-5.03470348168693
1.5919,-5.03349012912649
1.591905,-5.03227696949864
1.59191,-5.03106400293527
1.591915,-5.02985122956851
1.59192,-5.02863864952998
1.591925,-5.02742626295121
1.59193,-5.02621406996357
1.591935,-5.02500207069818
1.59194,-5.023790265286
1.591945,-5.02257865385793
1.59195,-5.02136723654452
1.591955,-5.02015601347624
1.59196,-5.01894498478333
1.591965,-5.01773415059574
1.59197,-5.01652351104355
1.591975,-5.01531306625633
1.59198,-5.01410281636361
1.591985,-5.01289276149479
1.59199,-5.01168290177882
1.591995,-5.01047323734491
1.592,-5.00926376832176
1.592005,-5.00805449483792
1.59201,-5.00684541702186
1.592015,-5.00563653500168
1.59202,-5.0044278489056
1.592025,-5.00321935886145
1.59203,-5.0020110649969
1.592035,-5.00080296743942
1.59204,-4.99959506631625
1.592045,-4.99838736175476
1.59205,-4.9971798538817
1.592055,-4.99597254282394
1.59206,-4.99476542870805
1.592065,-4.99355851166041
1.59207,-4.99235179180715
1.592075,-4.99114526927452
1.59208,-4.9899389441883
1.592085,-4.98873281667412
1.59209,-4.98752688685752
1.592095,-4.98632115486369
1.5921,-4.98511562081792
1.592105,-4.98391028484512
1.59211,-4.98270514707005
1.592115,-4.98150020761727
1.59212,-4.98029546661108
1.592125,-4.97909092417592
1.59213,-4.97788658043574
1.592135,-4.97668243551436
1.59214,-4.97547848953545
1.592145,-4.97427474262247
1.59215,-4.9730711948989
1.592155,-4.97186784648774
1.59216,-4.97066469751194
1.592165,-4.96946174809431
1.59217,-4.96825899835735
1.592175,-4.96705644842361
1.59218,-4.9658540984152
1.592185,-4.96465194845423
1.59219,-4.96344999866256
1.592195,-4.96224824916182
1.5922,-4.96104670007343
1.592205,-4.95984535151892
1.59221,-4.95864420361934
1.592215,-4.95744325649561
1.59222,-4.95624251026851
1.592225,-4.9550419650586
1.59223,-4.95384162098645
1.592235,-4.95264147817217
1.59224,-4.95144153673584
1.592245,-4.95024179679734
1.59225,-4.9490422584763
1.592255,-4.94784292189236
1.59226,-4.94664378716477
1.592265,-4.94544485441272
1.59227,-4.94424612375515
1.592275,-4.9430475953108
1.59228,-4.94184926919846
1.592285,-4.94065114553643
1.59229,-4.93945322444298
1.592295,-4.93825550603621
1.5923,-4.93705799043402
1.592305,-4.93586067775396
1.59231,-4.93466356811385
1.592315,-4.93346666163088
1.59232,-4.93226995842224
1.592325,-4.93107345860495
1.59233,-4.92987716229575
1.592335,-4.92868106961137
1.59234,-4.9274851806683
1.592345,-4.92628949558275
1.59235,-4.9250940144708
1.592355,-4.92389873744835
1.59236,-4.92270366463129
1.592365,-4.92150879613504
1.59237,-4.9203141320751
1.592375,-4.91911967256658
1.59238,-4.91792541772445
1.592385,-4.91673136766375
1.59239,-4.91553752249903
1.592395,-4.91434388234483
1.5924,-4.91315044731546
1.592405,-4.91195721752488
1.59241,-4.91076419308735
1.592415,-4.90957137411649
1.59242,-4.90837876072588
1.592425,-4.90718635302899
1.59243,-4.90599415113905
1.592435,-4.90480215516905
1.59244,-4.90361036523206
1.592445,-4.90241878144064
1.59245,-4.90122740390743
1.592455,-4.90003623274471
1.59246,-4.89884526806457
1.592465,-4.89765450997923
1.59247,-4.89646395860039
1.592475,-4.89527361403973
1.59248,-4.89408347640868
1.592485,-4.89289354581849
1.59249,-4.89170382238041
1.592495,-4.89051430620532
1.5925,-4.88932499740399
1.592505,-4.88813589608694
1.59251,-4.88694700236459
1.592515,-4.88575831634727
1.59252,-4.88456983814494
1.592525,-4.88338156786753
1.59253,-4.88219350562471
1.592535,-4.88100565152594
1.59254,-4.8798180056807
1.592545,-4.87863056819813
1.59255,-4.87744333918718
1.592555,-4.87625631875671
1.59256,-4.87506950701532
1.592565,-4.87388290407144
1.59257,-4.87269651003349
1.592575,-4.87151032500954
1.59258,-4.8703243491075
1.592585,-4.86913858243516
1.59259,-4.86795302510003
1.592595,-4.86676767720961
1.5926,-4.86558253887119
1.592605,-4.86439761019169
1.59261,-4.86321289127814
1.592615,-4.86202838223704
1.59262,-4.8608440831752
1.592625,-4.8596599941988
1.59263,-4.85847611541414
1.592635,-4.85729244692711
1.59264,-4.85610898884359
1.592645,-4.85492574126928
1.59265,-4.85374270430972
1.592655,-4.85255987807009
1.59266,-4.85137726265566
1.592665,-4.85019485817118
1.59267,-4.84901266472174
1.592675,-4.84783068241175
1.59268,-4.84664891134577
1.592685,-4.84546735162794
1.59269,-4.84428600336249
1.592695,-4.84310486665313
1.5927,-4.84192394160385
1.592705,-4.84074322831814
1.59271,-4.83956272689937
1.592715,-4.83838243745079
1.59272,-4.83720236007534
1.592725,-4.8360224948761
1.59273,-4.83484284195565
1.592735,-4.83366340141657
1.59274,-4.83248417336117
1.592745,-4.83130515789161
1.59275,-4.83012635511
1.592755,-4.82894776511816
1.59276,-4.82776938801771
1.592765,-4.82659122391018
1.59277,-4.82541327289678
1.592775,-4.82423553507881
1.59278,-4.82305801055725
1.592785,-4.82188069943279
1.59279,-4.82070360180613
1.592795,-4.81952671777766
1.5928,-4.8183500474478
1.592805,-4.81717359091659
1.59281,-4.81599734828396
1.592815,-4.81482131964972
1.59282,-4.81364550511341
1.592825,-4.8124699047744
1.59283,-4.81129451873217
1.592835,-4.81011934708562
1.59284,-4.80894438993373
1.592845,-4.80776964737525
1.59285,-4.80659511950863
1.592855,-4.80542080643247
1.59286,-4.80424670824486
1.592865,-4.80307282504393
1.59287,-4.8018991569275
1.592875,-4.80072570399322
1.59288,-4.79955246633883
1.592885,-4.79837944406161
1.59289,-4.79720663725875
1.592895,-4.7960340460273
1.5929,-4.79486167046401
1.592905,-4.79368951066577
1.59291,-4.792517566729
1.592915,-4.79134583875002
1.59292,-4.79017432682508
1.592925,-4.78900303105009
1.59293,-4.78783195152102
1.592935,-4.78666108833351
1.59294,-4.78549044158301
1.592945,-4.78432001136487
1.59295,-4.78314979777427
1.592955,-4.78197980090613
1.59296,-4.7808100208554
1.592965,-4.7796404577167
1.59297,-4.77847111158447
1.592975,-4.77730198255302
1.59298,-4.77613307071647
1.592985,-4.77496437616895
1.59299,-4.77379589900415
1.592995,-4.77262763931572
1.593,-4.77145959719721
1.593005,-4.77029177274172
1.59301,-4.76912416604262
1.593015,-4.76795677719282
1.59302,-4.76678960628505
1.593025,-4.76562265341197
1.59303,-4.76445591866598
1.593035,-4.76328940213954
1.59304,-4.76212310392467
1.593045,-4.76095702411332
1.59305,-4.75979116279731
1.593055,-4.75862552006829
1.59306,-4.75746009601757
1.593065,-4.75629489073666
1.59307,-4.75512990431656
1.593075,-4.75396513684821
1.59308,-4.75280058842246
1.593085,-4.75163625912982
1.59309,-4.75047214906089
1.593095,-4.74930825830587
1.5931,-4.74814458695492
1.593105,-4.74698113509798
1.59311,-4.74581790282473
1.593115,-4.74465489022495
1.59312,-4.74349209738806
1.593125,-4.74232952440333
1.59313,-4.74116717135986
1.593135,-4.74000503834651
1.59314,-4.73884312545228
1.593145,-4.73768143276567
1.59315,-4.73651996037518
1.593155,-4.7353587083691
1.59316,-4.73419767683543
1.593165,-4.73303686586231
1.59317,-4.73187627553748
1.593175,-4.73071590594856
1.59318,-4.729555757183
1.593185,-4.72839582932809
1.59319,-4.72723612247092
1.593195,-4.72607663669861
1.5932,-4.72491737209788
1.593205,-4.72375832875534
1.59321,-4.72259950675752
1.593215,-4.72144090619061
1.59322,-4.72028252714094
1.593225,-4.71912436969443
1.59323,-4.71796643393686
1.593235,-4.71680871995387
1.59324,-4.71565122783093
1.593245,-4.71449395765346
1.59325,-4.71333690950661
1.593255,-4.71218008347536
1.59326,-4.7110234796445
1.593265,-4.70986709809864
1.59327,-4.70871093892248
1.593275,-4.70755500220025
1.59328,-4.70639928801616
1.593285,-4.70524379645423
1.59329,-4.7040885275982
1.593295,-4.70293348153192
1.5933,-4.70177865833889
1.593305,-4.70062405810242
1.59331,-4.69946968090576
1.593315,-4.69831552683195
1.59332,-4.69716159596371
1.593325,-4.69600788838404
1.59333,-4.69485440417533
1.593335,-4.69370114341998
1.59334,-4.69254810620025
1.593345,-4.69139529259809
1.59335,-4.69024270269561
1.593355,-4.68909033657447
1.59336,-4.68793819431618
1.593365,-4.68678627600227
1.59337,-4.68563458171386
1.593375,-4.68448311153218
1.59338,-4.68333186553815
1.593385,-4.68218084381251
1.59339,-4.68103004643589
1.593395,-4.67987947348864
1.5934,-4.67872912505126
1.593405,-4.67757900120378
1.59341,-4.67642910202612
1.593415,-4.67527942759819
1.59342,-4.67412997799949
1.593425,-4.67298075330967
1.59343,-4.67183175360803
1.593435,-4.67068297897368
1.59344,-4.66953442948568
1.593445,-4.66838610522285
1.59345,-4.66723800626384
1.593455,-4.66609013268727
1.59346,-4.66494248457151
1.593465,-4.66379506199472
1.59347,-4.66264786503497
1.593475,-4.6615008937701
1.59348,-4.66035414827793
1.593485,-4.65920762863605
1.59349,-4.65806133492177
1.593495,-4.65691526721246
1.5935,-4.65576942558503
1.593505,-4.65462381011669
1.59351,-4.65347842088406
1.593515,-4.65233325796376
1.59352,-4.65118832143231
1.593525,-4.65004361136588
1.59353,-4.64889912784083
1.593535,-4.64775487093303
1.59354,-4.64661084071833
1.593545,-4.64546703727239
1.59355,-4.64432346067067
1.593555,-4.64318011098866
1.59356,-4.64203698830151
1.593565,-4.64089409268423
1.59357,-4.63975142421176
1.593575,-4.63860898295876
1.59358,-4.63746676899979
1.593585,-4.63632478240936
1.59359,-4.63518302326171
1.593595,-4.6340414916309
1.5936,-4.63290018759089
1.593605,-4.63175911121538
1.59361,-4.63061826257818
1.593615,-4.62947764175266
1.59362,-4.62833724881217
1.593625,-4.62719708382983
1.59363,-4.62605714687859
1.593635,-4.62491743803151
1.59364,-4.6237779573611
1.593645,-4.62263870494002
1.59365,-4.62149968084054
1.593655,-4.62036088513492
1.59366,-4.61922231789528
1.593665,-4.61808397919352
1.59367,-4.61694586910142
1.593675,-4.61580798769054
1.59368,-4.6146703350323
1.593685,-4.61353291119811
1.59369,-4.61239571625909
1.593695,-4.61125875028616
1.5937,-4.61012201335022
1.593705,-4.60898550552189
1.59371,-4.60784922687166
1.593715,-4.60671317747004
1.59372,-4.60557735738714
1.593725,-4.60444176669312
1.59373,-4.60330640545776
1.593735,-4.60217127375082
1.59374,-4.60103637164206
1.593745,-4.5999016992008
1.59375,-4.59876725649639
1.593755,-4.59763304359792
1.59376,-4.59649906057435
1.593765,-4.59536530749461
1.59377,-4.59423178442734
1.593775,-4.5930984914411
1.59378,-4.59196542860419
1.593785,-4.59083259598482
1.59379,-4.58969999365121
1.593795,-4.58856762167116
1.5938,-4.58743548011248
1.593805,-4.58630356904275
1.59381,-4.58517188852943
1.593815,-4.58404043863982
1.59382,-4.58290921944112
1.593825,-4.58177823100035
1.59383,-4.58064747338435
1.593835,-4.57951694665978
1.59384,-4.57838665089316
1.593845,-4.57725658615101
1.59385,-4.57612675249949
1.593855,-4.57499715000474
1.59386,-4.5738677787327
1.593865,-4.57273863874907
1.59387,-4.57160973011967
1.593875,-4.57048105290988
1.59388,-4.56935260718504
1.593885,-4.56822439301039
1.59389,-4.56709641045089
1.593895,-4.56596865957154
1.5939,-4.56484114043706
1.593905,-4.56371385311199
1.59391,-4.56258679766078
1.593915,-4.56145997414767
1.59392,-4.56033338263697
1.593925,-4.55920702319256
1.59393,-4.5580808958783
1.593935,-4.55695500075786
1.59394,-4.55582933789479
1.593945,-4.55470390735244
1.59395,-4.55357870919419
1.593955,-4.55245374348306
1.59396,-4.55132901028198
1.593965,-4.55020450965378
1.59397,-4.54908024166104
1.593975,-4.54795620636638
1.59398,-4.54683240383208
1.593985,-4.54570883412037
1.59399,-4.54458549729332
1.593995,-4.54346239341273
1.594,-4.54233952254051
1.594005,-4.54121688473825
1.59401,-4.54009448006735
1.594015,-4.53897230858915
1.59402,-4.53785037036478
1.594025,-4.53672866545537
1.59403,-4.53560719392172
1.594035,-4.5344859558246
1.59404,-4.53336495122458
1.594045,-4.53224418018199
1.59405,-4.53112364275727
1.594055,-4.53000333901052
1.59406,-4.52888326900171
1.594065,-4.52776343279071
1.59407,-4.52664383043721
1.594075,-4.52552446200069
1.59408,-4.52440532754069
1.594085,-4.52328642711643
1.59409,-4.52216776078703
1.594095,-4.52104932861143
1.5941,-4.51993113064838
1.594105,-4.51881316695675
1.59411,-4.517695437595
1.594115,-4.51657794262147
1.59412,-4.51546068209442
1.594125,-4.5143436560719
1.59413,-4.51322686461198
1.594135,-4.51211030777244
1.59414,-4.51099398561094
1.594145,-4.50987789818495
1.59415,-4.50876204555179
1.594155,-4.50764642776886
1.59416,-4.50653104489319
1.594165,-4.50541589698166
1.59417,-4.50430098409109
1.594175,-4.50318630627809
1.59418,-4.50207186359929
1.594185,-4.500957656111
1.59419,-4.49984368386945
1.594195,-4.49872994693069
1.5942,-4.49761644535066
1.594205,-4.49650317918509
1.59421,-4.49539014848976
1.594215,-4.49427735332014
1.59422,-4.49316479373158
1.594225,-4.49205246977924
1.59423,-4.49094038151822
1.594235,-4.48982852900354
1.59424,-4.48871691228992
1.594245,-4.48760553143204
1.59425,-4.48649438648437
1.594255,-4.48538347750124
1.59426,-4.48427280453702
1.594265,-4.48316236764568
1.59427,-4.48205216688117
1.594275,-4.48094220229731
1.59428,-4.47983247394765
1.594285,-4.47872298188588
1.59429,-4.47761372616529
1.594295,-4.47650470683912
1.5943,-4.47539592396047
1.594305,-4.47428737758214
1.59431,-4.4731790677572
1.594315,-4.47207099453818
1.59432,-4.47096315797759
1.594325,-4.46985555812786
1.59433,-4.46874819504119
1.594335,-4.46764106876967
1.59434,-4.46653417936536
1.594345,-4.46542752688005
1.59435,-4.46432111136539
1.594355,-4.46321493287297
1.59436,-4.4621089914541
1.594365,-4.46100328716014
1.59437,-4.45989782004225
1.594375,-4.45879259015133
1.59438,-4.45768759753825
1.594385,-4.45658284225365
1.59439,-4.45547832434824
1.594395,-4.4543740438724
1.5944,-4.45327000087639
1.594405,-4.45216619541038
1.59441,-4.4510626275243
1.594415,-4.44995929726819
1.59442,-4.44885620469169
1.594425,-4.44775334984442
1.59443,-4.44665073277581
1.594435,-4.44554835353515
1.59444,-4.44444621217174
1.594445,-4.44334430873457
1.59445,-4.44224264327253
1.594455,-4.44114121583442
1.59446,-4.44004002646887
1.594465,-4.43893907522424
1.59447,-4.43783836214913
1.594475,-4.4367378872916
1.59448,-4.43563765069982
1.594485,-4.43453765242166
1.59449,-4.43343789250492
1.594495,-4.43233837099735
1.5945,-4.43123908794652
1.594505,-4.43014004339971
1.59451,-4.4290412374043
1.594515,-4.42794267000723
1.59452,-4.42684434125575
1.594525,-4.42574625119654
1.59453,-4.42464839987643
1.594535,-4.42355078734189
1.59454,-4.42245341363937
1.594545,-4.42135627881533
1.59455,-4.42025938291583
1.594555,-4.41916272598697
1.59456,-4.41806630807461
1.594565,-4.41697012922455
1.59457,-4.41587418948233
1.594575,-4.41477848889363
1.59458,-4.41368302750371
1.594585,-4.41258780535785
1.59459,-4.41149282250109
1.594595,-4.41039807897837
1.5946,-4.40930357483464
1.594605,-4.40820931011454
1.59461,-4.40711528486261
1.594615,-4.40602149912331
1.59462,-4.40492795294082
1.594625,-4.40383464635945
1.59463,-4.40274157942323
1.594635,-4.40164875217594
1.59464,-4.40055616466142
1.594645,-4.39946381692321
1.59465,-4.39837170900492
1.594655,-4.39727984094988
1.59466,-4.39618821280128
1.594665,-4.39509682460225
1.59467,-4.39400567639563
1.594675,-4.39291476822446
1.59468,-4.3918241001313
1.594685,-4.39073367215873
1.59469,-4.38964348434925
1.594695,-4.38855353674507
1.5947,-4.38746382938832
1.594705,-4.38637436232122
1.59471,-4.38528513558555
1.594715,-4.38419614922312
1.59472,-4.38310740327553
1.594725,-4.38201889778424
1.59473,-4.38093063279082
1.594735,-4.37984260833637
1.59474,-4.37875482446205
1.594745,-4.37766728120885
1.59475,-4.37657997861753
1.594755,-4.37549291672898
1.59476,-4.3744060955837
1.594765,-4.37331951522216
1.59477,-4.37223317568471
1.594775,-4.37114707701149
1.59478,-4.37006121924268
1.594785,-4.36897560241819
1.59479,-4.3678902265778
1.594795,-4.36680509176118
1.5948,-4.36572019800786
1.594805,-4.36463554535741
1.59481,-4.363551133849
1.594815,-4.36246696352186
1.59482,-4.36138303441497
1.594825,-4.36029934656724
1.59483,-4.35921590001741
1.594835,-4.35813269480428
1.59484,-4.35704973096626
1.594845,-4.35596700854177
1.59485,-4.35488452756906
1.594855,-4.35380228808617
1.59486,-4.35272029013131
1.594865,-4.35163853374226
1.59487,-4.35055701895675
1.594875,-4.34947574581241
1.59488,-4.34839471434672
1.594885,-4.34731392459709
1.59489,-4.34623337660077
1.594895,-4.34515307039485
1.5949,-4.3440730060163
1.594905,-4.3429931835019
1.59491,-4.34191360288855
1.594915,-4.3408342642128
1.59492,-4.33975516751108
1.594925,-4.33867631281974
1.59493,-4.33759770017496
1.594935,-4.336519329613
1.59494,-4.33544120116971
1.594945,-4.33436331488094
1.59495,-4.33328567078245
1.594955,-4.33220826890981
1.59496,-4.3311311092984
1.594965,-4.33005419198369
1.59497,-4.32897751700088
1.594975,-4.32790108438503
1.59498,-4.32682489417109
1.594985,-4.32574894639381
1.59499,-4.32467324108809
1.594995,-4.32359777828845
1.595,-4.32252255802931
1.595005,-4.32144758034502
1.59501,-4.32037284526974
1.595015,-4.31929835283771
1.59502,-4.3182241030828
1.595025,-4.31715009603882
1.59503,-4.31607633173955
1.595035,-4.31500281021845
1.59504,-4.31392953150918
1.595045,-4.31285649564501
1.59505,-4.31178370265911
1.595055,-4.3107111525846
1.59506,-4.30963884545439
1.595065,-4.30856678130149
1.59507,-4.30749496015851
1.595075,-4.30642338205805
1.59508,-4.30535204703262
1.595085,-4.30428095511455
1.59509,-4.30321010633602
1.595095,-4.30213950072931
1.5951,-4.30106913832628
1.595105,-4.29999901915879
1.59511,-4.29892914325863
1.595115,-4.29785951065729
1.59512,-4.29679012138648
1.595125,-4.29572097547747
1.59513,-4.29465207296151
1.595135,-4.2935834138697
1.59514,-4.29251499823303
1.595145,-4.29144682608248
1.59515,-4.29037889744881
1.595155,-4.28931121236263
1.59516,-4.28824377085445
1.595165,-4.28717657295459
1.59517,-4.28610961869352
1.595175,-4.28504290810128
1.59518,-4.28397644120795
1.595185,-4.28291021804346
1.59519,-4.28184423863743
1.595195,-4.28077850301983
1.5952,-4.27971301122005
1.595205,-4.27864776326752
1.59521,-4.27758275919161
1.595215,-4.27651799902148
1.59522,-4.27545348278615
1.595225,-4.2743892105147
1.59523,-4.27332518223593
1.595235,-4.27226139797855
1.59524,-4.27119785777113
1.595245,-4.27013456164207
1.59525,-4.26907150961992
1.595255,-4.2680087017328
1.59526,-4.26694613800886
1.595265,-4.26588381847609
1.59527,-4.26482174316232
1.595275,-4.26375991209542
1.59528,-4.26269832530302
1.595285,-4.26163698281261
1.59529,-4.26057588465156
1.595295,-4.25951503084719
1.5953,-4.25845442142671
1.595305,-4.25739405641719
1.59531,-4.25633393584553
1.595315,-4.25527405973851
1.59532,-4.2542144281229
1.595325,-4.25315504102517
1.59533,-4.25209589847195
1.595335,-4.2510370004895
1.59534,-4.24997834710407
1.595345,-4.24891993834175
1.59535,-4.24786177422851
1.595355,-4.24680385479032
1.59536,-4.24574618005292
1.595365,-4.24468875004193
1.59537,-4.24363156478289
1.595375,-4.24257462430113
1.59538,-4.24151792862213
1.595385,-4.24046147777096
1.59539,-4.23940527177271
1.595395,-4.23834931065234
1.5954,-4.23729359443455
1.595405,-4.2362381231443
1.59541,-4.23518289680602
1.595415,-4.23412791544429
1.59542,-4.23307317908339
1.595425,-4.23201868774762
1.59543,-4.23096444146113
1.595435,-4.22991044024802
1.59544,-4.22885668413207
1.595445,-4.22780317313718
1.59545,-4.22674990728695
1.595455,-4.22569688660493
1.59546,-4.22464411111473
1.595465,-4.22359158083956
1.59547,-4.2225392958027
1.595475,-4.22148725602723
1.59548,-4.22043546153609
1.595485,-4.21938391235229
1.59549,-4.21833260849856
1.595495,-4.21728154999751
1.5955,-4.21623073687172
1.595505,-4.21518016914353
1.59551,-4.21412984683541
1.595515,-4.21307976996948
1.59552,-4.21202993856785
1.595525,-4.21098035265245
1.59553,-4.20993101224513
1.595535,-4.20888191736774
1.59554,-4.20783306804188
1.595545,-4.20678446428904
1.59555,-4.20573610613064
1.595555,-4.20468799358798
1.59556,-4.20364012668227
1.595565,-4.2025925054346
1.59557,-4.20154512986593
1.595575,-4.20049799999709
1.59558,-4.19945111584884
1.595585,-4.19840447744171
1.59559,-4.1973580847964
1.595595,-4.1963119379332
1.5956,-4.19526603687246
1.595605,-4.19422038163431
1.59561,-4.19317497223876
1.595615,-4.19212980870597
1.59562,-4.19108489105565
1.595625,-4.19004021930759
1.59563,-4.18899579348141
1.595635,-4.18795161359655
1.59564,-4.18690767967257
1.595645,-4.18586399172868
1.59565,-4.18482054978407
1.595655,-4.18377735385787
1.59566,-4.18273440396891
1.595665,-4.18169170013622
1.59567,-4.1806492423785
1.595675,-4.17960703071436
1.59568,-4.17856506516236
1.595685,-4.17752334574082
1.59569,-4.17648187246818
1.595695,-4.17544064536265
1.5957,-4.17439966444222
1.595705,-4.17335892972496
1.59571,-4.17231844122872
1.595715,-4.17127819897117
1.59572,-4.17023820297013
1.595725,-4.16919845324313
1.59573,-4.16815894980751
1.595735,-4.16711969268068
1.59574,-4.16608068187979
1.595745,-4.16504191742207
1.59575,-4.16400339932445
1.595755,-4.16296512760392
1.59576,-4.16192710227715
1.595765,-4.16088932336084
1.59577,-4.15985179087171
1.595775,-4.15881450482612
1.59578,-4.15777746524044
1.595785,-4.15674067213097
1.59579,-4.15570412551377
1.595795,-4.15466782540502
1.5958,-4.1536317718206
1.595805,-4.15259596477631
1.59581,-4.15156040428788
1.595815,-4.15052509037089
1.59582,-4.14949002304099
1.595825,-4.14845520231348
1.59583,-4.14742062820367
1.595835,-4.14638630072678
1.59584,-4.14535221989789
1.595845,-4.14431838573188
1.59585,-4.14328479824379
1.595855,-4.14225145744832
1.59586,-4.14121836336016
1.595865,-4.14018551599382
1.59587,-4.1391529153637
1.595875,-4.13812056148431
1.59588,-4.13708845436984
1.595885,-4.13605659403438
1.59589,-4.13502498049198
1.595895,-4.13399361375651
1.5959,-4.13296249384196
1.595905,-4.13193162076193
1.59591,-4.13090099453006
1.595915,-4.12987061515988
1.59592,-4.12884048266473
1.595925,-4.12781059705802
1.59593,-4.12678095835289
1.595935,-4.12575156656246
1.59594,-4.12472242169974
1.595945,-4.12369352377749
1.59595,-4.12266487280866
1.595955,-4.12163646880589
1.59596,-4.12060831178176
1.595965,-4.1195804017487
1.59597,-4.11855273871911
1.595975,-4.1175253227052
1.59598,-4.11649815371927
1.595985,-4.11547123177333
1.59599,-4.11444455687934
1.595995,-4.11341812904915
1.596,-4.11239194829442
1.596005,-4.11136601462701
1.59601,-4.11034032805838
1.596015,-4.10931488859995
1.59602,-4.10828969626309
1.596025,-4.107264751059
1.59603,-4.10624005299892
1.596035,-4.10521560209388
1.59604,-4.10419139835481
1.596045,-4.10316744179254
1.59605,-4.10214373241771
1.596055,-4.10112027024115
1.59606,-4.10009705527331
1.596065,-4.09907408752464
1.59607,-4.09805136700548
1.596075,-4.09702889372604
1.59608,-4.09600666769638
1.596085,-4.09498468892672
1.59609,-4.09396295742689
1.596095,-4.09294147320675
1.5961,-4.091920236276
1.596105,-4.09089924664425
1.59611,-4.08987850432118
1.596115,-4.0888580093161
1.59612,-4.08783776163836
1.596125,-4.08681776129723
1.59613,-4.08579800830173
1.596135,-4.08477850266109
1.59614,-4.08375924438413
1.596145,-4.08274023347974
1.59615,-4.08172146995665
1.596155,-4.08070295382338
1.59616,-4.07968468508864
1.596165,-4.07866666376082
1.59617,-4.07764888984824
1.596175,-4.07663136335917
1.59618,-4.07561408430167
1.596185,-4.07459705268394
1.59619,-4.07358026851385
1.596195,-4.07256373179928
1.5962,-4.07154744254798
1.596205,-4.07053140076755
1.59621,-4.06951560646557
1.596215,-4.06850005964958
1.59622,-4.06748476032688
1.596225,-4.06646970850476
1.59623,-4.06545490419037
1.596235,-4.06444034739073
1.59624,-4.06342603811294
1.596245,-4.06241197636383
1.59625,-4.06139816215015
1.596255,-4.06038459547862
1.59626,-4.05937127635574
1.596265,-4.05835820478814
1.59627,-4.05734538078214
1.596275,-4.05633280434408
1.59628,-4.05532047548014
1.596285,-4.05430839419629
1.59629,-4.0532965604988
1.596295,-4.0522849743934
1.5963,-4.05127363588602
1.596305,-4.05026254498228
1.59631,-4.04925170168783
1.596315,-4.04824110600825
1.59632,-4.047230757949
1.596325,-4.04622065751537
1.59633,-4.04521080471259
1.596335,-4.04420119954585
1.59634,-4.04319184202011
1.596345,-4.04218273214051
1.59635,-4.04117386991179
1.596355,-4.04016525533877
1.59636,-4.03915688842611
1.596365,-4.03814876917833
1.59637,-4.03714089760004
1.596375,-4.03613327369559
1.59638,-4.03512589746927
1.596385,-4.03411876892529
1.59639,-4.03311188806768
1.596395,-4.0321052549006
1.5964,-4.03109886942795
1.596405,-4.03009273165349
1.59641,-4.02908684158104
1.596415,-4.0280811992141
1.59642,-4.02707580455643
1.596425,-4.02607065761134
1.59643,-4.02506575838226
1.596435,-4.02406110687245
1.59644,-4.023056703085
1.596445,-4.02205254702317
1.59645,-4.02104863868985
1.596455,-4.02004497808798
1.59646,-4.01904156522033
1.596465,-4.01803840008965
1.59647,-4.01703548269847
1.596475,-4.01603281304949
1.59648,-4.01503039114505
1.596485,-4.01402821698754
1.59649,-4.01302629057918
1.596495,-4.01202461192207
1.5965,-4.01102318101848
1.596505,-4.01002199787023
1.59651,-4.00902106247928
1.596515,-4.00802037484744
1.59652,-4.0070199349763
1.596525,-4.00601974286766
1.59653,-4.00501979852295
1.596535,-4.00402010194363
1.59654,-4.00302065313102
1.596545,-4.0020214520863
1.59655,-4.00102249881085
1.596555,-4.00002379330557
1.59656,-3.99902533557151
1.596565,-3.99802712560956
1.59657,-3.99702916342043
1.596575,-3.99603144900501
1.59658,-3.99503398236382
1.596585,-3.99403676349741
1.59659,-3.99303979240621
1.596595,-3.99204306909058
1.5966,-3.99104659355074
1.596605,-3.990050365787
1.59661,-3.98905438579936
1.596615,-3.98805865358784
1.59662,-3.98706316915232
1.596625,-3.98606793249255
1.59663,-3.98507294360847
1.596635,-3.98407820249955
1.59664,-3.98308370916541
1.596645,-3.98208946360553
1.59665,-3.98109546581917
1.596655,-3.98010171580578
1.59666,-3.97910821356449
1.596665,-3.97811495909439
1.59667,-3.97712195239454
1.596675,-3.97612919346381
1.59668,-3.97513668230116
1.596685,-3.97414441890531
1.59669,-3.9731524032749
1.596695,-3.97216063540852
1.5967,-3.97116911530463
1.596705,-3.97017784296179
1.59671,-3.9691868183782
1.596715,-3.96819604155212
1.59672,-3.96720551248173
1.596725,-3.96621523116508
1.59673,-3.96522519760005
1.596735,-3.96423541178471
1.59674,-3.96324587371675
1.596745,-3.96225658339391
1.59675,-3.96126754081382
1.596755,-3.96027874597398
1.59676,-3.95929019887195
1.596765,-3.95830189950503
1.59677,-3.95731384787053
1.596775,-3.95632604396568
1.59678,-3.95533848778746
1.596785,-3.95435117933305
1.59679,-3.95336411859937
1.596795,-3.95237730558326
1.5968,-3.95139074028147
1.596805,-3.95040442269061
1.59681,-3.94941835280747
1.596815,-3.94843253062848
1.59682,-3.94744695615005
1.596825,-3.94646162936854
1.59683,-3.94547655028022
1.596835,-3.94449171888122
1.59684,-3.94350713516772
1.596845,-3.94252279913569
1.59685,-3.94153871078106
1.596855,-3.94055487009969
1.59686,-3.93957127708722
1.596865,-3.93858793173948
1.59687,-3.937604834052
1.596875,-3.9366219840203
1.59688,-3.93563938163978
1.596885,-3.93465702690568
1.59689,-3.93367491981345
1.596895,-3.93269306035818
1.5969,-3.9317114485349
1.596905,-3.9307300843387
1.59691,-3.92974896776438
1.596915,-3.92876809880691
1.59692,-3.92778747746102
1.596925,-3.92680710372137
1.59693,-3.92582697758252
1.596935,-3.92484709903892
1.59694,-3.92386746808515
1.596945,-3.92288808471546
1.59695,-3.92190894892414
1.596955,-3.92093006070537
1.59696,-3.91995142005322
1.596965,-3.91897302696162
1.59697,-3.91799488142468
1.596975,-3.91701698343616
1.59698,-3.91603933298984
1.596985,-3.91506193007943
1.59699,-3.91408477469842
1.596995,-3.91310786684048
1.597,-3.91213120649901
1.597005,-3.91115479366733
1.59701,-3.91017862833878
1.597015,-3.90920271050646
1.59702,-3.90822704016362
1.597025,-3.90725161730322
1.59703,-3.90627644191824
1.597035,-3.90530151400154
1.59704,-3.90432683354587
1.597045,-3.90335240054409
1.59705,-3.9023782149887
1.597055,-3.90140427687235
1.59706,-3.90043058618744
1.597065,-3.89945714292632
1.59707,-3.89848394708146
1.597075,-3.89751099864499
1.59708,-3.89653829760912
1.597085,-3.89556584396587
1.59709,-3.89459363770728
1.597095,-3.89362167882519
1.5971,-3.89264996731152
1.597105,-3.89167850315806
1.59711,-3.89070728635641
1.597115,-3.88973631689819
1.59712,-3.88876559477488
1.597125,-3.88779511997801
1.59713,-3.88682489249892
1.597135,-3.88585491232887
1.59714,-3.8848851794591
1.597145,-3.88391569388062
1.59715,-3.88294645558466
1.597155,-3.88197746456213
1.59716,-3.88100872080385
1.597165,-3.88004022430073
1.59717,-3.8790719750434
1.597175,-3.87810397302262
1.59718,-3.87713621822895
1.597185,-3.87616871065287
1.59719,-3.87520145028484
1.597195,-3.8742344371151
1.5972,-3.87326767113409
1.597205,-3.87230115233191
1.59721,-3.8713348806987
1.597215,-3.87036885622449
1.59722,-3.86940307889925
1.597225,-3.8684375487128
1.59723,-3.86747226565508
1.597235,-3.86650722971574
1.59724,-3.86554244088448
1.597245,-3.86457789915083
1.59725,-3.86361360450426
1.597255,-3.86264955693431
1.59726,-3.8616857564303
1.597265,-3.86072220298146
1.59727,-3.85975889657702
1.597275,-3.85879583720602
1.59728,-3.85783302485765
1.597285,-3.8568704595208
1.59729,-3.85590814118441
1.597295,-3.85494606983724
1.5973,-3.85398424546801
1.597305,-3.8530226680655
1.59731,-3.85206133761826
1.597315,-3.85110025411478
1.59732,-3.85013941754354
1.597325,-3.84917882789281
1.59733,-3.84821848515105
1.597335,-3.84725838930638
1.59734,-3.84629854034697
1.597345,-3.84533893826087
1.59735,-3.8443795830361
1.597355,-3.84342047466048
1.59736,-3.84246161312204
1.597365,-3.84150299840843
1.59737,-3.8405446305074
1.597375,-3.83958650940653
1.59738,-3.83862863509335
1.597385,-3.83767100755543
1.59739,-3.83671362678011
1.597395,-3.83575649275478
1.5974,-3.8347996054666
1.597405,-3.83384296490278
1.59741,-3.83288657105049
1.597415,-3.83193042389673
1.59742,-3.83097452342847
1.597425,-3.83001886963259
1.59743,-3.82906346249585
1.597435,-3.82810830200511
1.59744,-3.827153388147
1.597445,-3.82619872090809
1.59745,-3.82524430027493
1.597455,-3.82429012623389
1.59746,-3.82333619877147
1.597465,-3.82238251787397
1.59747,-3.82142908352756
1.597475,-3.82047589571845
1.59748,-3.81952295443272
1.597485,-3.81857025965631
1.59749,-3.81761781137533
1.597495,-3.81666560957556
1.5975,-3.81571365424284
1.597505,-3.81476194536285
1.59751,-3.81381048292123
1.597515,-3.81285926690369
1.59752,-3.8119082972957
1.597525,-3.81095757408269
1.59753,-3.81000709725005
1.597535,-3.809056866783
1.59754,-3.8081068826669
1.597545,-3.80715714488691
1.59755,-3.80620765342804
1.597555,-3.80525840827538
1.59756,-3.8043094094138
1.597565,-3.80336065682829
1.59757,-3.80241215050363
1.597575,-3.80146389042452
1.59758,-3.80051587657564
1.597585,-3.79956810894163
1.59759,-3.79862058750694
1.597595,-3.79767331225615
1.5976,-3.7967262831736
1.597605,-3.79577950024359
1.59761,-3.79483296345036
1.597615,-3.79388667277808
1.59762,-3.79294062821097
1.597625,-3.791994829733
1.59763,-3.79104927732814
1.597635,-3.79010397098034
1.59764,-3.78915891067329
1.597645,-3.78821409639095
1.59765,-3.78726952811696
1.597655,-3.7863252058349
1.59766,-3.78538112952836
1.597665,-3.78443729918078
1.59767,-3.7834937147757
1.597675,-3.78255037629641
1.59768,-3.78160728372617
1.597685,-3.78066443704826
1.59769,-3.77972183624573
1.597695,-3.77877948130179
1.5977,-3.77783737219941
1.597705,-3.7768955089215
1.59771,-3.77595389145095
1.597715,-3.7750125197706
1.59772,-3.77407139386311
1.597725,-3.77313051371129
1.59773,-3.77218987929766
1.597735,-3.77124949060479
1.59774,-3.77030934761516
1.597745,-3.76936945031109
1.59775,-3.76842979867504
1.597755,-3.76749039268925
1.59776,-3.76655123233592
1.597765,-3.76561231759717
1.59777,-3.764673648455
1.597775,-3.76373522489158
1.59778,-3.76279704688879
1.597785,-3.76185911442845
1.59779,-3.76092142749239
1.597795,-3.7599839860623
1.5978,-3.75904679011997
1.597805,-3.75810983964696
1.59781,-3.75717313462481
1.597815,-3.75623667503497
1.59782,-3.75530046085878
1.597825,-3.75436449207777
1.59783,-3.75342876867312
1.597835,-3.75249329062603
1.59784,-3.75155805791764
1.597845,-3.75062307052907
1.59785,-3.74968832844127
1.597855,-3.74875383163526
1.59786,-3.74781958009195
1.597865,-3.7468855737921
1.59787,-3.74595181271647
1.597875,-3.74501829684572
1.59788,-3.7440850261606
1.597885,-3.74315200064159
1.59789,-3.74221922026917
1.597895,-3.74128668502381
1.5979,-3.74035439488579
1.597905,-3.73942234983557
1.59791,-3.73849054985333
1.597915,-3.7375589949192
1.59792,-3.73662768501332
1.597925,-3.73569662011567
1.59793,-3.73476580020636
1.597935,-3.73383522526526
1.59794,-3.73290489527224
1.597945,-3.73197481020701
1.59795,-3.73104497004936
1.597955,-3.730115374779
1.59796,-3.72918602437547
1.597965,-3.72825691881834
1.59797,-3.72732805808707
1.597975,-3.72639944216108
1.59798,-3.72547107101967
1.597985,-3.7245429446422
1.59799,-3.72361506300791
1.597995,-3.72268742609591
1.598,-3.72176003388529
1.598005,-3.72083288635506
1.59801,-3.71990598348428
1.598015,-3.71897932525184
1.59802,-3.71805291163656
1.598025,-3.71712674261724
1.59803,-3.71620081817256
1.598035,-3.71527513828127
1.59804,-3.71434970292191
1.598045,-3.71342451207305
1.59805,-3.71249956571313
1.598055,-3.71157486382054
1.59806,-3.71065040637372
1.598065,-3.70972619335094
1.59807,-3.7088022247304
1.598075,-3.70787850049028
1.59808,-3.70695502060863
1.598085,-3.70603178506362
1.59809,-3.70510879383319
1.598095,-3.7041860468952
1.5981,-3.7032635442276
1.598105,-3.70234128580814
1.59811,-3.70141927161449
1.598115,-3.70049750162449
1.59812,-3.69957597581567
1.598125,-3.69865469416562
1.59813,-3.69773365665181
1.598135,-3.69681286325164
1.59814,-3.6958923139426
1.598145,-3.69497200870195
1.59815,-3.69405194750695
1.598155,-3.6931321303348
1.59816,-3.69221255716257
1.598165,-3.69129322796748
1.59817,-3.69037414272646
1.598175,-3.68945530141649
1.59818,-3.68853670401446
1.598185,-3.68761835049716
1.59819,-3.68670024084148
1.598195,-3.68578237502409
1.5982,-3.68486475302164
1.598205,-3.68394737481076
1.59821,-3.68303024036795
1.598215,-3.68211334966968
1.59822,-3.68119670269247
1.598225,-3.68028029941264
1.59823,-3.67936413980648
1.598235,-3.67844822385027
1.59824,-3.6775325515201
1.598245,-3.67661712279226
1.59825,-3.67570193764274
1.598255,-3.67478699604759
1.59826,-3.67387229798272
1.598265,-3.672957843424
1.59827,-3.67204363234738
1.598275,-3.6711296647286
1.59828,-3.67021594054336
1.598285,-3.66930245976735
1.59829,-3.66838922237609
1.598295,-3.6674762283453
1.5983,-3.66656347765038
1.598305,-3.66565097026677
1.59831,-3.66473870616985
1.598315,-3.66382668533487
1.59832,-3.66291490773727
1.598325,-3.66200337335212
1.59833,-3.66109208215465
1.598335,-3.66018103411987
1.59834,-3.65927022922288
1.598345,-3.65835966743858
1.59835,-3.65744934874201
1.598355,-3.65653927310798
1.59836,-3.6556294405113
1.598365,-3.65471985092673
1.59837,-3.65381050432888
1.598375,-3.65290140069255
1.59838,-3.65199253999223
1.598385,-3.65108392220245
1.59839,-3.65017554729772
1.598395,-3.64926741525234
1.5984,-3.64835952604083
1.598405,-3.64745187963743
1.59841,-3.64654447601637
1.598415,-3.64563731515187
1.59842,-3.64473039701798
1.598425,-3.64382372158892
1.59843,-3.64291728883863
1.598435,-3.64201109874108
1.59844,-3.64110515127022
1.598445,-3.64019944639985
1.59845,-3.63929398410386
1.598455,-3.63838876435597
1.59846,-3.63748378712985
1.598465,-3.63657905239913
1.59847,-3.63567456013746
1.598475,-3.63477031031822
1.59848,-3.63386630291508
1.598485,-3.63296253790137
1.59849,-3.63205901525045
1.598495,-3.63115573493565
1.5985,-3.63025269693014
1.598505,-3.62934990120726
1.59851,-3.6284473477401
1.598515,-3.62754503650178
1.59852,-3.62664296746529
1.598525,-3.62574114060361
1.59853,-3.62483955588974
1.598535,-3.62393821329651
1.59854,-3.62303711279679
1.598545,-3.62213625436332
1.59855,-3.62123563796876
1.598555,-3.6203352635859
1.59856,-3.61943513118729
1.598565,-3.61853524074545
1.59857,-3.61763559223295
1.598575,-3.61673618562216
1.59858,-3.61583702088558
1.598585,-3.61493809799549
1.59859,-3.61403941692421
1.598595,-3.613140977644
1.5986,-3.61224278012699
1.598605,-3.6113448243453
1.59861,-3.6104471102711
1.598615,-3.60954963787636
1.59862,-3.60865240713308
1.598625,-3.6077554180132
1.59863,-3.60685867048847
1.598635,-3.60596216453087
1.59864,-3.60506590011212
1.598645,-3.60416987720393
1.59865,-3.60327409577794
1.598655,-3.6023785558057
1.59866,-3.60148325725893
1.598665,-3.60058820010906
1.59867,-3.59969338432753
1.598675,-3.59879880988574
1.59868,-3.59790447675502
1.598685,-3.59701038490679
1.59869,-3.5961165343122
1.598695,-3.59522292494247
1.5987,-3.59432955676875
1.598705,-3.59343642976211
1.59871,-3.59254354389366
1.598715,-3.59165089913434
1.59872,-3.59075849545514
1.598725,-3.58986633282694
1.59873,-3.58897441122055
1.598735,-3.58808273060671
1.59874,-3.5871912909563
1.598745,-3.58630009223994
1.59875,-3.58540913442829
1.598755,-3.58451841749193
1.59876,-3.58362794140132
1.598765,-3.58273770612708
1.59877,-3.5818477116396
1.598775,-3.58095795790928
1.59878,-3.58006844490642
1.598785,-3.57917917260126
1.59879,-3.5782901409642
1.598795,-3.57740134996531
1.5988,-3.57651279957479
1.598805,-3.5756244897627
1.59881,-3.57473642049902
1.598815,-3.57384859175385
1.59882,-3.5729610034971
1.598825,-3.57207365569864
1.59883,-3.57118654832833
1.598835,-3.57029968135591
1.59884,-3.56941305475123
1.598845,-3.56852666848391
1.59885,-3.56764052252363
1.598855,-3.56675461683996
1.59886,-3.56586895140249
1.598865,-3.56498352618065
1.59887,-3.56409834114398
1.598875,-3.56321339626184
1.59888,-3.5623286915036
1.598885,-3.56144422683855
1.59889,-3.5605600022359
1.598895,-3.559676017665
1.5989,-3.55879227309488
1.598905,-3.55790876849475
1.59891,-3.55702550383362
1.598915,-3.55614247908043
1.59892,-3.55525969420433
1.598925,-3.55437714917413
1.59893,-3.55349484395874
1.598935,-3.55261277852696
1.59894,-3.55173095284754
1.598945,-3.55084936688934
1.59895,-3.54996802062093
1.598955,-3.54908691401097
1.59896,-3.54820604702808
1.598965,-3.54732541964077
1.59897,-3.54644503181749
1.598975,-3.5455648835268
1.59898,-3.54468497473706
1.598985,-3.54380530541659
1.59899,-3.54292587553375
1.598995,-3.54204668505672
1.599,-3.54116773395378
1.599005,-3.54028902219313
1.59901,-3.53941054974284
1.599015,-3.53853231657097
1.59902,-3.53765432264552
1.599025,-3.53677656793457
1.59903,-3.53589905240602
1.599035,-3.53502177602774
1.59904,-3.5341447387676
1.599045,-3.53326794059329
1.59905,-3.53239138147273
1.599055,-3.53151506137352
1.59906,-3.53063898026338
1.599065,-3.52976313810987
1.59907,-3.52888753488052
1.599075,-3.52801217054297
1.59908,-3.52713704506464
1.599085,-3.52626215841295
1.59909,-3.52538751055532
1.599095,-3.52451310145907
1.5991,-3.5236389310914
1.599105,-3.52276499941975
1.59911,-3.52189130641119
1.599115,-3.52101785203296
1.59912,-3.5201446362521
1.599125,-3.51927165903569
1.59913,-3.51839892035081
1.599135,-3.51752642016445
1.59914,-3.51665415844347
1.599145,-3.51578213515484
1.59915,-3.51491035026527
1.599155,-3.51403880374176
1.59916,-3.51316749555094
1.599165,-3.51229642565959
1.59917,-3.5114255940343
1.599175,-3.5105550006417
1.59918,-3.50968464544849
1.599185,-3.50881452842111
1.59919,-3.50794464952608
1.599195,-3.50707500872984
1.5992,-3.50620560599875
1.599205,-3.50533644129927
1.59921,-3.50446751459768
1.599215,-3.50359882586024
1.59922,-3.50273037505319
1.599225,-3.50186216214271
1.59923,-3.50099418709489
1.599235,-3.50012644987595
1.59924,-3.49925895045189
1.599245,-3.49839168878872
1.59925,-3.49752466485242
1.599255,-3.49665787860884
1.59926,-3.49579133002399
1.599265,-3.4949250190637
1.59927,-3.49405894569369
1.599275,-3.49319310987979
1.59928,-3.49232751158759
1.599285,-3.49146215078293
1.59929,-3.49059702743137
1.599295,-3.48973214149848
1.5993,-3.48886749294983
1.599305,-3.48800308175083
1.59931,-3.48713890786709
1.599315,-3.48627497126395
1.59932,-3.48541127190676
1.599325,-3.48454780976093
1.59933,-3.4836845847916
1.599335,-3.48282159696419
1.59934,-3.48195884624386
1.599345,-3.48109633259574
1.59935,-3.48023405598499
1.599355,-3.47937201637665
1.59936,-3.47851021373573
1.599365,-3.47764864802734
1.59937,-3.47678731921635
1.599375,-3.47592622726773
1.59938,-3.47506537214634
1.599385,-3.47420475381693
1.59939,-3.47334437224444
1.599395,-3.47248422739353
1.5994,-3.47162431922894
1.599405,-3.47076464771532
1.59941,-3.46990521281722
1.599415,-3.46904601449939
1.59942,-3.46818705272632
1.599425,-3.46732832746248
1.59943,-3.46646983867236
1.599435,-3.46561158632031
1.59944,-3.46475357037081
1.599445,-3.4638957907882
1.59945,-3.46303824753677
1.599455,-3.46218094058076
1.59946,-3.46132386988435
1.599465,-3.46046703541183
1.59947,-3.45961043712726
1.599475,-3.4587540749948
1.59948,-3.45789794897849
1.599485,-3.45704205904234
1.59949,-3.45618640515029
1.599495,-3.45533098726638
1.5995,-3.45447580535446
1.599505,-3.45362085937841
1.59951,-3.45276614930206
1.599515,-3.45191167508911
1.59952,-3.45105743670341
1.599525,-3.45020343410865
1.59953,-3.4493496672685
1.599535,-3.44849613614654
1.59954,-3.44764284070632
1.599545,-3.44678978091152
1.59955,-3.4459369567256
1.599555,-3.44508436811199
1.59956,-3.44423201503417
1.599565,-3.44337989745544
1.59957,-3.44252801533926
1.599575,-3.44167636864893
1.59958,-3.44082495734772
1.599585,-3.43997378139885
1.59959,-3.43912284076545
1.599595,-3.43827213541083
1.5996,-3.43742166529805
1.599605,-3.43657143039018
1.59961,-3.43572143065026
1.599615,-3.43487166604132
1.59962,-3.43402213652629
1.599625,-3.43317284206817
1.59963,-3.43232378262981
1.599635,-3.4314749581741
1.59964,-3.43062636866384
1.599645,-3.42977801406173
1.59965,-3.42892989433064
1.599655,-3.42808200943324
1.59966,-3.42723435933217
1.599665,-3.42638694399008
1.59967,-3.42553976336951
1.599675,-3.42469281743312
1.59968,-3.42384610614335
1.599685,-3.42299962946271
1.59969,-3.42215338735365
1.599695,-3.42130737977849
1.5997,-3.42046160669972
1.599705,-3.41961606807964
1.59971,-3.4187707638805
1.599715,-3.41792569406462
1.59972,-3.41708085859419
1.599725,-3.41623625743132
1.59973,-3.41539189053829
1.599735,-3.41454775787717
1.59974,-3.41370385941002
1.599745,-3.41286019509886
1.59975,-3.41201676490565
1.599755,-3.41117356879249
1.59976,-3.41033060672121
1.599765,-3.40948787865375
1.59977,-3.40864538455196
1.599775,-3.40780312437755
1.59978,-3.4069610980925
1.599785,-3.40611930565844
1.59979,-3.4052777470371
1.599795,-3.40443642219016
1.5998,-3.4035953310792
1.599805,-3.40275447366596
1.59981,-3.40191384991195
1.599815,-3.40107345977867
1.59982,-3.40023330322763
1.599825,-3.39939338022027
1.59983,-3.39855369071808
1.599835,-3.39771423468244
1.59984,-3.39687501207471
1.599845,-3.39603602285614
1.59985,-3.39519726698812
1.599855,-3.39435874443178
1.59986,-3.39352045514844
1.599865,-3.39268239909927
1.59987,-3.39184457624538
1.599875,-3.3910069865479
1.59988,-3.39016962996784
1.599885,-3.38933250646638
1.59989,-3.38849561600445
1.599895,-3.387658958543
1.5999,-3.38682253404303
1.599905,-3.38598634246533
1.59991,-3.38515038377089
1.599915,-3.38431465792052
1.59992,-3.38347916487499
1.599925,-3.38264390459508
1.59993,-3.38180887704146
1.599935,-3.38097408217495
1.59994,-3.38013951995615
1.599945,-3.3793051903457
1.59995,-3.37847109330419
1.599955,-3.37763722879209
1.59996,-3.37680359677012
1.599965,-3.37597019719862
1.59997,-3.37513703003816
1.599975,-3.37430409524909
1.59998,-3.37347139279181
1.599985,-3.37263892262665
1.59999,-3.37180668471402
1.599995,-3.37097467901419
1.6,-3.37014290548739
