"Freq [GHz]","dB(S(1,1)) []"
1.55,-0.885695994824347
1.550005,-0.885535590730316
1.55001,-0.885375229331197
1.550015,-0.885214910612762
1.55002,-0.885054634560824
1.550025,-0.884894401161176
1.55003,-0.884734210399619
1.550035,-0.884574062261981
1.55004,-0.884413956734062
1.550045,-0.884253893801704
1.55005,-0.884093873450724
1.550055,-0.883933895666953
1.55006,-0.883773960436244
1.550065,-0.883614067744434
1.55007,-0.88345421757737
1.550075,-0.883294409920922
1.55008,-0.883134644760934
1.550085,-0.882974922083289
1.55009,-0.882815241873852
1.550095,-0.882655604118497
1.5501,-0.88249600880312
1.550105,-0.882336455913595
1.55011,-0.882176945435831
1.550115,-0.88201747735572
1.55012,-0.881858051659167
1.550125,-0.881698668332088
1.55013,-0.881539327360395
1.550135,-0.881380028730009
1.55014,-0.881220772426862
1.550145,-0.881061558436875
1.55015,-0.880902386746003
1.550155,-0.880743257340182
1.55016,-0.880584170205353
1.550165,-0.880425125327483
1.55017,-0.880266122692524
1.550175,-0.880107162286445
1.55018,-0.879948244095218
1.550185,-0.879789368104805
1.55019,-0.879630534301209
1.550195,-0.879471742670408
1.5502,-0.879312993198385
1.550205,-0.879154285871149
1.55021,-0.878995620674695
1.550215,-0.878836997595044
1.55022,-0.878678416618201
1.550225,-0.878519877730179
1.55023,-0.878361380917016
1.550235,-0.878202926164732
1.55024,-0.878044513459374
1.550245,-0.877886142786971
1.55025,-0.877727814133572
1.550255,-0.877569527485234
1.55026,-0.87741128282801
1.550265,-0.87725308014796
1.55027,-0.877094919431159
1.550275,-0.876936800663672
1.55028,-0.876778723831587
1.550285,-0.876620688920981
1.55029,-0.87646269591794
1.550295,-0.87630474480857
1.5503,-0.876146835578958
1.550305,-0.875988968215225
1.55031,-0.875831142703468
1.550315,-0.87567335902981
1.55032,-0.875515617180373
1.550325,-0.875357917141279
1.55033,-0.87520025889866
1.550335,-0.875042642438662
1.55034,-0.874885067747415
1.550345,-0.874727534811081
1.55035,-0.874570043615808
1.550355,-0.874412594147749
1.55036,-0.874255186393078
1.550365,-0.874097820337957
1.55037,-0.873940495968568
1.550375,-0.873783213271088
1.55038,-0.873625972231698
1.550385,-0.873468772836596
1.55039,-0.873311615071978
1.550395,-0.873154498924036
1.5504,-0.87299742437899
1.550405,-0.872840391423041
1.55041,-0.87268340004242
1.550415,-0.87252645022334
1.55042,-0.872369541952026
1.550425,-0.872212675214722
1.55043,-0.872055849997656
1.550435,-0.871899066287083
1.55044,-0.87174232406925
1.550445,-0.871585623330401
1.55045,-0.871428964056809
1.550455,-0.871272346234738
1.55046,-0.871115769850446
1.550465,-0.870959234890225
1.55047,-0.870802741340345
1.550475,-0.870646289187099
1.55048,-0.870489878416782
1.550485,-0.870333509015677
1.55049,-0.870177180970098
1.550495,-0.870020894266348
1.5505,-0.869864648890747
1.550505,-0.86970844482961
1.55051,-0.869552282069251
1.550515,-0.869396160596013
1.55052,-0.869240080396223
1.550525,-0.869084041456216
1.55053,-0.868928043762345
1.550535,-0.868772087300952
1.55054,-0.868616172058404
1.550545,-0.868460298021051
1.55055,-0.868304465175256
1.550555,-0.868148673507402
1.55056,-0.867992923003855
1.550565,-0.867837213651
1.55057,-0.867681545435228
1.550575,-0.86752591834292
1.55058,-0.867370332360486
1.550585,-0.86721478747432
1.55059,-0.867059283670827
1.550595,-0.866903820936428
1.5506,-0.866748399257534
1.550605,-0.866593018620576
1.55061,-0.86643767901198
1.550615,-0.866282380418169
1.55062,-0.8661271228256
1.550625,-0.865971906220704
1.55063,-0.865816730589939
1.550635,-0.865661595919753
1.55064,-0.865506502196605
1.550645,-0.865351449406968
1.55065,-0.865196437537309
1.550655,-0.865041466574096
1.55066,-0.864886536503823
1.550665,-0.86473164731296
1.55067,-0.864576798988018
1.550675,-0.864421991515476
1.55068,-0.86426722488184
1.550685,-0.864112499073626
1.55069,-0.863957814077334
1.550695,-0.863803169879485
1.5507,-0.863648566466607
1.550705,-0.863494003825215
1.55071,-0.863339481941857
1.550715,-0.863185000803062
1.55072,-0.863030560395368
1.550725,-0.862876160705337
1.55073,-0.862721801719511
1.550735,-0.862567483424455
1.55074,-0.862413205806731
1.550745,-0.862258968852905
1.55075,-0.862104772549555
1.550755,-0.861950616883261
1.55076,-0.861796501840598
1.550765,-0.861642427408172
1.55077,-0.861488393572562
1.550775,-0.861334400320376
1.55078,-0.861180447638226
1.550785,-0.861026535512705
1.55079,-0.860872663930441
1.550795,-0.860718832878047
1.5508,-0.860565042342155
1.550805,-0.860411292309399
1.55081,-0.860257582766401
1.550815,-0.860103913699818
1.55082,-0.859950285096286
1.550825,-0.859796696942459
1.55083,-0.859643149224996
1.550835,-0.859489641930552
1.55084,-0.859336175045805
1.550845,-0.859182748557419
1.55085,-0.859029362452069
1.550855,-0.858876016716446
1.55086,-0.858722711337226
1.550865,-0.858569446301114
1.55087,-0.858416221594802
1.550875,-0.858263037204982
1.55088,-0.858109893118381
1.550885,-0.8579567893217
1.55089,-0.857803725801659
1.550895,-0.857650702544983
1.5509,-0.857497719538395
1.550905,-0.857344776768637
1.55091,-0.857191874222441
1.550915,-0.857039011886552
1.55092,-0.85688618974772
1.550925,-0.856733407792697
1.55093,-0.856580666008242
1.550935,-0.856427964381124
1.55094,-0.856275302898098
1.550945,-0.856122681545958
1.55095,-0.855970100311471
1.550955,-0.855817559181416
1.55096,-0.855665058142597
1.550965,-0.855512597181792
1.55097,-0.855360176285819
1.550975,-0.855207795441468
1.55098,-0.855055454635549
1.550985,-0.854903153854891
1.55099,-0.854750893086297
1.550995,-0.854598672316601
1.551,-0.854446491532634
1.551005,-0.85429435072122
1.55101,-0.854142249869214
1.551015,-0.853990188963454
1.55102,-0.853838167990783
1.551025,-0.853686186938068
1.55103,-0.853534245792164
1.551035,-0.853382344539937
1.55104,-0.853230483168258
1.551045,-0.853078661663999
1.55105,-0.852926880014045
1.551055,-0.852775138205274
1.55106,-0.85262343622459
1.551065,-0.852471774058878
1.55107,-0.852320151695035
1.551075,-0.852168569119979
1.55108,-0.852017026320616
1.551085,-0.851865523283852
1.55109,-0.851714059996623
1.551095,-0.851562636445841
1.5511,-0.85141125261845
1.551105,-0.851259908501377
1.55111,-0.851108604081557
1.551115,-0.850957339345953
1.55112,-0.850806114281499
1.551125,-0.850654928875162
1.55113,-0.850503783113901
1.551135,-0.850352676984673
1.55114,-0.850201610474464
1.551145,-0.850050583570237
1.55115,-0.849899596258974
1.551155,-0.849748648527668
1.55116,-0.849597740363302
1.551165,-0.849446871752883
1.55117,-0.849296042683399
1.551175,-0.849145253141861
1.55118,-0.848994503115282
1.551185,-0.848843792590671
1.55119,-0.848693121555061
1.551195,-0.84854248999547
1.5512,-0.848391897898924
1.551205,-0.848241345252467
1.55121,-0.848090832043136
1.551215,-0.847940358257975
1.55122,-0.84778992388404
1.551225,-0.847639528908378
1.55123,-0.847489173318061
1.551235,-0.847338857100151
1.55124,-0.847188580241708
1.551245,-0.847038342729819
1.55125,-0.846888144551559
1.551255,-0.84673798569402
1.55126,-0.846587866144286
1.551265,-0.846437785889449
1.55127,-0.846287744916619
1.551275,-0.846137743212895
1.55128,-0.845987780765385
1.551285,-0.845837857561213
1.55129,-0.845687973587488
1.551295,-0.845538128831344
1.5513,-0.845388323279909
1.551305,-0.845238556920308
1.55131,-0.845088829739698
1.551315,-0.844939141725207
1.55132,-0.844789492863998
1.551325,-0.844639883143219
1.55133,-0.844490312550031
1.551335,-0.844340781071593
1.55134,-0.844191288695085
1.551345,-0.844041835407669
1.55135,-0.843892421196533
1.551355,-0.843743046048857
1.55136,-0.843593709951834
1.551365,-0.843444412892655
1.55137,-0.843295154858515
1.551375,-0.843145935836627
1.55138,-0.84299675581419
1.551385,-0.842847614778426
1.55139,-0.842698512716552
1.551395,-0.84254944961578
1.5514,-0.842400425463353
1.551405,-0.842251440246499
1.55141,-0.84210249395245
1.551415,-0.841953586568457
1.55142,-0.84180471808176
1.551425,-0.841655888479625
1.55143,-0.841507097749295
1.551435,-0.841358345878039
1.55144,-0.841209632853126
1.551445,-0.841060958661827
1.55145,-0.840912323291415
1.551455,-0.840763726729176
1.55146,-0.840615168962395
1.551465,-0.840466649978368
1.55147,-0.840318169764385
1.551475,-0.840169728307748
1.55148,-0.840021325595771
1.551485,-0.839872961615758
1.55149,-0.839724636355031
1.551495,-0.839576349800904
1.5515,-0.839428101940698
1.551505,-0.839279892761761
1.55151,-0.839131722251421
1.551515,-0.838983590397009
1.55152,-0.838835497185882
1.551525,-0.838687442605377
1.55153,-0.838539426642865
1.551535,-0.838391449285699
1.55154,-0.838243510521238
1.551545,-0.83809561033686
1.55155,-0.837947748719926
1.551555,-0.837799925657832
1.55156,-0.837652141137953
1.551565,-0.837504395147676
1.55157,-0.837356687674397
1.551575,-0.837209018705518
1.55158,-0.837061388228433
1.551585,-0.83691379623056
1.55159,-0.836766242699303
1.551595,-0.83661872762209
1.5516,-0.836471250986335
1.551605,-0.836323812779464
1.55161,-0.836176412988917
1.551615,-0.836029051602123
1.55162,-0.83588172860653
1.551625,-0.835734443989585
1.55163,-0.835587197738731
1.551635,-0.835439989841433
1.55164,-0.835292820285148
1.551645,-0.835145689057336
1.55165,-0.834998596145479
1.551655,-0.834851541537046
1.55166,-0.834704525219519
1.551665,-0.83455754718038
1.55167,-0.834410607407118
1.551675,-0.834263705887235
1.55168,-0.834116842608218
1.551685,-0.833970017557586
1.55169,-0.83382323072284
1.551695,-0.833676482091485
1.5517,-0.833529771651055
1.551705,-0.833383099389064
1.55171,-0.83323646529304
1.551715,-0.833089869350523
1.55172,-0.832943311549036
1.551725,-0.832796791876141
1.55173,-0.83265031031937
1.551735,-0.832503866866273
1.55174,-0.832357461504418
1.551745,-0.832211094221361
1.55175,-0.832064765004666
1.551755,-0.83191847384191
1.55176,-0.831772220720657
1.551765,-0.8316260056285
1.55177,-0.83147982855302
1.551775,-0.831333689481796
1.55178,-0.831187588402439
1.551785,-0.831041525302536
1.55179,-0.830895500169701
1.551795,-0.830749512991536
1.5518,-0.830603563755653
1.551805,-0.830457652449679
1.55181,-0.830311779061225
1.551815,-0.830165943577928
1.55182,-0.83002014598742
1.551825,-0.829874386277326
1.55183,-0.829728664435308
1.551835,-0.829582980448997
1.55184,-0.829437334306046
1.551845,-0.82929172599412
1.55185,-0.829146155500868
1.551855,-0.829000622813968
1.55186,-0.828855127921082
1.551865,-0.828709670809882
1.55187,-0.828564251468057
1.551875,-0.82841886988328
1.55188,-0.828273526043252
1.551885,-0.828128219935659
1.55189,-0.8279829515482
1.551895,-0.827837720868583
1.5519,-0.827692527884507
1.551905,-0.827547372583691
1.55191,-0.827402254953853
1.551915,-0.827257174982711
1.55192,-0.827112132657994
1.551925,-0.826967127967432
1.55193,-0.826822160898761
1.551935,-0.826677231439722
1.55194,-0.826532339578058
1.551945,-0.826387485301529
1.55195,-0.826242668597878
1.551955,-0.826097889454864
1.55196,-0.825953147860262
1.551965,-0.825808443801831
1.55197,-0.825663777267345
1.551975,-0.82551914824459
1.55198,-0.825374556721335
1.551985,-0.82523000268538
1.55199,-0.825085486124517
1.551995,-0.824941007026527
1.552,-0.824796565379231
1.552005,-0.82465216117042
1.55201,-0.824507794387919
1.552015,-0.824363465019534
1.55202,-0.824219173053078
1.552025,-0.82407491847639
1.55203,-0.823930701277297
1.552035,-0.82378652144362
1.55204,-0.823642378963212
1.552045,-0.823498273823905
1.55205,-0.82335420601356
1.552055,-0.823210175520022
1.55206,-0.82306618233114
1.552065,-0.822922226434789
1.55207,-0.822778307818828
1.552075,-0.822634426471134
1.55208,-0.822490582379577
1.552085,-0.822346775532033
1.55209,-0.822203005916399
1.552095,-0.822059273520556
1.5521,-0.821915578332401
1.552105,-0.821771920339833
1.55211,-0.821628299530746
1.552115,-0.821484715893066
1.55212,-0.821341169414693
1.552125,-0.821197660083542
1.55213,-0.821054187887548
1.552135,-0.82091075281462
1.55214,-0.820767354852703
1.552145,-0.82062399398973
1.55215,-0.820480670213633
1.552155,-0.820337383512366
1.55216,-0.820194133873875
1.552165,-0.820050921286108
1.55217,-0.819907745737036
1.552175,-0.819764607214614
1.55218,-0.819621505706812
1.552185,-0.819478441201602
1.55219,-0.819335413686954
1.552195,-0.819192423150864
1.5522,-0.819049469581307
1.552205,-0.818906552966274
1.55221,-0.818763673293765
1.552215,-0.818620830551777
1.55222,-0.818478024728318
1.552225,-0.818335255811396
1.55223,-0.818192523789013
1.552235,-0.818049828649206
1.55224,-0.817907170379981
1.552245,-0.817764548969378
1.55225,-0.817621964405425
1.552255,-0.817479416676151
1.55226,-0.817336905769607
1.552265,-0.817194431673834
1.55227,-0.817051994376877
1.552275,-0.816909593866801
1.55228,-0.816767230131655
1.552285,-0.816624903159512
1.55229,-0.816482612938433
1.552295,-0.816340359456492
1.5523,-0.816198142701772
1.552305,-0.816055962662347
1.55231,-0.81591381932631
1.552315,-0.815771712681749
1.55232,-0.815629642716755
1.552325,-0.815487609419435
1.55233,-0.815345612777894
1.552335,-0.815203652780231
1.55234,-0.815061729414573
1.552345,-0.814919842669025
1.55235,-0.814777992531719
1.552355,-0.814636178990782
1.55236,-0.814494402034338
1.552365,-0.814352661650534
1.55237,-0.814210957827497
1.552375,-0.814069290553389
1.55238,-0.81392765981635
1.552385,-0.813786065604528
1.55239,-0.813644507906093
1.552395,-0.813502986709205
1.5524,-0.813361502002029
1.552405,-0.813220053772742
1.55241,-0.813078642009513
1.552415,-0.812937266700532
1.55242,-0.812795927833982
1.552425,-0.812654625398048
1.55243,-0.812513359380931
1.552435,-0.812372129770829
1.55244,-0.812230936555948
1.552445,-0.812089779724491
1.55245,-0.811948659264665
1.552455,-0.811807575164705
1.55246,-0.811666527412823
1.552465,-0.811525515997241
1.55247,-0.811384540906195
1.552475,-0.811243602127914
1.55248,-0.811102699650651
1.552485,-0.810961833462639
1.55249,-0.810821003552125
1.552495,-0.81068020990737
1.5525,-0.810539452516623
1.552505,-0.810398731368157
1.55251,-0.81025804645023
1.552515,-0.810117397751108
1.55252,-0.809976785259083
1.552525,-0.809836208962422
1.55253,-0.809695668849406
1.552535,-0.809555164908339
1.55254,-0.809414697127495
1.552545,-0.80927426549519
1.55255,-0.809133869999717
1.552555,-0.80899351062938
1.55256,-0.808853187372498
1.552565,-0.808712900217372
1.55257,-0.808572649152341
1.552575,-0.80843243416572
1.55258,-0.80829225524583
1.552585,-0.808152112381017
1.55259,-0.808012005559613
1.552595,-0.807871934769957
1.5526,-0.807731900000403
1.552605,-0.807591901239291
1.55261,-0.807451938474992
1.552615,-0.807312011695854
1.55262,-0.807172120890237
1.552625,-0.807032266046526
1.55263,-0.806892447153074
1.552635,-0.806752664198276
1.55264,-0.80661291717051
1.552645,-0.80647320605815
1.55265,-0.806333530849602
1.552655,-0.806193891533255
1.55266,-0.806054288097503
1.552665,-0.805914720530759
1.55267,-0.805775188821424
1.552675,-0.805635692957918
1.55268,-0.805496232928655
1.552685,-0.80535680872205
1.55269,-0.805217420326542
1.552695,-0.805078067730546
1.5527,-0.804938750922508
1.552705,-0.80479946989087
1.55271,-0.804660224624058
1.552715,-0.804521015110542
1.55272,-0.804381841338755
1.552725,-0.804242703297166
1.55273,-0.804103600974227
1.552735,-0.803964534358413
1.55274,-0.803825503438188
1.552745,-0.803686508202032
1.55275,-0.803547548638409
1.552755,-0.803408624735823
1.55276,-0.803269736482737
1.552765,-0.803130883867668
1.55277,-0.802992066879095
1.552775,-0.802853285505519
1.55278,-0.802714539735455
1.552785,-0.802575829557404
1.55279,-0.802437154959878
1.552795,-0.802298515931401
1.5528,-0.802159912460491
1.552805,-0.802021344535682
1.55281,-0.801882812145496
1.552815,-0.801744315278463
1.55282,-0.801605853923139
1.552825,-0.801467428068057
1.55283,-0.801329037701768
1.552835,-0.801190682812827
1.55284,-0.801052363389788
1.552845,-0.800914079421214
1.55285,-0.800775830895673
1.552855,-0.800637617801721
1.55286,-0.800499440127952
1.552865,-0.80036129786293
1.55287,-0.800223190995248
1.552875,-0.80008511951349
1.55288,-0.799947083406243
1.552885,-0.799809082662109
1.55289,-0.799671117269681
1.552895,-0.799533187217575
1.5529,-0.799395292494395
1.552905,-0.799257433088747
1.55291,-0.799119608989261
1.552915,-0.798981820184548
1.55292,-0.798844066663239
1.552925,-0.798706348413966
1.55293,-0.798568665425361
1.552935,-0.798431017686063
1.55294,-0.798293405184722
1.552945,-0.798155827909976
1.55295,-0.798018285850483
1.552955,-0.797880778994902
1.55296,-0.797743307331883
1.552965,-0.797605870850103
1.55297,-0.797468469538223
1.552975,-0.797331103384922
1.55298,-0.797193772378876
1.552985,-0.797056476508762
1.55299,-0.796919215763278
1.552995,-0.796781990131101
1.553,-0.796644799600937
1.553005,-0.796507644161483
1.55301,-0.796370523801435
1.553015,-0.796233438509514
1.55302,-0.796096388274421
1.553025,-0.795959373084875
1.55303,-0.795822392929599
1.553035,-0.795685447797315
1.55304,-0.795548537676758
1.553045,-0.79541166255666
1.55305,-0.795274822425752
1.553055,-0.795138017272782
1.55306,-0.795001247086492
1.553065,-0.794864511855641
1.55307,-0.794727811568977
1.553075,-0.794591146215257
1.55308,-0.794454515783251
1.553085,-0.794317920261726
1.55309,-0.794181359639444
1.553095,-0.794044833905192
1.5531,-0.793908343047745
1.553105,-0.793771887055895
1.55311,-0.793635465918423
1.553115,-0.793499079624118
1.55312,-0.793362728161791
1.553125,-0.793226411520232
1.55313,-0.793090129688256
1.553135,-0.792953882654668
1.55314,-0.792817670408281
1.553145,-0.792681492937916
1.55315,-0.792545350232394
1.553155,-0.792409242280537
1.55316,-0.792273169071192
1.553165,-0.792137130593179
1.55317,-0.792001126835345
1.553175,-0.791865157786534
1.55318,-0.791729223435588
1.553185,-0.791593323771367
1.55319,-0.79145745878272
1.553195,-0.791321628458518
1.5532,-0.79118583278762
1.553205,-0.791050071758888
1.55321,-0.79091434536121
1.553215,-0.790778653583455
1.55322,-0.790642996414503
1.553225,-0.790507373843247
1.55323,-0.790371785858569
1.553235,-0.790236232449373
1.55324,-0.790100713604551
1.553245,-0.789965229313003
1.55325,-0.789829779563649
1.553255,-0.789694364345383
1.55326,-0.789558983647136
1.553265,-0.78942363745782
1.55327,-0.78928832576636
1.553275,-0.789153048561683
1.55328,-0.789017805832724
1.553285,-0.788882597568413
1.55329,-0.7887474237577
1.553295,-0.788612284389516
1.5533,-0.788477179452825
1.553305,-0.788342108936574
1.55331,-0.788207072829717
1.553315,-0.788072071121225
1.55332,-0.78793710380005
1.553325,-0.787802170855174
1.55333,-0.787667272275566
1.553335,-0.787532408050198
1.55334,-0.787397578168065
1.553345,-0.787262782618146
1.55335,-0.787128021389429
1.553355,-0.786993294470917
1.55336,-0.7868586018516
1.553365,-0.786723943520488
1.55337,-0.786589319466588
1.553375,-0.786454729678907
1.55338,-0.786320174146462
1.553385,-0.786185652858274
1.55339,-0.786051165803367
1.553395,-0.785916712970771
1.5534,-0.785782294349507
1.553405,-0.785647909928629
1.55341,-0.785513559697165
1.553415,-0.785379243644161
1.55342,-0.785244961758673
1.553425,-0.785110714029744
1.55343,-0.784976500446439
1.553435,-0.784842320997816
1.55344,-0.784708175672934
1.553445,-0.784574064460877
1.55345,-0.784439987350701
1.553455,-0.7843059443315
1.55346,-0.784171935392349
1.553465,-0.784037960522324
1.55347,-0.783904019710536
1.553475,-0.783770112946065
1.55348,-0.783636240218009
1.553485,-0.783502401515474
1.55349,-0.783368596827564
1.553495,-0.783234826143395
1.5535,-0.783101089452076
1.553505,-0.782967386742727
1.55351,-0.782833718004474
1.553515,-0.782700083226438
1.55352,-0.782566482397759
1.553525,-0.782432915507567
1.55353,-0.782299382544998
1.553535,-0.782165883499202
1.55354,-0.782032418359325
1.553545,-0.781898987114513
1.55355,-0.781765589753931
1.553555,-0.781632226266727
1.55356,-0.781498896642079
1.553565,-0.781365600869148
1.55357,-0.781232338937102
1.553575,-0.781099110835124
1.55358,-0.780965916552385
1.553585,-0.780832756078084
1.55359,-0.7806996294014
1.553595,-0.780566536511523
1.5536,-0.780433477397658
1.553605,-0.780300452049001
1.55361,-0.780167460454749
1.553615,-0.780034502604126
1.55362,-0.779901578486334
1.553625,-0.779768688090596
1.55363,-0.779635831406133
1.553635,-0.779503008422157
1.55364,-0.779370219127919
1.553645,-0.779237463512633
1.55365,-0.779104741565549
1.553655,-0.778972053275904
1.55366,-0.778839398632939
1.553665,-0.77870677762591
1.55367,-0.77857419024407
1.553675,-0.778441636476666
1.55368,-0.778309116312978
1.553685,-0.778176629742253
1.55369,-0.778044176753772
1.553695,-0.77791175733681
1.5537,-0.777779371480634
1.553705,-0.777647019174542
1.55371,-0.777514700407803
1.553715,-0.777382415169717
1.55372,-0.777250163449575
1.553725,-0.777117945236671
1.55373,-0.776985760520317
1.553735,-0.776853609289813
1.55374,-0.776721491534464
1.553745,-0.776589407243597
1.55375,-0.776457356406517
1.553755,-0.776325339012552
1.55376,-0.776193355051032
1.553765,-0.77606140451128
1.55377,-0.775929487382634
1.553775,-0.775797603654434
1.55378,-0.775665753316013
1.553785,-0.775533936356731
1.55379,-0.775402152765925
1.553795,-0.775270402532961
1.5538,-0.775138685647191
1.553805,-0.775007002097976
1.55381,-0.774875351874686
1.553815,-0.774743734966687
1.55382,-0.774612151363361
1.553825,-0.77448060105408
1.55383,-0.774349084028222
1.553835,-0.774217600275185
1.55384,-0.774086149784357
1.553845,-0.773954732545119
1.55385,-0.773823348546882
1.553855,-0.773691997779046
1.55386,-0.773560680231022
1.553865,-0.773429395892211
1.55387,-0.773298144752024
1.553875,-0.773166926799894
1.55388,-0.773035742025234
1.553885,-0.772904590417472
1.55389,-0.772773471966039
1.553895,-0.772642386660365
1.5539,-0.772511334489896
1.553905,-0.772380315444066
1.55391,-0.772249329512321
1.553915,-0.772118376684123
1.55392,-0.771987456948908
1.553925,-0.77185657029615
1.55393,-0.771725716715304
1.553935,-0.771594896195832
1.55394,-0.771464108727215
1.553945,-0.771333354298915
1.55395,-0.771202632900416
1.553955,-0.771071944521201
1.55396,-0.770941289150747
1.553965,-0.770810666778555
1.55397,-0.77068007739412
1.553975,-0.770549520986925
1.55398,-0.770418997546482
1.553985,-0.770288507062293
1.55399,-0.770158049523871
1.553995,-0.77002762492073
1.554,-0.769897233242376
1.554005,-0.76976687447835
1.55401,-0.769636548618156
1.554015,-0.769506255651338
1.55402,-0.769375995567427
1.554025,-0.769245768355948
1.55403,-0.769115574006463
1.554035,-0.768985412508498
1.55404,-0.768855283851609
1.554045,-0.76872518802535
1.55405,-0.768595125019274
1.554055,-0.768465094822954
1.55406,-0.768335097425936
1.554065,-0.768205132817797
1.55407,-0.768075200988112
1.554075,-0.767945301926449
1.55408,-0.767815435622399
1.554085,-0.767685602065543
1.55409,-0.767555801245462
1.554095,-0.767426033151758
1.5541,-0.767296297774018
1.554105,-0.767166595101844
1.55411,-0.767036925124847
1.554115,-0.766907287832623
1.55412,-0.766777683214793
1.554125,-0.76664811126097
1.55413,-0.766518571960766
1.554135,-0.766389065303816
1.55414,-0.766259591279738
1.554145,-0.766130149878165
1.55415,-0.766000741088739
1.554155,-0.765871364901088
1.55416,-0.765742021304862
1.554165,-0.765612710289706
1.55417,-0.765483431845268
1.554175,-0.765354185961204
1.55418,-0.765224972627169
1.554185,-0.765095791832832
1.55419,-0.764966643567857
1.554195,-0.764837527821909
1.5542,-0.764708444584666
1.554205,-0.764579393845801
1.55421,-0.764450375595006
1.554215,-0.764321389821958
1.55422,-0.764192436516339
1.554225,-0.76406351566786
1.55423,-0.763934627266207
1.554235,-0.763805771301078
1.55424,-0.763676947762187
1.554245,-0.763548156639235
1.55425,-0.76341939792194
1.554255,-0.763290671600017
1.55426,-0.763161977663178
1.554265,-0.763033316101156
1.55427,-0.762904686903677
1.554275,-0.762776090060476
1.55428,-0.762647525561285
1.554285,-0.762518993395839
1.55429,-0.76239049355389
1.554295,-0.762262026025179
1.5543,-0.762133590799454
1.554305,-0.762005187866482
1.55431,-0.761876817216008
1.554315,-0.761748478837806
1.55432,-0.761620172721635
1.554325,-0.761491898857267
1.55433,-0.76136365723448
1.554335,-0.76123544784304
1.55434,-0.761107270672744
1.554345,-0.760979125713372
1.55435,-0.760851012954705
1.554355,-0.760722932386549
1.55436,-0.760594883998693
1.554365,-0.760466867780938
1.55437,-0.760338883723095
1.554375,-0.76021093181496
1.55438,-0.76008301204636
1.554385,-0.759955124407105
1.55439,-0.759827268887011
1.554395,-0.759699445475906
1.5544,-0.759571654163617
1.554405,-0.759443894939977
1.55441,-0.759316167794821
1.554415,-0.759188472717978
1.55442,-0.759060809699308
1.554425,-0.758933178728647
1.55443,-0.758805579795842
1.554435,-0.758678012890759
1.55444,-0.758550478003243
1.554445,-0.758422975123168
1.55445,-0.758295504240395
1.554455,-0.758168065344788
1.55446,-0.758040658426228
1.554465,-0.757913283474589
1.55447,-0.75778594047975
1.554475,-0.757658629431599
1.55448,-0.757531350320021
1.554485,-0.75740410313491
1.55449,-0.757276887866165
1.554495,-0.757149704503675
1.5545,-0.757022553037358
1.554505,-0.756895433457111
1.55451,-0.756768345752849
1.554515,-0.756641289914493
1.55452,-0.756514265931944
1.554525,-0.756387273795142
1.55453,-0.756260313494009
1.554535,-0.756133385018469
1.55454,-0.75600648835846
1.554545,-0.755879623503919
1.55455,-0.755752790444787
1.554555,-0.755625989171014
1.55456,-0.75549921967254
1.554565,-0.755372481939323
1.55457,-0.755245775961316
1.554575,-0.755119101728484
1.55458,-0.754992459230789
1.554585,-0.754865848458194
1.55459,-0.75473926940068
1.554595,-0.754612722048213
1.5546,-0.754486206390773
1.554605,-0.754359722418349
1.55461,-0.754233270120917
1.554615,-0.754106849488482
1.55462,-0.753980460511025
1.554625,-0.753854103178548
1.55463,-0.753727777481052
1.554635,-0.753601483408541
1.55464,-0.753475220951031
1.554645,-0.753348990098529
1.55465,-0.753222790841043
1.554655,-0.753096623168605
1.55466,-0.752970487071241
1.554665,-0.752844382538964
1.55467,-0.752718309561821
1.554675,-0.75259226812983
1.55468,-0.752466258233049
1.554685,-0.75234027986151
1.55469,-0.752214333005255
1.554695,-0.752088417654344
1.5547,-0.751962533798819
1.554705,-0.751836681428751
1.55471,-0.751710860534195
1.554715,-0.751585071105208
1.55472,-0.751459313131871
1.554725,-0.751333586604251
1.55473,-0.751207891512418
1.554735,-0.75108222784646
1.55474,-0.750956595596457
1.554745,-0.750830994752497
1.55475,-0.750705425304671
1.554755,-0.750579887243068
1.55476,-0.750454380557796
1.554765,-0.750328905238945
1.55477,-0.750203461276635
1.554775,-0.750078048660966
1.55478,-0.749952667382044
1.554785,-0.749827317430007
1.55479,-0.749701998794954
1.554795,-0.749576711467016
1.5548,-0.749451455436324
1.554805,-0.749326230693006
1.55481,-0.749201037227201
1.554815,-0.749075875029046
1.55482,-0.748950744088679
1.554825,-0.748825644396252
1.55483,-0.748700575941909
1.554835,-0.748575538715814
1.55484,-0.748450532708113
1.554845,-0.748325557908971
1.55485,-0.748200614308555
1.554855,-0.748075701897032
1.55486,-0.747950820664564
1.554865,-0.747825970601346
1.55487,-0.747701151697537
1.554875,-0.747576363943339
1.55488,-0.747451607328925
1.554885,-0.747326881844486
1.55489,-0.747202187480223
1.554895,-0.747077524226327
1.5549,-0.746952892073003
1.554905,-0.746828291010459
1.55491,-0.746703721028891
1.554915,-0.746579182118526
1.55492,-0.746454674269571
1.554925,-0.746330197472244
1.55493,-0.746205751716777
1.554935,-0.746081336993387
1.55494,-0.745956953292315
1.554945,-0.745832600603787
1.55495,-0.745708278918038
1.554955,-0.74558398822532
1.55496,-0.745459728515865
1.554965,-0.745335499779935
1.55497,-0.745211302007779
1.554975,-0.745087135189643
1.55498,-0.744962999315797
1.554985,-0.744838894376503
1.55499,-0.744714820362021
1.554995,-0.744590777262627
1.555,-0.744466765068595
1.555005,-0.744342783770202
1.55501,-0.744218833357731
1.555015,-0.744094913821462
1.55502,-0.743971025151686
1.555025,-0.743847167338698
1.55503,-0.743723340372794
1.555035,-0.743599544244269
1.55504,-0.743475778943427
1.555045,-0.743352044460577
1.55505,-0.743228340786032
1.555055,-0.743104667910097
1.55506,-0.742981025823097
1.555065,-0.742857414515347
1.55507,-0.742733833977181
1.555075,-0.742610284198923
1.55508,-0.742486765170896
1.555085,-0.742363276883451
1.55509,-0.742239819326914
1.555095,-0.742116392491638
1.5551,-0.741992996367963
1.555105,-0.74186963094624
1.55511,-0.741746296216827
1.555115,-0.741622992170076
1.55512,-0.741499718796347
1.555125,-0.741376476086009
1.55513,-0.741253264029423
1.555135,-0.741130082616971
1.55514,-0.741006931839022
1.555145,-0.740883811685949
1.55515,-0.740760722148143
1.555155,-0.740637663215986
1.55516,-0.740514634879873
1.555165,-0.740391637130191
1.55517,-0.740268669957336
1.555175,-0.740145733351712
1.55518,-0.740022827303722
1.555185,-0.739899951803771
1.55519,-0.739777106842271
1.555195,-0.739654292409632
1.5552,-0.739531508496286
1.555205,-0.739408755092641
1.55521,-0.739286032189125
1.555215,-0.739163339776173
1.55522,-0.739040677844212
1.555225,-0.738918046383675
1.55523,-0.73879544538501
1.555235,-0.738672874838651
1.55524,-0.73855033473505
1.555245,-0.738427825064657
1.55525,-0.738305345817923
1.555255,-0.738182896985308
1.55526,-0.738060478557269
1.555265,-0.737938090524274
1.55527,-0.737815732876794
1.555275,-0.737693405605291
1.55528,-0.737571108700249
1.555285,-0.73744884215214
1.55529,-0.737326605951448
1.555295,-0.737204400088661
1.5553,-0.737082224554267
1.555305,-0.736960079338758
1.55531,-0.736837964432631
1.555315,-0.736715879826382
1.55532,-0.736593825510522
1.555325,-0.736471801475548
1.55533,-0.736349807711979
1.555335,-0.736227844210328
1.55534,-0.736105910961105
1.555345,-0.735984007954842
1.55535,-0.735862135182055
1.555355,-0.735740292633271
1.55536,-0.73561848029903
1.555365,-0.735496698169858
1.55537,-0.735374946236301
1.555375,-0.735253224488899
1.55538,-0.735131532918189
1.555385,-0.735009871514736
1.55539,-0.734888240269075
1.555395,-0.734766639171781
1.5554,-0.7346450682134
1.555405,-0.734523527384497
1.55541,-0.734402016675645
1.555415,-0.734280536077412
1.55542,-0.734159085580361
1.555425,-0.734037665175084
1.55543,-0.733916274852152
1.555435,-0.733794914602153
1.55544,-0.733673584415681
1.555445,-0.733552284283313
1.55545,-0.733431014195658
1.555455,-0.7333097741433
1.55546,-0.733188564116857
1.555465,-0.733067384106923
1.55547,-0.732946234104103
1.555475,-0.732825114099023
1.55548,-0.732704024082291
1.555485,-0.732582964044518
1.55549,-0.732461933976343
1.555495,-0.732340933868379
1.5555,-0.732219963711263
1.555505,-0.732099023495629
1.55551,-0.731978113212101
1.555515,-0.731857232851337
1.55552,-0.731736382403966
1.555525,-0.731615561860646
1.55553,-0.731494771212021
1.555535,-0.731374010448743
1.55554,-0.731253279561475
1.555545,-0.731132578540878
1.55555,-0.731011907377603
1.555555,-0.730891266062339
1.55556,-0.730770654585742
1.555565,-0.730650072938495
1.55557,-0.730529521111273
1.555575,-0.730408999094751
1.55558,-0.730288506879627
1.555585,-0.73016804445658
1.55559,-0.730047611816308
1.555595,-0.729927208949502
1.5556,-0.729806835846861
1.555605,-0.729686492499097
1.55561,-0.729566178896903
1.555615,-0.729445895030986
1.55562,-0.729325640892076
1.555625,-0.729205416470874
1.55563,-0.72908522175811
1.555635,-0.7289650567445
1.55564,-0.728844921420767
1.555645,-0.728724815777655
1.55565,-0.728604739805878
1.555655,-0.728484693496194
1.55566,-0.728364676839333
1.555665,-0.728244689826031
1.55567,-0.728124732447049
1.555675,-0.728004804693133
1.55568,-0.72788490655503
1.555685,-0.727765038023506
1.55569,-0.727645199089317
1.555695,-0.727525389743232
1.5557,-0.727405609976014
1.555705,-0.727285859778435
1.55571,-0.727166139141275
1.555715,-0.727046448055302
1.55572,-0.726926786511309
1.555725,-0.726807154500076
1.55573,-0.726687552012383
1.555735,-0.726567979039035
1.55574,-0.726448435570819
1.555745,-0.726328921598534
1.55575,-0.726209437112986
1.555755,-0.726089982104974
1.55576,-0.725970556565314
1.555765,-0.725851160484817
1.55577,-0.725731793854293
1.555775,-0.725612456664564
1.55578,-0.72549314890645
1.555785,-0.725373870570787
1.55579,-0.725254621648394
1.555795,-0.725135402130102
1.5558,-0.725016212006753
1.555805,-0.724897051269186
1.55581,-0.72477791990824
1.555815,-0.724658817914766
1.55582,-0.724539745279607
1.555825,-0.724420701993623
1.55583,-0.724301688047668
1.555835,-0.724182703432596
1.55584,-0.724063748139279
1.555845,-0.723944822158574
1.55585,-0.723825925481364
1.555855,-0.723707058098512
1.55586,-0.723588220000895
1.555865,-0.723469411179396
1.55587,-0.723350631624899
1.555875,-0.723231881328286
1.55588,-0.723113160280452
1.555885,-0.722994468472287
1.55589,-0.722875805894692
1.555895,-0.722757172538567
1.5559,-0.72263856839481
1.555905,-0.722519993454337
1.55591,-0.722401447708045
1.555915,-0.722282931146862
1.55592,-0.722164443761698
1.555925,-0.72204598554347
1.55593,-0.72192755648311
1.555935,-0.721809156571542
1.55594,-0.721690785799691
1.555945,-0.721572444158501
1.55595,-0.721454131638898
1.555955,-0.721335848231835
1.55596,-0.721217593928246
1.555965,-0.721099368719081
1.55597,-0.720981172595293
1.555975,-0.720863005547836
1.55598,-0.720744867567663
1.555985,-0.720626758645737
1.55599,-0.72050867877302
1.555995,-0.720390627940488
1.556,-0.720272606139104
1.556005,-0.720154613359842
1.55601,-0.720036649593684
1.556015,-0.719918714831603
1.55602,-0.719800809064591
1.556025,-0.719682932283633
1.55603,-0.719565084479717
1.556035,-0.719447265643841
1.55604,-0.719329475766999
1.556045,-0.719211714840191
1.55605,-0.719093982854428
1.556055,-0.718976279800707
1.55606,-0.718858605670049
1.556065,-0.718740960453468
1.55607,-0.718623344141968
1.556075,-0.718505756726585
1.55608,-0.718388198198333
1.556085,-0.718270668548244
1.55609,-0.71815316776735
1.556095,-0.718035695846678
1.5561,-0.717918252777272
1.556105,-0.717800838550171
1.55611,-0.717683453156416
1.556115,-0.717566096587061
1.55612,-0.717448768833146
1.556125,-0.717331469885737
1.55613,-0.717214199735883
1.556135,-0.717096958374641
1.55614,-0.716979745793088
1.556145,-0.716862561982278
1.55615,-0.716745406933292
1.556155,-0.716628280637195
1.55616,-0.716511183085067
1.556165,-0.71639411426799
1.55617,-0.716277074177046
1.556175,-0.716160062803318
1.55618,-0.716043080137905
1.556185,-0.715926126171889
1.55619,-0.715809200896382
1.556195,-0.715692304302472
1.5562,-0.715575436381257
1.556205,-0.715458597123864
1.55621,-0.715341786521383
1.556215,-0.715225004564942
1.55622,-0.715108251245645
1.556225,-0.714991526554616
1.55623,-0.714874830482984
1.556235,-0.71475816302187
1.55624,-0.714641524162397
1.556245,-0.714524913895712
1.55625,-0.71440833221294
1.556255,-0.714291779105222
1.55626,-0.71417525456371
1.556265,-0.714058758579538
1.55627,-0.713942291143861
1.556275,-0.713825852247826
1.55628,-0.713709441882602
1.556285,-0.713593060039334
1.55629,-0.713476706709189
1.556295,-0.713360381883332
1.5563,-0.713244085552936
1.556305,-0.713127817709164
1.55631,-0.713011578343202
1.556315,-0.71289536744622
1.55632,-0.712779185009404
1.556325,-0.712663031023944
1.55633,-0.712546905481011
1.556335,-0.712430808371814
1.55634,-0.712314739687538
1.556345,-0.712198699419391
1.55635,-0.712082687558566
1.556355,-0.711966704096266
1.55636,-0.711850749023708
1.556365,-0.711734822332094
1.55637,-0.71161892401264
1.556375,-0.711503054056569
1.55638,-0.711387212455093
1.556385,-0.711271399199444
1.55639,-0.711155614280847
1.556395,-0.71103985769053
1.5564,-0.71092412941973
1.556405,-0.710808429459679
1.55641,-0.710692757801619
1.556415,-0.710577114436803
1.55642,-0.710461499356458
1.556425,-0.710345912551855
1.55643,-0.710230354014233
1.556435,-0.710114823734854
1.55644,-0.709999321704972
1.556445,-0.709883847915854
1.55645,-0.709768402358769
1.556455,-0.709652985024983
1.55646,-0.709537595905764
1.556465,-0.709422234992397
1.55647,-0.709306902276148
1.556475,-0.709191597748314
1.55648,-0.709076321400174
1.556485,-0.708961073223009
1.55649,-0.708845853208121
1.556495,-0.7087306613468
1.5565,-0.708615497630343
1.556505,-0.708500362050054
1.55651,-0.708385254597238
1.556515,-0.708270175263199
1.55652,-0.708155124039257
1.556525,-0.708040100916711
1.55653,-0.70792510588689
1.556535,-0.707810138941111
1.55654,-0.707695200070699
1.556545,-0.70758028926698
1.55655,-0.707465406521282
1.556555,-0.707350551824943
1.55656,-0.707235725169297
1.556565,-0.707120926545678
1.55657,-0.707006155945436
1.556575,-0.706891413359916
1.55658,-0.706776698780467
1.556585,-0.706662012198442
1.55659,-0.706547353605191
1.556595,-0.706432722992081
1.5566,-0.706318120350469
1.556605,-0.706203545671723
1.55661,-0.706088998947208
1.556615,-0.705974480168293
1.55662,-0.705859989326364
1.556625,-0.70574552641279
1.55663,-0.705631091418948
1.556635,-0.705516684336233
1.55664,-0.705402305156024
1.556645,-0.705287953869716
1.55665,-0.705173630468702
1.556655,-0.705059334944379
1.55666,-0.704945067288144
1.556665,-0.704830827491404
1.55667,-0.70471661554556
1.556675,-0.704602431442029
1.55668,-0.704488275172217
1.556685,-0.704374146727546
1.55669,-0.70426004609943
1.556695,-0.704145973279292
1.5567,-0.704031928258562
1.556705,-0.703917911028658
1.55671,-0.703803921581025
1.556715,-0.703689959907088
1.55672,-0.703576025998286
1.556725,-0.703462119846067
1.55673,-0.703348241441867
1.556735,-0.703234390777132
1.55674,-0.703120567843324
1.556745,-0.703006772631886
1.55675,-0.702893005134281
1.556755,-0.702779265341967
1.55676,-0.702665553246401
1.556765,-0.70255186883906
1.55677,-0.702438212111402
1.556775,-0.70232458305491
1.55678,-0.702210981661057
1.556785,-0.702097407921315
1.55679,-0.701983861827174
1.556795,-0.701870343370116
1.5568,-0.701756852541624
1.556805,-0.701643389333198
1.55681,-0.701529953736323
1.556815,-0.701416545742512
1.55682,-0.70130316534325
1.556825,-0.701189812530045
1.55683,-0.701076487294408
1.556835,-0.700963189627839
1.55684,-0.700849919521868
1.556845,-0.700736676967997
1.55685,-0.700623461957747
1.556855,-0.700510274482649
1.55686,-0.700397114534221
1.556865,-0.700283982103992
1.55687,-0.700170877183497
1.556875,-0.700057799764268
1.55688,-0.699944749837843
1.556885,-0.699831727395771
1.55689,-0.699718732429583
1.556895,-0.699605764930838
1.5569,-0.699492824891075
1.556905,-0.69937991230186
1.55691,-0.699267027154742
1.556915,-0.69915416944128
1.55692,-0.699041339153045
1.556925,-0.698928536281593
1.55693,-0.698815760818498
1.556935,-0.698703012755332
1.55694,-0.698590292083666
1.556945,-0.698477598795089
1.55695,-0.698364932881173
1.556955,-0.698252294333501
1.55696,-0.69813968314367
1.556965,-0.698027099303259
1.55697,-0.697914542803873
1.556975,-0.697802013637103
1.55698,-0.697689511794544
1.556985,-0.697577037267813
1.55699,-0.697464590048506
1.556995,-0.69735217012823
1.557,-0.697239777498606
1.557005,-0.69712741215124
1.55701,-0.697015074077757
1.557015,-0.696902763269779
1.55702,-0.696790479718924
1.557025,-0.696678223416828
1.55703,-0.69656599435511
1.557035,-0.696453792525419
1.55704,-0.696341617919383
1.557045,-0.696229470528639
1.55705,-0.696117350344836
1.557055,-0.696005257359622
1.55706,-0.695893191564633
1.557065,-0.695781152951536
1.55707,-0.695669141511975
1.557075,-0.695557157237622
1.55708,-0.695445200120127
1.557085,-0.695333270151154
1.55709,-0.695221367322376
1.557095,-0.695109491625459
1.5571,-0.694997643052082
1.557105,-0.694885821593919
1.55711,-0.694774027242646
1.557115,-0.69466225998995
1.55712,-0.69455051982752
1.557125,-0.694438806747033
1.55713,-0.694327120740189
1.557135,-0.694215461798686
1.55714,-0.694103829914217
1.557145,-0.693992225078485
1.55715,-0.693880647283188
1.557155,-0.693769096520045
1.55716,-0.693657572780755
1.557165,-0.693546076057038
1.55717,-0.693434606340607
1.557175,-0.693323163623177
1.55718,-0.693211747896484
1.557185,-0.693100359152239
1.55719,-0.692988997382171
1.557195,-0.692877662578025
1.5572,-0.692766354731517
1.557205,-0.692655073834401
1.55721,-0.692543819878408
1.557215,-0.69243259285528
1.55722,-0.692321392756772
1.557225,-0.692210219574622
1.55723,-0.692099073300593
1.557235,-0.691987953926438
1.55724,-0.691876861443914
1.557245,-0.69176579584478
1.55725,-0.691654757120807
1.557255,-0.691543745263754
1.55726,-0.691432760265397
1.557265,-0.691321802117508
1.55727,-0.691210870811866
1.557275,-0.691099966340252
1.55728,-0.690989088694442
1.557285,-0.690878237866227
1.55729,-0.69076741384739
1.557295,-0.690656616629732
1.5573,-0.690545846205044
1.557305,-0.690435102565116
1.55731,-0.690324385701757
1.557315,-0.69021369560677
1.55732,-0.690103032271958
1.557325,-0.689992395689134
1.55733,-0.689881785850107
1.557335,-0.689771202746698
1.55734,-0.689660646370724
1.557345,-0.689550116713999
1.55735,-0.689439613768361
1.557355,-0.689329137525626
1.55736,-0.689218687977631
1.557365,-0.689108265116212
1.55737,-0.688997868933193
1.557375,-0.688887499420428
1.55738,-0.688777156569752
1.557385,-0.688666840373011
1.55739,-0.688556550822057
1.557395,-0.688446287908736
1.5574,-0.688336051624904
1.557405,-0.688225841962427
1.55741,-0.68811565891315
1.557415,-0.688005502468953
1.55742,-0.687895372621689
1.557425,-0.687785269363232
1.55743,-0.687675192685458
1.557435,-0.687565142580236
1.55744,-0.68745511903945
1.557445,-0.687345122054979
1.55745,-0.687235151618702
1.557455,-0.687125207722519
1.55746,-0.687015290358305
1.557465,-0.686905399517965
1.55747,-0.686795535193388
1.557475,-0.686685697376475
1.55748,-0.686575886059133
1.557485,-0.686466101233258
1.55749,-0.686356342890762
1.557495,-0.686246611023557
1.5575,-0.686136905623554
1.557505,-0.686027226682677
1.55751,-0.685917574192837
1.557515,-0.685807948145956
1.55752,-0.685698348533968
1.557525,-0.685588775348793
1.55753,-0.685479228582375
1.557535,-0.685369708226637
1.55754,-0.685260214273514
1.557545,-0.685150746714955
1.55755,-0.685041305542902
1.557555,-0.684931890749297
1.55756,-0.684822502326092
1.557565,-0.684713140265236
1.55757,-0.684603804558695
1.557575,-0.684494495198413
1.55758,-0.684385212176352
1.557585,-0.684275955484491
1.55759,-0.684166725114774
1.557595,-0.684057521059192
1.5576,-0.683948343309707
1.557605,-0.683839191858293
1.55761,-0.683730066696936
1.557615,-0.683620967817613
1.55762,-0.683511895212299
1.557625,-0.683402848873001
1.55763,-0.683293828791696
1.557635,-0.68318483496038
1.55764,-0.683075867371051
1.557645,-0.682966926015699
1.55765,-0.68285801088634
1.557655,-0.682749121974972
1.55766,-0.6826402592736
1.557665,-0.682531422774238
1.55767,-0.682422612468895
1.557675,-0.682313828349598
1.55768,-0.682205070408355
1.557685,-0.682096338637192
1.55769,-0.68198763302814
1.557695,-0.681878953573217
1.5577,-0.68177030026446
1.557705,-0.681661673093906
1.55771,-0.681553072053582
1.557715,-0.681444497135541
1.55772,-0.681335948331809
1.557725,-0.681227425634447
1.55773,-0.6811189290355
1.557735,-0.681010458527007
1.55774,-0.680902014101039
1.557745,-0.680793595749644
1.55775,-0.680685203464884
1.557755,-0.680576837238824
1.55776,-0.680468497063521
1.557765,-0.680360182931056
1.55777,-0.680251894833497
1.557775,-0.68014363276291
1.55778,-0.680035396711383
1.557785,-0.679927186670988
1.55779,-0.679819002633815
1.557795,-0.679710844591951
1.5578,-0.679602712537473
1.557805,-0.679494606462485
1.55781,-0.679386526359079
1.557815,-0.679278472219347
1.55782,-0.679170444035398
1.557825,-0.679062441799325
1.55783,-0.678954465503243
1.557835,-0.678846515139262
1.55784,-0.678738590699484
1.557845,-0.678630692176033
1.55785,-0.67852281956102
1.557855,-0.678414972846571
1.55786,-0.67830715202481
1.557865,-0.678199357087855
1.55787,-0.678091588027845
1.557875,-0.677983844836909
1.55788,-0.677876127507176
1.557885,-0.677768436030791
1.55789,-0.677660770399888
1.557895,-0.677553130606621
1.5579,-0.677445516643127
1.557905,-0.677337928501557
1.55791,-0.677230366174064
1.557915,-0.677122829652804
1.55792,-0.677015318929933
1.557925,-0.676907833997616
1.55793,-0.676800374848005
1.557935,-0.676692941473279
1.55794,-0.676585533865602
1.557945,-0.676478152017143
1.55795,-0.676370795920083
1.557955,-0.676263465566595
1.55796,-0.676156160948864
1.557965,-0.67604888205907
1.55797,-0.675941628889396
1.557975,-0.675834401432041
1.55798,-0.675727199679184
1.557985,-0.675620023623031
1.55799,-0.675512873255777
1.557995,-0.675405748569616
1.558,-0.67529864955676
1.558005,-0.67519157620941
1.55801,-0.675084528519774
1.558015,-0.674977506480068
1.55802,-0.674870510082504
1.558025,-0.674763539319299
1.55803,-0.674656594182674
1.558035,-0.674549674664851
1.55804,-0.67444278075806
1.558045,-0.674335912454525
1.55805,-0.674229069746481
1.558055,-0.674122252626159
1.55806,-0.674015461085797
1.558065,-0.673908695117639
1.55807,-0.673801954713929
1.558075,-0.673695239866899
1.55808,-0.673588550568814
1.558085,-0.673481886811915
1.55809,-0.673375248588463
1.558095,-0.673268635890712
1.5581,-0.673162048710917
1.558105,-0.673055487041347
1.55811,-0.672948950874263
1.558115,-0.67284244020194
1.55812,-0.672735955016644
1.558125,-0.672629495310644
1.55813,-0.67252306107623
1.558135,-0.672416652305669
1.55814,-0.672310268991243
1.558145,-0.672203911125251
1.55815,-0.672097578699965
1.558155,-0.671991271707685
1.55816,-0.671884990140701
1.558165,-0.671778733991308
1.55817,-0.671672503251811
1.558175,-0.671566297914505
1.55818,-0.671460117971694
1.558185,-0.671353963415691
1.55819,-0.671247834238809
1.558195,-0.671141730433349
1.5582,-0.67103565199164
1.558205,-0.670929598905989
1.55821,-0.670823571168724
1.558215,-0.67071756877217
1.55822,-0.670611591708649
1.558225,-0.670505639970497
1.55823,-0.670399713550037
1.558235,-0.670293812439618
1.55824,-0.67018793663157
1.558245,-0.670082086118227
1.55825,-0.669976260891944
1.558255,-0.669870460945063
1.55826,-0.669764686269936
1.558265,-0.66965893685891
1.55827,-0.669553212704341
1.558275,-0.669447513798593
1.55828,-0.669341840134015
1.558285,-0.669236191702977
1.55829,-0.669130568497849
1.558295,-0.669024970510987
1.5583,-0.668919397734777
1.558305,-0.668813850161585
1.55831,-0.668708327783787
1.558315,-0.668602830593765
1.55832,-0.6684973585839
1.558325,-0.668391911746581
1.55833,-0.668286490074194
1.558335,-0.668181093559123
1.55834,-0.668075722193774
1.558345,-0.667970375970529
1.55835,-0.667865054881804
1.558355,-0.667759758919988
1.55836,-0.667654488077486
1.558365,-0.667549242346713
1.55837,-0.667444021720072
1.558375,-0.667338826189977
1.55838,-0.667233655748843
1.558385,-0.667128510389094
1.55839,-0.667023390103145
1.558395,-0.666918294883422
1.5584,-0.66681322472235
1.558405,-0.666708179612359
1.55841,-0.66660315954588
1.558415,-0.666498164515353
1.55842,-0.666393194513211
1.558425,-0.66628824953189
1.55843,-0.666183329563844
1.558435,-0.666078434601508
1.55844,-0.665973564637334
1.558445,-0.665868719663776
1.55845,-0.665763899673283
1.558455,-0.665659104658318
1.55846,-0.665554334611338
1.558465,-0.665449589524799
1.55847,-0.665344869391175
1.558475,-0.665240174202926
1.55848,-0.66513550395253
1.558485,-0.66503085863245
1.55849,-0.664926238235168
1.558495,-0.664821642753167
1.5585,-0.664717072178919
1.558505,-0.664612526504909
1.55851,-0.664508005723635
1.558515,-0.664403509827568
1.55852,-0.664299038809216
1.558525,-0.664194592661064
1.55853,-0.664090171375616
1.558535,-0.663985774945371
1.55854,-0.663881403362825
1.558545,-0.663777056620492
1.55855,-0.66367273471088
1.558555,-0.66356843762649
1.55856,-0.663464165359849
1.558565,-0.663359917903468
1.55857,-0.663255695249861
1.558575,-0.663151497391561
1.55858,-0.663047324321079
1.558585,-0.662943176030953
1.55859,-0.662839052513713
1.558595,-0.662734953761882
1.5586,-0.662630879768009
1.558605,-0.662526830524618
1.55861,-0.662422806024261
1.558615,-0.662318806259477
1.55862,-0.662214831222807
1.558625,-0.662110880906813
1.55863,-0.662006955304036
1.558635,-0.661903054407031
1.55864,-0.661799178208362
1.558645,-0.661695326700577
1.55865,-0.661591499876251
1.558655,-0.661487697727941
1.55866,-0.661383920248215
1.558665,-0.66128016742965
1.55867,-0.661176439264811
1.558675,-0.661072735746281
1.55868,-0.660969056866636
1.558685,-0.660865402618448
1.55869,-0.660761772994317
1.558695,-0.660658167986819
1.5587,-0.660554587588546
1.558705,-0.660451031792091
1.55871,-0.660347500590042
1.558715,-0.660243993975004
1.55872,-0.660140511939579
1.558725,-0.660037054476359
1.55873,-0.659933621577957
1.558735,-0.659830213236979
1.55874,-0.659726829446038
1.558745,-0.659623470197743
1.55875,-0.65952013548471
1.558755,-0.659416825299566
1.55876,-0.659313539634922
1.558765,-0.659210278483402
1.55877,-0.659107041837645
1.558775,-0.659003829690263
1.55878,-0.658900642033903
1.558785,-0.658797478861194
1.55879,-0.658694340164767
1.558795,-0.658591225937274
1.5588,-0.658488136171345
1.558805,-0.658385070859635
1.55881,-0.65828202999479
1.558815,-0.658179013569453
1.55882,-0.658076021576288
1.558825,-0.657973054007945
1.55883,-0.657870110857082
1.558835,-0.657767192116363
1.55884,-0.657664297778444
1.558845,-0.657561427836006
1.55885,-0.657458582281708
1.558855,-0.657355761108221
1.55886,-0.657252964308224
1.558865,-0.657150191874391
1.55887,-0.657047443799405
1.558875,-0.656944720075945
1.55888,-0.656842020696694
1.558885,-0.656739345654345
1.55889,-0.656636694941588
1.558895,-0.65653406855111
1.5589,-0.656431466475614
1.558905,-0.656328888707791
1.55891,-0.656226335240347
1.558915,-0.656123806065982
1.55892,-0.656021301177403
1.558925,-0.655918820567323
1.55893,-0.655816364228451
1.558935,-0.655713932153493
1.55894,-0.655611524335177
1.558945,-0.655509140766211
1.55895,-0.65540678143933
1.558955,-0.655304446347253
1.55896,-0.655202135482699
1.558965,-0.655099848838407
1.55897,-0.654997586407104
1.558975,-0.654895348181535
1.55898,-0.654793134154428
1.558985,-0.654690944318522
1.55899,-0.654588778666563
1.558995,-0.654486637191301
1.559,-0.654384519885472
1.559005,-0.654282426741843
1.55901,-0.654180357753152
1.559015,-0.654078312912163
1.55902,-0.653976292211636
1.559025,-0.653874295644322
1.55903,-0.653772323202996
1.559035,-0.653670374880416
1.55904,-0.653568450669361
1.559045,-0.653466550562595
1.55905,-0.653364674552888
1.559055,-0.653262822633028
1.55906,-0.653160994795784
1.559065,-0.653059191033945
1.55907,-0.652957411340296
1.559075,-0.652855655707611
1.55908,-0.652753924128697
1.559085,-0.652652216596342
1.55909,-0.652550533103329
1.559095,-0.652448873642469
1.5591,-0.652347238206556
1.559105,-0.652245626788397
1.55911,-0.652144039380793
1.559115,-0.652042475976551
1.55912,-0.651940936568489
1.559125,-0.651839421149412
1.55913,-0.651737929712136
1.559135,-0.651636462249487
1.55914,-0.651535018754273
1.559145,-0.651433599219332
1.55915,-0.651332203637481
1.559155,-0.651230832001547
1.55916,-0.65112948430437
1.559165,-0.651028160538774
1.55917,-0.650926860697603
1.559175,-0.65082558477369
1.55918,-0.650724332759881
1.559185,-0.650623104649018
1.55919,-0.650521900433948
1.559195,-0.650420720107517
1.5592,-0.650319563662585
1.559205,-0.650218431091993
1.55921,-0.650117322388612
1.559215,-0.650016237545295
1.55922,-0.6499151765549
1.559225,-0.649814139410299
1.55923,-0.649713126104355
1.559235,-0.649612136629943
1.55924,-0.649511170979931
1.559245,-0.649410229147187
1.55925,-0.649309311124601
1.559255,-0.64920841690505
1.55926,-0.649107546481406
1.559265,-0.649006699846569
1.55927,-0.648905876993417
1.559275,-0.648805077914846
1.55928,-0.648704302603744
1.559285,-0.648603551053008
1.55929,-0.648502823255536
1.559295,-0.648402119204227
1.5593,-0.648301438891988
1.559305,-0.648200782311723
1.55931,-0.648100149456338
1.559315,-0.647999540318746
1.55932,-0.647898954891859
1.559325,-0.64779839316859
1.55933,-0.647697855141864
1.559335,-0.647597340804595
1.55934,-0.647496850149713
1.559345,-0.64739638317014
1.55935,-0.647295939858801
1.559355,-0.647195520208634
1.55936,-0.647095124212566
1.559365,-0.646994751863539
1.55937,-0.646894403154494
1.559375,-0.646794078078358
1.55938,-0.646693776628088
1.559385,-0.646593498796632
1.55939,-0.646493244576927
1.559395,-0.646393013961932
1.5594,-0.646292806944598
1.559405,-0.646192623517884
1.55941,-0.646092463674748
1.559415,-0.645992327408147
1.55942,-0.645892214711055
1.559425,-0.645792125576426
1.55943,-0.645692059997237
1.559435,-0.645592017966464
1.55944,-0.645491999477068
1.559445,-0.645392004522035
1.55945,-0.645292033094342
1.559455,-0.64519208518697
1.55946,-0.645092160792904
1.559465,-0.644992259905128
1.55947,-0.644892382516634
1.559475,-0.644792528620413
1.55948,-0.644692698209461
1.559485,-0.644592891276772
1.55949,-0.644493107815344
1.559495,-0.644393347818185
1.5595,-0.644293611278293
1.559505,-0.644193898188673
1.55951,-0.644094208542346
1.559515,-0.64399454233231
1.55952,-0.643894899551588
1.559525,-0.643795280193191
1.55953,-0.643695684250144
1.559535,-0.643596111715465
1.55954,-0.643496562582184
1.559545,-0.643397036843316
1.55955,-0.643297534491903
1.559555,-0.643198055520969
1.55956,-0.643098599923553
1.559565,-0.642999167692692
1.55957,-0.642899758821419
1.559575,-0.642800373302781
1.55958,-0.642701011129821
1.559585,-0.642601672295583
1.55959,-0.642502356793124
1.559595,-0.642403064615485
1.5596,-0.642303795755731
1.559605,-0.642204550206917
1.55961,-0.642105327962091
1.559615,-0.642006129014329
1.55962,-0.641906953356687
1.559625,-0.641807800982235
1.55963,-0.641708671884043
1.559635,-0.641609566055177
1.55964,-0.641510483488717
1.559645,-0.64141142417774
1.55965,-0.641312388115319
1.559655,-0.641213375294543
1.55966,-0.641114385708488
1.559665,-0.641015419350249
1.55967,-0.640916476212911
1.559675,-0.640817556289562
1.55968,-0.640718659573306
1.559685,-0.640619786057232
1.55969,-0.640520935734438
1.559695,-0.640422108598026
1.5597,-0.640323304641105
1.559705,-0.640224523856776
1.55971,-0.640125766238154
1.559715,-0.640027031778337
1.55972,-0.639928320470456
1.559725,-0.639829632307614
1.55973,-0.639730967282939
1.559735,-0.639632325389547
1.55974,-0.63953370662056
1.559745,-0.63943511096911
1.55975,-0.639336538428321
1.559755,-0.639237988991324
1.55976,-0.639139462651257
1.559765,-0.63904095940125
1.55977,-0.638942479234441
1.559775,-0.638844022143981
1.55978,-0.638745588123001
1.559785,-0.638647177164651
1.55979,-0.638548789262081
1.559795,-0.638450424408446
1.5598,-0.638352082596893
1.559805,-0.638253763820574
1.55981,-0.638155468072652
1.559815,-0.63805719534629
1.55982,-0.637958945634645
1.559825,-0.637860718930889
1.55983,-0.637762515228183
1.559835,-0.637664334519703
1.55984,-0.637566176798619
1.559845,-0.637468042058099
1.55985,-0.637369930291335
1.559855,-0.637271841491495
1.55986,-0.637173775651773
1.559865,-0.637075732765343
1.55987,-0.636977712825393
1.559875,-0.636879715825123
1.55988,-0.636781741757716
1.559885,-0.636683790616364
1.55989,-0.636585862394277
1.559895,-0.636487957084639
1.5599,-0.636390074680666
1.559905,-0.636292215175553
1.55991,-0.63619437856251
1.559915,-0.636096564834746
1.55992,-0.635998773985471
1.559925,-0.635901006007905
1.55993,-0.635803260895256
1.559935,-0.635705538640749
1.55994,-0.635607839237603
1.559945,-0.635510162679044
1.55995,-0.635412508958293
1.559955,-0.635314878068583
1.55996,-0.635217270003147
1.559965,-0.635119684755213
1.55997,-0.635022122318022
1.559975,-0.634924582684807
1.55998,-0.634827065848811
1.559985,-0.634729571803277
1.55999,-0.634632100541456
1.559995,-0.63453465205659
1.56,-0.634437226341926
1.560005,-0.634339823390726
1.56001,-0.634242443196239
1.560015,-0.634145085751722
1.56002,-0.63404775105044
1.560025,-0.63395043908565
1.56003,-0.633853149850619
1.560035,-0.63375588333862
1.56004,-0.633658639542912
1.560045,-0.633561418456773
1.56005,-0.633464220073475
1.560055,-0.6333670443863
1.56006,-0.633269891388525
1.560065,-0.633172761073426
1.56007,-0.633075653434291
1.560075,-0.632978568464412
1.56008,-0.632881506157066
1.560085,-0.632784466505559
1.56009,-0.632687449503167
1.560095,-0.632590455143201
1.5601,-0.632493483418958
1.560105,-0.632396534323726
1.56011,-0.632299607850823
1.560115,-0.632202703993545
1.56012,-0.632105822745206
1.560125,-0.632008964099113
1.56013,-0.631912128048581
1.560135,-0.631815314586922
1.56014,-0.63171852370746
1.560145,-0.631621755403501
1.56015,-0.631525009668385
1.560155,-0.631428286495422
1.56016,-0.631331585877947
1.560165,-0.631234907809289
1.56017,-0.631138252282778
1.560175,-0.631041619291749
1.56018,-0.630945008829535
1.560185,-0.630848420889482
1.56019,-0.63075185546493
1.560195,-0.630655312549214
1.5602,-0.630558792135692
1.560205,-0.630462294217702
1.56021,-0.630365818788598
1.560215,-0.630269365841739
1.56022,-0.630172935370473
1.560225,-0.630076527368164
1.56023,-0.629980141828171
1.560235,-0.629883778743852
1.56024,-0.629787438108576
1.560245,-0.629691119915708
1.56025,-0.629594824158619
1.560255,-0.629498550830685
1.56026,-0.629402299925272
1.560265,-0.629306071435768
1.56027,-0.629209865355542
1.560275,-0.62911368167798
1.56028,-0.629017520396466
1.560285,-0.628921381504381
1.56029,-0.628825264995125
1.560295,-0.628729170862081
1.5603,-0.628633099098641
1.560305,-0.628537049698207
1.56031,-0.628441022654169
1.560315,-0.628345017959933
1.56032,-0.628249035608904
1.560325,-0.628153075594479
1.56033,-0.628057137910071
1.560335,-0.627961222549096
1.56034,-0.627865329504951
1.560345,-0.627769458771063
1.56035,-0.627673610340842
1.560355,-0.627577784207709
1.56036,-0.627481980365089
1.560365,-0.627386198806397
1.56037,-0.627290439525073
1.560375,-0.627194702514533
1.56038,-0.627098987768216
1.560385,-0.627003295279551
1.56039,-0.626907625041973
1.560395,-0.626811977048921
1.5604,-0.626716351293837
1.560405,-0.626620747770161
1.56041,-0.626525166471342
1.560415,-0.626429607390816
1.56042,-0.626334070522053
1.560425,-0.626238555858487
1.56043,-0.626143063393577
1.560435,-0.626047593120783
1.56044,-0.625952145033563
1.560445,-0.625856719125374
1.56045,-0.625761315389683
1.560455,-0.625665933819951
1.56046,-0.625570574409655
1.560465,-0.625475237152264
1.56047,-0.625379922041243
1.560475,-0.625284629070075
1.56048,-0.625189358232231
1.560485,-0.625094109521196
1.56049,-0.624998882930452
1.560495,-0.624903678453477
1.5605,-0.624808496083771
1.560505,-0.62471333581481
1.56051,-0.62461819764009
1.560515,-0.624523081553104
1.56052,-0.624427987547352
1.560525,-0.624332915616325
1.56053,-0.624237865753534
1.560535,-0.62414283795247
1.56054,-0.624047832206646
1.560545,-0.623952848509565
1.56055,-0.623857886854744
1.560555,-0.623762947235692
1.56056,-0.62366802964592
1.560565,-0.623573134078948
1.56057,-0.623478260528295
1.560575,-0.623383408987475
1.56058,-0.623288579450025
1.560585,-0.62319377190946
1.56059,-0.623098986359317
1.560595,-0.623004222793122
1.5606,-0.622909481204404
1.560605,-0.622814761586708
1.56061,-0.622720063933558
1.560615,-0.622625388238512
1.56062,-0.622530734495096
1.560625,-0.62243610269686
1.56063,-0.622341492837355
1.560635,-0.622246904910124
1.56064,-0.622152338908716
1.560645,-0.622057794826694
1.56065,-0.621963272657606
1.560655,-0.621868772395017
1.56066,-0.621774294032481
1.560665,-0.621679837563558
1.56067,-0.621585402981825
1.560675,-0.621490990280837
1.56068,-0.621396599454174
1.560685,-0.621302230495401
1.56069,-0.62120788339809
1.560695,-0.621113558155828
1.5607,-0.621019254762183
1.560705,-0.620924973210741
1.56071,-0.620830713495085
1.560715,-0.620736475608797
1.56072,-0.620642259545469
1.560725,-0.620548065298692
1.56073,-0.620453892862054
1.560735,-0.620359742229149
1.56074,-0.62026561339358
1.560745,-0.620171506348943
1.56075,-0.620077421088841
1.560755,-0.619983357606871
1.56076,-0.619889315896651
1.560765,-0.619795295951775
1.56077,-0.619701297765863
1.560775,-0.619607321332526
1.56078,-0.619513366645379
1.560785,-0.61941943369804
1.56079,-0.619325522484126
1.560795,-0.61923163299726
1.5608,-0.619137765231071
1.560805,-0.619043919179176
1.56081,-0.618950094835211
1.560815,-0.618856292192807
1.56082,-0.618762511245589
1.560825,-0.618668751987201
1.56083,-0.618575014411282
1.560835,-0.618481298511462
1.56084,-0.61838760428139
1.560845,-0.618293931714709
1.56085,-0.618200280805069
1.560855,-0.618106651546112
1.56086,-0.618013043931494
1.560865,-0.617919457954873
1.56087,-0.617825893609893
1.560875,-0.617732350890219
1.56088,-0.617638829789515
1.560885,-0.617545330301435
1.56089,-0.617451852419649
1.560895,-0.617358396137824
1.5609,-0.617264961449627
1.560905,-0.617171548348731
1.56091,-0.617078156828806
1.560915,-0.616984786883531
1.56092,-0.616891438506587
1.560925,-0.616798111691648
1.56093,-0.616704806432402
1.560935,-0.616611522722529
1.56094,-0.616518260555722
1.560945,-0.61642501992567
1.56095,-0.616331800826056
1.560955,-0.616238603250582
1.56096,-0.616145427192943
1.560965,-0.616052272646832
1.56097,-0.615959139605959
1.560975,-0.615866028064018
1.56098,-0.615772938014717
1.560985,-0.615679869451766
1.56099,-0.615586822368864
1.560995,-0.61549379675974
1.561,-0.615400792618094
1.561005,-0.615307809937645
1.56101,-0.615214848712118
1.561015,-0.615121908935223
1.56102,-0.615028990600693
1.561025,-0.614936093702244
1.56103,-0.614843218233605
1.561035,-0.614750364188517
1.56104,-0.614657531560691
1.561045,-0.614564720343882
1.56105,-0.614471930531813
1.561055,-0.614379162118222
1.56106,-0.614286415096855
1.561065,-0.614193689461454
1.56107,-0.614100985205765
1.561075,-0.614008302323532
1.56108,-0.613915640808503
1.561085,-0.613823000654435
1.56109,-0.613730381855078
1.561095,-0.613637784404189
1.5611,-0.613545208295526
1.561105,-0.613452653522848
1.56111,-0.613360120079921
1.561115,-0.61326760796051
1.56112,-0.613175117158372
1.561125,-0.613082647667294
1.56113,-0.612990199481028
1.561135,-0.612897772593365
1.56114,-0.612805366998071
1.561145,-0.612712982688924
1.56115,-0.612620619659711
1.561155,-0.61252827790421
1.56116,-0.612435957416201
1.561165,-0.61234365818948
1.56117,-0.61225138021783
1.561175,-0.612159123495046
1.56118,-0.612066888014916
1.561185,-0.61197467377124
1.56119,-0.611882480757815
1.561195,-0.611790308968444
1.5612,-0.611698158396919
1.561205,-0.611606029037056
1.56121,-0.611513920882652
1.561215,-0.611421833927529
1.56122,-0.611329768165486
1.561225,-0.611237723590338
1.56123,-0.611145700195905
1.561235,-0.611053697975997
1.56124,-0.610961716924444
1.561245,-0.610869757035063
1.56125,-0.610777818301672
1.561255,-0.610685900718104
1.56126,-0.610594004278193
1.561265,-0.610502128975753
1.56127,-0.610410274804631
1.561275,-0.610318441758656
1.56128,-0.610226629831672
1.561285,-0.610134839017506
1.56129,-0.610043069310009
1.561295,-0.609951320703026
1.5613,-0.609859593190393
1.561305,-0.609767886765967
1.56131,-0.609676201423598
1.561315,-0.609584537157129
1.56132,-0.609492893960427
1.561325,-0.60940127182734
1.56133,-0.609309670751731
1.561335,-0.609218090727461
1.56134,-0.609126531748388
1.561345,-0.609034993808383
1.56135,-0.608943476901315
1.561355,-0.608851981021046
1.56136,-0.608760506161458
1.561365,-0.608669052316413
1.56137,-0.6085776194798
1.561375,-0.608486207645487
1.56138,-0.608394816807359
1.561385,-0.6083034469593
1.56139,-0.608212098095193
1.561395,-0.608120770208923
1.5614,-0.608029463294381
1.561405,-0.60793817734546
1.56141,-0.607846912356053
1.561415,-0.607755668320054
1.56142,-0.607664445231358
1.561425,-0.607573243083875
1.56143,-0.607482061871492
1.561435,-0.607390901588129
1.56144,-0.607299762227684
1.561445,-0.607208643784062
1.56145,-0.607117546251182
1.561455,-0.607026469622952
1.56146,-0.606935413893286
1.561465,-0.606844379056106
1.56147,-0.606753365105325
1.561475,-0.60666237203487
1.56148,-0.606571399838663
1.561485,-0.606480448510625
1.56149,-0.606389518044693
1.561495,-0.606298608434785
1.5615,-0.606207719674844
1.561505,-0.606116851758802
1.56151,-0.606026004680589
1.561515,-0.605935178434151
1.56152,-0.605844373013423
1.561525,-0.605753588412349
1.56153,-0.605662824624881
1.561535,-0.605572081644952
1.56154,-0.605481359466527
1.561545,-0.605390658083546
1.56155,-0.605299977489967
1.561555,-0.605209317679747
1.56156,-0.605118678646836
1.561565,-0.605028060385203
1.56157,-0.60493746288881
1.561575,-0.604846886151607
1.56158,-0.604756330167579
1.561585,-0.604665794930685
1.56159,-0.604575280434892
1.561595,-0.60448478667418
1.5616,-0.60439431364252
1.561605,-0.60430386133389
1.56161,-0.604213429742271
1.561615,-0.604123018861637
1.56162,-0.604032628685975
1.561625,-0.603942259209272
1.56163,-0.603851910425517
1.561635,-0.603761582328696
1.56164,-0.6036712749128
1.561645,-0.603580988171824
1.56165,-0.603490722099768
1.561655,-0.603400476690622
1.56166,-0.603310251938396
1.561665,-0.603220047837078
1.56167,-0.603129864380687
1.561675,-0.603039701563225
1.56168,-0.602949559378694
1.561685,-0.602859437821114
1.56169,-0.602769336884487
1.561695,-0.602679256562839
1.5617,-0.602589196850182
1.561705,-0.602499157740534
1.56171,-0.602409139227917
1.561715,-0.602319141306359
1.56172,-0.602229163969878
1.561725,-0.602139207212501
1.56173,-0.602049271028268
1.561735,-0.6019593554112
1.56174,-0.601869460355336
1.561745,-0.60177958585471
1.56175,-0.601689731903362
1.561755,-0.601599898495328
1.56176,-0.601510085624655
1.561765,-0.601420293285386
1.56177,-0.601330521471563
1.561775,-0.601240770177239
1.56178,-0.601151039396468
1.561785,-0.601061329123293
1.56179,-0.600971639351778
1.561795,-0.600881970075971
1.5618,-0.600792321289937
1.561805,-0.60070269298774
1.56181,-0.600613085163432
1.561815,-0.600523497811093
1.56182,-0.600433930924776
1.561825,-0.600344384498558
1.56183,-0.60025485852651
1.561835,-0.600165353002703
1.56184,-0.600075867921216
1.561845,-0.599986403276126
1.56185,-0.59989695906151
1.561855,-0.59980753527145
1.56186,-0.599718131900032
1.561865,-0.599628748941343
1.56187,-0.599539386389468
1.561875,-0.599450044238498
1.56188,-0.599360722482529
1.561885,-0.599271421115646
1.56189,-0.599182140131956
1.561895,-0.599092879525557
1.5619,-0.599003639290538
1.561905,-0.598914419421013
1.56191,-0.598825219911081
1.561915,-0.598736040754851
1.56192,-0.598646881946432
1.561925,-0.598557743479931
1.56193,-0.598468625349469
1.561935,-0.598379527549154
1.56194,-0.598290450073107
1.561945,-0.598201392915443
1.56195,-0.598112356070286
1.561955,-0.598023339531757
1.56196,-0.597934343293986
1.561965,-0.597845367351094
1.56197,-0.597756411697218
1.561975,-0.597667476326483
1.56198,-0.597578561233026
1.561985,-0.597489666410984
1.56199,-0.597400791854485
1.561995,-0.597311937557685
1.562,-0.597223103514715
1.562005,-0.597134289719718
1.56201,-0.597045496166844
1.562015,-0.596956722850239
1.56202,-0.596867969764053
1.562025,-0.596779236902442
1.56203,-0.596690524259551
1.562035,-0.596601831829547
1.56204,-0.596513159606585
1.562045,-0.59642450758482
1.56205,-0.596335875758418
1.562055,-0.596247264121545
1.56206,-0.596158672668363
1.562065,-0.596070101393048
1.56207,-0.595981550289758
1.562075,-0.595893019352679
1.56208,-0.595804508575983
1.562085,-0.595716017953831
1.56209,-0.595627547480424
1.562095,-0.595539097149929
1.5621,-0.595450666956535
1.562105,-0.595362256894425
1.56211,-0.595273866957782
1.562115,-0.595185497140803
1.56212,-0.595097147437667
1.562125,-0.595008817842579
1.56213,-0.594920508349729
1.562135,-0.594832218953309
1.56214,-0.594743949647528
1.562145,-0.59465570042658
1.56215,-0.594567471284668
1.562155,-0.594479262216005
1.56216,-0.594391073214788
1.562165,-0.594302904275231
1.56217,-0.594214755391546
1.562175,-0.594126626557944
1.56218,-0.59403851776864
1.562185,-0.593950429017856
1.56219,-0.593862360299808
1.562195,-0.593774311608716
1.5622,-0.593686282938802
1.562205,-0.593598274284299
1.56221,-0.593510285639428
1.562215,-0.593422316998417
1.56222,-0.593334368355507
1.562225,-0.593246439704919
1.56223,-0.593158531040899
1.562235,-0.593070642357677
1.56224,-0.592982773649492
1.562245,-0.5928949249106
1.56225,-0.592807096135222
1.562255,-0.592719287317623
1.56226,-0.592631498452042
1.562265,-0.592543729532726
1.56227,-0.592455980553936
1.562275,-0.592368251509916
1.56228,-0.592280542394922
1.562285,-0.59219285320322
1.56229,-0.592105183929063
1.562295,-0.592017534566719
1.5623,-0.591929905110444
1.562305,-0.591842295554506
1.56231,-0.591754705893172
1.562315,-0.591667136120716
1.56232,-0.591579586231408
1.562325,-0.591492056219521
1.56233,-0.591404546079327
1.562335,-0.591317055805112
1.56234,-0.591229585391149
1.562345,-0.591142134831718
1.56235,-0.591054704121111
1.562355,-0.590967293253607
1.56236,-0.590879902223497
1.562365,-0.590792531025069
1.56237,-0.590705179652615
1.562375,-0.590617848100429
1.56238,-0.590530536362807
1.562385,-0.590443244434047
1.56239,-0.590355972308446
1.562395,-0.590268719980311
1.5624,-0.590181487443942
1.562405,-0.590094274693642
1.56241,-0.590007081723727
1.562415,-0.589919908528497
1.56242,-0.58983275510227
1.562425,-0.589745621439359
1.56243,-0.589658507534076
1.562435,-0.589571413380742
1.56244,-0.589484338973674
1.562445,-0.589397284307199
1.56245,-0.589310249375634
1.562455,-0.589223234173309
1.56246,-0.589136238694547
1.562465,-0.589049262933683
1.56247,-0.588962306885046
1.562475,-0.588875370542968
1.56248,-0.588788453901786
1.562485,-0.588701556955836
1.56249,-0.588614679699461
1.562495,-0.588527822127003
1.5625,-0.588440984232794
1.562505,-0.588354166011192
1.56251,-0.58826736745654
1.562515,-0.588180588563187
1.56252,-0.588093829325487
1.562525,-0.588007089737784
1.56253,-0.587920369794446
1.562535,-0.587833669489826
1.56254,-0.587746988818274
1.562545,-0.587660327774163
1.56255,-0.587573686351851
1.562555,-0.587487064545702
1.56256,-0.587400462350088
1.562565,-0.58731387975937
1.56257,-0.587227316767927
1.562575,-0.587140773370125
1.56258,-0.587054249560349
1.562585,-0.586967745332964
1.56259,-0.58688126068235
1.562595,-0.586794795602897
1.5626,-0.586708350088982
1.562605,-0.586621924134988
1.56261,-0.586535517735306
1.562615,-0.586449130884321
1.56262,-0.586362763576428
1.562625,-0.586276415806015
1.56263,-0.586190087567474
1.562635,-0.586103778855209
1.56264,-0.586017489663611
1.562645,-0.585931219987089
1.56265,-0.585844969820038
1.562655,-0.585758739156863
1.56266,-0.585672527991972
1.562665,-0.585586336319778
1.56267,-0.585500164134679
1.562675,-0.585414011431099
1.56268,-0.585327878203441
1.562685,-0.585241764446136
1.56269,-0.585155670153588
1.562695,-0.585069595320221
1.5627,-0.584983539940459
1.562705,-0.584897504008724
1.56271,-0.584811487519441
1.562715,-0.584725490467042
1.56272,-0.584639512845946
1.562725,-0.584553554650597
1.56273,-0.584467615875421
1.562735,-0.584381696514855
1.56274,-0.58429579656334
1.562745,-0.584209916015307
1.56275,-0.584124054865207
1.562755,-0.584038213107476
1.56276,-0.583952390736559
1.562765,-0.583866587746908
1.56277,-0.58378080413297
1.562775,-0.583695039889195
1.56278,-0.583609295010035
1.562785,-0.583523569489942
1.56279,-0.583437863323381
1.562795,-0.583352176504808
1.5628,-0.583266509028675
1.562805,-0.583180860889456
1.56281,-0.583095232081608
1.562815,-0.583009622599599
1.56282,-0.582924032437901
1.562825,-0.582838461590978
1.56283,-0.582752910053308
1.562835,-0.582667377819361
1.56284,-0.58258186488361
1.562845,-0.582496371240542
1.56285,-0.582410896884627
1.562855,-0.582325441810358
1.56286,-0.582240006012209
1.562865,-0.582154589484665
1.56287,-0.582069192222224
1.562875,-0.581983814219364
1.56288,-0.581898455470582
1.562885,-0.581813115970369
1.56289,-0.581727795713222
1.562895,-0.581642494693638
1.5629,-0.581557212906117
1.562905,-0.581471950345152
1.56291,-0.581386707005258
1.562915,-0.58130148288093
1.56292,-0.58121627796668
1.562925,-0.581131092257016
1.56293,-0.581045925746442
1.562935,-0.580960778429483
1.56294,-0.58087565030064
1.562945,-0.580790541354438
1.56295,-0.580705451585391
1.562955,-0.580620380988019
1.56296,-0.580535329556848
1.562965,-0.580450297286398
1.56297,-0.580365284171195
1.562975,-0.580280290205764
1.56298,-0.58019531538464
1.562985,-0.580110359702355
1.56299,-0.580025423153437
1.562995,-0.579940505732422
1.563,-0.579855607433851
1.563005,-0.579770728252256
1.56301,-0.579685868182192
1.563015,-0.579601027218187
1.56302,-0.579516205354788
1.563025,-0.579431402586552
1.56303,-0.579346618908015
1.563035,-0.579261854313732
1.56304,-0.579177108798259
1.563045,-0.579092382356144
1.56305,-0.57900767498195
1.563055,-0.57892298667023
1.56306,-0.578838317415543
1.563065,-0.578753667212457
1.56307,-0.578669036055525
1.563075,-0.578584423939325
1.56308,-0.578499830858419
1.563085,-0.578415256807369
1.56309,-0.57833070178076
1.563095,-0.578246165773155
1.5631,-0.578161648779128
1.563105,-0.578077150793263
1.56311,-0.577992671810136
1.563115,-0.577908211824328
1.56312,-0.577823770830421
1.563125,-0.577739348822998
1.56313,-0.577654945796645
1.563135,-0.577570561745949
1.56314,-0.577486196665509
1.563145,-0.577401850549908
1.56315,-0.577317523393738
1.563155,-0.5772332151916
1.56316,-0.577148925938096
1.563165,-0.577064655627815
1.56317,-0.576980404255363
1.563175,-0.576896171815343
1.56318,-0.576811958302363
1.563185,-0.576727763711024
1.56319,-0.576643588035937
1.563195,-0.576559431271716
1.5632,-0.576475293412969
1.563205,-0.576391174454316
1.56321,-0.576307074390366
1.563215,-0.576222993215738
1.56322,-0.576138930925059
1.563225,-0.576054887512949
1.56323,-0.575970862974022
1.563235,-0.575886857302917
1.56324,-0.575802870494251
1.563245,-0.575718902542661
1.56325,-0.575634953442773
1.563255,-0.57555102318922
1.56326,-0.575467111776642
1.563265,-0.57538321919967
1.56327,-0.575299345452946
1.563275,-0.575215490531111
1.56328,-0.575131654428803
1.563285,-0.575047837140672
1.56329,-0.574964038661361
1.563295,-0.574880258985514
1.5633,-0.574796498107788
1.563305,-0.574712756022833
1.56331,-0.574629032725296
1.563315,-0.574545328209844
1.56332,-0.574461642471121
1.563325,-0.574377975503795
1.56333,-0.574294327302523
1.563335,-0.574210697861972
1.56334,-0.574127087176802
1.563345,-0.574043495241678
1.56335,-0.573959922051276
1.563355,-0.573876367600261
1.56336,-0.573792831883303
1.563365,-0.573709314895081
1.56337,-0.573625816630266
1.563375,-0.573542337083539
1.56338,-0.57345887624958
1.563385,-0.573375434123062
1.56339,-0.57329201069868
1.563395,-0.573208605971107
1.5634,-0.573125219935041
1.563405,-0.573041852585163
1.56341,-0.572958503916167
1.563415,-0.572875173922744
1.56342,-0.572791862599584
1.563425,-0.572708569941394
1.56343,-0.572625295942857
1.563435,-0.572542040598683
1.56344,-0.572458803903573
1.563445,-0.572375585852229
1.56345,-0.572292386439351
1.563455,-0.572209205659654
1.56346,-0.57212604350784
1.563465,-0.572042899978622
1.56347,-0.571959775066717
1.563475,-0.571876668766829
1.56348,-0.571793581073686
1.563485,-0.571710511981998
1.56349,-0.571627461486487
1.563495,-0.571544429581875
1.5635,-0.571461416262883
1.563505,-0.571378421524238
1.56351,-0.57129544536067
1.563515,-0.5712124877669
1.56352,-0.571129548737671
1.563525,-0.571046628267705
1.56353,-0.570963726351739
1.563535,-0.57088084298451
1.56354,-0.570797978160756
1.563545,-0.570715131875215
1.56355,-0.570632304122634
1.563555,-0.57054949489775
1.56356,-0.570466704195313
1.563565,-0.570383932010065
1.56357,-0.57030117833676
1.563575,-0.570218443170145
1.56358,-0.570135726504977
1.563585,-0.570053028336008
1.56359,-0.569970348657992
1.563595,-0.569887687465688
1.5636,-0.569805044753859
1.563605,-0.569722420517261
1.56361,-0.569639814750665
1.563615,-0.569557227448829
1.56362,-0.569474658606522
1.563625,-0.569392108218516
1.56363,-0.569309576279575
1.563635,-0.569227062784483
1.56364,-0.569144567728002
1.563645,-0.569062091104913
1.56365,-0.568979632909996
1.563655,-0.568897193138031
1.56366,-0.568814771783793
1.563665,-0.568732368842071
1.56367,-0.568649984307646
1.563675,-0.568567618175313
1.56368,-0.568485270439852
1.563685,-0.568402941096058
1.56369,-0.568320630138721
1.563695,-0.568238337562635
1.5637,-0.568156063362599
1.563705,-0.568073807533411
1.56371,-0.567991570069864
1.563715,-0.567909350966766
1.56372,-0.567827150218916
1.563725,-0.56774496782112
1.56373,-0.56766280376819
1.563735,-0.567580658054922
1.56374,-0.567498530676143
1.563745,-0.567416421626652
1.56375,-0.567334330901263
1.563755,-0.567252258494799
1.56376,-0.56717020440207
1.563765,-0.567088168617907
1.56377,-0.567006151137119
1.563775,-0.566924151954532
1.56378,-0.566842171064972
1.563785,-0.566760208463267
1.56379,-0.566678264144241
1.563795,-0.566596338102728
1.5638,-0.566514430333553
1.563805,-0.566432540831558
1.56381,-0.566350669591574
1.563815,-0.566268816608438
1.56382,-0.56618698187699
1.563825,-0.566105165392067
1.56383,-0.56602336714852
1.563835,-0.565941587141184
1.56384,-0.565859825364913
1.563845,-0.565778081814547
1.56385,-0.56569635648494
1.563855,-0.565614649370939
1.56386,-0.565532960467405
1.563865,-0.565451289769183
1.56387,-0.56536963727114
1.563875,-0.565288002968131
1.56388,-0.565206386855008
1.563885,-0.565124788926644
1.56389,-0.565043209177895
1.563895,-0.564961647603632
1.5639,-0.564880104198719
1.563905,-0.564798578958024
1.56391,-0.564717071876423
1.563915,-0.56463558294879
1.56392,-0.564554112169984
1.563925,-0.564472659534899
1.56393,-0.564391225038404
1.563935,-0.564309808675382
1.56394,-0.564228410440712
1.563945,-0.564147030329274
1.56395,-0.56406566833596
1.563955,-0.563984324455652
1.56396,-0.563902998683244
1.563965,-0.563821691013621
1.56397,-0.563740401441674
1.563975,-0.563659129962301
1.56398,-0.563577876570397
1.563985,-0.563496641260855
1.56399,-0.563415424028581
1.563995,-0.563334224868465
1.564,-0.56325304377542
1.564005,-0.563171880744349
1.56401,-0.563090735770148
1.564015,-0.563009608847738
1.56402,-0.56292849997202
1.564025,-0.562847409137912
1.56403,-0.562766336340325
1.564035,-0.562685281574165
1.56404,-0.562604244834361
1.564045,-0.562523226115826
1.56405,-0.562442225413476
1.564055,-0.562361242722241
1.56406,-0.562280278037037
1.564065,-0.562199331352798
1.56407,-0.562118402664442
1.564075,-0.562037491966903
1.56408,-0.561956599255112
1.564085,-0.561875724523994
1.56409,-0.561794867768495
1.564095,-0.561714028983541
1.5641,-0.561633208164071
1.564105,-0.561552405305034
1.56411,-0.561471620401359
1.564115,-0.56139085344799
1.56412,-0.561310104439876
1.564125,-0.561229373371964
1.56413,-0.561148660239199
1.564135,-0.561067965036531
1.56414,-0.560987287758909
1.564145,-0.560906628401295
1.56415,-0.560825986958636
1.564155,-0.560745363425888
1.56416,-0.560664757798018
1.564165,-0.560584170069972
1.56417,-0.560503600236726
1.564175,-0.560423048293237
1.56418,-0.560342514234472
1.564185,-0.560261998055396
1.56419,-0.560181499750978
1.564195,-0.560101019316192
1.5642,-0.560020556746008
1.564205,-0.559940112035396
1.56421,-0.55985968517934
1.564215,-0.559779276172814
1.56422,-0.559698885010787
1.564225,-0.559618511688257
1.56423,-0.559538156200195
1.564235,-0.559457818541591
1.56424,-0.559377498707432
1.564245,-0.559297196692698
1.56425,-0.559216912492387
1.564255,-0.559136646101483
1.56426,-0.559056397514986
1.564265,-0.558976166727888
1.56427,-0.558895953735182
1.564275,-0.558815758531873
1.56428,-0.558735581112955
1.564285,-0.558655421473427
1.56429,-0.558575279608299
1.564295,-0.558495155512576
1.5643,-0.55841504918126
1.564305,-0.558334960609365
1.56431,-0.558254889791894
1.564315,-0.558174836723864
1.56432,-0.558094801400285
1.564325,-0.558014783816179
1.56433,-0.55793478396656
1.564335,-0.557854801846441
1.56434,-0.557774837450848
1.564345,-0.557694890774803
1.56435,-0.557614961813327
1.564355,-0.557535050561449
1.56436,-0.557455157014194
1.564365,-0.557375281166592
1.56437,-0.557295423013673
1.564375,-0.557215582550469
1.56438,-0.557135759772019
1.564385,-0.557055954673347
1.56439,-0.556976167249503
1.564395,-0.556896397495522
1.5644,-0.556816645406442
1.564405,-0.556736910977309
1.56441,-0.556657194203164
1.564415,-0.556577495079058
1.56442,-0.556497813600036
1.564425,-0.556418149761144
1.56443,-0.556338503557439
1.564435,-0.556258874983971
1.56444,-0.556179264035792
1.564445,-0.556099670707963
1.56445,-0.556020094995539
1.564455,-0.555940536893582
1.56446,-0.55586099639715
1.564465,-0.555781473501309
1.56447,-0.555701968201122
1.564475,-0.555622480491657
1.56448,-0.555543010367975
1.564485,-0.55546355782516
1.56449,-0.555384122858267
1.564495,-0.555304705462384
1.5645,-0.555225305632575
1.564505,-0.555145923363922
1.56451,-0.5550665586515
1.564515,-0.554987211490391
1.56452,-0.554907881875681
1.564525,-0.554828569802446
1.56453,-0.554749275265769
1.564535,-0.554669998260744
1.56454,-0.554590738782459
1.564545,-0.554511496825999
1.56455,-0.554432272386456
1.564555,-0.554353065458926
1.56456,-0.554273876038509
1.564565,-0.554194704120296
1.56457,-0.554115549699377
1.564575,-0.554036412770868
1.56458,-0.55395729332986
1.564585,-0.553878191371465
1.56459,-0.55379910689078
1.564595,-0.553720039882914
1.5646,-0.55364099034298
1.564605,-0.553561958266083
1.56461,-0.553482943647332
1.564615,-0.553403946481852
1.56462,-0.553324966764749
1.564625,-0.553246004491143
1.56463,-0.553167059656151
1.564635,-0.553088132254893
1.56464,-0.553009222282493
1.564645,-0.55293032973407
1.56465,-0.552851454604758
1.564655,-0.552772596889675
1.56466,-0.552693756583953
1.564665,-0.552614933682724
1.56467,-0.55253612818112
1.564675,-0.552457340074268
1.56468,-0.552378569357311
1.564685,-0.552299816025382
1.56469,-0.55222108007362
1.564695,-0.552142361497167
1.5647,-0.552063660291162
1.564705,-0.551984976450752
1.56471,-0.551906309971078
1.564715,-0.551827660847293
1.56472,-0.551749029074539
1.564725,-0.551670414647968
1.56473,-0.551591817562733
1.564735,-0.551513237813993
1.56474,-0.551434675396892
1.564745,-0.551356130306596
1.56475,-0.551277602538256
1.564755,-0.551199092087038
1.56476,-0.551120598948105
1.564765,-0.551042123116612
1.56477,-0.550963664587734
1.564775,-0.550885223356628
1.56478,-0.550806799418474
1.564785,-0.550728392768432
1.56479,-0.550650003401679
1.564795,-0.550571631313389
1.5648,-0.550493276498732
1.564805,-0.550414938952888
1.56481,-0.550336618671036
1.564815,-0.55025831564835
1.56482,-0.550180029880024
1.564825,-0.550101761361231
1.56483,-0.550023510087157
1.564835,-0.549945276052995
1.56484,-0.549867059253925
1.564845,-0.549788859685143
1.56485,-0.549710677341839
1.564855,-0.549632512219202
1.56486,-0.54955436431243
1.564865,-0.549476233616724
1.56487,-0.549398120127273
1.564875,-0.549320023839281
1.56488,-0.549241944747952
1.564885,-0.549163882848485
1.56489,-0.549085838136091
1.564895,-0.549007810605966
1.5649,-0.548929800253328
1.564905,-0.548851807073382
1.56491,-0.548773831061336
1.564915,-0.548695872212409
1.56492,-0.54861793052181
1.564925,-0.548540005984758
1.56493,-0.548462098596473
1.564935,-0.548384208352169
1.56494,-0.548306335247071
1.564945,-0.548228479276403
1.56495,-0.548150640435387
1.564955,-0.548072818719246
1.56496,-0.547995014123213
1.564965,-0.547917226642512
1.56497,-0.547839456272379
1.564975,-0.547761703008042
1.56498,-0.547683966844737
1.564985,-0.547606247777699
1.56499,-0.547528545802166
1.564995,-0.547450860913379
1.565,-0.547373193106574
1.565005,-0.547295542376994
1.56501,-0.547217908719884
1.565015,-0.547140292130495
1.56502,-0.547062692604068
1.565025,-0.546985110135849
1.56503,-0.546907544721092
1.565035,-0.546829996355053
1.56504,-0.546752465032977
1.565045,-0.546674950750125
1.56505,-0.546597453501749
1.565055,-0.546519973283115
1.56506,-0.546442510089478
1.565065,-0.546365063916096
1.56507,-0.546287634758245
1.565075,-0.546210222611174
1.56508,-0.546132827470163
1.565085,-0.546055449330473
1.56509,-0.545978088187368
1.565095,-0.545900744036134
1.5651,-0.545823416872032
1.565105,-0.545746106690343
1.56511,-0.54566881348634
1.565115,-0.545591537255301
1.56512,-0.545514277992507
1.565125,-0.545437035693238
1.56513,-0.545359810352773
1.565135,-0.545282601966404
1.56514,-0.54520541052941
1.565145,-0.545128236037087
1.56515,-0.545051078484716
1.565155,-0.544973937867585
1.56516,-0.544896814180996
1.565165,-0.544819707420235
1.56517,-0.5447426175806
1.565175,-0.544665544657389
1.56518,-0.544588488645901
1.565185,-0.544511449541439
1.56519,-0.544434427339301
1.565195,-0.544357422034782
1.5652,-0.544280433623204
1.565205,-0.544203462099866
1.56521,-0.544126507460074
1.565215,-0.544049569699141
1.56522,-0.543972648812374
1.565225,-0.543895744795092
1.56523,-0.543818857642608
1.565235,-0.543741987350235
1.56524,-0.543665133913295
1.565245,-0.543588297327102
1.56525,-0.543511477586985
1.565255,-0.543434674688261
1.56526,-0.543357888626254
1.565265,-0.543281119396293
1.56527,-0.543204366993704
1.565275,-0.543127631413818
1.56528,-0.543050912651961
1.565285,-0.542974210703467
1.56529,-0.542897525563673
1.565295,-0.542820857227913
1.5653,-0.542744205691517
1.565305,-0.542667570949835
1.56531,-0.542590952998199
1.565315,-0.542514351831954
1.56532,-0.542437767446444
1.565325,-0.54236119983701
1.56533,-0.542284648999005
1.565335,-0.54220811492777
1.56534,-0.54213159761866
1.565345,-0.542055097067026
1.56535,-0.541978613268213
1.565355,-0.541902146217584
1.56536,-0.541825695910495
1.565365,-0.541749262342296
1.56537,-0.541672845508353
1.565375,-0.541596445404025
1.56538,-0.541520062024675
1.565385,-0.541443695365668
1.56539,-0.541367345422365
1.565395,-0.541291012190137
1.5654,-0.541214695664345
1.565405,-0.541138395840372
1.56541,-0.54106211271358
1.565415,-0.540985846279347
1.56542,-0.540909596533045
1.565425,-0.540833363470053
1.56543,-0.540757147085746
1.565435,-0.540680947375508
1.56544,-0.540604764334716
1.565445,-0.540528597958756
1.56545,-0.540452448243015
1.565455,-0.540376315182866
1.56546,-0.540300198773711
1.565465,-0.540224099010926
1.56547,-0.54014801588992
1.565475,-0.540071949406069
1.56548,-0.53999589955477
1.565485,-0.539919866331421
1.56549,-0.539843849731424
1.565495,-0.539767849750166
1.5655,-0.539691866383049
1.565505,-0.539615899625483
1.56551,-0.539539949472869
1.565515,-0.539464015920604
1.56552,-0.5393880989641
1.565525,-0.539312198598766
1.56553,-0.539236314820009
1.565535,-0.539160447623239
1.56554,-0.539084597003874
1.565545,-0.539008762957319
1.56555,-0.538932945479
1.565555,-0.538857144564325
1.56556,-0.538781360208717
1.565565,-0.538705592407598
1.56557,-0.538629841156385
1.565575,-0.538554106450509
1.56558,-0.538478388285385
1.565585,-0.538402686656449
1.56559,-0.538327001559121
1.565595,-0.538251332988836
1.5656,-0.538175680941024
1.565605,-0.538100045411117
1.56561,-0.538024426394548
1.565615,-0.537948823886759
1.56562,-0.537873237883178
1.565625,-0.537797668379251
1.56563,-0.537722115370418
1.565635,-0.537646578852116
1.56564,-0.537571058819794
1.565645,-0.537495555268895
1.56565,-0.537420068194865
1.565655,-0.537344597593151
1.56566,-0.537269143459208
1.565665,-0.537193705788483
1.56567,-0.537118284576428
1.565675,-0.537042879818501
1.56568,-0.536967491510156
1.565685,-0.536892119646851
1.56569,-0.536816764224043
1.565695,-0.536741425237195
1.5657,-0.536666102681766
1.565705,-0.536590796553228
1.56571,-0.536515506847035
1.565715,-0.536440233558661
1.56572,-0.53636497668357
1.565725,-0.536289736217238
1.56573,-0.536214512155127
1.565735,-0.536139304492721
1.56574,-0.536064113225481
1.565745,-0.535988938348897
1.56575,-0.535913779858438
1.565755,-0.535838637749587
1.56576,-0.53576351201782
1.565765,-0.535688402658621
1.56577,-0.535613309667474
1.565775,-0.535538233039866
1.56578,-0.53546317277128
1.565785,-0.535388128857208
1.56579,-0.53531310129314
1.565795,-0.535238090074561
1.5658,-0.535163095196971
1.565805,-0.535088116655857
1.56581,-0.535013154446723
1.565815,-0.534938208565064
1.56582,-0.534863279006372
1.565825,-0.534788365766157
1.56583,-0.534713468839916
1.565835,-0.534638588223154
1.56584,-0.534563723911376
1.565845,-0.534488875900085
1.56585,-0.534414044184793
1.565855,-0.534339228761008
1.56586,-0.534264429624242
1.565865,-0.53418964677001
1.56587,-0.534114880193816
1.565875,-0.534040129891188
1.56588,-0.533965395857639
1.565885,-0.533890678088684
1.56589,-0.533815976579848
1.565895,-0.533741291326648
1.5659,-0.533666622324613
1.565905,-0.533591969569262
1.56591,-0.533517333056121
1.565915,-0.533442712780729
1.56592,-0.533368108738603
1.565925,-0.533293520925275
1.56593,-0.533218949336284
1.565935,-0.533144393967159
1.56594,-0.533069854813436
1.565945,-0.532995331870652
1.56595,-0.532920825134347
1.565955,-0.532846334600058
1.56596,-0.532771860263328
1.565965,-0.532697402119701
1.56597,-0.532622960164723
1.565975,-0.53254853439393
1.56598,-0.532474124802881
1.565985,-0.532399731387119
1.56599,-0.532325354142197
1.565995,-0.532250993063669
1.566,-0.532176648147082
1.566005,-0.532102319387994
1.56601,-0.532028006781962
1.566015,-0.531953710324544
1.56602,-0.531879430011303
1.566025,-0.53180516583779
1.56603,-0.531730917799577
1.566035,-0.531656685892227
1.56604,-0.531582470111297
1.566045,-0.531508270452367
1.56605,-0.531434086910994
1.566055,-0.531359919482755
1.56606,-0.531285768163219
1.566065,-0.531211632947958
1.56607,-0.531137513832547
1.566075,-0.531063410812565
1.56608,-0.530989323883586
1.566085,-0.530915253041188
1.56609,-0.530841198280958
1.566095,-0.53076715959847
1.5661,-0.530693136989311
1.566105,-0.530619130449067
1.56611,-0.530545139973323
1.566115,-0.530471165557669
1.56612,-0.530397207197688
1.566125,-0.530323264888977
1.56613,-0.530249338627131
1.566135,-0.530175428407735
1.56614,-0.530101534226391
1.566145,-0.530027656078694
1.56615,-0.529953793960241
1.566155,-0.529879947866636
1.56616,-0.529806117793478
1.566165,-0.529732303736367
1.56617,-0.529658505690912
1.566175,-0.529584723652714
1.56618,-0.529510957617386
1.566185,-0.529437207580529
1.56619,-0.529363473537763
1.566195,-0.529289755484688
1.5662,-0.529216053416928
1.566205,-0.529142367330093
1.56621,-0.5290686972198
1.566215,-0.528995043081667
1.56622,-0.52892140491131
1.566225,-0.528847782704352
1.56623,-0.528774176456418
1.566235,-0.528700586163126
1.56624,-0.528627011820107
1.566245,-0.528553453422983
1.56625,-0.52847991096738
1.566255,-0.528406384448935
1.56626,-0.528332873863271
1.566265,-0.528259379206025
1.56627,-0.528185900472833
1.566275,-0.528112437659322
1.56628,-0.528038990761137
1.566285,-0.527965559773914
1.56629,-0.527892144693295
1.566295,-0.527818745514914
1.5663,-0.52774536223442
1.566305,-0.527671994847459
1.56631,-0.527598643349669
1.566315,-0.527525307736701
1.56632,-0.527451988004207
1.566325,-0.52737868414783
1.56633,-0.527305396163234
1.566335,-0.527232124046056
1.56634,-0.527158867791961
1.566345,-0.527085627396601
1.56635,-0.527012402855635
1.566355,-0.526939194164722
1.56636,-0.526866001319524
1.566365,-0.526792824315697
1.56637,-0.52671966314891
1.566375,-0.526646517814825
1.56638,-0.526573388309108
1.566385,-0.526500274627432
1.56639,-0.526427176765458
1.566395,-0.526354094718863
1.5664,-0.526281028483314
1.566405,-0.526207978054486
1.56641,-0.526134943428057
1.566415,-0.526061924599701
1.56642,-0.525988921565094
1.566425,-0.52591593431992
1.56643,-0.525842962859856
1.566435,-0.525770007180585
1.56644,-0.525697067277797
1.566445,-0.525624143147163
1.56645,-0.525551234784384
1.566455,-0.525478342185136
1.56646,-0.525405465345121
1.566465,-0.525332604260023
1.56647,-0.525259758925531
1.566475,-0.525186929337348
1.56648,-0.525114115491165
1.566485,-0.525041317382671
1.56649,-0.524968535007578
1.566495,-0.524895768361575
1.5665,-0.524823017440369
1.566505,-0.524750282239665
1.56651,-0.524677562755157
1.566515,-0.524604858982558
1.56652,-0.524532170917571
1.566525,-0.524459498555912
1.56653,-0.524386841893281
1.566535,-0.524314200925394
1.56654,-0.524241575647966
1.566545,-0.524168966056709
1.56655,-0.524096372147333
1.566555,-0.524023793915564
1.56656,-0.523951231357117
1.566565,-0.523878684467711
1.56657,-0.523806153243069
1.566575,-0.523733637678911
1.56658,-0.523661137770963
1.566585,-0.523588653514951
1.56659,-0.5235161849066
1.566595,-0.523443731941648
1.5666,-0.523371294615809
1.566605,-0.523298872924828
1.56661,-0.523226466864432
1.566615,-0.523154076430353
1.56662,-0.523081701618333
1.566625,-0.523009342424103
1.56663,-0.522936998843409
1.566635,-0.522864670871986
1.56664,-0.522792358505573
1.566645,-0.522720061739918
1.56665,-0.522647780570762
1.566655,-0.522575514993854
1.56666,-0.522503265004944
1.566665,-0.522431030599768
1.56667,-0.522358811774091
1.566675,-0.522286608523653
1.56668,-0.522214420844214
1.566685,-0.522142248731526
1.56669,-0.52207009218134
1.566695,-0.521997951189425
1.5667,-0.521925825751531
1.566705,-0.521853715863416
1.56671,-0.521781621520849
1.566715,-0.521709542719588
1.56672,-0.521637479455398
1.566725,-0.521565431724049
1.56673,-0.5214933995213
1.566735,-0.521421382842927
1.56674,-0.521349381684698
1.566745,-0.52127739604238
1.56675,-0.521205425911753
1.566755,-0.521133471288587
1.56676,-0.521061532168657
1.566765,-0.520989608547745
1.56677,-0.520917700421623
1.566775,-0.520845807786078
1.56678,-0.520773930636883
1.566785,-0.520702068969831
1.56679,-0.5206302227807
1.566795,-0.520558392065274
1.5668,-0.520486576819345
1.566805,-0.520414777038696
1.56681,-0.520342992719122
1.566815,-0.520271223856415
1.56682,-0.520199470446361
1.566825,-0.520127732484763
1.56683,-0.520056009967407
1.566835,-0.519984302890095
1.56684,-0.519912611248629
1.566845,-0.519840935038802
1.56685,-0.519769274256422
1.566855,-0.519697628897282
1.56686,-0.519625998957198
1.566865,-0.519554384431965
1.56687,-0.519482785317399
1.566875,-0.519411201609299
1.56688,-0.519339633303482
1.566885,-0.519268080395755
1.56689,-0.519196542881933
1.566895,-0.519125020757828
1.5669,-0.519053514019253
1.566905,-0.51898202266203
1.56691,-0.518910546681974
1.566915,-0.518839086074907
1.56692,-0.518767640836647
1.566925,-0.518696210963021
1.56693,-0.518624796449845
1.566935,-0.518553397292951
1.56694,-0.518482013488156
1.566945,-0.518410645031304
1.56695,-0.51833929191821
1.566955,-0.518267954144711
1.56696,-0.51819663170664
1.566965,-0.518125324599825
1.56697,-0.518054032820108
1.566975,-0.517982756363321
1.56698,-0.5179114952253
1.566985,-0.517840249401889
1.56699,-0.517769018888923
1.566995,-0.51769780368225
1.567,-0.517626603777711
1.567005,-0.517555419171144
1.56701,-0.517484249858409
1.567015,-0.517413095835341
1.56702,-0.517341957097798
1.567025,-0.51727083364162
1.56703,-0.517199725462666
1.567035,-0.517128632556789
1.56704,-0.517057554919839
1.567045,-0.516986492547678
1.56705,-0.51691544543616
1.567055,-0.516844413581139
1.56706,-0.516773396978482
1.567065,-0.516702395624049
1.56707,-0.516631409513702
1.567075,-0.516560438643305
1.56708,-0.516489483008722
1.567085,-0.516418542605821
1.56709,-0.516347617430474
1.567095,-0.516276707478542
1.5671,-0.516205812745907
1.567105,-0.516134933228429
1.56711,-0.516064068921998
1.567115,-0.515993219822473
1.56712,-0.515922385925739
1.567125,-0.515851567227676
1.56713,-0.515780763724157
1.567135,-0.515709975411064
1.56714,-0.515639202284286
1.567145,-0.515568444339698
1.56715,-0.515497701573189
1.567155,-0.515426973980647
1.56716,-0.515356261557952
1.567165,-0.515285564301004
1.56717,-0.515214882205686
1.567175,-0.51514421526789
1.56718,-0.515073563483513
1.567185,-0.515002926848444
1.56719,-0.514932305358587
1.567195,-0.514861699009832
1.5672,-0.514791107798076
1.567205,-0.514720531719232
1.56721,-0.514649970769185
1.567215,-0.514579424943853
1.56722,-0.514508894239128
1.567225,-0.514438378650918
1.56723,-0.514367878175138
1.567235,-0.514297392807685
1.56724,-0.514226922544477
1.567245,-0.514156467381425
1.56725,-0.51408602731443
1.567255,-0.514015602339418
1.56726,-0.513945192452303
1.567265,-0.513874797648996
1.56727,-0.51380441792542
1.567275,-0.513734053277487
1.56728,-0.51366370370113
1.567285,-0.513593369192259
1.56729,-0.513523049746799
1.567295,-0.513452745360682
1.5673,-0.513382456029831
1.567305,-0.513312181750166
1.56731,-0.513241922517624
1.567315,-0.51317167832813
1.56732,-0.513101449177624
1.567325,-0.513031235062033
1.56733,-0.512961035977286
1.567335,-0.512890851919328
1.56734,-0.51282068288409
1.567345,-0.512750528867511
1.56735,-0.512680389865535
1.567355,-0.512610265874096
1.56736,-0.512540156889146
1.567365,-0.512470062906617
1.56737,-0.512399983922462
1.567375,-0.512329919932625
1.56738,-0.512259870933053
1.567385,-0.512189836919701
1.56739,-0.512119817888513
1.567395,-0.512049813835442
1.5674,-0.511979824756441
1.567405,-0.511909850647465
1.56741,-0.511839891504473
1.567415,-0.511769947323417
1.56742,-0.51170001810026
1.567425,-0.511630103830961
1.56743,-0.511560204511479
1.567435,-0.511490320137779
1.56744,-0.511420450705828
1.567445,-0.511350596211578
1.56745,-0.511280756651014
1.567455,-0.511210932020093
1.56746,-0.511141122314782
1.567465,-0.511071327531064
1.56747,-0.511001547664901
1.567475,-0.510931782712268
1.56748,-0.510862032669145
1.567485,-0.5107922975315
1.56749,-0.510722577295317
1.567495,-0.510652871956571
1.5675,-0.510583181511245
1.567505,-0.510513505955319
1.56751,-0.510443845284772
1.567515,-0.510374199495599
1.56752,-0.510304568583772
1.567525,-0.510234952545289
1.56753,-0.510165351376132
1.567535,-0.510095765072293
1.56754,-0.510026193629765
1.567545,-0.509956637044534
1.56755,-0.509887095312598
1.567555,-0.509817568429948
1.56756,-0.509748056392593
1.567565,-0.509678559196511
1.56757,-0.509609076837715
1.567575,-0.5095396093122
1.56758,-0.50947015661597
1.567585,-0.509400718745025
1.56759,-0.509331295695372
1.567595,-0.509261887463014
1.5676,-0.509192494043961
1.567605,-0.509123115434221
1.56761,-0.509053751629802
1.567615,-0.508984402626713
1.56762,-0.50891506842097
1.567625,-0.508845749008585
1.56763,-0.508776444385571
1.567635,-0.508707154547952
1.56764,-0.508637879491735
1.567645,-0.508568619212944
1.56765,-0.508499373707601
1.567655,-0.508430142971721
1.56766,-0.508360927001337
1.567665,-0.508291725792465
1.56767,-0.508222539341134
1.567675,-0.508153367643371
1.56768,-0.508084210695201
1.567685,-0.50801506849266
1.56769,-0.50794594103177
1.567695,-0.507876828308569
1.5677,-0.507807730319092
1.567705,-0.507738647059367
1.56771,-0.507669578525438
1.567715,-0.507600524713338
1.56772,-0.507531485619104
1.567725,-0.507462461238783
1.56773,-0.507393451568408
1.567735,-0.507324456604028
1.56774,-0.507255476341688
1.567745,-0.507186510777424
1.56775,-0.507117559907293
1.567755,-0.507048623727339
1.56776,-0.506979702233607
1.567765,-0.506910795422157
1.56777,-0.506841903289034
1.567775,-0.506773025830295
1.56778,-0.506704163041988
1.567785,-0.50663531492018
1.56779,-0.506566481460918
1.567795,-0.506497662660263
1.5678,-0.506428858514281
1.567805,-0.506360069019028
1.56781,-0.506291294170563
1.567815,-0.506222533964957
1.56782,-0.506153788398272
1.567825,-0.506085057466572
1.56783,-0.506016341165931
1.567835,-0.50594763949241
1.56784,-0.505878952442088
1.567845,-0.505810280011027
1.56785,-0.505741622195308
1.567855,-0.505672978991002
1.56786,-0.505604350394183
1.567865,-0.505535736400932
1.56787,-0.505467137007324
1.567875,-0.50539855220944
1.56788,-0.50532998200336
1.567885,-0.505261426385169
1.56789,-0.505192885350942
1.567895,-0.505124358896777
1.5679,-0.505055847018745
1.567905,-0.504987349712943
1.56791,-0.504918866975463
1.567915,-0.504850398802382
1.56792,-0.504781945189802
1.567925,-0.504713506133814
1.56793,-0.504645081630504
1.567935,-0.504576671675978
1.56794,-0.504508276266326
1.567945,-0.504439895397647
1.56795,-0.504371529066043
1.567955,-0.504303177267609
1.56796,-0.50423483999845
1.567965,-0.504166517254667
1.56797,-0.504098209032367
1.567975,-0.504029915327654
1.56798,-0.503961636136631
1.567985,-0.503893371455414
1.56799,-0.503825121280108
1.567995,-0.503756885606821
1.568,-0.503688664431669
1.568005,-0.503620457750762
1.56801,-0.503552265560222
1.568015,-0.503484087856157
1.56802,-0.503415924634685
1.568025,-0.50334777589193
1.56803,-0.503279641624003
1.568035,-0.503211521827035
1.56804,-0.503143416497139
1.568045,-0.503075325630443
1.56805,-0.503007249223078
1.568055,-0.502939187271158
1.56806,-0.502871139770817
1.568065,-0.502803106718185
1.56807,-0.502735088109388
1.568075,-0.502667083940562
1.56808,-0.502599094207836
1.568085,-0.502531118907343
1.56809,-0.502463158035224
1.568095,-0.502395211587608
1.5681,-0.502327279560638
1.568105,-0.502259361950456
1.56811,-0.502191458753191
1.568115,-0.502123569964997
1.56812,-0.502055695582008
1.568125,-0.50198783560037
1.56813,-0.501919990016234
1.568135,-0.501852158825736
1.56814,-0.501784342025039
1.568145,-0.501716539610281
1.56815,-0.501648751577615
1.568155,-0.501580977923195
1.56816,-0.50151321864317
1.568165,-0.501445473733698
1.56817,-0.501377743190934
1.568175,-0.501310027011037
1.56818,-0.50124232519016
1.568185,-0.501174637724464
1.56819,-0.501106964610111
1.568195,-0.501039305843269
1.5682,-0.50097166142009
1.568205,-0.500904031336747
1.56821,-0.500836415589401
1.568215,-0.500768814174221
1.56822,-0.500701227087377
1.568225,-0.500633654325038
1.56823,-0.500566095883372
1.568235,-0.500498551758556
1.56824,-0.500431021946757
1.568245,-0.500363506444161
1.56825,-0.500296005246934
1.568255,-0.500228518351254
1.56826,-0.500161045753304
1.568265,-0.500093587449257
1.56827,-0.500026143435308
1.568275,-0.499958713707625
1.56828,-0.499891298262393
1.568285,-0.499823897095807
1.56829,-0.499756510204044
1.568295,-0.499689137583295
1.5683,-0.499621779229748
1.568305,-0.499554435139597
1.56831,-0.499487105309024
1.568315,-0.499419789734231
1.56832,-0.499352488411404
1.568325,-0.499285201336745
1.56833,-0.499217928506445
1.568335,-0.499150669916705
1.56834,-0.499083425563725
1.568345,-0.499016195443698
1.56835,-0.498948979552833
1.568355,-0.498881777887327
1.56836,-0.498814590443391
1.568365,-0.498747417217222
1.56837,-0.49868025820503
1.568375,-0.498613113403023
1.56838,-0.498545982807409
1.568385,-0.498478866414401
1.56839,-0.498411764220207
1.568395,-0.498344676221041
1.5684,-0.498277602413117
1.568405,-0.498210542792647
1.56841,-0.49814349735585
1.568415,-0.498076466098951
1.56842,-0.498009449018156
1.568425,-0.497942446109695
1.56843,-0.497875457369783
1.568435,-0.497808482794645
1.56844,-0.497741522380505
1.568445,-0.497674576123589
1.56845,-0.497607644020124
1.568455,-0.497540726066337
1.56846,-0.497473822258453
1.568465,-0.497406932592712
1.56847,-0.497340057065335
1.568475,-0.49727319567256
1.56848,-0.49720634841062
1.568485,-0.497139515275752
1.56849,-0.497072696264188
1.568495,-0.497005891372168
1.5685,-0.49693910059593
1.568505,-0.496872323931722
1.56851,-0.496805561375774
1.568515,-0.496738812924333
1.56852,-0.496672078573645
1.568525,-0.496605358319953
1.56853,-0.496538652159507
1.568535,-0.496471960088549
1.56854,-0.496405282103329
1.568545,-0.496338618200102
1.56855,-0.496271968375111
1.568555,-0.49620533262462
1.56856,-0.496138710944874
1.568565,-0.496072103332128
1.56857,-0.496005509782646
1.568575,-0.495938930292677
1.56858,-0.495872364858484
1.568585,-0.49580581347633
1.56859,-0.495739276142467
1.568595,-0.495672752853165
1.5686,-0.495606243604689
1.568605,-0.4955397483933
1.56861,-0.495473267215265
1.568615,-0.49540680006685
1.56862,-0.495340346944327
1.568625,-0.495273907843966
1.56863,-0.495207482762033
1.568635,-0.495141071694808
1.56864,-0.495074674638558
1.568645,-0.495008291589561
1.56865,-0.494941922544093
1.568655,-0.494875567498431
1.56866,-0.494809226448855
1.568665,-0.494742899391642
1.56867,-0.494676586323073
1.568675,-0.494610287239435
1.56868,-0.494544002137005
1.568685,-0.494477731012074
1.56869,-0.494411473860925
1.568695,-0.494345230679842
1.5687,-0.494279001465118
1.568705,-0.494212786213041
1.56871,-0.4941465849199
1.568715,-0.494080397581994
1.56872,-0.494014224195606
1.568725,-0.493948064757042
1.56873,-0.493881919262589
1.568735,-0.493815787708544
1.56874,-0.493749670091212
1.568745,-0.493683566406889
1.56875,-0.49361747665187
1.568755,-0.493551400822464
1.56876,-0.493485338914972
1.568765,-0.4934192909257
1.56877,-0.493353256850953
1.568775,-0.493287236687031
1.56878,-0.493221230430253
1.568785,-0.493155238076919
1.56879,-0.493089259623348
1.568795,-0.493023295065845
1.5688,-0.492957344400722
1.568805,-0.492891407624299
1.56881,-0.492825484732889
1.568815,-0.492759575722805
1.56882,-0.49269368059037
1.568825,-0.4926277993319
1.56883,-0.492561931943713
1.568835,-0.492496078422136
1.56884,-0.492430238763486
1.568845,-0.492364412964093
1.56885,-0.492298601020274
1.568855,-0.492232802928363
1.56886,-0.492167018684685
1.568865,-0.492101248285568
1.56887,-0.49203549172734
1.568875,-0.491969749006335
1.56888,-0.491904020118882
1.568885,-0.491838305061319
1.56889,-0.491772603829977
1.568895,-0.491706916421193
1.5689,-0.491641242831306
1.568905,-0.491575583056651
1.56891,-0.49150993709357
1.568915,-0.491444304938405
1.56892,-0.491378686587498
1.568925,-0.491313082037186
1.56893,-0.491247491283819
1.568935,-0.49118191432374
1.56894,-0.491116351153301
1.568945,-0.491050801768843
1.56895,-0.49098526616672
1.568955,-0.49091974434328
1.56896,-0.490854236294876
1.568965,-0.490788742017862
1.56897,-0.490723261508585
1.568975,-0.490657794763413
1.56898,-0.490592341778689
1.568985,-0.490526902550781
1.56899,-0.490461477076041
1.568995,-0.490396065350829
1.569,-0.490330667371516
1.569005,-0.490265283134453
1.56901,-0.490199912636006
1.569015,-0.490134555872543
1.56902,-0.490069212840429
1.569025,-0.490003883536031
1.56903,-0.489938567955721
1.569035,-0.489873266095861
1.56904,-0.489807977952828
1.569045,-0.48974270352299
1.56905,-0.489677442802724
1.569055,-0.489612195788402
1.56906,-0.489546962476403
1.569065,-0.4894817428631
1.56907,-0.48941653694487
1.569075,-0.489351344718096
1.56908,-0.489286166179156
1.569085,-0.489221001324428
1.56909,-0.489155850150306
1.569095,-0.489090712653167
1.5691,-0.489025588829392
1.569105,-0.488960478675374
1.56911,-0.488895382187497
1.569115,-0.488830299362152
1.56912,-0.48876523019573
1.569125,-0.488700174684615
1.56913,-0.488635132825207
1.569135,-0.488570104613898
1.56914,-0.488505090047077
1.569145,-0.488440089121148
1.56915,-0.488375101832502
1.569155,-0.488310128177541
1.56916,-0.488245168152668
1.569165,-0.488180221754272
1.56917,-0.488115288978762
1.569175,-0.488050369822542
1.56918,-0.487985464282017
1.569185,-0.48792057235359
1.56919,-0.487855694033663
1.569195,-0.487790829318651
1.5692,-0.487725978204962
1.569205,-0.487661140689
1.56921,-0.487596316767183
1.569215,-0.487531506435919
1.56922,-0.487466709691629
1.569225,-0.487401926530718
1.56923,-0.487337156949606
1.569235,-0.487272400944714
1.56924,-0.487207658512456
1.569245,-0.48714292964925
1.56925,-0.487078214351523
1.569255,-0.487013512615692
1.56926,-0.486948824438181
1.569265,-0.486884149815415
1.56927,-0.486819488743819
1.569275,-0.48675484121982
1.56928,-0.486690207239842
1.569285,-0.486625586800321
1.56929,-0.486560979897683
1.569295,-0.486496386528356
1.5693,-0.486431806688782
1.569305,-0.486367240375385
1.56931,-0.486302687584604
1.569315,-0.486238148312878
1.56932,-0.486173622556636
1.569325,-0.486109110312325
1.56933,-0.486044611576383
1.569335,-0.48598012634524
1.56934,-0.485915654615353
1.569345,-0.485851196383155
1.56935,-0.485786751645099
1.569355,-0.485722320397622
1.56936,-0.485657902637169
1.569365,-0.485593498360198
1.56937,-0.485529107563149
1.569375,-0.485464730242475
1.56938,-0.485400366394628
1.569385,-0.485336016016062
1.56939,-0.485271679103226
1.569395,-0.485207355652579
1.5694,-0.485143045660569
1.569405,-0.485078749123663
1.56941,-0.485014466038314
1.569415,-0.484950196400985
1.56942,-0.484885940208134
1.569425,-0.484821697456217
1.56943,-0.484757468141707
1.569435,-0.484693252261065
1.56944,-0.484629049810751
1.569445,-0.484564860787235
1.56945,-0.484500685186986
1.569455,-0.484436523006473
1.56946,-0.484372374242164
1.569465,-0.484308238890525
1.56947,-0.484244116948038
1.569475,-0.484180008411169
1.56948,-0.484115913276397
1.569485,-0.484051831540195
1.56949,-0.483987763199039
1.569495,-0.48392370824941
1.5695,-0.483859666687785
1.569505,-0.483795638510645
1.56951,-0.483731623714472
1.569515,-0.483667622295741
1.56952,-0.483603634250951
1.569525,-0.483539659576577
1.56953,-0.483475698269101
1.569535,-0.483411750325023
1.56954,-0.483347815740816
1.569545,-0.483283894512981
1.56955,-0.483219986638006
1.569555,-0.483156092112376
1.56956,-0.483092210932598
1.569565,-0.483028343095155
1.56957,-0.482964488596543
1.569575,-0.482900647433263
1.56958,-0.482836819601805
1.569585,-0.482773005098681
1.56959,-0.482709203920375
1.569595,-0.482645416063395
1.5696,-0.482581641524252
1.569605,-0.482517880299432
1.56961,-0.482454132385455
1.569615,-0.482390397778818
1.56962,-0.482326676476026
1.569625,-0.482262968473598
1.56963,-0.482199273768031
1.569635,-0.48213559235584
1.56964,-0.482071924233537
1.569645,-0.482008269397631
1.56965,-0.481944627844642
1.569655,-0.481880999571084
1.56966,-0.481817384573464
1.569665,-0.481753782848305
1.56967,-0.481690194392128
1.569675,-0.48162661920145
1.56968,-0.48156305727279
1.569685,-0.481499508602667
1.56969,-0.481435973187612
1.569695,-0.481372451024145
1.5697,-0.481308942108786
1.569705,-0.481245446438067
1.56971,-0.481181964008513
1.569715,-0.481118494816654
1.56972,-0.481055038859021
1.569725,-0.480991596132139
1.56973,-0.480928166632545
1.569735,-0.480864750356769
1.56974,-0.48080134730135
1.569745,-0.480737957462815
1.56975,-0.480674580837708
1.569755,-0.480611217422566
1.56976,-0.480547867213921
1.569765,-0.480484530208318
1.56977,-0.4804212064023
1.569775,-0.480357895792403
1.56978,-0.480294598375176
1.569785,-0.480231314147162
1.56979,-0.4801680431049
1.569795,-0.480104785244946
1.5698,-0.480041540563844
1.569805,-0.47997830905814
1.56981,-0.479915090724389
1.569815,-0.47985188555914
1.56982,-0.47978869355894
1.569825,-0.479725514720352
1.56983,-0.479662349039927
1.569835,-0.479599196514216
1.56984,-0.479536057139779
1.569845,-0.479472930913178
1.56985,-0.479409817830966
1.569855,-0.479346717889705
1.56986,-0.479283631085956
1.569865,-0.479220557416285
1.56987,-0.479157496877249
1.569875,-0.47909444946542
1.56988,-0.479031415177357
1.569885,-0.478968394009634
1.56989,-0.478905385958816
1.569895,-0.478842391021466
1.5699,-0.478779409194163
1.569905,-0.478716440473471
1.56991,-0.478653484855972
1.569915,-0.478590542338233
1.56992,-0.478527612916826
1.569925,-0.478464696588337
1.56993,-0.47840179334933
1.569935,-0.478338903196397
1.56994,-0.478276026126107
1.569945,-0.478213162135043
1.56995,-0.478150311219791
1.569955,-0.478087473376927
1.56996,-0.478024648603035
1.569965,-0.477961836894708
1.56997,-0.47789903824852
1.569975,-0.477836252661069
1.56998,-0.477773480128939
1.569985,-0.477710720648719
1.56999,-0.477647974216997
1.569995,-0.477585240830371
1.57,-0.477522520485427
1.570005,-0.477459813178763
1.57001,-0.47739711890697
1.570015,-0.477334437666651
1.57002,-0.477271769454396
1.570025,-0.477209114266803
1.57003,-0.477146472100479
1.570035,-0.477083842952016
1.57004,-0.477021226818022
1.570045,-0.476958623695095
1.57005,-0.476896033579843
1.570055,-0.476833456468868
1.57006,-0.476770892358777
1.570065,-0.476708341246175
1.57007,-0.476645803127674
1.570075,-0.476583277999881
1.57008,-0.476520765859408
1.570085,-0.476458266702864
1.57009,-0.476395780526863
1.570095,-0.47633330732802
1.5701,-0.476270847102946
1.570105,-0.476208399848264
1.57011,-0.476145965560587
1.570115,-0.47608354423653
1.57012,-0.476021135872718
1.570125,-0.475958740465767
1.57013,-0.475896358012305
1.570135,-0.475833988508944
1.57014,-0.475771631952316
1.570145,-0.475709288339045
1.57015,-0.475646957665756
1.570155,-0.475584639929077
1.57016,-0.475522335125631
1.570165,-0.47546004325205
1.57017,-0.475397764304972
1.570175,-0.475335498281015
1.57018,-0.475273245176821
1.570185,-0.475211004989024
1.57019,-0.475148777714254
1.570195,-0.475086563349146
1.5702,-0.475024361890344
1.570205,-0.474962173334477
1.57021,-0.474899997678193
1.570215,-0.474837834918128
1.57022,-0.474775685050919
1.570225,-0.474713548073215
1.57023,-0.474651423981659
1.570235,-0.474589312772893
1.57024,-0.474527214443564
1.570245,-0.474465128990319
1.57025,-0.474403056409807
1.570255,-0.474340996698676
1.57026,-0.474278949853569
1.570265,-0.474216915871152
1.57027,-0.474154894748065
1.570275,-0.474092886480964
1.57028,-0.47403089106651
1.570285,-0.473968908501351
1.57029,-0.473906938782145
1.570295,-0.473844981905551
1.5703,-0.473783037868228
1.570305,-0.47372110666684
1.57031,-0.473659188298038
1.570315,-0.473597282758494
1.57032,-0.473535390044866
1.570325,-0.47347351015382
1.57033,-0.47341164308202
1.570335,-0.473349788826131
1.57034,-0.473287947382827
1.570345,-0.473226118748771
1.57035,-0.473164302920637
1.570355,-0.473102499895089
1.57036,-0.473040709668803
1.570365,-0.472978932238455
1.57037,-0.472917167600713
1.570375,-0.472855415752255
1.57038,-0.472793676689762
1.570385,-0.472731950409905
1.57039,-0.472670236909359
1.570395,-0.472608536184815
1.5704,-0.472546848232944
1.570405,-0.472485173050434
1.57041,-0.472423510633961
1.570415,-0.472361860980215
1.57042,-0.472300224085876
1.570425,-0.472238599947638
1.57043,-0.472176988562178
1.570435,-0.472115389926189
1.57044,-0.472053804036359
1.570445,-0.471992230889382
1.57045,-0.471930670481948
1.570455,-0.471869122810742
1.57046,-0.471807587872468
1.570465,-0.471746065663815
1.57047,-0.471684556181482
1.570475,-0.471623059422163
1.57048,-0.471561575382555
1.570485,-0.471500104059357
1.57049,-0.471438645449276
1.570495,-0.471377199549006
1.5705,-0.471315766355248
1.570505,-0.471254345864709
1.57051,-0.471192938074094
1.570515,-0.471131542980106
1.57052,-0.471070160579451
1.570525,-0.471008790868838
1.57053,-0.470947433844974
1.570535,-0.470886089504577
1.57054,-0.470824757844344
1.570545,-0.470763438860994
1.57055,-0.470702132551244
1.570555,-0.470640838911798
1.57056,-0.47057955793938
1.570565,-0.4705182896307
1.57057,-0.47045703398248
1.570575,-0.470395790991435
1.57058,-0.470334560654284
1.570585,-0.470273342967753
1.57059,-0.470212137928553
1.570595,-0.470150945533417
1.5706,-0.470089765779064
1.570605,-0.470028598662218
1.57061,-0.469967444179604
1.570615,-0.469906302327952
1.57062,-0.469845173103987
1.570625,-0.46978405650444
1.57063,-0.469722952526044
1.570635,-0.469661861165517
1.57064,-0.469600782419608
1.570645,-0.469539716285043
1.57065,-0.469478662758551
1.570655,-0.469417621836876
1.57066,-0.469356593516744
1.570665,-0.469295577794904
1.57067,-0.46923457466809
1.570675,-0.469173584133036
1.57068,-0.469112606186491
1.570685,-0.469051640825192
1.57069,-0.468990688045884
1.570695,-0.468929747845309
1.5707,-0.46886882022021
1.570705,-0.468807905167338
1.57071,-0.468747002683437
1.570715,-0.468686112765253
1.57072,-0.468625235409543
1.570725,-0.468564370613044
1.57073,-0.46850351837252
1.570735,-0.468442678684715
1.57074,-0.468381851546385
1.570745,-0.468321036954291
1.57075,-0.468260234905173
1.570755,-0.468199445395804
1.57076,-0.46813866842293
1.570765,-0.468077903983313
1.57077,-0.468017152073717
1.570775,-0.467956412690897
1.57078,-0.467895685831613
1.570785,-0.467834971492638
1.57079,-0.467774269670726
1.570795,-0.467713580362644
1.5708,-0.467652903565164
1.570805,-0.467592239275043
1.57081,-0.467531587489059
1.570815,-0.467470948203971
1.57082,-0.467410321416559
1.570825,-0.46734970712359
1.57083,-0.467289105321831
1.570835,-0.467228516008066
1.57084,-0.467167939179063
1.570845,-0.467107374831593
1.57085,-0.467046822962445
1.570855,-0.466986283568384
1.57086,-0.466925756646196
1.570865,-0.466865242192657
1.57087,-0.466804740204547
1.570875,-0.466744250678652
1.57088,-0.466683773611753
1.570885,-0.466623309000631
1.57089,-0.466562856842077
1.570895,-0.466502417132868
1.5709,-0.4664419898698
1.570905,-0.466381575049655
1.57091,-0.466321172669222
1.570915,-0.466260782725294
1.57092,-0.466200405214661
1.570925,-0.466140040134112
1.57093,-0.466079687480447
1.570935,-0.466019347250454
1.57094,-0.465959019440933
1.570945,-0.465898704048676
1.57095,-0.465838401070482
1.570955,-0.46577811050315
1.57096,-0.465717832343481
1.570965,-0.465657566588271
1.57097,-0.465597313234328
1.570975,-0.465537072278443
1.57098,-0.465476843717432
1.570985,-0.465416627548095
1.57099,-0.465356423767235
1.570995,-0.465296232371662
1.571,-0.465236053358182
1.571005,-0.465175886723606
1.57101,-0.465115732464744
1.571015,-0.465055590578402
1.57102,-0.464995461061395
1.571025,-0.464935343910537
1.57103,-0.464875239122642
1.571035,-0.464815146694523
1.57104,-0.464755066622995
1.571045,-0.464694998904878
1.57105,-0.464634943536986
1.571055,-0.464574900516147
1.57106,-0.464514869839173
1.571065,-0.464454851502884
1.57107,-0.464394845504109
1.571075,-0.464334851839666
1.57108,-0.46427487050638
1.571085,-0.464214901501079
1.57109,-0.464154944820586
1.571095,-0.464095000461731
1.5711,-0.464035068421344
1.571105,-0.463975148696248
1.57111,-0.463915241283278
1.571115,-0.463855346179263
1.57112,-0.463795463381039
1.571125,-0.463735592885442
1.57113,-0.463675734689295
1.571135,-0.463615888789444
1.57114,-0.463556055182722
1.571145,-0.463496233865966
1.57115,-0.463436424836017
1.571155,-0.463376628089711
1.57116,-0.463316843623891
1.571165,-0.463257071435402
1.57117,-0.463197311521082
1.571175,-0.463137563877776
1.57118,-0.463077828502327
1.571185,-0.463018105391584
1.57119,-0.462958394542393
1.571195,-0.462898695951601
1.5712,-0.462839009616059
1.571205,-0.462779335532617
1.57121,-0.462719673698118
1.571215,-0.462660024109426
1.57122,-0.462600386763385
1.571225,-0.462540761656853
1.57123,-0.462481148786686
1.571235,-0.462421548149736
1.57124,-0.462361959742862
1.571245,-0.46230238356292
1.57125,-0.462242819606775
1.571255,-0.462183267871285
1.57126,-0.462123728353307
1.571265,-0.462064201049704
1.57127,-0.462004685957342
1.571275,-0.461945183073085
1.57128,-0.461885692393799
1.571285,-0.461826213916342
1.57129,-0.461766747637596
1.571295,-0.461707293554415
1.5713,-0.461647851663672
1.571305,-0.461588421962246
1.57131,-0.461529004446998
1.571315,-0.461469599114807
1.57132,-0.461410205962539
1.571325,-0.461350824987071
1.57133,-0.461291456185285
1.571335,-0.461232099554048
1.57134,-0.461172755090243
1.571345,-0.461113422790749
1.57135,-0.461054102652441
1.571355,-0.4609947946722
1.57136,-0.460935498846913
1.571365,-0.460876215173453
1.57137,-0.460816943648716
1.571375,-0.460757684269573
1.57138,-0.460698437032919
1.571385,-0.460639201935637
1.57139,-0.460579978974609
1.571395,-0.460520768146734
1.5714,-0.460461569448897
1.571405,-0.460402382877987
1.57141,-0.460343208430893
1.571415,-0.460284046104513
1.57142,-0.46022489589574
1.571425,-0.460165757801465
1.57143,-0.460106631818583
1.571435,-0.460047517943996
1.57144,-0.459988416174599
1.571445,-0.459929326507288
1.57145,-0.459870248938963
1.571455,-0.459811183466526
1.57146,-0.459752130086878
1.571465,-0.459693088796926
1.57147,-0.459634059593564
1.571475,-0.459575042473705
1.57148,-0.459516037434248
1.571485,-0.459457044472107
1.57149,-0.459398063584184
1.571495,-0.459339094767389
1.5715,-0.459280138018626
1.571505,-0.459221193334817
1.57151,-0.459162260712865
1.571515,-0.459103340149688
1.57152,-0.45904443164219
1.571525,-0.458985535187296
1.57153,-0.458926650781919
1.571535,-0.458867778422973
1.57154,-0.458808918107376
1.571545,-0.458750069832046
1.57155,-0.458691233593904
1.571555,-0.45863240938987
1.57156,-0.458573597216865
1.571565,-0.458514797071814
1.57157,-0.458456008951635
1.571575,-0.458397232853258
1.57158,-0.458338468773608
1.571585,-0.458279716709606
1.57159,-0.458220976658185
1.571595,-0.458162248616272
1.5716,-0.458103532580797
1.571605,-0.458044828548688
1.57161,-0.457986136516879
1.571615,-0.4579274564823
1.57162,-0.457868788441887
1.571625,-0.457810132392572
1.57163,-0.457751488331295
1.571635,-0.457692856254987
1.57164,-0.457634236160586
1.571645,-0.457575628045032
1.57165,-0.457517031905264
1.571655,-0.457458447738226
1.57166,-0.457399875540854
1.571665,-0.45734131531009
1.57167,-0.45728276704288
1.571675,-0.457224230736166
1.57168,-0.457165706386899
1.571685,-0.457107193992019
1.57169,-0.457048693548477
1.571695,-0.456990205053218
1.5717,-0.456931728503193
1.571705,-0.456873263895352
1.57171,-0.456814811226646
1.571715,-0.456756370494028
1.57172,-0.45669794169445
1.571725,-0.45663952482487
1.57173,-0.456581119882235
1.571735,-0.456522726863509
1.57174,-0.456464345765647
1.571745,-0.456405976585604
1.57175,-0.456347619320343
1.571755,-0.45628927396682
1.57176,-0.456230940521999
1.571765,-0.456172618982842
1.57177,-0.456114309346311
1.571775,-0.456056011609369
1.57178,-0.455997725768985
1.571785,-0.45593945182212
1.57179,-0.455881189765744
1.571795,-0.455822939596821
1.5718,-0.455764701312328
1.571805,-0.455706474909227
1.57181,-0.455648260384489
1.571815,-0.455590057735091
1.57182,-0.455531866958001
1.571825,-0.455473688050196
1.57183,-0.455415521008652
1.571835,-0.455357365830336
1.57184,-0.455299222512234
1.571845,-0.45524109105132
1.57185,-0.455182971444575
1.571855,-0.455124863688975
1.57186,-0.4550667677815
1.571865,-0.455008683719138
1.57187,-0.454950611498865
1.571875,-0.454892551117665
1.57188,-0.454834502572527
1.571885,-0.454776465860432
1.57189,-0.454718440978372
1.571895,-0.454660427923325
1.5719,-0.454602426692287
1.571905,-0.454544437282247
1.57191,-0.45448645969019
1.571915,-0.454428493913113
1.57192,-0.454370539948008
1.571925,-0.45431259779186
1.57193,-0.454254667441674
1.571935,-0.454196748894438
1.57194,-0.454138842147154
1.571945,-0.454080947196813
1.57195,-0.454023064040416
1.571955,-0.453965192674962
1.57196,-0.45390733309745
1.571965,-0.453849485304881
1.57197,-0.453791649294259
1.571975,-0.453733825062587
1.57198,-0.453676012606864
1.571985,-0.453618211924101
1.57199,-0.4535604230113
1.571995,-0.453502645865468
1.572,-0.453444880483611
1.572005,-0.453387126862744
1.57201,-0.453329384999874
1.572015,-0.453271654892006
1.57202,-0.453213936536157
1.572025,-0.453156229929341
1.57203,-0.453098535068566
1.572035,-0.45304085195085
1.57204,-0.452983180573204
1.572045,-0.452925520932654
1.57205,-0.452867873026209
1.572055,-0.452810236850889
1.57206,-0.452752612403717
1.572065,-0.452694999681708
1.57207,-0.452637398681883
1.572075,-0.452579809401272
1.57208,-0.452522231836888
1.572085,-0.452464665985764
1.57209,-0.452407111844918
1.572095,-0.452349569411374
1.5721,-0.452292038682172
1.572105,-0.452234519654326
1.57211,-0.452177012324873
1.572115,-0.452119516690838
1.57212,-0.452062032749256
1.572125,-0.452004560497156
1.57213,-0.45194709993157
1.572135,-0.451889651049536
1.57214,-0.451832213848083
1.572145,-0.451774788324248
1.57215,-0.451717374475071
1.572155,-0.451659972297586
1.57216,-0.451602581788833
1.572165,-0.45154520294585
1.57217,-0.451487835765675
1.572175,-0.451430480245355
1.57218,-0.451373136381928
1.572185,-0.451315804172442
1.57219,-0.451258483613934
1.572195,-0.451201174703452
1.5722,-0.451143877438046
1.572205,-0.451086591814761
1.57221,-0.451029317830642
1.572215,-0.45097205548274
1.57222,-0.450914804768102
1.572225,-0.450857565683781
1.57223,-0.450800338226832
1.572235,-0.4507431223943
1.57224,-0.450685918183247
1.572245,-0.450628725590721
1.57225,-0.45057154461378
1.572255,-0.450514375249484
1.57226,-0.450457217494882
1.572265,-0.450400071347042
1.57227,-0.450342936803016
1.572275,-0.450285813859865
1.57228,-0.450228702514656
1.572285,-0.450171602764446
1.57229,-0.450114514606297
1.572295,-0.450057438037278
1.5723,-0.45000037305445
1.572305,-0.44994331965488
1.57231,-0.449886277835634
1.572315,-0.449829247593779
1.57232,-0.449772228926392
1.572325,-0.44971522183053
1.57233,-0.44965822630327
1.572335,-0.449601242341686
1.57234,-0.449544269942846
1.572345,-0.449487309103825
1.57235,-0.449430359821699
1.572355,-0.44937342209354
1.57236,-0.449316495916429
1.572365,-0.449259581287437
1.57237,-0.449202678203646
1.572375,-0.449145786662136
1.57238,-0.449088906659983
1.572385,-0.449032038194275
1.57239,-0.448975181262085
1.572395,-0.448918335860503
1.5724,-0.44886150198661
1.572405,-0.448804679637489
1.57241,-0.448747868810224
1.572415,-0.44869106950191
1.57242,-0.44863428170963
1.572425,-0.448577505430468
1.57243,-0.448520740661518
1.572435,-0.448463987399872
1.57244,-0.448407245642619
1.572445,-0.448350515386848
1.57245,-0.448293796629657
1.572455,-0.44823708936814
1.57246,-0.448180393599386
1.572465,-0.4481237093205
1.57247,-0.44806703652857
1.572475,-0.4480103752207
1.57248,-0.447953725393984
1.572485,-0.447897087045524
1.57249,-0.447840460172422
1.572495,-0.447783844771779
1.5725,-0.447727240840697
1.572505,-0.447670648376277
1.57251,-0.447614067375625
1.572515,-0.44755749783585
1.57252,-0.447500939754053
1.572525,-0.447444393127341
1.57253,-0.447387857952827
1.572535,-0.447331334227615
1.57254,-0.447274821948814
1.572545,-0.447218321113541
1.57255,-0.447161831718903
1.572555,-0.447105353762015
1.57256,-0.447048887239988
1.572565,-0.446992432149938
1.57257,-0.446935988488983
1.572575,-0.446879556254233
1.57258,-0.446823135442812
1.572585,-0.446766726051836
1.57259,-0.446710328078419
1.572595,-0.446653941519688
1.5726,-0.446597566372759
1.572605,-0.446541202634761
1.57261,-0.446484850302811
1.572615,-0.446428509374031
1.57262,-0.446372179845553
1.572625,-0.446315861714492
1.57263,-0.446259554977986
1.572635,-0.446203259633157
1.57264,-0.446146975677131
1.572645,-0.446090703107042
1.57265,-0.446034441920017
1.572655,-0.445978192113189
1.57266,-0.44592195368369
1.572665,-0.445865726628647
1.57267,-0.445809510945204
1.572675,-0.445753306630494
1.57268,-0.445697113681644
1.572685,-0.445640932095796
1.57269,-0.445584761870089
1.572695,-0.445528603001662
1.5727,-0.445472455487655
1.572705,-0.445416319325201
1.57271,-0.44536019451145
1.572715,-0.445304081043538
1.57272,-0.445247978918608
1.572725,-0.445191888133814
1.57273,-0.445135808686286
1.572735,-0.445079740573185
1.57274,-0.445023683791646
1.572745,-0.444967638338817
1.57275,-0.444911604211852
1.572755,-0.444855581407902
1.57276,-0.444799569924111
1.572765,-0.444743569757635
1.57277,-0.444687580905623
1.572775,-0.444631603365232
1.57278,-0.444575637133612
1.572785,-0.444519682207918
1.57279,-0.444463738585314
1.572795,-0.444407806262942
1.5728,-0.444351885237973
1.572805,-0.444295975507557
1.57281,-0.444240077068859
1.572815,-0.44418418991904
1.57282,-0.444128314055254
1.572825,-0.444072449474671
1.57283,-0.444016596174452
1.572835,-0.443960754151756
1.57284,-0.443904923403757
1.572845,-0.443849103927614
1.57285,-0.443793295720496
1.572855,-0.44373749877957
1.57286,-0.443681713102005
1.572865,-0.443625938684971
1.57287,-0.443570175525639
1.572875,-0.443514423621178
1.57288,-0.443458682968763
1.572885,-0.443402953565564
1.57289,-0.443347235408756
1.572895,-0.443291528495516
1.5729,-0.443235832823016
1.572905,-0.443180148388439
1.57291,-0.443124475188958
1.572915,-0.443068813221753
1.57292,-0.443013162484001
1.572925,-0.442957522972885
1.57293,-0.442901894685583
1.572935,-0.442846277619284
1.57294,-0.442790671771163
1.572945,-0.442735077138412
1.57295,-0.442679493718204
1.572955,-0.44262392150774
1.57296,-0.442568360504198
1.572965,-0.44251281070476
1.57297,-0.442457272106628
1.572975,-0.44240174470698
1.57298,-0.442346228503009
1.572985,-0.442290723491913
1.57299,-0.442235229670878
1.572995,-0.442179747037094
1.573,-0.442124275587764
1.573005,-0.442068815320071
1.57301,-0.442013366231223
1.573015,-0.441957928318407
1.57302,-0.441902501578826
1.573025,-0.441847086009675
1.57303,-0.441791681608155
1.573035,-0.441736288371466
1.57304,-0.441680906296809
1.573045,-0.441625535381384
1.57305,-0.441570175622398
1.573055,-0.44151482701705
1.57306,-0.441459489562552
1.573065,-0.441404163256099
1.57307,-0.441348848094904
1.573075,-0.441293544076175
1.57308,-0.441238251197116
1.573085,-0.44118296945494
1.57309,-0.441127698846855
1.573095,-0.441072439370071
1.5731,-0.441017191021801
1.573105,-0.440961953799261
1.57311,-0.440906727699659
1.573115,-0.440851512720211
1.57312,-0.440796308858135
1.573125,-0.440741116110641
1.57313,-0.440685934474956
1.573135,-0.440630763948285
1.57314,-0.44057560452786
1.573145,-0.440520456210896
1.57315,-0.440465318994606
1.573155,-0.440410192876223
1.57316,-0.440355077852962
1.573165,-0.440299973922052
1.57317,-0.440244881080713
1.573175,-0.440189799326171
1.57318,-0.440134728655653
1.573185,-0.440079669066382
1.57319,-0.440024620555591
1.573195,-0.439969583120507
1.5732,-0.439914556758355
1.573205,-0.439859541466374
1.57321,-0.439804537241788
1.573215,-0.439749544081834
1.57322,-0.439694561983742
1.573225,-0.439639590944746
1.57323,-0.439584630962082
1.573235,-0.439529682032987
1.57324,-0.439474744154695
1.573245,-0.439419817324446
1.57325,-0.439364901539474
1.573255,-0.439309996797024
1.57326,-0.439255103094335
1.573265,-0.43920022042864
1.57327,-0.439145348797191
1.573275,-0.43909048819723
1.57328,-0.439035638625993
1.573285,-0.43898080008073
1.57329,-0.438925972558685
1.573295,-0.438871156057106
1.5733,-0.438816350573241
1.573305,-0.438761556104331
1.57331,-0.438706772647636
1.573315,-0.438652000200396
1.57332,-0.43859723875987
1.573325,-0.4385424883233
1.57333,-0.438487748887947
1.573335,-0.438433020451058
1.57334,-0.438378303009891
1.573345,-0.438323596561702
1.57335,-0.438268901103745
1.573355,-0.438214216633273
1.57336,-0.438159543147553
1.573365,-0.438104880643837
1.57337,-0.438050229119384
1.573375,-0.437995588571457
1.57338,-0.437940958997312
1.573385,-0.437886340394222
1.57339,-0.437831732759441
1.573395,-0.437777136090234
1.5734,-0.437722550383869
1.573405,-0.437667975637607
1.57341,-0.437613411848718
1.573415,-0.437558859014468
1.57342,-0.437504317132124
1.573425,-0.43744978619896
1.57343,-0.437395266212239
1.573435,-0.437340757169237
1.57344,-0.437286259067221
1.573445,-0.437231771903469
1.57345,-0.437177295675251
1.573455,-0.437122830379843
1.57346,-0.437068376014518
1.573465,-0.437013932576554
1.57347,-0.43695950006323
1.573475,-0.436905078471812
1.57348,-0.436850667799598
1.573485,-0.436796268043851
1.57349,-0.436741879201857
1.573495,-0.4366875012709
1.5735,-0.436633134248259
1.573505,-0.436578778131217
1.57351,-0.436524432917056
1.573515,-0.436470098603069
1.57352,-0.436415775186534
1.573525,-0.436361462664737
1.57353,-0.436307161034969
1.573535,-0.436252870294519
1.57354,-0.436198590440668
1.573545,-0.436144321470716
1.57355,-0.436090063381947
1.573555,-0.436035816171657
1.57356,-0.435981579837136
1.573565,-0.435927354375676
1.57357,-0.435873139784574
1.573575,-0.435818936061122
1.57358,-0.435764743202623
1.573585,-0.435710561206365
1.57359,-0.435656390069651
1.573595,-0.435602229789779
1.5736,-0.435548080364044
1.573605,-0.435493941789751
1.57361,-0.435439814064201
1.573615,-0.435385697184692
1.57362,-0.435331591148531
1.573625,-0.435277495953019
1.57363,-0.435223411595464
1.573635,-0.435169338073167
1.57364,-0.435115275383436
1.573645,-0.435061223523579
1.57365,-0.435007182490904
1.573655,-0.434953152282718
1.57366,-0.434899132896334
1.573665,-0.434845124329059
1.57367,-0.434791126578203
1.573675,-0.434737139641084
1.57368,-0.434683163515011
1.573685,-0.434629198197301
1.57369,-0.434575243685269
1.573695,-0.434521299976222
1.5737,-0.43446736706749
1.573705,-0.434413444956379
1.57371,-0.434359533640216
1.573715,-0.434305633116312
1.57372,-0.434251743381992
1.573725,-0.434197864434578
1.57373,-0.434143996271387
1.573735,-0.434090138889744
1.57374,-0.434036292286971
1.573745,-0.433982456460397
1.57375,-0.433928631407341
1.573755,-0.433874817125129
1.57376,-0.433821013611093
1.573765,-0.43376722086256
1.57377,-0.433713438876852
1.573775,-0.433659667651305
1.57378,-0.433605907183249
1.573785,-0.433552157470007
1.57379,-0.433498418508918
1.573795,-0.433444690297317
1.5738,-0.433390972832532
1.573805,-0.433337266111901
1.57381,-0.433283570132754
1.573815,-0.433229884892435
1.57382,-0.433176210388272
1.573825,-0.43312254661761
1.57383,-0.433068893577786
1.573835,-0.433015251266136
1.57384,-0.432961619680006
1.573845,-0.432907998816734
1.57385,-0.43285438867366
1.573855,-0.432800789248131
1.57386,-0.43274720053749
1.573865,-0.432693622539078
1.57387,-0.432640055250243
1.573875,-0.432586498668332
1.57388,-0.43253295279069
1.573885,-0.432479417614668
1.57389,-0.432425893137611
1.573895,-0.432372379356877
1.5739,-0.432318876269808
1.573905,-0.432265383873752
1.57391,-0.432211902166069
1.573915,-0.43215843114411
1.57392,-0.43210497080523
1.573925,-0.432051521146782
1.57393,-0.431998082166119
1.573935,-0.431944653860603
1.57394,-0.431891236227586
1.573945,-0.431837829264433
1.57395,-0.431784432968496
1.573955,-0.431731047337136
1.57396,-0.431677672367715
1.573965,-0.431624308057597
1.57397,-0.431570954404137
1.573975,-0.431517611404705
1.57398,-0.431464279056661
1.573985,-0.431410957357373
1.57399,-0.431357646304203
1.573995,-0.431304345894522
1.574,-0.431251056125691
1.574005,-0.431197776995084
1.57401,-0.431144508500064
1.574015,-0.431091250638011
1.57402,-0.431038003406286
1.574025,-0.430984766802262
1.57403,-0.430931540823314
1.574035,-0.430878325466812
1.57404,-0.430825120730136
1.574045,-0.430771926610655
1.57405,-0.430718743105746
1.574055,-0.430665570212785
1.57406,-0.430612407929154
1.574065,-0.430559256252224
1.57407,-0.430506115179374
1.574075,-0.430452984707993
1.57408,-0.430399864835455
1.574085,-0.430346755559139
1.57409,-0.430293656876434
1.574095,-0.43024056878472
1.5741,-0.430187491281378
1.574105,-0.430134424363796
1.57411,-0.430081368029361
1.574115,-0.430028322275455
1.57412,-0.429975287099471
1.574125,-0.429922262498789
1.57413,-0.429869248470806
1.574135,-0.429816245012908
1.57414,-0.429763252122489
1.574145,-0.429710269796935
1.57415,-0.429657298033643
1.574155,-0.429604336830002
1.57416,-0.429551386183413
1.574165,-0.429498446091258
1.57417,-0.429445516550947
1.574175,-0.429392597559868
1.57418,-0.429339689115419
1.574185,-0.429286791215
1.57419,-0.429233903856008
1.574195,-0.429181027035845
1.5742,-0.429128160751909
1.574205,-0.429075305001603
1.57421,-0.429022459782331
1.574215,-0.428969625091492
1.57422,-0.428916800926489
1.574225,-0.428863987284733
1.57423,-0.428811184163624
1.574235,-0.42875839156057
1.57424,-0.428705609472981
1.574245,-0.428652837898259
1.57425,-0.42860007683382
1.574255,-0.428547326277065
1.57426,-0.428494586225412
1.574265,-0.428441856676266
1.57427,-0.428389137627045
1.574275,-0.428336429075159
1.57428,-0.428283731018021
1.574285,-0.42823104345305
1.57429,-0.428178366377656
1.574295,-0.428125699789253
1.5743,-0.428073043685266
1.574305,-0.428020398063105
1.57431,-0.4279677629202
1.574315,-0.427915138253956
1.57432,-0.4278625240618
1.574325,-0.427809920341156
1.57433,-0.427757327089444
1.574335,-0.427704744304084
1.57434,-0.427652171982501
1.574345,-0.427599610122121
1.57435,-0.427547058720366
1.574355,-0.427494517774669
1.57436,-0.427441987282445
1.574365,-0.427389467241134
1.57437,-0.427336957648156
1.574375,-0.427284458500943
1.57438,-0.427231969796927
1.574385,-0.427179491533531
1.57439,-0.427127023708199
1.574395,-0.427074566318352
1.5744,-0.427022119361434
1.574405,-0.426969682834873
1.57441,-0.426917256736101
1.574415,-0.426864841062561
1.57442,-0.426812435811685
1.574425,-0.426760040980908
1.57443,-0.426707656567676
1.574435,-0.426655282569418
1.57444,-0.426602918983588
1.574445,-0.426550565807612
1.57445,-0.426498223038936
1.574455,-0.42644589067501
1.57446,-0.426393568713267
1.574465,-0.426341257151155
1.57447,-0.42628895598612
1.574475,-0.426236665215603
1.57448,-0.426184384837054
1.574485,-0.426132114847924
1.57449,-0.42607985524565
1.574495,-0.426027606027691
1.5745,-0.425975367191491
1.574505,-0.425923138734505
1.57451,-0.42587092065418
1.574515,-0.425818712947966
1.57452,-0.425766515613321
1.574525,-0.425714328647697
1.57453,-0.425662152048546
1.574535,-0.425609985813328
1.57454,-0.425557829939494
1.574545,-0.425505684424505
1.57455,-0.425453549265816
1.574555,-0.425401424460885
1.57456,-0.425349310007173
1.574565,-0.425297205902139
1.57457,-0.425245112143244
1.574575,-0.425193028727952
1.57458,-0.425140955653721
1.574585,-0.425088892918018
1.57459,-0.425036840518301
1.574595,-0.424984798452045
1.5746,-0.424932766716709
1.574605,-0.424880745309759
1.57461,-0.424828734228664
1.574615,-0.424776733470894
1.57462,-0.424724743033911
1.574625,-0.424672762915192
1.57463,-0.424620793112208
1.574635,-0.424568833622425
1.57464,-0.424516884443318
1.574645,-0.424464945572357
1.57465,-0.424413017007019
1.574655,-0.424361098744778
1.57466,-0.424309190783107
1.574665,-0.424257293119485
1.57467,-0.424205405751388
1.574675,-0.424153528676294
1.57468,-0.424101661891677
1.574685,-0.424049805395024
1.57469,-0.423997959183812
1.574695,-0.423946123255514
1.5747,-0.423894297607625
1.574705,-0.423842482237622
1.57471,-0.423790677142984
1.574715,-0.423738882321198
1.57472,-0.423687097769754
1.574725,-0.423635323486127
1.57473,-0.423583559467813
1.574735,-0.423531805712293
1.57474,-0.423480062217059
1.574745,-0.4234283289796
1.57475,-0.423376605997402
1.574755,-0.423324893267959
1.57476,-0.423273190788763
1.574765,-0.423221498557301
1.57477,-0.423169816571068
1.574775,-0.423118144827555
1.57478,-0.423066483324268
1.574785,-0.423014832058688
1.57479,-0.422963191028316
1.574795,-0.422911560230654
1.5748,-0.422859939663191
1.574805,-0.42280832932343
1.57481,-0.422756729208871
1.574815,-0.422705139317013
1.57482,-0.422653559645354
1.574825,-0.422601990191399
1.57483,-0.422550430952648
1.574835,-0.422498881926609
1.57484,-0.422447343110775
1.574845,-0.422395814502666
1.57485,-0.422344296099775
1.574855,-0.422292787899611
1.57486,-0.422241289899685
1.574865,-0.422189802097499
1.57487,-0.422138324490566
1.574875,-0.422086857076399
1.57488,-0.422035399852497
1.574885,-0.421983952816383
1.57489,-0.421932515965558
1.574895,-0.421881089297543
1.5749,-0.421829672809849
1.574905,-0.421778266499988
1.57491,-0.421726870365474
1.574915,-0.421675484403829
1.57492,-0.421624108612562
1.574925,-0.421572742989195
1.57493,-0.421521387531245
1.574935,-0.42147004223623
1.57494,-0.421418707101673
1.574945,-0.421367382125087
1.57495,-0.421316067304002
1.574955,-0.421264762635932
1.57496,-0.421213468118406
1.574965,-0.421162183748943
1.57497,-0.42111090952507
1.574975,-0.421059645444313
1.57498,-0.421008391504198
1.574985,-0.420957147702246
1.57499,-0.420905914035991
1.574995,-0.420854690502956
1.575,-0.420803477100675
1.575005,-0.420752273826676
1.57501,-0.420701080678488
1.575015,-0.420649897653643
1.57502,-0.420598724749674
1.575025,-0.420547561964114
1.57503,-0.420496409294497
1.575035,-0.420445266738356
1.57504,-0.420394134293226
1.575045,-0.420343011956644
1.57505,-0.420291899726149
1.575055,-0.420240797599276
1.57506,-0.420189705573564
1.575065,-0.42013862364655
1.57507,-0.420087551815772
1.575075,-0.420036490078783
1.57508,-0.419985438433113
1.575085,-0.419934396876307
1.57509,-0.419883365405906
1.575095,-0.419832344019456
1.5751,-0.419781332714502
1.575105,-0.419730331488593
1.57511,-0.419679340339269
1.575115,-0.41962835926408
1.57512,-0.419577388260568
1.575125,-0.419526427326289
1.57513,-0.419475476458794
1.575135,-0.419424535655625
1.57514,-0.419373604914338
1.575145,-0.419322684232476
1.57515,-0.419271773607603
1.575155,-0.419220873037271
1.57516,-0.419169982519027
1.575165,-0.419119102050428
1.57517,-0.419068231629028
1.575175,-0.419017371252388
1.57518,-0.418966520918061
1.575185,-0.418915680623606
1.57519,-0.418864850366585
1.575195,-0.418814030144551
1.5752,-0.418763219955066
1.575205,-0.418712419795693
1.57521,-0.418661629663992
1.575215,-0.418610849557527
1.57522,-0.418560079473856
1.575225,-0.41850931941055
1.57523,-0.418458569365166
1.575235,-0.418407829335277
1.57524,-0.418357099318449
1.575245,-0.418306379312242
1.57525,-0.418255669314226
1.575255,-0.418204969321974
1.57526,-0.418154279333052
1.575265,-0.418103599345029
1.57527,-0.41805292935548
1.575275,-0.418002269361967
1.57528,-0.417951619362075
1.575285,-0.41790097935337
1.57529,-0.417850349333428
1.575295,-0.417799729299824
1.5753,-0.417749119250125
1.575305,-0.41769851918192
1.57531,-0.417647929092781
1.575315,-0.417597348980279
1.57532,-0.417546778842002
1.575325,-0.417496218675529
1.57533,-0.41744566847843
1.575335,-0.417395128248297
1.57534,-0.417344597982705
1.575345,-0.417294077679239
1.57535,-0.41724356733548
1.575355,-0.41719306694901
1.57536,-0.417142576517419
1.575365,-0.417092096038291
1.57537,-0.417041625509213
1.575375,-0.416991164927766
1.57538,-0.416940714291536
1.575385,-0.416890273598125
1.57539,-0.416839842845111
1.575395,-0.416789422030086
1.5754,-0.416739011150644
1.575405,-0.416688610204368
1.57541,-0.416638219188862
1.575415,-0.416587838101708
1.57542,-0.416537466940505
1.575425,-0.416487105702853
1.57543,-0.416436754386331
1.575435,-0.416386412988551
1.57544,-0.416336081507105
1.575445,-0.416285759939586
1.57545,-0.416235448283598
1.575455,-0.416185146536737
1.57546,-0.4161348546966
1.575465,-0.416084572760793
1.57547,-0.416034300726913
1.575475,-0.415984038592566
1.57548,-0.415933786355357
1.575485,-0.415883544012877
1.57549,-0.415833311562743
1.575495,-0.415783089002555
1.5755,-0.415732876329919
1.575505,-0.415682673542442
1.57551,-0.415632480637727
1.575515,-0.415582297613391
1.57552,-0.415532124467037
1.575525,-0.415481961196279
1.57553,-0.415431807798719
1.575535,-0.415381664271972
1.57554,-0.415331530613653
1.575545,-0.415281406821373
1.57555,-0.415231292892746
1.575555,-0.415181188825384
1.57556,-0.415131094616898
1.575565,-0.415081010264914
1.57557,-0.415030935767039
1.575575,-0.414980871120895
1.57558,-0.414930816324101
1.575585,-0.414880771374268
1.57559,-0.41483073626902
1.575595,-0.414780711005982
1.5756,-0.414730695582768
1.575605,-0.414680689997004
1.57561,-0.414630694246308
1.575615,-0.4145807083283
1.57562,-0.414530732240616
1.575625,-0.414480765980872
1.57563,-0.414430809546697
1.575635,-0.414380862935713
1.57564,-0.414330926145543
1.575645,-0.414280999173828
1.57565,-0.414231082018185
1.575655,-0.41418117467625
1.57566,-0.414131277145649
1.575665,-0.414081389424008
1.57567,-0.414031511508969
1.575675,-0.413981643398158
1.57568,-0.413931785089208
1.575685,-0.413881936579751
1.57569,-0.413832097867421
1.575695,-0.413782268949855
1.5757,-0.413732449824698
1.575705,-0.413682640489569
1.57571,-0.413632840942115
1.575715,-0.413583051179975
1.57572,-0.413533271200781
1.575725,-0.41348350100218
1.57573,-0.413433740581809
1.575735,-0.41338398993731
1.57574,-0.413334249066323
1.575745,-0.413284517966487
1.57575,-0.413234796635455
1.575755,-0.413185085070863
1.57576,-0.41313538327036
1.575765,-0.413085691231589
1.57577,-0.413036008952193
1.575775,-0.412986336429826
1.57578,-0.412936673662131
1.575785,-0.412887020646758
1.57579,-0.412837377381355
1.575795,-0.412787743863575
1.5758,-0.412738120091062
1.575805,-0.412688506061478
1.57581,-0.412638901772465
1.575815,-0.412589307221677
1.57582,-0.412539722406775
1.575825,-0.412490147325404
1.57583,-0.412440581975225
1.575835,-0.412391026353894
1.57584,-0.412341480459063
1.575845,-0.412291944288395
1.57585,-0.41224241783954
1.575855,-0.412192901110165
1.57586,-0.412143394097926
1.575865,-0.412093896800482
1.57587,-0.412044409215496
1.575875,-0.411994931340629
1.57588,-0.411945463173544
1.575885,-0.411896004711901
1.57589,-0.411846555953369
1.575895,-0.411797116895612
1.5759,-0.411747687536286
1.575905,-0.41169826787307
1.57591,-0.411648857903625
1.575915,-0.411599457625619
1.57592,-0.411550067036718
1.575925,-0.41150068613459
1.57593,-0.411451314916913
1.575935,-0.411401953381353
1.57594,-0.411352601525579
1.575945,-0.411303259347263
1.57595,-0.411253926844081
1.575955,-0.411204604013699
1.57596,-0.411155290853801
1.575965,-0.411105987362061
1.57597,-0.411056693536145
1.575975,-0.41100740937374
1.57598,-0.410958134872513
1.575985,-0.410908870030153
1.57599,-0.41085961484433
1.575995,-0.41081036931273
1.576,-0.410761133433024
1.576005,-0.410711907202896
1.57601,-0.410662690620035
1.576015,-0.410613483682116
1.57602,-0.410564286386823
1.576025,-0.41051509873184
1.57603,-0.410465920714847
1.576035,-0.410416752333537
1.57604,-0.410367593585594
1.576045,-0.410318444468703
1.57605,-0.410269304980548
1.576055,-0.410220175118817
1.57606,-0.410171054881205
1.576065,-0.4101219442654
1.57607,-0.41007284326909
1.576075,-0.410023751889968
1.57608,-0.409974670125721
1.576085,-0.40992559797404
1.57609,-0.409876535432626
1.576095,-0.409827482499171
1.5761,-0.409778439171367
1.576105,-0.409729405446908
1.57611,-0.409680381323492
1.576115,-0.409631366798814
1.57612,-0.409582361870575
1.576125,-0.409533366536473
1.57613,-0.409484380794202
1.576135,-0.409435404641462
1.57614,-0.409386438075959
1.576145,-0.409337481095394
1.57615,-0.409288533697462
1.576155,-0.409239595879867
1.57616,-0.40919066764032
1.576165,-0.409141748976514
1.57617,-0.409092839886161
1.576175,-0.409043940366964
1.57618,-0.40899505041663
1.576185,-0.408946170032865
1.57619,-0.408897299213374
1.576195,-0.408848437955871
1.5762,-0.40879958625806
1.576205,-0.408750744117652
1.57621,-0.408701911532361
1.576215,-0.408653088499891
1.57622,-0.408604275017959
1.576225,-0.408555471084278
1.57623,-0.408506676696559
1.576235,-0.408457891852517
1.57624,-0.408409116549864
1.576245,-0.408360350786321
1.57625,-0.408311594559598
1.576255,-0.408262847867414
1.57626,-0.40821411070749
1.576265,-0.408165383077542
1.57627,-0.408116664975285
1.576275,-0.408067956398448
1.57628,-0.408019257344743
1.576285,-0.407970567811895
1.57629,-0.407921887797621
1.576295,-0.407873217299651
1.5763,-0.407824556315706
1.576305,-0.407775904843511
1.57631,-0.407727262880786
1.576315,-0.407678630425253
1.57632,-0.407630007474651
1.576325,-0.407581394026699
1.57633,-0.407532790079126
1.576335,-0.407484195629657
1.57634,-0.407435610676027
1.576345,-0.407387035215962
1.57635,-0.407338469247192
1.576355,-0.40728991276745
1.57636,-0.407241365774465
1.576365,-0.407192828265977
1.57637,-0.40714430023971
1.576375,-0.407095781693404
1.57638,-0.407047272624791
1.576385,-0.406998773031608
1.57639,-0.406950282911588
1.576395,-0.406901802262469
1.5764,-0.406853331081994
1.576405,-0.406804869367896
1.57641,-0.406756417117914
1.576415,-0.40670797432979
1.57642,-0.40665954100126
1.576425,-0.406611117130069
1.57643,-0.406562702713959
1.576435,-0.406514297750671
1.57644,-0.40646590223795
1.576445,-0.406417516173538
1.57645,-0.406369139555178
1.576455,-0.406320772380619
1.57646,-0.406272414647606
1.576465,-0.406224066353887
1.57647,-0.406175727497209
1.576475,-0.406127398075312
1.57648,-0.406079078085956
1.576485,-0.406030767526888
1.57649,-0.405982466395855
1.576495,-0.405934174690611
1.5765,-0.405885892408905
1.576505,-0.405837619548492
1.57651,-0.405789356107125
1.576515,-0.405741102082556
1.57652,-0.405692857472542
1.576525,-0.405644622274831
1.57653,-0.40559639648719
1.576535,-0.405548180107368
1.57654,-0.405499973133126
1.576545,-0.40545177556222
1.57655,-0.405403587392408
1.576555,-0.405355408621454
1.57656,-0.405307239247109
1.576565,-0.405259079267146
1.57657,-0.40521092867932
1.576575,-0.40516278748139
1.57658,-0.405114655671122
1.576585,-0.405066533246283
1.57659,-0.405018420204635
1.576595,-0.40497031654394
1.5766,-0.404922222261968
1.576605,-0.404874137356482
1.57661,-0.404826061825253
1.576615,-0.404777995666047
1.57662,-0.404729938876633
1.576625,-0.404681891454778
1.57663,-0.404633853398251
1.576635,-0.404585824704829
1.57664,-0.404537805372281
1.576645,-0.404489795398376
1.57665,-0.404441794780889
1.576655,-0.40439380351759
1.57666,-0.404345821606258
1.576665,-0.404297849044668
1.57667,-0.404249885830593
1.576675,-0.404201931961806
1.57668,-0.40415398743609
1.576685,-0.404106052251218
1.57669,-0.404058126404976
1.576695,-0.404010209895134
1.5767,-0.403962302719477
1.576705,-0.403914404875784
1.57671,-0.40386651636183
1.576715,-0.403818637175412
1.57672,-0.403770767314298
1.576725,-0.403722906776277
1.57673,-0.403675055559135
1.576735,-0.403627213660646
1.57674,-0.403579381078611
1.576745,-0.403531557810804
1.57675,-0.40348374385502
1.576755,-0.403435939209039
1.57676,-0.403388143870652
1.576765,-0.403340357837648
1.57677,-0.40329258110782
1.576775,-0.403244813678953
1.57678,-0.403197055548839
1.576785,-0.403149306715266
1.57679,-0.403101567176035
1.576795,-0.403053836928933
1.5768,-0.403006115971755
1.576805,-0.402958404302294
1.57681,-0.402910701918345
1.576815,-0.402863008817704
1.57682,-0.402815324998172
1.576825,-0.402767650457538
1.57683,-0.402719985193608
1.576835,-0.402672329204175
1.57684,-0.402624682487032
1.576845,-0.402577045039996
1.57685,-0.402529416860852
1.576855,-0.402481797947408
1.57686,-0.402434188297466
1.576865,-0.402386587908825
1.57687,-0.402338996779294
1.576875,-0.402291414906667
1.57688,-0.40224384228876
1.576885,-0.402196278923373
1.57689,-0.402148724808309
1.576895,-0.40210117994138
1.5769,-0.402053644320392
1.576905,-0.402006117943152
1.57691,-0.401958600807468
1.576915,-0.40191109291115
1.57692,-0.401863594252009
1.576925,-0.401816104827859
1.57693,-0.401768624636506
1.576935,-0.401721153675765
1.57694,-0.401673691943442
1.576945,-0.401626239437363
1.57695,-0.401578796155333
1.576955,-0.401531362095173
1.57696,-0.401483937254692
1.576965,-0.401436521631711
1.57697,-0.401389115224045
1.576975,-0.401341718029511
1.57698,-0.401294330045931
1.576985,-0.401246951271121
1.57699,-0.401199581702898
1.576995,-0.401152221339087
1.577,-0.401104870177509
1.577005,-0.401057528215986
1.57701,-0.401010195452332
1.577015,-0.400962871884384
1.57702,-0.400915557509953
1.577025,-0.400868252326873
1.57703,-0.400820956332964
1.577035,-0.400773669526054
1.57704,-0.400726391903967
1.577045,-0.40067912346453
1.57705,-0.400631864205576
1.577055,-0.400584614124928
1.57706,-0.400537373220419
1.577065,-0.40049014148988
1.57707,-0.40044291893113
1.577075,-0.400395705542017
1.57708,-0.400348501320362
1.577085,-0.400301306263999
1.57709,-0.400254120370771
1.577095,-0.400206943638499
1.5771,-0.400159776065015
1.577105,-0.400112617648171
1.57711,-0.400065468385794
1.577115,-0.400018328275715
1.57712,-0.399971197315784
1.577125,-0.399924075503824
1.57713,-0.399876962837689
1.577135,-0.399829859315208
1.57714,-0.399782764934225
1.577145,-0.399735679692577
1.57715,-0.399688603588108
1.577155,-0.399641536618663
1.57716,-0.399594478782082
1.577165,-0.399547430076209
1.57717,-0.399500390498889
1.577175,-0.39945336004796
1.57718,-0.399406338721278
1.577185,-0.399359326516681
1.57719,-0.399312323432022
1.577195,-0.399265329465145
1.5772,-0.399218344613895
1.577205,-0.399171368876128
1.57721,-0.399124402249688
1.577215,-0.399077444732427
1.57722,-0.399030496322196
1.577225,-0.39898355701685
1.57723,-0.398936626814231
1.577235,-0.398889705712203
1.57724,-0.398842793708615
1.577245,-0.398795890801319
1.57725,-0.398748996988173
1.577255,-0.398702112267029
1.57726,-0.398655236635749
1.577265,-0.398608370092186
1.57727,-0.398561512634201
1.577275,-0.398514664259644
1.57728,-0.39846782496638
1.577285,-0.398420994752269
1.57729,-0.398374173615173
1.577295,-0.398327361552949
1.5773,-0.398280558563458
1.577305,-0.398233764644561
1.57731,-0.39818697979413
1.577315,-0.398140204010018
1.57732,-0.398093437290095
1.577325,-0.398046679632226
1.57733,-0.397999931034274
1.577335,-0.397953191494101
1.57734,-0.397906461009586
1.577345,-0.397859739578589
1.57735,-0.397813027198976
1.577355,-0.397766323868623
1.57736,-0.39771962958539
1.577365,-0.397672944347156
1.57737,-0.397626268151788
1.577375,-0.397579600997157
1.57738,-0.397532942881141
1.577385,-0.397486293801604
1.57739,-0.397439653756423
1.577395,-0.397393022743479
1.5774,-0.397346400760635
1.577405,-0.397299787805776
1.57741,-0.397253183876771
1.577415,-0.397206588971503
1.57742,-0.397160003087849
1.577425,-0.397113426223684
1.57743,-0.397066858376891
1.577435,-0.397020299545341
1.57744,-0.396973749726922
1.577445,-0.396927208919516
1.57745,-0.396880677120998
1.577455,-0.396834154329259
1.57746,-0.396787640542172
1.577465,-0.396741135757622
1.57747,-0.396694639973503
1.577475,-0.39664815318769
1.57748,-0.396601675398074
1.577485,-0.396555206602534
1.57749,-0.396508746798963
1.577495,-0.396462295985246
1.5775,-0.396415854159272
1.577505,-0.396369421318932
1.57751,-0.396322997462113
1.577515,-0.396276582586703
1.57752,-0.396230176690598
1.577525,-0.396183779771688
1.57753,-0.396137391827861
1.577535,-0.396091012857013
1.57754,-0.396044642857034
1.577545,-0.395998281825821
1.57755,-0.395951929761276
1.577555,-0.395905586661282
1.57756,-0.395859252523738
1.577565,-0.395812927346545
1.57757,-0.395766611127599
1.577575,-0.395720303864794
1.57758,-0.395674005556034
1.577585,-0.395627716199217
1.57759,-0.395581435792244
1.577595,-0.395535164333005
1.5776,-0.395488901819417
1.577605,-0.395442648249375
1.57761,-0.395396403620779
1.577615,-0.395350167931537
1.57762,-0.395303941179546
1.577625,-0.395257723362718
1.57763,-0.395211514478955
1.577635,-0.395165314526164
1.57764,-0.395119123502253
1.577645,-0.395072941405121
1.57765,-0.395026768232686
1.577655,-0.394980603982853
1.57766,-0.394934448653527
1.577665,-0.394888302242627
1.57767,-0.394842164748048
1.577675,-0.394796036167715
1.57768,-0.394749916499539
1.577685,-0.394703805741426
1.57769,-0.39465770389129
1.577695,-0.39461161094705
1.5777,-0.394565526906614
1.577705,-0.394519451767904
1.57771,-0.394473385528827
1.577715,-0.394427328187309
1.57772,-0.394381279741257
1.577725,-0.394335240188593
1.57773,-0.394289209527238
1.577735,-0.394243187755111
1.57774,-0.394197174870124
1.577745,-0.394151170870205
1.57775,-0.394105175753271
1.577755,-0.394059189517245
1.57776,-0.394013212160051
1.577765,-0.393967243679606
1.57777,-0.393921284073842
1.577775,-0.39387533334067
1.57778,-0.393829391478028
1.577785,-0.393783458483837
1.57779,-0.393737534356022
1.577795,-0.393691619092507
1.5778,-0.393645712691224
1.577805,-0.393599815150101
1.57781,-0.393553926467062
1.577815,-0.39350804664004
1.57782,-0.393462175666966
1.577825,-0.393416313545764
1.57783,-0.393370460274375
1.577835,-0.393324615850723
1.57784,-0.393278780272745
1.577845,-0.39323295353837
1.57785,-0.393187135645535
1.577855,-0.393141326592172
1.57786,-0.393095526376218
1.577865,-0.393049734995609
1.57787,-0.393003952448281
1.577875,-0.392958178732174
1.57788,-0.392912413845214
1.577885,-0.392866657785351
1.57789,-0.392820910550524
1.577895,-0.392775172138665
1.5779,-0.392729442547722
1.577905,-0.392683721775628
1.57791,-0.39263800982033
1.577915,-0.392592306679773
1.57792,-0.392546612351889
1.577925,-0.392500926834632
1.57793,-0.392455250125939
1.577935,-0.39240958222376
1.57794,-0.392363923126039
1.577945,-0.392318272830722
1.57795,-0.392272631335752
1.577955,-0.39222699863908
1.57796,-0.392181374738652
1.577965,-0.392135759632419
1.57797,-0.392090153318328
1.577975,-0.392044555794333
1.57798,-0.391998967058376
1.577985,-0.391953387108413
1.57799,-0.391907815942398
1.577995,-0.391862253558281
1.578,-0.391816699954015
1.578005,-0.391771155127557
1.57801,-0.391725619076853
1.578015,-0.391680091799867
1.57802,-0.391634573294552
1.578025,-0.39158906355886
1.57803,-0.39154356259075
1.578035,-0.391498070388181
1.57804,-0.391452586949112
1.578045,-0.391407112271499
1.57805,-0.391361646353305
1.578055,-0.391316189192486
1.57806,-0.391270740787003
1.578065,-0.391225301134819
1.57807,-0.391179870233896
1.578075,-0.391134448082198
1.57808,-0.391089034677687
1.578085,-0.391043630018326
1.57809,-0.390998234102075
1.578095,-0.390952846926906
1.5781,-0.390907468490785
1.578105,-0.390862098791675
1.57811,-0.390816737827543
1.578115,-0.390771385596358
1.57812,-0.39072604209609
1.578125,-0.390680707324705
1.57813,-0.390635381280173
1.578135,-0.390590063960463
1.57814,-0.390544755363546
1.578145,-0.3904994554874
1.57815,-0.390454164329992
1.578155,-0.390408881889291
1.57816,-0.390363608163276
1.578165,-0.390318343149917
1.57817,-0.390273086847193
1.578175,-0.390227839253077
1.57818,-0.390182600365543
1.578185,-0.390137370182574
1.57819,-0.390092148702133
1.578195,-0.390046935922213
1.5782,-0.390001731840789
1.578205,-0.389956536455836
1.57821,-0.389911349765335
1.578215,-0.389866171767266
1.57822,-0.389821002459607
1.578225,-0.389775841840349
1.57823,-0.389730689907465
1.578235,-0.389685546658944
1.57824,-0.389640412092765
1.578245,-0.389595286206909
1.57825,-0.389550168999367
1.578255,-0.389505060468127
1.57826,-0.389459960611167
1.578265,-0.389414869426479
1.57827,-0.389369786912043
1.578275,-0.389324713065858
1.57828,-0.389279647885903
1.578285,-0.389234591370173
1.57829,-0.389189543516656
1.578295,-0.389144504323334
1.5783,-0.389099473788214
1.578305,-0.389054451909278
1.57831,-0.389009438684515
1.578315,-0.388964434111927
1.57832,-0.388919438189498
1.578325,-0.38887445091523
1.57833,-0.388829472287116
1.578335,-0.388784502303147
1.57834,-0.38873954096132
1.578345,-0.388694588259638
1.57835,-0.388649644196088
1.578355,-0.388604708768677
1.57836,-0.388559781975398
1.578365,-0.388514863814255
1.57837,-0.388469954283243
1.578375,-0.38842505338036
1.57838,-0.388380161103616
1.578385,-0.388335277451005
1.57839,-0.388290402420532
1.578395,-0.388245536010199
1.5784,-0.38820067821801
1.578405,-0.388155829041969
1.57841,-0.388110988480083
1.578415,-0.38806615653035
1.57842,-0.388021333190786
1.578425,-0.387976518459386
1.57843,-0.387931712334167
1.578435,-0.387886914813136
1.57844,-0.387842125894297
1.578445,-0.38779734557566
1.57845,-0.387752573855233
1.578455,-0.387707810731034
1.57846,-0.387663056201064
1.578465,-0.387618310263342
1.57847,-0.387573572915875
1.578475,-0.38752884415668
1.57848,-0.387484123983763
1.578485,-0.387439412395149
1.57849,-0.387394709388845
1.578495,-0.387350014962869
1.5785,-0.387305329115235
1.578505,-0.387260651843958
1.57851,-0.387215983147059
1.578515,-0.387171323022558
1.57852,-0.387126671468464
1.578525,-0.387082028482805
1.57853,-0.387037394063592
1.578535,-0.386992768208854
1.57854,-0.386948150916607
1.578545,-0.386903542184874
1.57855,-0.386858942011678
1.578555,-0.386814350395032
1.57856,-0.386769767332971
1.578565,-0.386725192823519
1.57857,-0.386680626864692
1.578575,-0.386636069454525
1.57858,-0.386591520591029
1.578585,-0.386546980272246
1.57859,-0.386502448496195
1.578595,-0.386457925260904
1.5786,-0.386413410564404
1.578605,-0.386368904404719
1.57861,-0.386324406779881
1.578615,-0.386279917687921
1.57862,-0.386235437126871
1.578625,-0.386190965094759
1.57863,-0.386146501589617
1.578635,-0.386102046609478
1.57864,-0.386057600152373
1.578645,-0.386013162216344
1.57865,-0.385968732799416
1.578655,-0.38592431189963
1.57866,-0.385879899515012
1.578665,-0.385835495643608
1.57867,-0.385791100283452
1.578675,-0.385746713432583
1.57868,-0.385702335089036
1.578685,-0.385657965250846
1.57869,-0.385613603916062
1.578695,-0.385569251082714
1.5787,-0.385524906748851
1.578705,-0.385480570912507
1.57871,-0.385436243571726
1.578715,-0.385391924724551
1.57872,-0.385347614369027
1.578725,-0.385303312503192
1.57873,-0.385259019125093
1.578735,-0.385214734232775
1.57874,-0.385170457824282
1.578745,-0.38512618989766
1.57875,-0.385081930450961
1.578755,-0.385037679482222
1.57876,-0.384993436989497
1.578765,-0.384949202970833
1.57877,-0.384904977424279
1.578775,-0.384860760347887
1.57878,-0.384816551739704
1.578785,-0.38477235159778
1.57879,-0.384728159920167
1.578795,-0.384683976704921
1.5788,-0.384639801950089
1.578805,-0.384595635653729
1.57881,-0.384551477813892
1.578815,-0.384507328428628
1.57882,-0.384463187495999
1.578825,-0.384419055014059
1.57883,-0.384374930980864
1.578835,-0.38433081539447
1.57884,-0.384286708252936
1.578845,-0.384242609554312
1.57885,-0.38419851929667
1.578855,-0.384154437478059
1.57886,-0.384110364096543
1.578865,-0.384066299150186
1.57887,-0.384022242637032
1.578875,-0.383978194555166
1.57888,-0.383934154902638
1.578885,-0.383890123677509
1.57889,-0.383846100877849
1.578895,-0.383802086501715
1.5789,-0.38375808054718
1.578905,-0.383714083012302
1.57891,-0.383670093895149
1.578915,-0.383626113193791
1.57892,-0.383582140906283
1.578925,-0.383538177030708
1.57893,-0.383494221565129
1.578935,-0.383450274507612
1.57894,-0.383406335856233
1.578945,-0.383362405609048
1.57895,-0.383318483764141
1.578955,-0.38327457031958
1.57896,-0.383230665273432
1.578965,-0.383186768623776
1.57897,-0.383142880368683
1.578975,-0.383099000506225
1.57898,-0.383055129034478
1.578985,-0.383011265951517
1.57899,-0.382967411255414
1.578995,-0.382923564944248
1.579,-0.382879727016092
1.579005,-0.382835897469029
1.57901,-0.382792076301139
1.579015,-0.382748263510492
1.57902,-0.382704459095171
1.579025,-0.382660663053251
1.57903,-0.382616875382819
1.579035,-0.382573096081956
1.57904,-0.382529325148739
1.579045,-0.382485562581252
1.57905,-0.382441808377574
1.579055,-0.382398062535797
1.57906,-0.382354325053996
1.579065,-0.38231059593026
1.57907,-0.382266875162674
1.579075,-0.382223162749319
1.57908,-0.382179458688285
1.579085,-0.38213576297766
1.57909,-0.382092075615531
1.579095,-0.382048396599984
1.5791,-0.382004725929109
1.579105,-0.381961063600989
1.57911,-0.381917409613722
1.579115,-0.381873763965399
1.57912,-0.381830126654105
1.579125,-0.381786497677934
1.57913,-0.381742877034974
1.579135,-0.381699264723325
1.57914,-0.381655660741078
1.579145,-0.381612065086328
1.57915,-0.381568477757164
1.579155,-0.381524898751681
1.57916,-0.381481328067986
1.579165,-0.381437765704169
1.57917,-0.38139421165832
1.579175,-0.381350665928538
1.57918,-0.38130712851293
1.579185,-0.381263599409589
1.57919,-0.381220078616614
1.579195,-0.381176566132106
1.5792,-0.38113306195417
1.579205,-0.381089566080895
1.57921,-0.381046078510392
1.579215,-0.381002599240762
1.57922,-0.380959128270107
1.579225,-0.380915665596528
1.57923,-0.380872211218133
1.579235,-0.38082876513302
1.57924,-0.380785327339302
1.579245,-0.38074189783508
1.57925,-0.380698476618465
1.579255,-0.380655063687556
1.57926,-0.380611659040464
1.579265,-0.380568262675303
1.57927,-0.380524874590177
1.579275,-0.380481494783193
1.57928,-0.380438123252463
1.579285,-0.380394759996095
1.57929,-0.380351405012207
1.579295,-0.380308058298903
1.5793,-0.380264719854299
1.579305,-0.380221389676507
1.57931,-0.380178067763636
1.579315,-0.380134754113807
1.57932,-0.380091448725134
1.579325,-0.380048151595729
1.57933,-0.380004862723706
1.579335,-0.379961582107185
1.57934,-0.379918309744284
1.579345,-0.379875045633116
1.57935,-0.379831789771802
1.579355,-0.37978854215846
1.57936,-0.379745302791212
1.579365,-0.379702071668168
1.57937,-0.379658848787459
1.579375,-0.379615634147201
1.57938,-0.37957242774552
1.579385,-0.379529229580532
1.57939,-0.379486039650363
1.579395,-0.379442857953138
1.5794,-0.379399684486977
1.579405,-0.379356519250006
1.57941,-0.379313362240351
1.579415,-0.379270213456135
1.57942,-0.37922707289549
1.579425,-0.379183940556538
1.57943,-0.379140816437408
1.579435,-0.379097700536229
1.57944,-0.379054592851119
1.579445,-0.379011493380224
1.57945,-0.378968402121666
1.579455,-0.378925319073572
1.57946,-0.37888224423408
1.579465,-0.378839177601309
1.57947,-0.378796119173407
1.579475,-0.3787530689485
1.57948,-0.378710026924716
1.579485,-0.378666993100196
1.57949,-0.378623967473071
1.579495,-0.378580950041471
1.5795,-0.378537940803543
1.579505,-0.378494939757417
1.57951,-0.378451946901227
1.579515,-0.378408962233115
1.57952,-0.378365985751214
1.579525,-0.378323017453669
1.57953,-0.37828005733861
1.579535,-0.378237105404185
1.57954,-0.378194161648533
1.579545,-0.378151226069786
1.57955,-0.378108298666096
1.579555,-0.378065379435603
1.57956,-0.378022468376447
1.579565,-0.377979565486767
1.57957,-0.377936670764712
1.579575,-0.377893784208425
1.57958,-0.377850905816053
1.579585,-0.37780803558574
1.57959,-0.37776517351563
1.579595,-0.377722319603871
1.5796,-0.377679473848603
1.579605,-0.377636636247987
1.57961,-0.377593806800165
1.579615,-0.377550985503282
1.57962,-0.377508172355493
1.579625,-0.377465367354943
1.57963,-0.377422570499788
1.579635,-0.377379781788176
1.57964,-0.377337001218256
1.579645,-0.377294228788188
1.57965,-0.377251464496115
1.579655,-0.377208708340196
1.57966,-0.377165960318588
1.579665,-0.377123220429442
1.57967,-0.377080488670911
1.579675,-0.377037765041148
1.57968,-0.376995049538321
1.579685,-0.376952342160576
1.57969,-0.376909642906073
1.579695,-0.376866951772977
1.5797,-0.376824268759434
1.579705,-0.376781593863615
1.57971,-0.376738927083673
1.579715,-0.37669626841777
1.57972,-0.376653617864068
1.579725,-0.376610975420722
1.57973,-0.3765683410859
1.579735,-0.376525714857769
1.57974,-0.376483096734481
1.579745,-0.376440486714206
1.57975,-0.376397884795113
1.579755,-0.376355290975354
1.57976,-0.376312705253106
1.579765,-0.376270127626531
1.57977,-0.376227558093795
1.579775,-0.376184996653066
1.57978,-0.376142443302508
1.579785,-0.376099898040295
1.57979,-0.376057360864593
1.579795,-0.376014831773573
1.5798,-0.375972310765403
1.579805,-0.37592979783825
1.57981,-0.375887292990294
1.579815,-0.375844796219699
1.57982,-0.375802307524645
1.579825,-0.375759826903294
1.57983,-0.375717354353825
1.579835,-0.375674889874419
1.57984,-0.375632433463236
1.579845,-0.375589985118465
1.57985,-0.375547544838273
1.579855,-0.37550511262084
1.57986,-0.375462688464334
1.579865,-0.375420272366946
1.57987,-0.375377864326848
1.579875,-0.375335464342218
1.57988,-0.375293072411235
1.579885,-0.375250688532075
1.57989,-0.375208312702925
1.579895,-0.375165944921964
1.5799,-0.375123585187371
1.579905,-0.375081233497324
1.57991,-0.375038889850013
1.579915,-0.374996554243621
1.57992,-0.374954226676327
1.579925,-0.374911907146317
1.57993,-0.374869595651777
1.579935,-0.374827292190883
1.57994,-0.374784996761836
1.579945,-0.374742709362812
1.57995,-0.374700429992003
1.579955,-0.374658158647596
1.57996,-0.374615895327771
1.579965,-0.374573640030727
1.57997,-0.374531392754648
1.579975,-0.374489153497727
1.57998,-0.374446922258152
1.579985,-0.374404699034116
1.57999,-0.3743624838238
1.579995,-0.374320276625413
1.58,-0.374278077437135
1.580005,-0.374235886257165
1.58001,-0.374193703083697
1.580015,-0.374151527914919
1.58002,-0.374109360749031
1.580025,-0.374067201584228
1.58003,-0.374025050418706
1.580035,-0.37398290725066
1.58004,-0.373940772078288
1.580045,-0.373898644899786
1.58005,-0.373856525713354
1.580055,-0.373814414517193
1.58006,-0.373772311309497
1.580065,-0.373730216088464
1.58007,-0.373688128852304
1.580075,-0.373646049599217
1.58008,-0.373603978327395
1.580085,-0.373561915035043
1.58009,-0.373519859720367
1.580095,-0.373477812381573
1.5801,-0.373435773016857
1.580105,-0.373393741624432
1.58011,-0.373351718202494
1.580115,-0.373309702749256
1.58012,-0.373267695262915
1.580125,-0.373225695741688
1.58013,-0.373183704183772
1.580135,-0.373141720587386
1.58014,-0.373099744950731
1.580145,-0.373057777272011
1.58015,-0.373015817549445
1.580155,-0.37297386578124
1.58016,-0.372931921965603
1.580165,-0.372889986100747
1.58017,-0.372848058184887
1.580175,-0.372806138216233
1.58018,-0.37276422619299
1.580185,-0.372722322113385
1.58019,-0.372680425975621
1.580195,-0.372638537777916
1.5802,-0.372596657518483
1.580205,-0.372554785195544
1.58021,-0.37251292080731
1.580215,-0.372471064351994
1.58022,-0.372429215827818
1.580225,-0.372387375233
1.58023,-0.372345542565756
1.580235,-0.372303717824304
1.58024,-0.372261901006868
1.580245,-0.372220092111663
1.58025,-0.372178291136908
1.580255,-0.37213649808083
1.58026,-0.37209471294165
1.580265,-0.372052935717584
1.58027,-0.372011166406861
1.580275,-0.371969405007694
1.58028,-0.371927651518324
1.580285,-0.371885905936961
1.58029,-0.371844168261837
1.580295,-0.37180243849117
1.5803,-0.371760716623191
1.580305,-0.371719002656127
1.58031,-0.371677296588205
1.580315,-0.371635598417653
1.58032,-0.371593908142697
1.580325,-0.371552225761563
1.58033,-0.371510551272486
1.580335,-0.371468884673695
1.58034,-0.371427225963417
1.580345,-0.371385575139885
1.58035,-0.371343932201331
1.580355,-0.371302297145983
1.58036,-0.371260669972081
1.580365,-0.371219050677852
1.58037,-0.37117743926153
1.580375,-0.371135835721353
1.58038,-0.371094240055547
1.580385,-0.371052652262358
1.58039,-0.371011072340021
1.580395,-0.370969500286762
1.5804,-0.37092793610083
1.580405,-0.370886379780453
1.58041,-0.370844831323872
1.580415,-0.370803290729333
1.58042,-0.370761757995066
1.580425,-0.370720233119312
1.58043,-0.370678716100313
1.580435,-0.370637206936308
1.58044,-0.370595705625543
1.580445,-0.370554212166254
1.58045,-0.370512726556686
1.580455,-0.370471248795079
1.58046,-0.370429778879681
1.580465,-0.370388316808737
1.58047,-0.370346862580488
1.580475,-0.370305416193181
1.58048,-0.370263977645058
1.580485,-0.370222546934367
1.58049,-0.370181124059358
1.580495,-0.370139709018277
1.5805,-0.37009830180937
1.580505,-0.370056902430885
1.58051,-0.370015510881069
1.580515,-0.369974127158176
1.58052,-0.369932751260455
1.580525,-0.369891383186159
1.58053,-0.369850022933532
1.580535,-0.369808670500831
1.58054,-0.369767325886306
1.580545,-0.369725989088212
1.58055,-0.369684660104804
1.580555,-0.369643338934329
1.58056,-0.369602025575041
1.580565,-0.369560720025205
1.58057,-0.369519422283069
1.580575,-0.369478132346888
1.58058,-0.369436850214925
1.580585,-0.369395575885429
1.58059,-0.369354309356664
1.580595,-0.369313050626886
1.5806,-0.369271799694353
1.580605,-0.369230556557326
1.58061,-0.36918932121406
1.580615,-0.369148093662818
1.58062,-0.369106873901865
1.580625,-0.369065661929459
1.58063,-0.36902445774386
1.580635,-0.368983261343332
1.58064,-0.368942072726136
1.580645,-0.36890089189054
1.58065,-0.368859718834806
1.580655,-0.3688185535572
1.58066,-0.368777396055987
1.580665,-0.368736246329424
1.58067,-0.368695104375794
1.580675,-0.368653970193348
1.58068,-0.368612843780364
1.580685,-0.368571725135104
1.58069,-0.368530614255836
1.580695,-0.368489511140829
1.5807,-0.368448415788361
1.580705,-0.368407328196689
1.58071,-0.368366248364097
1.580715,-0.36832517628884
1.58072,-0.368284111969207
1.580725,-0.368243055403458
1.58073,-0.36820200658987
1.580735,-0.368160965526716
1.58074,-0.368119932212267
1.580745,-0.368078906644799
1.58075,-0.368037888822592
1.580755,-0.367996878743913
1.58076,-0.367955876407046
1.580765,-0.367914881810263
1.58077,-0.367873894951836
1.580775,-0.367832915830051
1.58078,-0.367791944443184
1.580785,-0.367750980789512
1.58079,-0.367710024867314
1.580795,-0.367669076674867
1.5808,-0.367628136210458
1.580805,-0.367587203472364
1.58081,-0.367546278458866
1.580815,-0.367505361168249
1.58082,-0.367464451598787
1.580825,-0.367423549748768
1.58083,-0.36738265561648
1.580835,-0.367341769200199
1.58084,-0.367300890498217
1.580845,-0.367260019508809
1.58085,-0.36721915623027
1.580855,-0.367178300660885
1.58086,-0.367137452798935
1.580865,-0.367096612642711
1.58087,-0.367055780190501
1.580875,-0.367014955440592
1.58088,-0.366974138391272
1.580885,-0.36693332904083
1.58089,-0.366892527387558
1.580895,-0.366851733429745
1.5809,-0.366810947165682
1.580905,-0.366770168593658
1.58091,-0.36672939771197
1.580915,-0.366688634518908
1.58092,-0.366647879012763
1.580925,-0.366607131191829
1.58093,-0.366566391054404
1.580935,-0.366525658598778
1.58094,-0.366484933823248
1.580945,-0.36644421672611
1.58095,-0.366403507305657
1.580955,-0.366362805560191
1.58096,-0.366322111488005
1.580965,-0.366281425087399
1.58097,-0.366240746356668
1.580975,-0.366200075294114
1.58098,-0.366159411898038
1.580985,-0.366118756166734
1.58099,-0.366078108098507
1.580995,-0.36603746769166
1.581,-0.365996834944486
1.581005,-0.365956209855291
1.58101,-0.365915592422378
1.581015,-0.365874982644053
1.58102,-0.365834380518618
1.581025,-0.365793786044376
1.58103,-0.365753199219627
1.581035,-0.365712620042684
1.58104,-0.365672048511851
1.581045,-0.365631484625428
1.58105,-0.36559092838173
1.581055,-0.365550379779056
1.58106,-0.365509838815722
1.581065,-0.365469305490029
1.58107,-0.365428779800291
1.581075,-0.365388261744816
1.58108,-0.365347751321912
1.581085,-0.365307248529891
1.58109,-0.365266753367064
1.581095,-0.365226265831742
1.5811,-0.365185785922237
1.581105,-0.36514531363686
1.58111,-0.365104848973924
1.581115,-0.365064391931747
1.58112,-0.36502394250864
1.581125,-0.364983500702916
1.58113,-0.364943066512894
1.581135,-0.364902639936882
1.58114,-0.364862220973206
1.581145,-0.364821809620174
1.58115,-0.36478140587611
1.581155,-0.364741009739329
1.58116,-0.364700621208145
1.581165,-0.364660240280885
1.58117,-0.364619866955861
1.581175,-0.3645795012314
1.58118,-0.364539143105816
1.581185,-0.36449879257743
1.58119,-0.364458449644567
1.581195,-0.364418114305549
1.5812,-0.364377786558692
1.581205,-0.364337466402327
1.58121,-0.364297153834771
1.581215,-0.364256848854357
1.58122,-0.364216551459399
1.581225,-0.364176261648228
1.58123,-0.364135979419167
1.581235,-0.364095704770539
1.58124,-0.364055437700677
1.581245,-0.364015178207909
1.58125,-0.363974926290557
1.581255,-0.363934681946952
1.58126,-0.363894445175424
1.581265,-0.363854215974294
1.58127,-0.363813994341901
1.581275,-0.36377378027657
1.58128,-0.36373357377664
1.581285,-0.363693374840431
1.58129,-0.36365318346628
1.581295,-0.363612999652518
1.5813,-0.363572823397483
1.581305,-0.363532654699499
1.58131,-0.363492493556908
1.581315,-0.363452339968039
1.58132,-0.363412193931232
1.581325,-0.36337205544482
1.58133,-0.363331924507136
1.581335,-0.36329180111652
1.58134,-0.363251685271304
1.581345,-0.363211576969835
1.58135,-0.363171476210443
1.581355,-0.363131382991467
1.58136,-0.363091297311249
1.581365,-0.363051219168129
1.58137,-0.36301114856044
1.581375,-0.362971085486531
1.58138,-0.362931029944739
1.581385,-0.362890981933409
1.58139,-0.362850941450879
1.581395,-0.362810908495487
1.5814,-0.362770883065589
1.581405,-0.362730865159522
1.58141,-0.362690854775629
1.581415,-0.362650851912252
1.58142,-0.362610856567742
1.581425,-0.362570868740445
1.58143,-0.362530888428702
1.581435,-0.362490915630864
1.58144,-0.362450950345278
1.581445,-0.362410992570285
1.58145,-0.362371042304244
1.581455,-0.362331099545496
1.58146,-0.362291164292392
1.581465,-0.362251236543283
1.58147,-0.362211316296517
1.581475,-0.362171403550452
1.58148,-0.362131498303431
1.581485,-0.362091600553808
1.58149,-0.362051710299937
1.581495,-0.362011827540171
1.5815,-0.361971952272863
1.581505,-0.361932084496364
1.58151,-0.361892224209035
1.581515,-0.361852371409224
1.58152,-0.361812526095287
1.581525,-0.361772688265584
1.58153,-0.361732857918469
1.581535,-0.361693035052302
1.58154,-0.361653219665436
1.581545,-0.361613411756231
1.58155,-0.361573611323044
1.581555,-0.361533818364237
1.58156,-0.361494032878172
1.581565,-0.361454254863198
1.58157,-0.361414484317689
1.581575,-0.361374721239993
1.58158,-0.361334965628482
1.581585,-0.361295217481513
1.58159,-0.361255476797452
1.581595,-0.361215743574658
1.5816,-0.361176017811496
1.581605,-0.361136299506331
1.58161,-0.361096588657529
1.581615,-0.361056885263455
1.58162,-0.36101718932247
1.581625,-0.360977500832942
1.58163,-0.360937819793238
1.581635,-0.36089814620173
1.58164,-0.36085848005678
1.581645,-0.36081882135676
1.58165,-0.360779170100033
1.581655,-0.360739526284971
1.58166,-0.360699889909949
1.581665,-0.360660260973326
1.58167,-0.360620639473486
1.581675,-0.36058102540879
1.58168,-0.360541418777609
1.581685,-0.360501819578323
1.58169,-0.360462227809305
1.581695,-0.360422643468924
1.5817,-0.360383066555549
1.581705,-0.36034349706756
1.58171,-0.360303935003331
1.581715,-0.360264380361237
1.58172,-0.360224833139657
1.581725,-0.360185293336964
1.58173,-0.360145760951533
1.581735,-0.360106235981744
1.58174,-0.360066718425973
1.581745,-0.360027208282601
1.58175,-0.35998770555001
1.581755,-0.359948210226565
1.58176,-0.359908722310658
1.581765,-0.35986924180067
1.58177,-0.359829768694976
1.581775,-0.359790302991962
1.58178,-0.359750844690006
1.581785,-0.359711393787491
1.58179,-0.3596719502828
1.581795,-0.359632514174318
1.5818,-0.35959308546043
1.581805,-0.359553664139515
1.58181,-0.359514250209961
1.581815,-0.359474843670157
1.58182,-0.359435444518482
1.581825,-0.359396052753326
1.58183,-0.359356668373075
1.581835,-0.359317291376113
1.58184,-0.359277921760836
1.581845,-0.359238559525627
1.58185,-0.359199204668876
1.581855,-0.359159857188972
1.58186,-0.359120517084307
1.581865,-0.359081184353264
1.58187,-0.359041858994242
1.581875,-0.359002541005629
1.58188,-0.358963230385816
1.581885,-0.358923927133198
1.58189,-0.358884631246164
1.581895,-0.358845342723112
1.5819,-0.358806061562433
1.581905,-0.358766787762524
1.58191,-0.358727521321774
1.581915,-0.358688262238582
1.58192,-0.358649010511348
1.581925,-0.358609766138462
1.58193,-0.358570529118322
1.581935,-0.358531299449329
1.58194,-0.358492077129876
1.581945,-0.358452862158364
1.58195,-0.358413654533193
1.581955,-0.358374454252759
1.58196,-0.358335261315465
1.581965,-0.358296075719706
1.58197,-0.35825689746389
1.581975,-0.358217726546418
1.58198,-0.358178562965685
1.581985,-0.358139406720101
1.58199,-0.35810025780806
1.581995,-0.358061116227973
1.582,-0.35802198197824
1.582005,-0.357982855057266
1.58201,-0.357943735463461
1.582015,-0.357904623195222
1.58202,-0.357865518250955
1.582025,-0.357826420629074
1.58203,-0.357787330327981
1.582035,-0.357748247346082
1.58204,-0.357709171681791
1.582045,-0.357670103333505
1.58205,-0.357631042299645
1.582055,-0.357591988578615
1.58206,-0.357552942168821
1.582065,-0.357513903068681
1.58207,-0.357474871276594
1.582075,-0.357435846790984
1.58208,-0.357396829610258
1.582085,-0.357357819732828
1.58209,-0.357318817157104
1.582095,-0.357279821881503
1.5821,-0.35724083390444
1.582105,-0.357201853224322
1.58211,-0.357162879839572
1.582115,-0.357123913748599
1.58212,-0.357084954949822
1.582125,-0.357046003441655
1.58213,-0.357007059222519
1.582135,-0.356968122290825
1.58214,-0.356929192644998
1.582145,-0.356890270283448
1.58215,-0.3568513552046
1.582155,-0.356812447406872
1.58216,-0.35677354688868
1.582165,-0.356734653648447
1.58217,-0.356695767684595
1.582175,-0.356656888995537
1.58218,-0.356618017579708
1.582185,-0.356579153435521
1.58219,-0.3565402965614
1.582195,-0.35650144695577
1.5822,-0.356462604617049
1.582205,-0.356423769543667
1.58221,-0.356384941734049
1.582215,-0.356346121186617
1.58222,-0.356307307899797
1.582225,-0.356268501872012
1.58223,-0.356229703101697
1.582235,-0.356190911587271
1.58224,-0.356152127327165
1.582245,-0.356113350319805
1.58225,-0.356074580563625
1.582255,-0.356035818057043
1.58226,-0.355997062798497
1.582265,-0.355958314786418
1.58227,-0.355919574019229
1.582275,-0.355880840495369
1.58228,-0.355842114213262
1.582285,-0.355803395171349
1.58229,-0.355764683368055
1.582295,-0.355725978801817
1.5823,-0.35568728147106
1.582305,-0.355648591374224
1.58231,-0.355609908509748
1.582315,-0.355571232876063
1.58232,-0.355532564471602
1.582325,-0.355493903294797
1.58233,-0.355455249344092
1.582335,-0.355416602617924
1.58234,-0.355377963114727
1.582345,-0.355339330832937
1.58235,-0.355300705770996
1.582355,-0.355262087927339
1.58236,-0.355223477300411
1.582365,-0.355184873888646
1.58237,-0.355146277690487
1.582375,-0.355107688704371
1.58238,-0.355069106928744
1.582385,-0.355030532362046
1.58239,-0.354991965002718
1.582395,-0.354953404849203
1.5824,-0.354914851899943
1.582405,-0.354876306153388
1.58241,-0.354837767607966
1.582415,-0.354799236262143
1.58242,-0.35476071211435
1.582425,-0.354722195163038
1.58243,-0.354683685406647
1.582435,-0.354645182843628
1.58244,-0.354606687472425
1.582445,-0.354568199291493
1.58245,-0.354529718299274
1.582455,-0.354491244494216
1.58246,-0.354452777874767
1.582465,-0.354414318439381
1.58247,-0.354375866186503
1.582475,-0.354337421114587
1.58248,-0.354298983222083
1.582485,-0.354260552507438
1.58249,-0.354222128969109
1.582495,-0.354183712605551
1.5825,-0.35414530341521
1.582505,-0.354106901396538
1.58251,-0.354068506547998
1.582515,-0.354030118868034
1.58252,-0.353991738355105
1.582525,-0.353953365007667
1.58253,-0.353914998824179
1.582535,-0.353876639803088
1.58254,-0.353838287942859
1.582545,-0.353799943241945
1.58255,-0.353761605698804
1.582555,-0.353723275311894
1.58256,-0.353684952079675
1.582565,-0.353646636000602
1.58257,-0.353608327073137
1.582575,-0.353570025295745
1.58258,-0.353531730666881
1.582585,-0.353493443185006
1.58259,-0.353455162848581
1.582595,-0.353416889656068
1.5826,-0.353378623605934
1.582605,-0.353340364696636
1.58261,-0.35330211292664
1.582615,-0.35326386829441
1.58262,-0.353225630798404
1.582625,-0.3531874004371
1.58263,-0.353149177208952
1.582635,-0.353110961112428
1.58264,-0.353072752145997
1.582645,-0.353034550308124
1.58265,-0.352996355597277
1.582655,-0.352958168011924
1.58266,-0.352919987550531
1.582665,-0.352881814211568
1.58267,-0.3528436479935
1.582675,-0.352805488894804
1.58268,-0.352767336913944
1.582685,-0.352729192049394
1.58269,-0.352691054299627
1.582695,-0.352652923663106
1.5827,-0.352614800138308
1.582705,-0.352576683723709
1.58271,-0.352538574417775
1.582715,-0.352500472218986
1.58272,-0.352462377125809
1.582725,-0.352424289136725
1.58273,-0.352386208250205
1.582735,-0.35234813446472
1.58274,-0.352310067778758
1.582745,-0.352272008190781
1.58275,-0.352233955699276
1.582755,-0.352195910302718
1.58276,-0.35215787199958
1.582765,-0.352119840788344
1.58277,-0.352081816667489
1.582775,-0.352043799635492
1.58278,-0.352005789690835
1.582785,-0.351967786831996
1.58279,-0.351929791057454
1.582795,-0.351891802365691
1.5828,-0.351853820755194
1.582805,-0.351815846224436
1.58281,-0.351777878771908
1.582815,-0.351739918396084
1.58282,-0.351701965095454
1.582825,-0.351664018868495
1.58283,-0.351626079713702
1.582835,-0.351588147629552
1.58284,-0.351550222614531
1.582845,-0.351512304667127
1.58285,-0.35147439378582
1.582855,-0.351436489969106
1.58286,-0.351398593215464
1.582865,-0.351360703523386
1.58287,-0.351322820891361
1.582875,-0.351284945317873
1.58288,-0.351247076801411
1.582885,-0.351209215340472
1.58289,-0.351171360933538
1.582895,-0.351133513579104
1.5829,-0.351095673275658
1.582905,-0.351057840021691
1.58291,-0.351020013815696
1.582915,-0.350982194656169
1.58292,-0.350944382541599
1.582925,-0.350906577470478
1.58293,-0.3508687794413
1.582935,-0.35083098845256
1.58294,-0.350793204502756
1.582945,-0.350755427590377
1.58295,-0.350717657713925
1.582955,-0.350679894871891
1.58296,-0.350642139062769
1.582965,-0.350604390285067
1.58297,-0.350566648537274
1.582975,-0.350528913817888
1.58298,-0.350491186125406
1.582985,-0.350453465458335
1.58299,-0.350415751815166
1.582995,-0.350378045194405
1.583,-0.35034034559455
1.583005,-0.350302653014097
1.58301,-0.350264967451551
1.583015,-0.350227288905414
1.58302,-0.35018961737419
1.583025,-0.350151952856382
1.58303,-0.350114295350486
1.583035,-0.350076644855013
1.58304,-0.350039001368462
1.583045,-0.350001364889342
1.58305,-0.349963735416154
1.583055,-0.349926112947405
1.58306,-0.3498884974816
1.583065,-0.349850889017247
1.58307,-0.349813287552854
1.583075,-0.349775693086925
1.58308,-0.34973810561797
1.583085,-0.349700525144492
1.58309,-0.349662951665008
1.583095,-0.349625385178019
1.5831,-0.349587825682045
1.583105,-0.349550273175586
1.58311,-0.349512727657154
1.583115,-0.349475189125266
1.58312,-0.349437657578428
1.583125,-0.349400133015156
1.58313,-0.349362615433961
1.583135,-0.349325104833349
1.58314,-0.349287601211843
1.583145,-0.349250104567951
1.58315,-0.349212614900192
1.583155,-0.349175132207077
1.58316,-0.349137656487123
1.583165,-0.349100187738843
1.58317,-0.349062725960755
1.583175,-0.349025271151377
1.58318,-0.348987823309224
1.583185,-0.348950382432816
1.58319,-0.348912948520662
1.583195,-0.348875521571293
1.5832,-0.348838101583224
1.583205,-0.348800688554969
1.58321,-0.348763282485054
1.583215,-0.348725883371995
1.58322,-0.348688491214312
1.583225,-0.348651106010537
1.58323,-0.348613727759179
1.583235,-0.348576356458763
1.58324,-0.348538992107812
1.583245,-0.348501634704851
1.58325,-0.348464284248405
1.583255,-0.348426940736995
1.58326,-0.348389604169147
1.583265,-0.348352274543385
1.58327,-0.348314951858227
1.583275,-0.348277636112216
1.58328,-0.348240327303861
1.583285,-0.348203025431698
1.58329,-0.348165730494256
1.583295,-0.348128442490056
1.5833,-0.348091161417632
1.583305,-0.348053887275507
1.58331,-0.348016620062213
1.583315,-0.347979359776281
1.58332,-0.347942106416236
1.583325,-0.347904859980615
1.58333,-0.347867620467944
1.583335,-0.347830387876758
1.58334,-0.347793162205584
1.583345,-0.347755943452953
1.58335,-0.347718731617411
1.583355,-0.347681526697474
1.58336,-0.347644328691689
1.583365,-0.347607137598582
1.58337,-0.347569953416691
1.583375,-0.347532776144549
1.58338,-0.347495605780694
1.583385,-0.347458442323659
1.58339,-0.347421285771984
1.583395,-0.347384136124202
1.5834,-0.347346993378849
1.583405,-0.347309857534471
1.58341,-0.347272728589598
1.583415,-0.347235606542776
1.58342,-0.347198491392536
1.583425,-0.347161383137419
1.58343,-0.347124281775973
1.583435,-0.347087187306729
1.58344,-0.347050099728236
1.583445,-0.34701301903903
1.58345,-0.346975945237653
1.583455,-0.346938878322648
1.58346,-0.34690181829256
1.583465,-0.346864765145928
1.58347,-0.346827718881301
1.583475,-0.346790679497218
1.58348,-0.346753646992226
1.583485,-0.346716621364874
1.58349,-0.346679602613701
1.583495,-0.346642590737258
1.5835,-0.346605585734084
1.583505,-0.346568587602734
1.58351,-0.346531596341753
1.583515,-0.346494611949685
1.58352,-0.346457634425082
1.583525,-0.346420663766496
1.58353,-0.346383699972467
1.583535,-0.346346743041552
1.58354,-0.346309792972297
1.583545,-0.346272849763258
1.58355,-0.346235913412982
1.583555,-0.346198983920016
1.58356,-0.34616206128292
1.583565,-0.346125145500245
1.58357,-0.346088236570539
1.583575,-0.346051334492358
1.58358,-0.346014439264255
1.583585,-0.345977550884785
1.58359,-0.345940669352503
1.583595,-0.345903794665962
1.5836,-0.345866926823722
1.583605,-0.345830065824337
1.58361,-0.34579321166636
1.583615,-0.345756364348349
1.58362,-0.345719523868864
1.583625,-0.34568269022646
1.58363,-0.345645863419699
1.583635,-0.345609043447132
1.58364,-0.345572230307329
1.583645,-0.34553542399884
1.58365,-0.345498624520233
1.583655,-0.345461831870062
1.58366,-0.345425046046886
1.583665,-0.345388267049277
1.58367,-0.345351494875791
1.583675,-0.345314729524988
1.58368,-0.345277970995429
1.583685,-0.345241219285681
1.58369,-0.345204474394308
1.583695,-0.345167736319877
1.5837,-0.345131005060946
1.583705,-0.345094280616085
1.58371,-0.345057562983854
1.583715,-0.345020852162824
1.58372,-0.344984148151559
1.583725,-0.344947450948627
1.58373,-0.344910760552595
1.583735,-0.344874076962027
1.58374,-0.344837400175495
1.583745,-0.344800730191571
1.58375,-0.344764067008817
1.583755,-0.344727410625805
1.58376,-0.344690761041106
1.583765,-0.34465411825329
1.58377,-0.344617482260928
1.583775,-0.34458085306259
1.58378,-0.344544230656848
1.583785,-0.344507615042276
1.58379,-0.344471006217442
1.583795,-0.344434404180925
1.5838,-0.344397808931296
1.583805,-0.344361220467126
1.58381,-0.344324638786997
1.583815,-0.34428806388947
1.58382,-0.344251495773138
1.583825,-0.344214934436566
1.58383,-0.34417837987833
1.583835,-0.344141832097012
1.58384,-0.34410529109118
1.583845,-0.344068756859422
1.58385,-0.344032229400309
1.583855,-0.343995708712425
1.58386,-0.343959194794343
1.583865,-0.343922687644646
1.58387,-0.343886187261912
1.583875,-0.343849693644722
1.58388,-0.343813206791657
1.583885,-0.3437767267013
1.58389,-0.343740253372228
1.583895,-0.343703786803023
1.5839,-0.34366732699227
1.583905,-0.343630873938553
1.58391,-0.343594427640455
1.583915,-0.343557988096558
1.58392,-0.343521555305442
1.583925,-0.343485129265701
1.58393,-0.343448709975914
1.583935,-0.34341229743467
1.58394,-0.343375891640554
1.583945,-0.343339492592145
1.58395,-0.34330310028804
1.583955,-0.343266714726822
1.58396,-0.343230335907079
1.583965,-0.343193963827403
1.58397,-0.343157598486373
1.583975,-0.343121239882591
1.58398,-0.343084888014637
1.583985,-0.343048542881101
1.58399,-0.343012204480579
1.583995,-0.342975872811659
1.584,-0.342939547872929
1.584005,-0.342903229662989
1.58401,-0.342866918180425
1.584015,-0.34283061342383
1.58402,-0.342794315391797
1.584025,-0.342758024082919
1.58403,-0.342721739495793
1.584035,-0.342685461629013
1.58404,-0.342649190481174
1.584045,-0.342612926050867
1.58405,-0.342576668336688
1.584055,-0.342540417337242
1.58406,-0.342504173051116
1.584065,-0.34246793547691
1.58407,-0.342431704613224
1.584075,-0.34239548045865
1.58408,-0.342359263011792
1.584085,-0.342323052271247
1.58409,-0.342286848235616
1.584095,-0.342250650903495
1.5841,-0.342214460273485
1.584105,-0.342178276344188
1.58411,-0.342142099114209
1.584115,-0.342105928582139
1.58412,-0.342069764746589
1.584125,-0.342033607606158
1.58413,-0.341997457159446
1.584135,-0.34196131340506
1.58414,-0.341925176341605
1.584145,-0.341889045967684
1.58415,-0.341852922281898
1.584155,-0.341816805282855
1.58416,-0.341780694969159
1.584165,-0.341744591339418
1.58417,-0.341708494392234
1.584175,-0.341672404126219
1.58418,-0.341636320539975
1.584185,-0.341600243632113
1.58419,-0.341564173401243
1.584195,-0.341528109845969
1.5842,-0.341492052964902
1.584205,-0.341456002756647
1.58421,-0.341419959219824
1.584215,-0.341383922353032
1.58422,-0.341347892154891
1.584225,-0.341311868624004
1.58423,-0.341275851758986
1.584235,-0.34123984155845
1.58424,-0.34120383802101
1.584245,-0.341167841145276
1.58425,-0.341131850929859
1.584255,-0.341095867373376
1.58426,-0.341059890474439
1.584265,-0.341023920231665
1.58427,-0.340987956643671
1.584275,-0.340951999709068
1.58428,-0.340916049426473
1.584285,-0.340880105794499
1.58429,-0.340844168811769
1.584295,-0.340808238476899
1.5843,-0.340772314788507
1.584305,-0.340736397745203
1.58431,-0.340700487345617
1.584315,-0.340664583588362
1.58432,-0.340628686472056
1.584325,-0.340592795995323
1.58433,-0.34055691215678
1.584335,-0.340521034955046
1.58434,-0.340485164388749
1.584345,-0.340449300456504
1.58435,-0.34041344315694
1.584355,-0.340377592488669
1.58436,-0.340341748450322
1.584365,-0.340305911040519
1.58437,-0.340270080257884
1.584375,-0.340234256101043
1.58438,-0.340198438568621
1.584385,-0.340162627659239
1.58439,-0.340126823371524
1.584395,-0.340091025704102
1.5844,-0.340055234655601
1.584405,-0.340019450224649
1.58441,-0.339983672409866
1.584415,-0.339947901209886
1.58442,-0.339912136623338
1.584425,-0.339876378648846
1.58443,-0.339840627285041
1.584435,-0.339804882530551
1.58444,-0.339769144384005
1.584445,-0.339733412844039
1.58445,-0.339697687909279
1.584455,-0.339661969578356
1.58446,-0.3396262578499
1.584465,-0.339590552722548
1.58447,-0.339554854194928
1.584475,-0.339519162265672
1.58448,-0.339483476933419
1.584485,-0.339447798196799
1.58449,-0.339412126054446
1.584495,-0.33937646050499
1.5845,-0.339340801547076
1.584505,-0.339305149179334
1.58451,-0.339269503400396
1.584515,-0.339233864208906
1.58452,-0.339198231603492
1.584525,-0.339162605582798
1.58453,-0.339126986145458
1.584535,-0.339091373290113
1.58454,-0.3390557670154
1.584545,-0.339020167319951
1.58455,-0.338984574202417
1.584555,-0.338948987661433
1.58456,-0.338913407695635
1.584565,-0.338877834303668
1.58457,-0.338842267484171
1.584575,-0.338806707235787
1.58458,-0.338771153557157
1.584585,-0.338735606446922
1.58459,-0.338700065903728
1.584595,-0.338664531926213
1.5846,-0.338629004513026
1.584605,-0.338593483662806
1.58461,-0.338557969374198
1.584615,-0.338522461645851
1.58462,-0.338486960476407
1.584625,-0.338451465864512
1.58463,-0.338415977808816
1.584635,-0.338380496307959
1.58464,-0.33834502136059
1.584645,-0.338309552965357
1.58465,-0.338274091120911
1.584655,-0.338238635825893
1.58466,-0.338203187078959
1.584665,-0.338167744878756
1.58467,-0.338132309223929
1.584675,-0.338096880113127
1.58468,-0.338061457545014
1.584685,-0.338026041518227
1.58469,-0.337990632031423
1.584695,-0.337955229083249
1.5847,-0.33791983267236
1.584705,-0.337884442797413
1.58471,-0.337849059457056
1.584715,-0.337813682649942
1.58472,-0.337778312374726
1.584725,-0.337742948630059
1.58473,-0.337707591414602
1.584735,-0.337672240727004
1.58474,-0.337636896565927
1.584745,-0.33760155893002
1.58475,-0.337566227817944
1.584755,-0.337530903228349
1.58476,-0.3374955851599
1.584765,-0.337460273611252
1.58477,-0.337424968581063
1.584775,-0.33738967006799
1.58478,-0.337354378070696
1.584785,-0.337319092587831
1.58479,-0.337283813618066
1.584795,-0.337248541160054
1.5848,-0.337213275212459
1.584805,-0.337178015773937
1.58481,-0.337142762843154
1.584815,-0.337107516418772
1.58482,-0.337072276499454
1.584825,-0.337037043083857
1.58483,-0.337001816170648
1.584835,-0.33696659575849
1.58484,-0.336931381846046
1.584845,-0.336896174431986
1.58485,-0.336860973514969
1.584855,-0.336825779093656
1.58486,-0.33679059116672
1.584865,-0.336755409732828
1.58487,-0.336720234790645
1.584875,-0.33668506633883
1.58488,-0.336649904376061
1.584885,-0.336614748900998
1.58489,-0.336579599912314
1.584895,-0.336544457408677
1.5849,-0.336509321388755
1.584905,-0.336474191851217
1.58491,-0.336439068794731
1.584915,-0.336403952217973
1.58492,-0.336368842119606
1.584925,-0.336333738498312
1.58493,-0.336298641352751
1.584935,-0.336263550681599
1.58494,-0.33622846648353
1.584945,-0.336193388757217
1.58495,-0.336158317501329
1.584955,-0.336123252714548
1.58496,-0.336088194395536
1.584965,-0.336053142542978
1.58497,-0.336018097155545
1.584975,-0.335983058231909
1.58498,-0.335948025770753
1.584985,-0.335912999770745
1.58499,-0.33587798023057
1.584995,-0.335842967148896
1.585,-0.33580796052441
1.585005,-0.335772960355781
1.58501,-0.335737966641693
1.585015,-0.33570297938082
1.58502,-0.335667998571844
1.585025,-0.335633024213445
1.58503,-0.335598056304305
1.585035,-0.335563094843098
1.58504,-0.335528139828505
1.585045,-0.335493191259216
1.58505,-0.335458249133903
1.585055,-0.335423313451254
1.58506,-0.335388384209953
1.585065,-0.335353461408668
1.58507,-0.335318545046101
1.585075,-0.335283635120927
1.58508,-0.335248731631829
1.585085,-0.335213834577497
1.58509,-0.335178943956608
1.585095,-0.335144059767853
1.5851,-0.335109182009918
1.585105,-0.335074310681487
1.58511,-0.335039445781244
1.585115,-0.33500458730788
1.58512,-0.334969735260086
1.585125,-0.334934889636541
1.58513,-0.334900050435939
1.585135,-0.334865217656968
1.58514,-0.334830391298315
1.585145,-0.33479557135867
1.58515,-0.334760757836726
1.585155,-0.334725950731166
1.58516,-0.334691150040691
1.585165,-0.334656355763985
1.58517,-0.334621567899741
1.585175,-0.33458678644665
1.58518,-0.334552011403408
1.585185,-0.334517242768705
1.58519,-0.334482480541234
1.585195,-0.33444772471969
1.5852,-0.334412975302763
1.585205,-0.334378232289157
1.58521,-0.334343495677557
1.585215,-0.334308765466662
1.58522,-0.334274041655165
1.585225,-0.334239324241771
1.58523,-0.334204613225167
1.585235,-0.334169908604054
1.58524,-0.334135210377129
1.585245,-0.334100518543087
1.58525,-0.334065833100629
1.585255,-0.334031154048456
1.58526,-0.333996481385263
1.585265,-0.33396181510975
1.58527,-0.33392715522062
1.585275,-0.333892501716564
1.58528,-0.333857854596297
1.585285,-0.333823213858509
1.58529,-0.333788579501904
1.585295,-0.333753951525187
1.5853,-0.333719329927057
1.585305,-0.333684714706217
1.58531,-0.333650105861376
1.585315,-0.333615503391224
1.58532,-0.333580907294481
1.585325,-0.333546317569838
1.58533,-0.333511734216012
1.585335,-0.333477157231698
1.58534,-0.333442586615604
1.585345,-0.333408022366442
1.58535,-0.333373464482911
1.585355,-0.333338912963718
1.58536,-0.333304367807579
1.585365,-0.333269829013193
1.58537,-0.33323529657927
1.585375,-0.333200770504518
1.58538,-0.333166250787649
1.585385,-0.333131737427372
1.58539,-0.33309723042239
1.585395,-0.333062729771424
1.5854,-0.333028235473177
1.585405,-0.332993747526358
1.58541,-0.332959265929686
1.585415,-0.332924790681868
1.58542,-0.332890321781615
1.585425,-0.332855859227644
1.58543,-0.332821403018665
1.585435,-0.332786953153392
1.58544,-0.332752509630537
1.585445,-0.332718072448818
1.58545,-0.332683641606947
1.585455,-0.332649217103637
1.58546,-0.332614798937609
1.585465,-0.332580387107577
1.58547,-0.332545981612254
1.585475,-0.33251158245036
1.58548,-0.33247718962061
1.585485,-0.332442803121724
1.58549,-0.332408422952417
1.585495,-0.332374049111407
1.5855,-0.33233968159742
1.585505,-0.332305320409165
1.58551,-0.332270965545363
1.585515,-0.332236617004741
1.58552,-0.332202274786016
1.585525,-0.332167938887907
1.58553,-0.332133609309136
1.585535,-0.332099286048421
1.58554,-0.332064969104493
1.585545,-0.332030658476067
1.58555,-0.33199635416187
1.585555,-0.33196205616062
1.58556,-0.331927764471043
1.585565,-0.331893479091867
1.58557,-0.331859200021812
1.585575,-0.331824927259604
1.58558,-0.331790660803964
1.585585,-0.331756400653626
1.58559,-0.331722146807311
1.585595,-0.331687899263746
1.5856,-0.33165365802166
1.585605,-0.331619423079776
1.58561,-0.33158519443682
1.585615,-0.331550972091531
1.58562,-0.331516756042628
1.585625,-0.331482546288838
1.58563,-0.331448342828901
1.585635,-0.331414145661538
1.58564,-0.331379954785478
1.585645,-0.331345770199459
1.58565,-0.331311591902208
1.585655,-0.331277419892454
1.58566,-0.331243254168933
1.585665,-0.331209094730369
1.58567,-0.331174941575506
1.585675,-0.33114079470307
1.58568,-0.331106654111797
1.585685,-0.331072519800419
1.58569,-0.331038391767665
1.585695,-0.331004270012281
1.5857,-0.330970154532995
1.585705,-0.330936045328542
1.58571,-0.33090194239766
1.585715,-0.330867845739083
1.58572,-0.33083375535155
1.585725,-0.330799671233797
1.58573,-0.330765593384561
1.585735,-0.330731521802581
1.58574,-0.330697456486589
1.585745,-0.330663397435333
1.58575,-0.330629344647547
1.585755,-0.330595298121972
1.58576,-0.330561257857347
1.585765,-0.330527223852406
1.58577,-0.3304931961059
1.585775,-0.330459174616564
1.58578,-0.330425159383143
1.585785,-0.330391150404374
1.58579,-0.330357147679004
1.585795,-0.33032315120577
1.5858,-0.330289160983421
1.585805,-0.330255177010699
1.58581,-0.330221199286345
1.585815,-0.330187227809104
1.58582,-0.330153262577719
1.585825,-0.330119303590943
1.58583,-0.330085350847512
1.585835,-0.330051404346176
1.58584,-0.330017464085681
1.585845,-0.329983530064771
1.58585,-0.329949602282198
1.585855,-0.329915680736707
1.58586,-0.329881765427046
1.585865,-0.329847856351963
1.58587,-0.329813953510202
1.585875,-0.329780056900516
1.58588,-0.329746166521661
1.585885,-0.329712282372377
1.58589,-0.329678404451418
1.585895,-0.329644532757534
1.5859,-0.329610667289476
1.585905,-0.329576808045996
1.58591,-0.329542955025847
1.585915,-0.329509108227777
1.58592,-0.329475267650545
1.585925,-0.329441433292894
1.58593,-0.329407605153591
1.585935,-0.329373783231377
1.58594,-0.329339967525015
1.585945,-0.329306158033254
1.58595,-0.329272354754849
1.585955,-0.329238557688563
1.58596,-0.329204766833146
1.585965,-0.329170982187352
1.58597,-0.329137203749942
1.585975,-0.329103431519667
1.58598,-0.329069665495292
1.585985,-0.329035905675572
1.58599,-0.329002152059264
1.585995,-0.328968404645126
1.586,-0.328934663431916
1.586005,-0.328900928418399
1.58601,-0.32886719960333
1.586015,-0.32883347698547
1.58602,-0.328799760563581
1.586025,-0.32876605033642
1.58603,-0.328732346302751
1.586035,-0.328698648461339
1.58604,-0.328664956810944
1.586045,-0.328631271350325
1.58605,-0.328597592078248
1.586055,-0.328563918993474
1.58606,-0.328530252094772
1.586065,-0.3284965913809
1.58607,-0.328462936850626
1.586075,-0.328429288502713
1.58608,-0.328395646335931
1.586085,-0.32836201034904
1.58609,-0.328328380540808
1.586095,-0.328294756909999
1.5861,-0.328261139455388
1.586105,-0.328227528175734
1.58611,-0.328193923069806
1.586115,-0.328160324136377
1.58612,-0.328126731374213
1.586125,-0.328093144782082
1.58613,-0.328059564358749
1.586135,-0.328025990102991
1.58614,-0.327992422013573
1.586145,-0.327958860089269
1.58615,-0.327925304328849
1.586155,-0.327891754731084
1.58616,-0.327858211294739
1.586165,-0.327824674018602
1.58617,-0.327791142901431
1.586175,-0.327757617942002
1.58618,-0.327724099139092
1.586185,-0.327690586491469
1.58619,-0.327657079997912
1.586195,-0.327623579657195
1.5862,-0.327590085468092
1.586205,-0.327556597429376
1.58621,-0.327523115539823
1.586215,-0.327489639798212
1.58622,-0.32745617020332
1.586225,-0.327422706753915
1.58623,-0.327389249448785
1.586235,-0.327355798286699
1.58624,-0.327322353266441
1.586245,-0.32728891438679
1.58625,-0.32725548164652
1.586255,-0.327222055044411
1.58626,-0.327188634579244
1.586265,-0.327155220249796
1.58627,-0.327121812054854
1.586275,-0.327088409993192
1.58628,-0.327055014063592
1.586285,-0.327021624264837
1.58629,-0.32698824059571
1.586295,-0.326954863054995
1.5863,-0.326921491641467
1.586305,-0.326888126353917
1.58631,-0.326854767191121
1.586315,-0.326821414151869
1.58632,-0.326788067234942
1.586325,-0.326754726439129
1.58633,-0.326721391763206
1.586335,-0.326688063205967
1.58634,-0.326654740766192
1.586345,-0.326621424442675
1.58635,-0.326588114234194
1.586355,-0.32655481013954
1.58636,-0.326521512157501
1.586365,-0.326488220286857
1.58637,-0.326454934526408
1.586375,-0.326421654874936
1.58638,-0.32638838133123
1.586385,-0.326355113894083
1.58639,-0.326321852562278
1.586395,-0.326288597334608
1.5864,-0.326255348209868
1.586405,-0.326222105186842
1.58641,-0.326188868264328
1.586415,-0.326155637441111
1.58642,-0.326122412715984
1.586425,-0.326089194087743
1.58643,-0.326055981555179
1.586435,-0.326022775117085
1.58644,-0.325989574772255
1.586445,-0.325956380519479
1.58645,-0.325923192357562
1.586455,-0.325890010285288
1.58646,-0.325856834301458
1.586465,-0.325823664404862
1.58647,-0.325790500594298
1.586475,-0.325757342868566
1.58648,-0.325724191226463
1.586485,-0.325691045666778
1.58649,-0.325657906188317
1.586495,-0.32562477278987
1.5865,-0.325591645470242
1.586505,-0.32555852422823
1.58651,-0.32552540906263
1.586515,-0.325492299972248
1.58652,-0.325459196955877
1.586525,-0.325426100012316
1.58653,-0.325393009140369
1.586535,-0.325359924338843
1.58654,-0.325326845606532
1.586545,-0.325293772942235
1.58655,-0.325260706344757
1.586555,-0.325227645812903
1.58656,-0.325194591345477
1.586565,-0.325161542941277
1.58657,-0.325128500599108
1.586575,-0.325095464317774
1.58658,-0.325062434096083
1.586585,-0.325029409932839
1.58659,-0.324996391826845
1.586595,-0.324963379776905
1.5866,-0.324930373781827
1.586605,-0.324897373840418
1.58661,-0.324864379951482
1.586615,-0.324831392113829
1.58662,-0.324798410326269
1.586625,-0.324765434587603
1.58663,-0.324732464896642
1.586635,-0.324699501252195
1.58664,-0.324666543653073
1.586645,-0.324633592098087
1.58665,-0.32460064658604
1.586655,-0.324567707115741
1.58666,-0.324534773686013
1.586665,-0.324501846295654
1.58667,-0.324468924943482
1.586675,-0.324436009628308
1.58668,-0.324403100348944
1.586685,-0.324370197104195
1.58669,-0.324337299892888
1.586695,-0.324304408713828
1.5867,-0.324271523565827
1.586705,-0.324238644447702
1.58671,-0.324205771358269
1.586715,-0.324172904296338
1.58672,-0.324140043260728
1.586725,-0.324107188250256
1.58673,-0.324074339263728
1.586735,-0.324041496299972
1.58674,-0.324008659357801
1.586745,-0.323975828436033
1.58675,-0.32394300353348
1.586755,-0.323910184648963
1.58676,-0.323877371781303
1.586765,-0.323844564929316
1.58677,-0.323811764091823
1.586775,-0.323778969267644
1.58678,-0.323746180455591
1.586785,-0.323713397654491
1.58679,-0.323680620863166
1.586795,-0.323647850080432
1.5868,-0.323615085305115
1.586805,-0.32358232653603
1.58681,-0.323549573772005
1.586815,-0.323516827011861
1.58682,-0.32348408625442
1.586825,-0.323451351498506
1.58683,-0.323418622742943
1.586835,-0.323385899986549
1.58684,-0.32335318322816
1.586845,-0.323320472466593
1.58685,-0.323287767700672
1.586855,-0.323255068929227
1.58686,-0.323222376151077
1.586865,-0.323189689365056
1.58687,-0.323157008569988
1.586875,-0.323124333764699
1.58688,-0.323091664948017
1.586885,-0.323059002118768
1.58689,-0.323026345275784
1.586895,-0.322993694417889
1.5869,-0.322961049543918
1.586905,-0.322928410652694
1.58691,-0.322895777743047
1.586915,-0.32286315081381
1.58692,-0.322830529863813
1.586925,-0.322797914891887
1.58693,-0.322765305896863
1.586935,-0.322732702877571
1.58694,-0.322700105832842
1.586945,-0.322667514761512
1.58695,-0.322634929662412
1.586955,-0.322602350534376
1.58696,-0.322569777376237
1.586965,-0.322537210186828
1.58697,-0.32250464896498
1.586975,-0.322472093709535
1.58698,-0.322439544419322
1.586985,-0.322407001093181
1.58699,-0.322374463729941
1.586995,-0.322341932328445
1.587,-0.322309406887526
1.587005,-0.322276887406025
1.58701,-0.322244373882772
1.587015,-0.322211866316609
1.58702,-0.322179364706374
1.587025,-0.322146869050905
1.58703,-0.322114379349039
1.587035,-0.322081895599617
1.58704,-0.322049417801478
1.587045,-0.322016945953463
1.58705,-0.321984480054414
1.587055,-0.321952020103161
1.58706,-0.321919566098563
1.587065,-0.321887118039443
1.58707,-0.321854675924656
1.587075,-0.321822239753035
1.58708,-0.321789809523432
1.587085,-0.32175738523468
1.58709,-0.32172496688563
1.587095,-0.321692554475121
1.5871,-0.321660148001998
1.587105,-0.321627747465108
1.58711,-0.321595352863291
1.587115,-0.321562964195397
1.58712,-0.321530581460267
1.587125,-0.321498204656751
1.58713,-0.321465833783695
1.587135,-0.321433468839945
1.58714,-0.321401109824344
1.587145,-0.321368756735743
1.58715,-0.32133640957299
1.587155,-0.321304068334933
1.58716,-0.321271733020419
1.587165,-0.3212394036283
1.58717,-0.321207080157422
1.587175,-0.321174762606634
1.58718,-0.32114245097479
1.587185,-0.32111014526074
1.58719,-0.321077845463329
1.587195,-0.321045551581417
1.5872,-0.321013263613845
1.587205,-0.320980981559476
1.58721,-0.320948705417156
1.587215,-0.320916435185739
1.58722,-0.320884170864078
1.587225,-0.320851912451022
1.58723,-0.320819659945432
1.587235,-0.320787413346158
1.58724,-0.320755172652058
1.587245,-0.320722937861981
1.58725,-0.320690708974787
1.587255,-0.32065848598933
1.58726,-0.320626268904468
1.587265,-0.320594057719057
1.58727,-0.320561852431951
1.587275,-0.320529653042005
1.58728,-0.320497459548081
1.587285,-0.320465271949039
1.58729,-0.320433090243734
1.587295,-0.320400914431024
1.5873,-0.320368744509769
1.587305,-0.320336580478825
1.58731,-0.320304422337061
1.587315,-0.320272270083328
1.58732,-0.320240123716486
1.587325,-0.320207983235408
1.58733,-0.320175848638939
1.587335,-0.320143719925952
1.58734,-0.320111597095303
1.587345,-0.32007948014586
1.58735,-0.320047369076481
1.587355,-0.320015263886027
1.58736,-0.31998316457337
1.587365,-0.319951071137367
1.58737,-0.319918983576881
1.587375,-0.319886901890782
1.58738,-0.319854826077931
1.587385,-0.319822756137197
1.58739,-0.319790692067443
1.587395,-0.319758633867536
1.5874,-0.319726581536341
1.587405,-0.319694535072723
1.58741,-0.319662494475556
1.587415,-0.319630459743701
1.58742,-0.319598430876028
1.587425,-0.319566407871411
1.58743,-0.319534390728708
1.587435,-0.319502379446794
1.58744,-0.31947037402454
1.587445,-0.319438374460813
1.58745,-0.319406380754482
1.587455,-0.319374392904418
1.58746,-0.319342410909495
1.587465,-0.319310434768581
1.58747,-0.319278464480552
1.587475,-0.319246500044276
1.58748,-0.319214541458623
1.587485,-0.319182588722471
1.58749,-0.319150641834691
1.587495,-0.319118700794157
1.5875,-0.319086765599742
1.587505,-0.31905483625032
1.58751,-0.319022912744767
1.587515,-0.318990995081956
1.58752,-0.318959083260769
1.587525,-0.318927177280067
1.58753,-0.318895277138741
1.587535,-0.318863382835661
1.58754,-0.3188314943697
1.587545,-0.318799611739746
1.58755,-0.318767734944664
1.587555,-0.318735863983342
1.58756,-0.318703998854654
1.587565,-0.318672139557476
1.58757,-0.31864028609069
1.587575,-0.318608438453176
1.58758,-0.318576596643813
1.587585,-0.318544760661484
1.58759,-0.318512930505058
1.587595,-0.31848110617343
1.5876,-0.318449287665477
1.587605,-0.318417474980076
1.58761,-0.318385668116114
1.587615,-0.318353867072468
1.58762,-0.318322071848025
1.587625,-0.318290282441669
1.58763,-0.318258498852281
1.587635,-0.318226721078745
1.58764,-0.31819494911994
1.587645,-0.318163182974762
1.58765,-0.318131422642086
1.587655,-0.318099668120804
1.58766,-0.318067919409796
1.587665,-0.318036176507953
1.58767,-0.318004439414155
1.587675,-0.317972708127296
1.58768,-0.317940982646254
1.587685,-0.317909262969927
1.58769,-0.317877549097198
1.587695,-0.317845841026949
1.5877,-0.317814138758078
1.587705,-0.317782442289473
1.58771,-0.317750751620019
1.587715,-0.317719066748609
1.58772,-0.317687387674124
1.587725,-0.317655714395467
1.58773,-0.317624046911521
1.587735,-0.317592385221182
1.58774,-0.317560729323337
1.587745,-0.317529079216879
1.58775,-0.317497434900702
1.587755,-0.317465796373699
1.58776,-0.31743416363476
1.587765,-0.317402536682778
1.58777,-0.317370915516649
1.587775,-0.317339300135265
1.58778,-0.317307690537521
1.587785,-0.317276086722316
1.58779,-0.31724448868854
1.587795,-0.317212896435087
1.5878,-0.317181309960856
1.587805,-0.317149729264746
1.58781,-0.317118154345649
1.587815,-0.317086585202464
1.58782,-0.317055021834084
1.587825,-0.317023464239412
1.58783,-0.316991912417347
1.587835,-0.316960366366785
1.58784,-0.316928826086619
1.587845,-0.316897291575757
1.58785,-0.316865762833097
1.587855,-0.316834239857532
1.58786,-0.31680272264797
1.587865,-0.316771211203304
1.58787,-0.316739705522444
1.587875,-0.316708205604285
1.58788,-0.316676711447731
1.587885,-0.316645223051682
1.58789,-0.316613740415045
1.587895,-0.316582263536715
1.5879,-0.316550792415603
1.587905,-0.316519327050605
1.58791,-0.316487867440631
1.587915,-0.316456413584584
1.58792,-0.316424965481367
1.587925,-0.316393523129885
1.58793,-0.316362086529041
1.587935,-0.316330655677748
1.58794,-0.316299230574904
1.587945,-0.316267811219419
1.58795,-0.3162363976102
1.587955,-0.316204989746151
1.58796,-0.316173587626186
1.587965,-0.316142191249207
1.58797,-0.316110800614124
1.587975,-0.316079415719843
1.58798,-0.316048036565274
1.587985,-0.31601666314933
1.58799,-0.315985295470918
1.587995,-0.315953933528948
1.588,-0.315922577322329
1.588005,-0.315891226849973
1.58801,-0.31585988211079
1.588015,-0.315828543103694
1.58802,-0.315797209827596
1.588025,-0.315765882281408
1.58803,-0.315734560464041
1.588035,-0.315703244374404
1.58804,-0.315671934011418
1.588045,-0.315640629373996
1.58805,-0.315609330461047
1.588055,-0.315578037271487
1.58806,-0.315546749804229
1.588065,-0.315515468058191
1.58807,-0.315484192032289
1.588075,-0.315452921725439
1.58808,-0.315421657136551
1.588085,-0.315390398264547
1.58809,-0.315359145108346
1.588095,-0.315327897666859
1.5881,-0.315296655939006
1.588105,-0.315265419923708
1.58811,-0.315234189619874
1.588115,-0.315202965026435
1.58812,-0.315171746142304
1.588125,-0.315140532966395
1.58813,-0.315109325497639
1.588135,-0.315078123734942
1.58814,-0.315046927677239
1.588145,-0.315015737323442
1.58815,-0.314984552672475
1.588155,-0.314953373723259
1.58816,-0.314922200474715
1.588165,-0.314891032925759
1.58817,-0.314859871075328
1.588175,-0.314828714922335
1.58818,-0.314797564465706
1.588185,-0.314766419704362
1.58819,-0.314735280637228
1.588195,-0.314704147263235
1.5882,-0.314673019581295
1.588205,-0.314641897590343
1.58821,-0.314610781289304
1.588215,-0.314579670677094
1.58822,-0.314548565752652
1.588225,-0.314517466514897
1.58823,-0.314486372962759
1.588235,-0.314455285095159
1.58824,-0.314424202911031
1.588245,-0.314393126409304
1.58825,-0.314362055588899
1.588255,-0.314330990448753
1.58826,-0.314299930987788
1.588265,-0.314268877204936
1.58827,-0.314237829099129
1.588275,-0.314206786669291
1.58828,-0.314175749914362
1.588285,-0.314144718833265
1.58829,-0.314113693424932
1.588295,-0.314082673688295
1.5883,-0.314051659622287
1.588305,-0.314020651225842
1.58831,-0.313989648497888
1.588315,-0.313958651437362
1.58832,-0.31392766004319
1.588325,-0.313896674314315
1.58833,-0.313865694249665
1.588335,-0.313834719848178
1.58834,-0.313803751108787
1.588345,-0.313772788030421
1.58835,-0.313741830612025
1.588355,-0.313710878852533
1.58836,-0.31367993275088
1.588365,-0.313648992305997
1.58837,-0.313618057516825
1.588375,-0.313587128382303
1.58838,-0.313556204901369
1.588385,-0.313525287072958
1.58839,-0.313494374896005
1.588395,-0.313463468369455
1.5884,-0.313432567492243
1.588405,-0.313401672263312
1.58841,-0.313370782681597
1.588415,-0.313339898746042
1.58842,-0.313309020455585
1.588425,-0.313278147809166
1.58843,-0.313247280805727
1.588435,-0.313216419444211
1.58844,-0.31318556372356
1.588445,-0.313154713642713
1.58845,-0.313123869200612
1.588455,-0.313093030396201
1.58846,-0.313062197228429
1.588465,-0.31303136969623
1.58847,-0.313000547798557
1.588475,-0.312969731534343
1.58848,-0.312938920902544
1.588485,-0.312908115902096
1.58849,-0.312877316531955
1.588495,-0.312846522791054
1.5885,-0.312815734678344
1.588505,-0.312784952192776
1.58851,-0.312754175333293
1.588515,-0.31272340409884
1.58852,-0.312692638488368
1.588525,-0.312661878500825
1.58853,-0.312631124135151
1.588535,-0.312600375390304
1.58854,-0.312569632265231
1.588545,-0.312538894758882
1.58855,-0.3125081628702
1.588555,-0.312477436598135
1.58856,-0.312446715941649
1.588565,-0.312416000899681
1.58857,-0.312385291471187
1.588575,-0.312354587655115
1.58858,-0.312323889450418
1.588585,-0.312293196856051
1.58859,-0.312262509870965
1.588595,-0.312231828494111
1.5886,-0.312201152724442
1.588605,-0.312170482560908
1.58861,-0.312139818002472
1.588615,-0.31210915904808
1.58862,-0.312078505696694
1.588625,-0.31204785794726
1.58863,-0.312017215798736
1.588635,-0.311986579250079
1.58864,-0.311955948300245
1.588645,-0.31192532294819
1.58865,-0.311894703192872
1.588655,-0.311864089033247
1.58866,-0.311833480468265
1.588665,-0.311802877496894
1.58867,-0.311772280118086
1.588675,-0.311741688330803
1.58868,-0.311711102134002
1.588685,-0.311680521526636
1.58869,-0.311649946507677
1.588695,-0.311619377076077
1.5887,-0.311588813230793
1.588705,-0.311558254970791
1.58871,-0.311527702295031
1.588715,-0.31149715520247
1.58872,-0.311466613692073
1.588725,-0.311436077762801
1.58873,-0.311405547413623
1.588735,-0.311375022643485
1.58874,-0.311344503451366
1.588745,-0.311313989836221
1.58875,-0.311283481797017
1.588755,-0.311252979332714
1.58876,-0.311222482442277
1.588765,-0.311191991124672
1.58877,-0.311161505378866
1.588775,-0.311131025203823
1.58878,-0.311100550598507
1.588785,-0.311070081561883
1.58879,-0.311039618092918
1.588795,-0.311009160190584
1.5888,-0.310978707853843
1.588805,-0.31094826108166
1.58881,-0.310917819873008
1.588815,-0.31088738422685
1.58882,-0.310856954142161
1.588825,-0.310826529617902
1.58883,-0.310796110653051
1.588835,-0.310765697246571
1.58884,-0.310735289397432
1.588845,-0.310704887104605
1.58885,-0.310674490367063
1.588855,-0.310644099183775
1.58886,-0.310613713553708
1.588865,-0.310583333475841
1.58887,-0.310552958949142
1.588875,-0.310522589972584
1.58888,-0.310492226545139
1.588885,-0.31046186866578
1.58889,-0.310431516333477
1.588895,-0.310401169547214
1.5889,-0.310370828305955
1.588905,-0.310340492608674
1.58891,-0.310310162454352
1.588915,-0.310279837841961
1.58892,-0.310249518770475
1.588925,-0.310219205238869
1.58893,-0.310188897246128
1.588935,-0.310158594791216
1.58894,-0.310128297873116
1.588945,-0.310098006490802
1.58895,-0.310067720643257
1.588955,-0.310037440329454
1.58896,-0.310007165548373
1.588965,-0.309976896298994
1.58897,-0.30994663258029
1.588975,-0.309916374391244
1.58898,-0.309886121730839
1.588985,-0.30985587459805
1.58899,-0.309825632991859
1.588995,-0.309795396911243
1.589,-0.309765166355186
1.589005,-0.309734941322674
1.58901,-0.30970472181268
1.589015,-0.309674507824189
1.58902,-0.309644299356182
1.589025,-0.309614096407649
1.58903,-0.309583898977565
1.589035,-0.309553707064917
1.58904,-0.309523520668686
1.589045,-0.309493339787855
1.58905,-0.309463164421412
1.589055,-0.309432994568341
1.58906,-0.309402830227628
1.589065,-0.309372671398256
1.58907,-0.309342518079209
1.589075,-0.309312370269475
1.58908,-0.309282227968042
1.589085,-0.309252091173899
1.58909,-0.309221959886028
1.589095,-0.30919183410342
1.5891,-0.309161713825055
1.589105,-0.309131599049928
1.58911,-0.30910148977703
1.589115,-0.309071386005344
1.58912,-0.309041287733868
1.589125,-0.309011194961575
1.58913,-0.308981107687468
1.589135,-0.308951025910537
1.58914,-0.308920949629767
1.589145,-0.308890878844151
1.58915,-0.308860813552682
1.589155,-0.308830753754348
1.58916,-0.308800699448142
1.589165,-0.30877065063306
1.58917,-0.308740607308091
1.589175,-0.30871056947223
1.58918,-0.308680537124465
1.589185,-0.308650510263798
1.58919,-0.308620488889215
1.589195,-0.308590472999715
1.5892,-0.308560462594291
1.589205,-0.308530457671937
1.58921,-0.308500458231652
1.589215,-0.308470464272429
1.58922,-0.308440475793266
1.589225,-0.308410492793155
1.58923,-0.308380515271095
1.589235,-0.308350543226083
1.58924,-0.308320576657118
1.589245,-0.308290615563199
1.58925,-0.308260659943318
1.589255,-0.308230709796477
1.58926,-0.308200765121677
1.589265,-0.308170825917911
1.58927,-0.308140892184186
1.589275,-0.308110963919497
1.58928,-0.308081041122846
1.589285,-0.308051123793229
1.58929,-0.30802121192965
1.589295,-0.307991305531114
1.5893,-0.307961404596614
1.589305,-0.307931509125164
1.58931,-0.307901619115751
1.589315,-0.30787173456739
1.58932,-0.307841855479079
1.589325,-0.30781198184982
1.58933,-0.307782113678618
1.589335,-0.307752250964473
1.58934,-0.307722393706397
1.589345,-0.30769254190339
1.58935,-0.307662695554458
1.589355,-0.307632854658602
1.58936,-0.307603019214832
1.589365,-0.307573189222155
1.58937,-0.307543364679576
1.589375,-0.307513545586095
1.58938,-0.307483731940728
1.589385,-0.307453923742478
1.58939,-0.307424120990356
1.589395,-0.307394323683364
1.5894,-0.307364531820518
1.589405,-0.30733474540082
1.58941,-0.30730496442328
1.589415,-0.307275188886907
1.58942,-0.307245418790714
1.589425,-0.307215654133709
1.58943,-0.307185894914903
1.589435,-0.307156141133303
1.58944,-0.307126392787926
1.589445,-0.30709664987778
1.58945,-0.307066912401875
1.589455,-0.30703718035923
1.58946,-0.307007453748848
1.589465,-0.306977732569744
1.58947,-0.306948016820937
1.589475,-0.306918306501436
1.58948,-0.306888601610255
1.589485,-0.306858902146408
1.58949,-0.306829208108906
1.589495,-0.306799519496771
1.5895,-0.306769836309013
1.589505,-0.306740158544651
1.58951,-0.306710486202695
1.589515,-0.306680819282163
1.58952,-0.306651157782077
1.589525,-0.306621501701449
1.58953,-0.306591851039294
1.589535,-0.306562205794635
1.58954,-0.306532565966483
1.589545,-0.306502931553866
1.58955,-0.306473302555788
1.589555,-0.306443678971282
1.58956,-0.306414060799359
1.589565,-0.306384448039042
1.58957,-0.306354840689346
1.589575,-0.306325238749297
1.58958,-0.306295642217914
1.589585,-0.306266051094215
1.58959,-0.306236465377224
1.589595,-0.306206885065959
1.5896,-0.306177310159445
1.589605,-0.306147740656704
1.58961,-0.306118176556759
1.589615,-0.306088617858631
1.58962,-0.30605906456134
1.589625,-0.30602951666392
1.58963,-0.305999974165382
1.589635,-0.305970437064758
1.58964,-0.30594090536107
1.589645,-0.305911379053345
1.58965,-0.305881858140601
1.589655,-0.305852342621878
1.58966,-0.305822832496186
1.589665,-0.305793327762568
1.58967,-0.30576382842003
1.589675,-0.305734334467612
1.58968,-0.305704845904337
1.589685,-0.305675362729239
1.58969,-0.305645884941337
1.589695,-0.305616412539669
1.5897,-0.30558694552325
1.589705,-0.30555748389112
1.58971,-0.305528027642307
1.589715,-0.305498576775836
1.58972,-0.305469131290737
1.589725,-0.305439691186045
1.58973,-0.305410256460788
1.589735,-0.305380827113996
1.58974,-0.305351403144701
1.589745,-0.305321984551935
1.58975,-0.305292571334728
1.589755,-0.305263163492116
1.58976,-0.30523376102313
1.589765,-0.305204363926798
1.58977,-0.30517497220216
1.589775,-0.305145585848245
1.58978,-0.305116204864089
1.589785,-0.305086829248727
1.58979,-0.305057459001193
1.589795,-0.305028094120519
1.5898,-0.304998734605742
1.589805,-0.304969380455902
1.58981,-0.304940031670028
1.589815,-0.30491068824716
1.58982,-0.304881350186333
1.589825,-0.304852017486586
1.58983,-0.304822690146951
1.589835,-0.304793368166476
1.58984,-0.304764051544188
1.589845,-0.304734740279132
1.58985,-0.304705434370342
1.589855,-0.304676133816857
1.58986,-0.30464683861772
1.589865,-0.30461754877197
1.58987,-0.304588264278645
1.589875,-0.304558985136785
1.58988,-0.30452971134543
1.589885,-0.304500442903627
1.58989,-0.304471179810409
1.589895,-0.304441922064824
1.5899,-0.304412669665911
1.589905,-0.304383422612705
1.58991,-0.304354180904265
1.589915,-0.30432494453962
1.58992,-0.304295713517821
1.589925,-0.304266487837904
1.58993,-0.304237267498922
1.589935,-0.304208052499909
1.58994,-0.304178842839919
1.589945,-0.304149638517994
1.58995,-0.304120439533175
1.589955,-0.304091245884512
1.58996,-0.30406205757105
1.589965,-0.304032874591836
1.58997,-0.304003696945914
1.589975,-0.303974524632334
1.58998,-0.303945357650139
1.589985,-0.303916195998378
1.58999,-0.3038870396761
1.589995,-0.303857888682358
1.59,-0.30382874301619
1.590005,-0.303799602676654
1.59001,-0.303770467662795
1.590015,-0.303741337973663
1.59002,-0.303712213608308
1.590025,-0.303683094565779
1.59003,-0.303653980845131
1.590035,-0.303624872445409
1.59004,-0.303595769365668
1.590045,-0.303566671604957
1.59005,-0.303537579162332
1.590055,-0.303508492036841
1.59006,-0.303479410227538
1.590065,-0.303450333733473
1.59007,-0.303421262553706
1.590075,-0.303392196687285
1.59008,-0.303363136133263
1.590085,-0.3033340808907
1.59009,-0.303305030958642
1.590095,-0.303275986336155
1.5901,-0.303246947022284
1.590105,-0.30321791301609
1.59011,-0.303188884316628
1.590115,-0.303159860922951
1.59012,-0.303130842834119
1.590125,-0.303101830049189
1.59013,-0.303072822567212
1.590135,-0.303043820387255
1.59014,-0.303014823508371
1.590145,-0.302985831929616
1.59015,-0.302956845650051
1.590155,-0.302927864668734
1.59016,-0.302898888984728
1.590165,-0.302869918597086
1.59017,-0.30284095350487
1.590175,-0.302811993707142
1.59018,-0.302783039202963
1.590185,-0.30275408999139
1.59019,-0.302725146071487
1.590195,-0.302696207442313
1.5902,-0.302667274102932
1.590205,-0.302638346052406
1.59021,-0.302609423289797
1.590215,-0.302580505814167
1.59022,-0.30255159362458
1.590225,-0.3025226867201
1.59023,-0.30249378509979
1.590235,-0.30246488876271
1.59024,-0.302435997707932
1.590245,-0.302407111934513
1.59025,-0.302378231441525
1.590255,-0.302349356228031
1.59026,-0.302320486293097
1.590265,-0.302291621635783
1.59027,-0.302262762255163
1.590275,-0.302233908150303
1.59028,-0.302205059320267
1.590285,-0.302176215764123
1.59029,-0.302147377480938
1.590295,-0.302118544469782
1.5903,-0.30208971672972
1.590305,-0.302060894259826
1.59031,-0.302032077059165
1.590315,-0.302003265126808
1.59032,-0.301974458461826
1.590325,-0.301945657063283
1.59033,-0.301916860930254
1.590335,-0.301888070061811
1.59034,-0.30185928445702
1.590345,-0.301830504114958
1.59035,-0.301801729034688
1.590355,-0.301772959215293
1.59036,-0.301744194655841
1.590365,-0.301715435355398
1.59037,-0.301686681313047
1.590375,-0.301657932527852
1.59038,-0.301629188998894
1.590385,-0.301600450725244
1.59039,-0.301571717705978
1.590395,-0.301542989940168
1.5904,-0.301514267426885
1.590405,-0.301485550165213
1.59041,-0.301456838154222
1.590415,-0.301428131392992
1.59042,-0.301399429880592
1.590425,-0.301370733616105
1.59043,-0.301342042598605
1.590435,-0.301313356827169
1.59044,-0.301284676300879
1.590445,-0.301256001018807
1.59045,-0.301227330980031
1.590455,-0.301198666183632
1.59046,-0.301170006628692
1.590465,-0.301141352314284
1.59047,-0.301112703239491
1.590475,-0.301084059403394
1.59048,-0.301055420805064
1.590485,-0.301026787443592
1.59049,-0.300998159318057
1.590495,-0.300969536427539
1.5905,-0.300940918771117
1.590505,-0.300912306347871
1.59051,-0.300883699156888
1.590515,-0.30085509719725
1.59052,-0.30082650046804
1.590525,-0.300797908968337
1.59053,-0.300769322697224
1.590535,-0.300740741653792
1.59054,-0.30071216583712
1.590545,-0.30068359524629
1.59055,-0.300655029880389
1.590555,-0.300626469738505
1.59056,-0.300597914819717
1.590565,-0.300569365123116
1.59057,-0.300540820647789
1.590575,-0.300512281392818
1.59058,-0.300483747357288
1.590585,-0.300455218540289
1.59059,-0.300426694940911
1.590595,-0.300398176558238
1.5906,-0.300369663391359
1.590605,-0.300341155439359
1.59061,-0.30031265270133
1.590615,-0.30028415517636
1.59062,-0.300255662863542
1.590625,-0.300227175761958
1.59063,-0.300198693870704
1.590635,-0.300170217188869
1.59064,-0.300141745715538
1.590645,-0.30011327944981
1.59065,-0.300084818390771
1.590655,-0.300056362537516
1.59066,-0.300027911889129
1.590665,-0.299999466444711
1.59067,-0.299971026203351
1.590675,-0.299942591164141
1.59068,-0.299914161326179
1.590685,-0.299885736688548
1.59069,-0.299857317250352
1.590695,-0.299828903010677
1.5907,-0.299800493968627
1.590705,-0.299772090123286
1.59071,-0.29974369147376
1.590715,-0.299715298019134
1.59072,-0.299686909758507
1.590725,-0.29965852669098
1.59073,-0.299630148815644
1.590735,-0.299601776131595
1.59074,-0.299573408637934
1.590745,-0.299545046333753
1.59075,-0.299516689218157
1.590755,-0.299488337290238
1.59076,-0.299459990549098
1.590765,-0.29943164899383
1.59077,-0.299403312623537
1.590775,-0.299374981437319
1.59078,-0.299346655434274
1.590785,-0.299318334613502
1.59079,-0.299290018974103
1.590795,-0.299261708515176
1.5908,-0.299233403235826
1.590805,-0.299205103135152
1.59081,-0.299176808212253
1.590815,-0.299148518466233
1.59082,-0.299120233896193
1.590825,-0.299091954501239
1.59083,-0.29906368028047
1.590835,-0.29903541123299
1.59084,-0.299007147357905
1.590845,-0.298978888654311
1.59085,-0.29895063512132
1.590855,-0.298922386758036
1.59086,-0.298894143563559
1.590865,-0.298865905536999
1.59087,-0.298837672677456
1.590875,-0.298809444984037
1.59088,-0.298781222455852
1.590885,-0.298753005092005
1.59089,-0.2987247928916
1.590895,-0.29869658585375
1.5909,-0.298668383977553
1.590905,-0.298640187262127
1.59091,-0.298611995706572
1.590915,-0.29858380931
1.59092,-0.298555628071519
1.590925,-0.298527451990236
1.59093,-0.29849928106526
1.590935,-0.298471115295706
1.59094,-0.298442954680679
1.590945,-0.298414799219288
1.59095,-0.298386648910644
1.590955,-0.298358503753863
1.59096,-0.298330363748051
1.590965,-0.298302228892325
1.59097,-0.298274099185786
1.590975,-0.298245974627556
1.59098,-0.298217855216743
1.590985,-0.29818974095246
1.59099,-0.298161631833822
1.590995,-0.298133527859941
1.591,-0.298105429029929
1.591005,-0.298077335342902
1.59101,-0.298049246797977
1.591015,-0.298021163394263
1.59102,-0.297993085130878
1.591025,-0.297965012006934
1.59103,-0.297936944021555
1.591035,-0.297908881173847
1.59104,-0.297880823462933
1.591045,-0.297852770887925
1.59105,-0.297824723447941
1.591055,-0.2977966811421
1.59106,-0.297768643969519
1.591065,-0.297740611929316
1.59107,-0.297712585020607
1.591075,-0.297684563242512
1.59108,-0.297656546594148
1.591085,-0.297628535074639
1.59109,-0.2976005286831
1.591095,-0.297572527418649
1.5911,-0.297544531280414
1.591105,-0.297516540267507
1.59111,-0.297488554379051
1.591115,-0.297460573614171
1.59112,-0.297432597971982
1.591125,-0.297404627451612
1.59113,-0.297376662052177
1.591135,-0.297348701772803
1.59114,-0.297320746612614
1.591145,-0.297292796570727
1.59115,-0.297264851646271
1.591155,-0.297236911838366
1.59116,-0.297208977146138
1.591165,-0.297181047568711
1.59117,-0.297153123105209
1.591175,-0.297125203754755
1.59118,-0.297097289516477
1.591185,-0.297069380389496
1.59119,-0.297041476372946
1.591195,-0.297013577465947
1.5912,-0.296985683667626
1.591205,-0.296957794977111
1.59121,-0.296929911393525
1.591215,-0.296902032916003
1.59122,-0.296874159543666
1.591225,-0.296846291275646
1.59123,-0.29681842811107
1.591235,-0.296790570049062
1.59124,-0.29676271708876
1.591245,-0.296734869229287
1.59125,-0.296707026469776
1.591255,-0.296679188809353
1.59126,-0.296651356247149
1.591265,-0.296623528782299
1.59127,-0.296595706413927
1.591275,-0.29656788914117
1.59128,-0.296540076963157
1.591285,-0.296512269879019
1.59129,-0.296484467887888
1.591295,-0.296456670988902
1.5913,-0.296428879181189
1.591305,-0.296401092463881
1.59131,-0.29637331083611
1.591315,-0.296345534297015
1.59132,-0.296317762845727
1.591325,-0.29628999648138
1.59133,-0.296262235203114
1.591335,-0.296234479010055
1.59134,-0.296206727901344
1.591345,-0.296178981876115
1.59135,-0.296151240933503
1.591355,-0.296123505072652
1.59136,-0.296095774292685
1.591365,-0.296068048592747
1.59137,-0.296040327971974
1.591375,-0.296012612429507
1.59138,-0.29598490196448
1.591385,-0.295957196576031
1.59139,-0.295929496263295
1.591395,-0.29590180102542
1.5914,-0.295874110861536
1.591405,-0.29584642577079
1.59141,-0.295818745752317
1.591415,-0.295791070805252
1.59142,-0.295763400928748
1.591425,-0.295735736121937
1.59143,-0.295708076383961
1.591435,-0.295680421713965
1.59144,-0.295652772111085
1.591445,-0.295625127574464
1.59145,-0.295597488103252
1.591455,-0.295569853696581
1.59146,-0.2955422243536
1.591465,-0.295514600073449
1.59147,-0.295486980855274
1.591475,-0.295459366698215
1.59148,-0.295431757601423
1.591485,-0.295404153564038
1.59149,-0.295376554585204
1.591495,-0.295348960664066
1.5915,-0.295321371799771
1.591505,-0.295293787991467
1.59151,-0.295266209238295
1.591515,-0.295238635539404
1.59152,-0.29521106689394
1.591525,-0.29518350330105
1.59153,-0.29515594475988
1.591535,-0.295128391269581
1.59154,-0.295100842829299
1.591545,-0.295073299438183
1.59155,-0.295045761095376
1.591555,-0.295018227800035
1.59156,-0.294990699551303
1.591565,-0.294963176348338
1.59157,-0.294935658190281
1.591575,-0.29490814507628
1.59158,-0.294880637005496
1.591585,-0.294853133977075
1.59159,-0.294825635990161
1.591595,-0.294798143043915
1.5916,-0.294770655137485
1.591605,-0.294743172270024
1.59161,-0.294715694440682
1.591615,-0.294688221648612
1.59162,-0.294660753892972
1.591625,-0.294633291172904
1.59163,-0.294605833487576
1.591635,-0.294578380836133
1.59164,-0.294550933217729
1.591645,-0.294523490631518
1.59165,-0.294496053076659
1.591655,-0.294468620552308
1.59166,-0.294441193057612
1.591665,-0.294413770591739
1.59167,-0.294386353153833
1.591675,-0.294358940743058
1.59168,-0.294331533358565
1.591685,-0.294304130999516
1.59169,-0.294276733665069
1.591695,-0.294249341354379
1.5917,-0.2942219540666
1.591705,-0.294194571800897
1.59171,-0.294167194556426
1.591715,-0.294139822332348
1.59172,-0.294112455127813
1.591725,-0.294085092941995
1.59173,-0.29405773577404
1.591735,-0.294030383623117
1.59174,-0.294003036488385
1.591745,-0.293975694369005
1.59175,-0.293948357264135
1.591755,-0.293921025172935
1.59176,-0.293893698094573
1.591765,-0.293866376028207
1.59177,-0.293839058972997
1.591775,-0.293811746928112
1.59178,-0.29378443989271
1.591785,-0.293757137865955
1.59179,-0.293729840847011
1.591795,-0.293702548835044
1.5918,-0.293675261829216
1.591805,-0.293647979828691
1.59181,-0.293620702832634
1.591815,-0.293593430840212
1.59182,-0.293566163850588
1.591825,-0.29353890186293
1.59183,-0.293511644876399
1.591835,-0.293484392890168
1.59184,-0.2934571459034
1.591845,-0.293429903915264
1.59185,-0.293402666924925
1.591855,-0.293375434931552
1.59186,-0.293348207934312
1.591865,-0.293320985932371
1.59187,-0.293293768924905
1.591875,-0.293266556911076
1.59188,-0.293239349890057
1.591885,-0.293212147861013
1.59189,-0.293184950823117
1.591895,-0.29315775877554
1.5919,-0.29313057171745
1.591905,-0.293103389648018
1.59191,-0.293076212566418
1.591915,-0.293049040471816
1.59192,-0.29302187336339
1.591925,-0.292994711240309
1.59193,-0.292967554101743
1.591935,-0.292940401946868
1.59194,-0.292913254774851
1.591945,-0.292886112584872
1.59195,-0.292858975376103
1.591955,-0.292831843147716
1.59196,-0.292804715898886
1.591965,-0.292777593628787
1.59197,-0.292750476336594
1.591975,-0.292723364021484
1.59198,-0.292696256682628
1.591985,-0.292669154319204
1.59199,-0.292642056930389
1.591995,-0.29261496451536
1.592,-0.29258787707329
1.592005,-0.292560794603359
1.59201,-0.292533717104742
1.592015,-0.292506644576618
1.59202,-0.292479577018166
1.592025,-0.292452514428567
1.59203,-0.292425456806988
1.592035,-0.292398404152619
1.59204,-0.292371356464632
1.592045,-0.292344313742208
1.59205,-0.292317275984532
1.592055,-0.292290243190779
1.59206,-0.292263215360132
1.592065,-0.292236192491768
1.59207,-0.292209174584868
1.592075,-0.29218216163862
1.59208,-0.292155153652197
1.592085,-0.292128150624788
1.59209,-0.292101152555574
1.592095,-0.292074159443725
1.5921,-0.292047171288444
1.592105,-0.2920201880889
1.59211,-0.291993209844281
1.592115,-0.291966236553769
1.59212,-0.291939268216552
1.592125,-0.291912304831812
1.59213,-0.291885346398728
1.592135,-0.291858392916496
1.59214,-0.291831444384296
1.592145,-0.291804500801307
1.59215,-0.291777562166726
1.592155,-0.291750628479732
1.59216,-0.291723699739517
1.592165,-0.291696775945263
1.59217,-0.291669857096157
1.592175,-0.291642943191388
1.59218,-0.291616034230143
1.592185,-0.291589130211615
1.59219,-0.291562231134986
1.592195,-0.291535336999445
1.5922,-0.29150844780418
1.592205,-0.291481563548389
1.59221,-0.291454684231254
1.592215,-0.291427809851967
1.59222,-0.291400940409716
1.592225,-0.291374075903693
1.59223,-0.291347216333089
1.592235,-0.291320361697097
1.59224,-0.291293511994906
1.592245,-0.291266667225707
1.59225,-0.291239827388692
1.592255,-0.291212992483057
1.59226,-0.291186162507992
1.592265,-0.291159337462692
1.59227,-0.291132517346346
1.592275,-0.291105702158149
1.59228,-0.291078891897296
1.592285,-0.291052086562985
1.59229,-0.291025286154405
1.592295,-0.290998490670751
1.5923,-0.290971700111222
1.592305,-0.290944914475006
1.59231,-0.290918133761307
1.592315,-0.29089135796932
1.59232,-0.290864587098237
1.592325,-0.290837821147259
1.59233,-0.290811060115576
1.592335,-0.290784304002393
1.59234,-0.290757552806902
1.592345,-0.290730806528306
1.59235,-0.290704065165804
1.592355,-0.290677328718584
1.59236,-0.290650597185858
1.592365,-0.290623870566813
1.59237,-0.290597148860658
1.592375,-0.29057043206659
1.59238,-0.290543720183806
1.592385,-0.290517013211509
1.59239,-0.290490311148898
1.592395,-0.290463613995179
1.5924,-0.290436921749546
1.592405,-0.290410234411206
1.59241,-0.290383551979358
1.592415,-0.290356874453205
1.59242,-0.29033020183195
1.592425,-0.290303534114794
1.59243,-0.290276871300945
1.592435,-0.290250213389596
1.59244,-0.290223560379959
1.592445,-0.29019691227124
1.59245,-0.290170269062639
1.592455,-0.290143630753362
1.59246,-0.290116997342608
1.592465,-0.290090368829591
1.59247,-0.290063745213515
1.592475,-0.29003712649358
1.59248,-0.290010512669001
1.592485,-0.289983903738972
1.59249,-0.289957299702712
1.592495,-0.289930700559424
1.5925,-0.289904106308313
1.592505,-0.289877516948589
1.59251,-0.289850932479458
1.592515,-0.289824352900131
1.59252,-0.289797778209816
1.592525,-0.289771208407719
1.59253,-0.289744643493055
1.592535,-0.289718083465027
1.59254,-0.289691528322845
1.592545,-0.289664978065724
1.59255,-0.289638432692877
1.592555,-0.289611892203507
1.59256,-0.289585356596825
1.592565,-0.289558825872045
1.59257,-0.28953230002838
1.592575,-0.289505779065041
1.59258,-0.289479262981243
1.592585,-0.289452751776192
1.59259,-0.289426245449109
1.592595,-0.289399743999199
1.5926,-0.289373247425681
1.592605,-0.289346755727762
1.59261,-0.28932026890467
1.592615,-0.289293786955602
1.59262,-0.289267309879785
1.592625,-0.28924083767643
1.59263,-0.289214370344755
1.592635,-0.289187907883969
1.59264,-0.289161450293291
1.592645,-0.289134997571941
1.59265,-0.289108549719137
1.592655,-0.289082106734083
1.59266,-0.289055668616009
1.592665,-0.289029235364126
1.59267,-0.289002806977655
1.592675,-0.288976383455813
1.59268,-0.288949964797821
1.592685,-0.288923551002894
1.59269,-0.288897142070247
1.592695,-0.288870737999108
1.5927,-0.288844338788691
1.592705,-0.288817944438219
1.59271,-0.288791554946911
1.592715,-0.288765170313988
1.59272,-0.288738790538666
1.592725,-0.288712415620171
1.59273,-0.288686045557725
1.592735,-0.288659680350551
1.59274,-0.288633319997867
1.592745,-0.28860696449889
1.59275,-0.288580613852854
1.592755,-0.288554268058975
1.59276,-0.28852792711648
1.592765,-0.28850159102459
1.59277,-0.288475259782528
1.592775,-0.288448933389523
1.59278,-0.288422611844792
1.592785,-0.288396295147565
1.59279,-0.288369983297067
1.592795,-0.288343676292521
1.5928,-0.288317374133155
1.592805,-0.288291076818192
1.59281,-0.288264784346863
1.592815,-0.288238496718387
1.59282,-0.288212213931998
1.592825,-0.288185935986918
1.59283,-0.288159662882379
1.592835,-0.288133394617604
1.59284,-0.288107131191828
1.592845,-0.288080872604274
1.59285,-0.288054618854167
1.592855,-0.288028369940747
1.59286,-0.288002125863235
1.592865,-0.287975886620863
1.59287,-0.287949652212857
1.592875,-0.287923422638449
1.59288,-0.287897197896877
1.592885,-0.287870977987366
1.59289,-0.287844762909144
1.592895,-0.287818552661445
1.5929,-0.287792347243499
1.592905,-0.287766146654545
1.59291,-0.287739950893809
1.592915,-0.287713759960523
1.59292,-0.287687573853925
1.592925,-0.28766139257324
1.59293,-0.287635216117708
1.592935,-0.287609044486564
1.59294,-0.287582877679038
1.592945,-0.287556715694367
1.59295,-0.287530558531782
1.592955,-0.287504406190521
1.59296,-0.287478258669822
1.592965,-0.287452115968913
1.59297,-0.287425978087039
1.592975,-0.28739984502343
1.59298,-0.287373716777322
1.592985,-0.287347593347956
1.59299,-0.287321474734566
1.592995,-0.28729536093639
1.593,-0.287269251952668
1.593005,-0.287243147782636
1.59301,-0.287217048425532
1.593015,-0.287190953880597
1.59302,-0.287164864147066
1.593025,-0.287138779224184
1.59303,-0.287112699111182
1.593035,-0.28708662380731
1.59304,-0.287060553311801
1.593045,-0.287034487623895
1.59305,-0.287008426742839
1.593055,-0.286982370667868
1.59306,-0.286956319398225
1.593065,-0.286930272933155
1.59307,-0.286904231271894
1.593075,-0.28687819441369
1.59308,-0.286852162357783
1.593085,-0.286826135103414
1.59309,-0.286800112649833
1.593095,-0.286774094996271
1.5931,-0.286748082141986
1.593105,-0.286722074086215
1.59311,-0.286696070828195
1.593115,-0.286670072367184
1.59312,-0.286644078702422
1.593125,-0.286618089833152
1.59313,-0.286592105758621
1.593135,-0.286566126478076
1.59314,-0.286540151990763
1.593145,-0.286514182295927
1.59315,-0.286488217392814
1.593155,-0.286462257280675
1.59316,-0.286436301958752
1.593165,-0.286410351426296
1.59317,-0.286384405682556
1.593175,-0.286358464726778
1.59318,-0.286332528558215
1.593185,-0.286306597176108
1.59319,-0.286280670579709
1.593195,-0.286254748768272
1.5932,-0.286228831741043
1.593205,-0.286202919497275
1.59321,-0.286177012036212
1.593215,-0.286151109357109
1.59322,-0.286125211459218
1.593225,-0.286099318341792
1.59323,-0.286073430004077
1.593235,-0.286047546445326
1.59324,-0.286021667664796
1.593245,-0.285995793661733
1.59325,-0.285969924435394
1.593255,-0.285944059985033
1.59326,-0.285918200309902
1.593265,-0.285892345409248
1.59327,-0.285866495282335
1.593275,-0.285840649928414
1.59328,-0.28581480934674
1.593285,-0.285788973536563
1.59329,-0.285763142497145
1.593295,-0.285737316227735
1.5933,-0.285711494727597
1.593305,-0.285685677995979
1.59331,-0.285659866032143
1.593315,-0.28563405883534
1.59332,-0.28560825640483
1.593325,-0.285582458739873
1.59333,-0.285556665839727
1.593335,-0.285530877703642
1.59334,-0.285505094330885
1.593345,-0.285479315720704
1.59335,-0.285453541872369
1.593355,-0.285427772785136
1.59336,-0.28540200845826
1.593365,-0.285376248891006
1.59337,-0.28535049408263
1.593375,-0.285324744032392
1.59338,-0.285298998739558
1.593385,-0.285273258203382
1.59339,-0.285247522423133
1.593395,-0.285221791398061
1.5934,-0.285196065127436
1.593405,-0.285170343610524
1.59341,-0.285144626846576
1.593415,-0.285118914834865
1.59342,-0.285093207574646
1.593425,-0.285067505065189
1.59343,-0.285041807305754
1.593435,-0.285016114295602
1.59344,-0.284990426034004
1.593445,-0.28496474252022
1.59345,-0.284939063753515
1.593455,-0.284913389733153
1.59346,-0.284887720458404
1.593465,-0.284862055928529
1.59347,-0.284836396142796
1.593475,-0.284810741100468
1.59348,-0.284785090800818
1.593485,-0.284759445243109
1.59349,-0.284733804426609
1.593495,-0.284708168350581
1.5935,-0.2846825370143
1.593505,-0.284656910417031
1.59351,-0.28463128855804
1.593515,-0.284605671436596
1.59352,-0.284580059051973
1.593525,-0.28455445140343
1.59353,-0.28452884849025
1.593535,-0.284503250311698
1.59354,-0.284477656867033
1.593545,-0.284452068155544
1.59355,-0.284426484176485
1.593555,-0.284400904929136
1.59356,-0.284375330412769
1.593565,-0.284349760626653
1.59357,-0.284324195570059
1.593575,-0.284298635242259
1.59358,-0.284273079642527
1.593585,-0.284247528770136
1.59359,-0.28422198262436
1.593595,-0.284196441204472
1.5936,-0.284170904509744
1.593605,-0.284145372539446
1.59361,-0.284119845292863
1.593615,-0.284094322769262
1.59362,-0.284068804967921
1.593625,-0.284043291888113
1.59363,-0.28401778352911
1.593635,-0.283992279890193
1.59364,-0.283966780970642
1.593645,-0.283941286769724
1.59365,-0.283915797286723
1.593655,-0.283890312520909
1.59366,-0.283864832471568
1.593665,-0.28383935713797
1.59367,-0.283813886519397
1.593675,-0.283788420615127
1.59368,-0.283762959424434
1.593685,-0.283737502946602
1.59369,-0.283712051180908
1.593695,-0.283686604126632
1.5937,-0.283661161783054
1.593705,-0.283635724149452
1.59371,-0.283610291225107
1.593715,-0.283584863009299
1.59372,-0.283559439501312
1.593725,-0.283534020700423
1.59373,-0.283508606605916
1.593735,-0.283483197217073
1.59374,-0.283457792533173
1.593745,-0.283432392553504
1.59375,-0.283406997277341
1.593755,-0.283381606703972
1.59376,-0.283356220832678
1.593765,-0.283330839662745
1.59377,-0.283305463193454
1.593775,-0.28328009142409
1.59378,-0.28325472435394
1.593785,-0.283229361982284
1.59379,-0.283204004308414
1.593795,-0.283178651331606
1.5938,-0.283153303051153
1.593805,-0.28312795946634
1.59381,-0.283102620576447
1.593815,-0.283077286380766
1.59382,-0.283051956878582
1.593825,-0.283026632069186
1.59383,-0.28300131195186
1.593835,-0.282975996525894
1.59384,-0.282950685790576
1.593845,-0.282925379745194
1.59385,-0.282900078389035
1.593855,-0.28287478172139
1.59386,-0.282849489741548
1.593865,-0.282824202448797
1.59387,-0.282798919842428
1.593875,-0.282773641921731
1.59388,-0.282748368685996
1.593885,-0.282723100134512
1.59389,-0.282697836266572
1.593895,-0.282672577081466
1.5939,-0.282647322578489
1.593905,-0.282622072756928
1.59391,-0.282596827616079
1.593915,-0.282571587155227
1.59392,-0.282546351373677
1.593925,-0.282521120270713
1.59393,-0.282495893845631
1.593935,-0.28247067209772
1.59394,-0.282445455026283
1.593945,-0.282420242630604
1.59395,-0.282395034909985
1.593955,-0.282369831863718
1.59396,-0.282344633491101
1.593965,-0.282319439791424
1.59397,-0.282294250763984
1.593975,-0.282269066408081
1.59398,-0.282243886723007
1.593985,-0.282218711708061
1.59399,-0.28219354136254
1.593995,-0.282168375685736
1.594,-0.28214321467695
1.594005,-0.282118058335485
1.59401,-0.282092906660631
1.594015,-0.282067759651688
1.59402,-0.282042617307958
1.594025,-0.28201747962874
1.59403,-0.281992346613329
1.594035,-0.281967218261026
1.59404,-0.281942094571134
1.594045,-0.281916975542946
1.59405,-0.281891861175769
1.594055,-0.281866751468903
1.59406,-0.281841646421647
1.594065,-0.281816546033299
1.59407,-0.28179145030317
1.594075,-0.281766359230551
1.59408,-0.281741272814752
1.594085,-0.281716191055071
1.59409,-0.281691113950814
1.594095,-0.281666041501283
1.5941,-0.281640973705777
1.594105,-0.281615910563608
1.59411,-0.281590852074073
1.594115,-0.281565798236478
1.59412,-0.281540749050129
1.594125,-0.281515704514328
1.59413,-0.281490664628383
1.594135,-0.281465629391598
1.59414,-0.281440598803281
1.594145,-0.281415572862733
1.59415,-0.281390551569264
1.594155,-0.281365534922179
1.59416,-0.281340522920788
1.594165,-0.281315515564397
1.59417,-0.281290512852308
1.594175,-0.281265514783834
1.59418,-0.281240521358281
1.594185,-0.281215532574961
1.59419,-0.281190548433178
1.594195,-0.281165568932245
1.5942,-0.281140594071468
1.594205,-0.281115623850155
1.59421,-0.28109065826762
1.594215,-0.281065697323171
1.59422,-0.28104074101612
1.594225,-0.28101578934578
1.59423,-0.280990842311453
1.594235,-0.280965899912456
1.59424,-0.280940962148101
1.594245,-0.280916029017704
1.59425,-0.280891100520567
1.594255,-0.280866176656007
1.59426,-0.280841257423342
1.594265,-0.28081634282188
1.59427,-0.28079143285093
1.594275,-0.280766527509815
1.59428,-0.280741626797843
1.594285,-0.280716730714329
1.59429,-0.280691839258593
1.594295,-0.280666952429941
1.5943,-0.280642070227693
1.594305,-0.28061719265116
1.59431,-0.280592319699666
1.594315,-0.28056745137252
1.59432,-0.280542587669042
1.594325,-0.280517728588547
1.59433,-0.280492874130348
1.594335,-0.280468024293769
1.59434,-0.280443179078125
1.594345,-0.280418338482732
1.59435,-0.280393502506908
1.594355,-0.280368671149978
1.59436,-0.280343844411248
1.594365,-0.280319022290047
1.59437,-0.280294204785693
1.594375,-0.280269391897502
1.59438,-0.280244583624798
1.594385,-0.280219779966893
1.59439,-0.280194980923117
1.594395,-0.28017018649279
1.5944,-0.280145396675226
1.594405,-0.280120611469749
1.59441,-0.280095830875682
1.594415,-0.280071054892348
1.59442,-0.28004628351907
1.594425,-0.280021516755161
1.59443,-0.279996754599955
1.594435,-0.27997199705277
1.59444,-0.27994724411293
1.594445,-0.279922495779758
1.59445,-0.279897752052583
1.594455,-0.279873012930719
1.59446,-0.2798482784135
1.594465,-0.279823548500241
1.59447,-0.27979882319028
1.594475,-0.279774102482934
1.59448,-0.279749386377529
1.594485,-0.279724674873391
1.59449,-0.279699967969848
1.594495,-0.279675265666227
1.5945,-0.279650567961853
1.594505,-0.279625874856056
1.59451,-0.279601186348159
1.594515,-0.279576502437487
1.59452,-0.27955182312338
1.594525,-0.279527148405159
1.59453,-0.279502478282152
1.594535,-0.279477812753687
1.59454,-0.279453151819093
1.594545,-0.279428495477706
1.59455,-0.279403843728849
1.594555,-0.279379196571855
1.59456,-0.279354554006052
1.594565,-0.279329916030775
1.59457,-0.279305282645348
1.594575,-0.27928065384911
1.59458,-0.279256029641387
1.594585,-0.279231410021514
1.59459,-0.279206794988822
1.594595,-0.279182184542639
1.5946,-0.279157578682306
1.594605,-0.279132977407151
1.59461,-0.279108380716509
1.594615,-0.279083788609712
1.59462,-0.279059201086094
1.594625,-0.279034618144987
1.59463,-0.279010039785732
1.594635,-0.278985466007659
1.59464,-0.278960896810104
1.594645,-0.278936332192402
1.59465,-0.278911772153887
1.594655,-0.278887216693901
1.59466,-0.278862665811771
1.594665,-0.278838119506843
1.59467,-0.278813577778445
1.594675,-0.278789040625921
1.59468,-0.278764508048605
1.594685,-0.278739980045835
1.59469,-0.278715456616953
1.594695,-0.278690937761285
1.5947,-0.278666423478184
1.594705,-0.278641913766982
1.59471,-0.27861740862702
1.594715,-0.278592908057633
1.59472,-0.278568412058168
1.594725,-0.278543920627957
1.59473,-0.278519433766346
1.594735,-0.278494951472676
1.59474,-0.278470473746283
1.594745,-0.278446000586513
1.59475,-0.278421531992703
1.594755,-0.278397067964203
1.59476,-0.278372608500344
1.594765,-0.278348153600475
1.59477,-0.278323703263937
1.594775,-0.27829925749007
1.59478,-0.278274816278226
1.594785,-0.27825037962774
1.59479,-0.278225947537957
1.594795,-0.278201520008226
1.5948,-0.278177097037887
1.594805,-0.278152678626282
1.59481,-0.278128264772763
1.594815,-0.278103855476673
1.59482,-0.278079450737353
1.594825,-0.278055050554154
1.59483,-0.27803065492642
1.594835,-0.278006263853502
1.59484,-0.277981877334738
1.594845,-0.277957495369482
1.59485,-0.277933117957077
1.594855,-0.277908745096869
1.59486,-0.277884376788215
1.594865,-0.277860013030457
1.59487,-0.277835653822943
1.594875,-0.277811299165022
1.59488,-0.277786949056041
1.594885,-0.277762603495356
1.59489,-0.277738262482311
1.594895,-0.277713926016258
1.5949,-0.277689594096547
1.594905,-0.277665266722526
1.59491,-0.27764094389355
1.594915,-0.277616625608967
1.59492,-0.277592311868131
1.594925,-0.277568002670391
1.59493,-0.2775436980151
1.594935,-0.277519397901611
1.59494,-0.277495102329276
1.594945,-0.277470811297445
1.59495,-0.277446524805479
1.594955,-0.277422242852723
1.59496,-0.277397965438534
1.594965,-0.277373692562263
1.59497,-0.277349424223274
1.594975,-0.27732516042091
1.59498,-0.27730090115453
1.594985,-0.277276646423494
1.59499,-0.277252396227148
1.594995,-0.277228150564858
1.595,-0.277203909435971
1.595005,-0.277179672839849
1.59501,-0.277155440775845
1.595015,-0.277131213243322
1.59502,-0.277106990241631
1.595025,-0.277082771770128
1.59503,-0.277058557828176
1.595035,-0.277034348415135
1.59504,-0.277010143530356
1.595045,-0.276985943173201
1.59505,-0.276961747343034
1.595055,-0.276937556039207
1.59506,-0.276913369261077
1.595065,-0.276889187008013
1.59507,-0.276865009279372
1.595075,-0.276840836074514
1.59508,-0.276816667392797
1.595085,-0.276792503233583
1.59509,-0.276768343596234
1.595095,-0.276744188480113
1.5951,-0.27672003788458
1.595105,-0.276695891808999
1.59511,-0.276671750252732
1.595115,-0.276647613215138
1.59512,-0.276623480695582
1.595125,-0.276599352693432
1.59513,-0.276575229208047
1.595135,-0.276551110238791
1.59514,-0.276526995785027
1.595145,-0.276502885846124
1.59515,-0.276478780421442
1.595155,-0.27645467951035
1.59516,-0.276430583112211
1.595165,-0.276406491226391
1.59517,-0.276382403852254
1.595175,-0.276358320989167
1.59518,-0.2763342426365
1.595185,-0.27631016879362
1.59519,-0.276286099459886
1.595195,-0.276262034634675
1.5952,-0.276237974317351
1.595205,-0.276213918507277
1.59521,-0.27618986720383
1.595215,-0.27616582040637
1.59522,-0.276141778114273
1.595225,-0.276117740326905
1.59523,-0.276093707043635
1.595235,-0.276069678263832
1.59524,-0.276045653986872
1.595245,-0.276021634212115
1.59525,-0.275997618938937
1.595255,-0.275973608166713
1.59526,-0.275949601894807
1.595265,-0.275925600122596
1.59527,-0.275901602849446
1.595275,-0.275877610074732
1.59528,-0.275853621797827
1.595285,-0.275829638018105
1.59529,-0.275805658734937
1.595295,-0.275781683947692
1.5953,-0.275757713655751
1.595305,-0.275733747858484
1.59531,-0.275709786555266
1.595315,-0.275685829745469
1.59532,-0.275661877428469
1.595325,-0.275637929603642
1.59533,-0.275613986270363
1.595335,-0.275590047428006
1.59534,-0.275566113075947
1.595345,-0.275542183213563
1.59535,-0.275518257840229
1.595355,-0.275494336955326
1.59536,-0.275470420558226
1.595365,-0.275446508648308
1.59537,-0.275422601224949
1.595375,-0.275398698287528
1.59538,-0.275374799835419
1.595385,-0.275350905868006
1.59539,-0.275327016384667
1.595395,-0.275303131384778
1.5954,-0.275279250867715
1.595405,-0.275255374832869
1.59541,-0.275231503279612
1.595415,-0.275207636207323
1.59542,-0.275183773615383
1.595425,-0.275159915503177
1.59543,-0.275136061870082
1.595435,-0.275112212715479
1.59544,-0.275088368038754
1.595445,-0.275064527839285
1.59545,-0.275040692116456
1.595455,-0.275016860869645
1.59546,-0.274993034098238
1.595465,-0.274969211801622
1.59547,-0.274945393979178
1.595475,-0.274921580630283
1.59548,-0.274897771754329
1.595485,-0.274873967350697
1.59549,-0.274850167418772
1.595495,-0.274826371957937
1.5955,-0.274802580967581
1.595505,-0.274778794447083
1.59551,-0.274755012395835
1.595515,-0.274731234813219
1.59552,-0.274707461698623
1.595525,-0.274683693051438
1.59553,-0.274659928871038
1.595535,-0.274636169156822
1.59554,-0.274612413908171
1.595545,-0.274588663124478
1.59555,-0.274564916805127
1.595555,-0.274541174949506
1.59556,-0.274517437557005
1.595565,-0.274493704627016
1.59557,-0.274469976158918
1.595575,-0.274446252152113
1.59558,-0.274422532605984
1.595585,-0.274398817519916
1.59559,-0.274375106893312
1.595595,-0.274351400725551
1.5956,-0.274327699016033
1.595605,-0.274304001764138
1.59561,-0.274280308969266
1.595615,-0.274256620630807
1.59562,-0.274232936748154
1.595625,-0.274209257320695
1.59563,-0.274185582347827
1.595635,-0.274161911828942
1.59564,-0.27413824576343
1.595645,-0.274114584150688
1.59565,-0.274090926990109
1.595655,-0.274067274281088
1.59566,-0.274043626023015
1.595665,-0.274019982215288
1.59567,-0.273996342857302
1.595675,-0.273972707948452
1.59568,-0.273949077488132
1.595685,-0.27392545147574
1.59569,-0.273901829910669
1.595695,-0.273878212792319
1.5957,-0.273854600120084
1.595705,-0.27383099189336
1.59571,-0.273807388111549
1.595715,-0.273783788774041
1.59572,-0.273760193880243
1.595725,-0.273736603429547
1.59573,-0.27371301742135
1.595735,-0.273689435855056
1.59574,-0.273665858730058
1.595745,-0.27364228604576
1.59575,-0.273618717801559
1.595755,-0.273595153996859
1.59576,-0.273571594631055
1.595765,-0.273548039703544
1.59577,-0.273524489213738
1.595775,-0.273500943161029
1.59578,-0.273477401544824
1.595785,-0.273453864364516
1.59579,-0.273430331619514
1.595795,-0.273406803309222
1.5958,-0.273383279433038
1.595805,-0.273359759990366
1.59581,-0.273336244980605
1.595815,-0.27331273440316
1.59582,-0.273289228257445
1.595825,-0.273265726542849
1.59583,-0.273242229258782
1.595835,-0.273218736404648
1.59584,-0.273195247979858
1.595845,-0.273171763983805
1.59585,-0.273148284415904
1.595855,-0.273124809275555
1.59586,-0.273101338562169
1.595865,-0.27307787227515
1.59587,-0.273054410413898
1.595875,-0.273030952977831
1.59588,-0.273007499966348
1.595885,-0.272984051378863
1.59589,-0.272960607214774
1.595895,-0.272937167473495
1.5959,-0.272913732154436
1.595905,-0.272890301257002
1.59591,-0.272866874780601
1.595915,-0.272843452724645
1.59592,-0.272820035088541
1.595925,-0.272796621871702
1.59593,-0.272773213073534
1.595935,-0.272749808693449
1.59594,-0.27272640873086
1.595945,-0.27270301318517
1.59595,-0.272679622055797
1.595955,-0.272656235342152
1.59596,-0.272632853043644
1.595965,-0.272609475159689
1.59597,-0.272586101689691
1.595975,-0.272562732633069
1.59598,-0.272539367989235
1.595985,-0.272516007757603
1.59599,-0.272492651937584
1.595995,-0.272469300528593
1.596,-0.272445953530042
1.596005,-0.272422610941349
1.59601,-0.272399272761925
1.596015,-0.272375938991186
1.59602,-0.272352609628548
1.596025,-0.272329284673423
1.59603,-0.272305964125233
1.596035,-0.27228264798339
1.59604,-0.272259336247307
1.596045,-0.272236028916409
1.59605,-0.272212725990104
1.596055,-0.272189427467816
1.59606,-0.272166133348956
1.596065,-0.272142843632949
1.59607,-0.272119558319206
1.596075,-0.272096277407151
1.59608,-0.272073000896196
1.596085,-0.272049728785768
1.59609,-0.27202646107528
1.596095,-0.272003197764153
1.5961,-0.271979938851809
1.596105,-0.271956684337664
1.59611,-0.271933434221142
1.596115,-0.271910188501659
1.59612,-0.271886947178642
1.596125,-0.27186371025151
1.59613,-0.27184047771968
1.596135,-0.271817249582578
1.59614,-0.271794025839626
1.596145,-0.271770806490245
1.59615,-0.271747591533861
1.596155,-0.271724380969892
1.59616,-0.271701174797762
1.596165,-0.271677973016895
1.59617,-0.271654775626719
1.596175,-0.271631582626653
1.59618,-0.271608394016119
1.596185,-0.27158520979455
1.59619,-0.271562029961365
1.596195,-0.271538854515993
1.5962,-0.271515683457855
1.596205,-0.271492516786376
1.59621,-0.271469354500986
1.596215,-0.27144619660111
1.59622,-0.271423043086179
1.596225,-0.271399893955613
1.59623,-0.271376749208841
1.596235,-0.271353608845292
1.59624,-0.271330472864393
1.596245,-0.271307341265573
1.59625,-0.271284214048261
1.596255,-0.271261091211881
1.59626,-0.271237972755868
1.596265,-0.271214858679646
1.59627,-0.27119174898265
1.596275,-0.271168643664305
1.59628,-0.271145542724043
1.596285,-0.271122446161293
1.59629,-0.27109935397549
1.596295,-0.271076266166059
1.5963,-0.271053182732439
1.596305,-0.271030103674055
1.59631,-0.271007028990337
1.596315,-0.270983958680724
1.59632,-0.270960892744645
1.596325,-0.270937831181534
1.59633,-0.270914773990818
1.596335,-0.27089172117194
1.59634,-0.270868672724323
1.596345,-0.270845628647408
1.59635,-0.270822588940629
1.596355,-0.270799553603421
1.59636,-0.270776522635218
1.596365,-0.270753496035446
1.59637,-0.270730473803553
1.596375,-0.270707455938969
1.59638,-0.270684442441129
1.596385,-0.270661433309473
1.59639,-0.270638428543434
1.596395,-0.270615428142451
1.5964,-0.270592432105958
1.596405,-0.270569440433394
1.59641,-0.270546453124197
1.596415,-0.270523470177802
1.59642,-0.270500491593651
1.596425,-0.270477517371184
1.59643,-0.270454547509836
1.596435,-0.270431582009044
1.59644,-0.270408620868249
1.596445,-0.270385664086898
1.59645,-0.270362711664421
1.596455,-0.27033976360026
1.59646,-0.270316819893862
1.596465,-0.270293880544663
1.59647,-0.270270945552097
1.596475,-0.270248014915619
1.59648,-0.270225088634662
1.596485,-0.270202166708671
1.59649,-0.27017924913709
1.596495,-0.270156335919349
1.5965,-0.270133427054908
1.596505,-0.270110522543205
1.59651,-0.270087622383673
1.596515,-0.270064726575768
1.59652,-0.270041835118929
1.596525,-0.270018948012601
1.59653,-0.269996065256227
1.596535,-0.269973186849256
1.59654,-0.269950312791128
1.596545,-0.269927443081288
1.59655,-0.269904577719185
1.596555,-0.269881716704266
1.59656,-0.269858860035976
1.596565,-0.269836007713759
1.59657,-0.269813159737059
1.596575,-0.269790316105336
1.59658,-0.269767476818024
1.596585,-0.269744641874582
1.59659,-0.269721811274442
1.596595,-0.269698985017067
1.5966,-0.269676163101899
1.596605,-0.269653345528391
1.59661,-0.269630532295986
1.596615,-0.26960772340414
1.59662,-0.269584918852298
1.596625,-0.269562118639909
1.59663,-0.26953932276643
1.596635,-0.269516531231305
1.59664,-0.269493744033988
1.596645,-0.269470961173929
1.59665,-0.269448182650579
1.596655,-0.26942540846339
1.59666,-0.269402638611816
1.596665,-0.269379873095306
1.59667,-0.269357111913315
1.596675,-0.269334355065293
1.59668,-0.269311602550698
1.596685,-0.26928885436898
1.59669,-0.269266110519595
1.596695,-0.269243371001991
1.5967,-0.269220635815628
1.596705,-0.269197904959962
1.59671,-0.269175178434444
1.596715,-0.269152456238528
1.59672,-0.269129738371675
1.596725,-0.269107024833337
1.59673,-0.269084315622968
1.596735,-0.269061610740028
1.59674,-0.269038910183973
1.596745,-0.269016213954259
1.59675,-0.268993522050342
1.596755,-0.268970834471681
1.59676,-0.268948151217735
1.596765,-0.268925472287962
1.59677,-0.26890279768182
1.596775,-0.268880127398763
1.59678,-0.268857461438252
1.596785,-0.268834799799752
1.59679,-0.26881214248272
1.596795,-0.26878948948661
1.5968,-0.268766840810887
1.596805,-0.268744196455008
1.59681,-0.268721556418439
1.596815,-0.268698920700638
1.59682,-0.268676289301069
1.596825,-0.268653662219186
1.59683,-0.268631039454456
1.596835,-0.268608421006341
1.59684,-0.268585806874306
1.596845,-0.268563197057808
1.59685,-0.268540591556314
1.596855,-0.268517990369284
1.59686,-0.268495393496183
1.596865,-0.268472800936474
1.59687,-0.268450212689625
1.596875,-0.268427628755098
1.59688,-0.268405049132356
1.596885,-0.268382473820862
1.59689,-0.268359902820089
1.596895,-0.268337336129495
1.5969,-0.26831477374855
1.596905,-0.26829221567672
1.59691,-0.268269661913469
1.596915,-0.268247112458264
1.59692,-0.268224567310575
1.596925,-0.268202026469869
1.59693,-0.268179489935606
1.596935,-0.268156957707262
1.59694,-0.268134429784303
1.596945,-0.268111906166199
1.59695,-0.268089386852415
1.596955,-0.26806687184242
1.59696,-0.268044361135688
1.596965,-0.268021854731684
1.59697,-0.267999352629879
1.596975,-0.267976854829747
1.59698,-0.267954361330752
1.596985,-0.26793187213237
1.59699,-0.267909387234069
1.596995,-0.26788690663532
1.597,-0.267864430335595
1.597005,-0.267841958334368
1.59701,-0.267819490631108
1.597015,-0.267797027225292
1.59702,-0.267774568116387
1.597025,-0.267752113303871
1.59703,-0.267729662787214
1.597035,-0.267707216565893
1.59704,-0.267684774639375
1.597045,-0.267662337007144
1.59705,-0.267639903668668
1.597055,-0.267617474623422
1.59706,-0.267595049870883
1.597065,-0.267572629410522
1.59707,-0.267550213241824
1.597075,-0.267527801364255
1.59708,-0.267505393777298
1.597085,-0.267482990480424
1.59709,-0.267460591473115
1.597095,-0.267438196754842
1.5971,-0.267415806325087
1.597105,-0.267393420183328
1.59711,-0.267371038329042
1.597115,-0.267348660761706
1.59712,-0.267326287480798
1.597125,-0.267303918485796
1.59713,-0.267281553776188
1.597135,-0.267259193351438
1.59714,-0.267236837211039
1.597145,-0.267214485354464
1.59715,-0.267192137781198
1.597155,-0.267169794490718
1.59716,-0.267147455482502
1.597165,-0.267125120756039
1.59717,-0.267102790310802
1.597175,-0.267080464146277
1.59718,-0.267058142261948
1.597185,-0.267035824657297
1.59719,-0.267013511331799
1.597195,-0.266991202284944
1.5972,-0.266968897516215
1.597205,-0.266946597025092
1.59721,-0.266924300811061
1.597215,-0.266902008873608
1.59722,-0.26687972121221
1.597225,-0.266857437826356
1.59723,-0.266835158715536
1.597235,-0.266812883879228
1.59724,-0.26679061331692
1.597245,-0.266768347028096
1.59725,-0.266746085012245
1.597255,-0.266723827268848
1.59726,-0.266701573797399
1.597265,-0.266679324597379
1.59727,-0.26665707966828
1.597275,-0.266634839009585
1.59728,-0.266612602620781
1.597285,-0.266590370501361
1.59729,-0.266568142650813
1.597295,-0.266545919068621
1.5973,-0.266523699754271
1.597305,-0.266501484707263
1.59731,-0.266479273927083
1.597315,-0.266457067413215
1.59732,-0.266434865165153
1.597325,-0.266412667182386
1.59733,-0.266390473464406
1.597335,-0.266368284010704
1.59734,-0.266346098820771
1.597345,-0.266323917894101
1.59735,-0.266301741230181
1.597355,-0.266279568828498
1.59736,-0.26625740068856
1.597365,-0.266235236809846
1.59737,-0.266213077191858
1.597375,-0.266190921834081
1.59738,-0.266168770736013
1.597385,-0.26614662389715
1.59739,-0.266124481316982
1.597395,-0.266102342995006
1.5974,-0.266080208930711
1.597405,-0.266058079123599
1.59741,-0.266035953573166
1.597415,-0.266013832278899
1.59742,-0.265991715240302
1.597425,-0.265969602456868
1.59743,-0.265947493928091
1.597435,-0.26592538965347
1.59744,-0.265903289632502
1.597445,-0.265881193864686
1.59745,-0.265859102349522
1.597455,-0.265837015086497
1.59746,-0.265814932075117
1.597465,-0.265792853314883
1.59747,-0.265770778805285
1.597475,-0.265748708545827
1.59748,-0.265726642536014
1.597485,-0.265704580775335
1.59749,-0.265682523263295
1.597495,-0.265660469999395
1.5975,-0.265638420983132
1.597505,-0.265616376214008
1.59751,-0.265594335691526
1.597515,-0.265572299415186
1.59752,-0.265550267384493
1.597525,-0.265528239598941
1.59753,-0.265506216058042
1.597535,-0.265484196761287
1.59754,-0.26546218170819
1.597545,-0.265440170898247
1.59755,-0.26541816433096
1.597555,-0.265396162005843
1.59756,-0.265374163922385
1.597565,-0.265352170080104
1.59757,-0.265330180478496
1.597575,-0.265308195117068
1.59758,-0.265286213995325
1.597585,-0.265264237112774
1.59759,-0.265242264468918
1.597595,-0.265220296063265
1.5976,-0.265198331895319
1.597605,-0.265176371964591
1.59761,-0.265154416270582
1.597615,-0.2651324648128
1.59762,-0.265110517590755
1.597625,-0.265088574603956
1.59763,-0.265066635851907
1.597635,-0.265044701334118
1.59764,-0.265022771050097
1.597645,-0.265000844999355
1.59765,-0.264978923181399
1.597655,-0.264957005595736
1.59766,-0.26493509224188
1.597665,-0.26491318311934
1.59767,-0.264891278227624
1.597675,-0.264869377566246
1.59768,-0.264847481134714
1.597685,-0.264825588932537
1.59769,-0.264803700959234
1.597695,-0.264781817214311
1.5977,-0.26475993769728
1.597705,-0.264738062407654
1.59771,-0.26471619134495
1.597715,-0.264694324508673
1.59772,-0.26467246189834
1.597725,-0.264650603513468
1.59773,-0.26462874935356
1.597735,-0.264606899418142
1.59774,-0.264585053706724
1.597745,-0.264563212218819
1.59775,-0.264541374953943
1.597755,-0.264519541911611
1.59776,-0.264497713091341
1.597765,-0.264475888492643
1.59777,-0.264454068115037
1.597775,-0.264432251958039
1.59778,-0.264410440021164
1.597785,-0.264388632303936
1.59779,-0.264366828805861
1.597795,-0.26434502952646
1.5978,-0.264323234465257
1.597805,-0.264301443621766
1.59781,-0.264279656995504
1.597815,-0.26425787458599
1.59782,-0.264236096392744
1.597825,-0.264214322415284
1.59783,-0.264192552653131
1.597835,-0.264170787105805
1.59784,-0.264149025772824
1.597845,-0.264127268653711
1.59785,-0.264105515747984
1.597855,-0.264083767055166
1.59786,-0.264062022574778
1.597865,-0.264040282306342
1.59787,-0.264018546249378
1.597875,-0.263996814403408
1.59788,-0.263975086767956
1.597885,-0.263953363342543
1.59789,-0.263931644126694
1.597895,-0.263909929119935
1.5979,-0.263888218321779
1.597905,-0.26386651173176
1.59791,-0.263844809349401
1.597915,-0.263823111174225
1.59792,-0.263801417205754
1.597925,-0.263779727443516
1.59793,-0.263758041887033
1.597935,-0.263736360535836
1.59794,-0.263714683389446
1.597945,-0.263693010447391
1.59795,-0.2636713417092
1.597955,-0.263649677174396
1.59796,-0.263628016842504
1.597965,-0.26360636071306
1.59797,-0.263584708785584
1.597975,-0.26356306105961
1.59798,-0.263541417534658
1.597985,-0.263519778210262
1.59799,-0.26349814308595
1.597995,-0.26347651216125
1.598,-0.263454885435695
1.598005,-0.263433262908807
1.59801,-0.263411644580124
1.598015,-0.263390030449175
1.59802,-0.263368420515482
1.598025,-0.263346814778592
1.59803,-0.26332521323802
1.598035,-0.263303615893305
1.59804,-0.263282022743975
1.598045,-0.263260433789567
1.59805,-0.263238849029612
1.598055,-0.26321726846364
1.59806,-0.263195692091185
1.598065,-0.263174119911782
1.59807,-0.26315255192496
1.598075,-0.263130988130259
1.59808,-0.263109428527208
1.598085,-0.263087873115341
1.59809,-0.263066321894195
1.598095,-0.263044774863307
1.5981,-0.263023232022206
1.598105,-0.263001693370434
1.59811,-0.262980158907521
1.598115,-0.262958628633007
1.59812,-0.262937102546425
1.598125,-0.262915580647318
1.59813,-0.262894062935212
1.598135,-0.262872549409656
1.59814,-0.262851040070179
1.598145,-0.262829534916326
1.59815,-0.262808033947628
1.598155,-0.262786537163631
1.59816,-0.262765044563862
1.598165,-0.262743556147872
1.59817,-0.262722071915193
1.598175,-0.262700591865365
1.59818,-0.262679115997934
1.598185,-0.262657644312432
1.59819,-0.262636176808406
1.598195,-0.262614713485395
1.5982,-0.262593254342934
1.598205,-0.262571799380573
1.59821,-0.262550348597851
1.598215,-0.262528901994305
1.59822,-0.262507459569479
1.598225,-0.262486021322921
1.59823,-0.262464587254169
1.598235,-0.262443157362766
1.59824,-0.262421731648255
1.598245,-0.262400310110182
1.59825,-0.262378892748092
1.598255,-0.262357479561524
1.59826,-0.262336070550026
1.598265,-0.26231466571314
1.59827,-0.262293265050413
1.598275,-0.262271868561393
1.59828,-0.26225047624562
1.598285,-0.262229088102648
1.59829,-0.262207704132014
1.598295,-0.262186324333269
1.5983,-0.26216494870596
1.598305,-0.262143577249637
1.59831,-0.262122209963839
1.598315,-0.26210084684812
1.59832,-0.262079487902028
1.598325,-0.262058133125107
1.59833,-0.262036782516909
1.598335,-0.262015436076984
1.59834,-0.26199409380488
1.598345,-0.261972755700142
1.59835,-0.261951421762325
1.598355,-0.261930091990981
1.59836,-0.261908766385652
1.598365,-0.261887444945897
1.59837,-0.26186612767126
1.598375,-0.261844814561297
1.59838,-0.261823505615558
1.598385,-0.261802200833591
1.59839,-0.261780900214957
1.598395,-0.261759603759197
1.5984,-0.261738311465874
1.598405,-0.261717023334537
1.59841,-0.261695739364736
1.598415,-0.26167445955603
1.59842,-0.261653183907965
1.598425,-0.261631912420108
1.59843,-0.261610645091998
1.598435,-0.261589381923199
1.59844,-0.261568122913266
1.598445,-0.261546868061748
1.59845,-0.261525617368207
1.598455,-0.261504370832198
1.59846,-0.261483128453276
1.598465,-0.261461890230995
1.59847,-0.261440656164916
1.598475,-0.261419426254593
1.59848,-0.261398200499583
1.598485,-0.261376978899446
1.59849,-0.261355761453738
1.598495,-0.26133454816202
1.5985,-0.261313339023845
1.598505,-0.261292134038773
1.59851,-0.261270933206369
1.598515,-0.261249736526189
1.59852,-0.26122854399779
1.598525,-0.261207355620731
1.59853,-0.261186171394581
1.598535,-0.26116499131889
1.59854,-0.261143815393225
1.598545,-0.261122643617147
1.59855,-0.261101475990212
1.598555,-0.261080312511989
1.59856,-0.261059153182035
1.598565,-0.261037997999912
1.59857,-0.261016846965188
1.598575,-0.26099570007742
1.59858,-0.260974557336171
1.598585,-0.260953418741009
1.59859,-0.260932284291495
1.598595,-0.260911153987197
1.5986,-0.260890027827672
1.598605,-0.260868905812484
1.59861,-0.260847787941209
1.598615,-0.2608266742134
1.59862,-0.260805564628631
1.598625,-0.260784459186464
1.59863,-0.260763357886462
1.598635,-0.260742260728199
1.59864,-0.260721167711238
1.598645,-0.260700078835143
1.59865,-0.260678994099484
1.598655,-0.260657913503828
1.59866,-0.260636837047744
1.598665,-0.260615764730796
1.59867,-0.260594696552563
1.598675,-0.260573632512598
1.59868,-0.260552572610481
1.598685,-0.260531516845782
1.59869,-0.260510465218063
1.598695,-0.260489417726895
1.5987,-0.260468374371855
1.598705,-0.260447335152508
1.59871,-0.260426300068429
1.598715,-0.260405269119181
1.59872,-0.260384242304344
1.598725,-0.260363219623484
1.59873,-0.260342201076181
1.598735,-0.260321186661991
1.59874,-0.260300176380503
1.598745,-0.260279170231283
1.59875,-0.260258168213903
1.598755,-0.26023717032794
1.59876,-0.260216176572964
1.598765,-0.260195186948549
1.59877,-0.260174201454275
1.598775,-0.260153220089709
1.59878,-0.26013224285443
1.598785,-0.260111269748012
1.59879,-0.26009030077003
1.598795,-0.260069335920061
1.5988,-0.260048375197679
1.598805,-0.260027418602465
1.59881,-0.260006466133988
1.598815,-0.259985517791833
1.59882,-0.259964573575571
1.598825,-0.259943633484782
1.59883,-0.259922697519044
1.598835,-0.259901765677936
1.59884,-0.259880837961032
1.598845,-0.259859914367915
1.59885,-0.259838994898164
1.598855,-0.259818079551357
1.59886,-0.259797168327071
1.598865,-0.259776261224888
1.59887,-0.25975535824439
1.598875,-0.259734459385154
1.59888,-0.259713564646764
1.598885,-0.259692674028799
1.59889,-0.259671787530839
1.598895,-0.259650905152468
1.5989,-0.259630026893269
1.598905,-0.259609152752821
1.59891,-0.259588282730707
1.598915,-0.25956741682651
1.59892,-0.259546555039816
1.598925,-0.259525697370202
1.59893,-0.25950484381726
1.598935,-0.259483994380565
1.59894,-0.259463149059706
1.598945,-0.259442307854273
1.59895,-0.259421470763843
1.598955,-0.259400637788002
1.59896,-0.259379808926336
1.598965,-0.259358984178428
1.59897,-0.259338163543871
1.598975,-0.259317347022246
1.59898,-0.259296534613144
1.598985,-0.259275726316148
1.59899,-0.259254922130845
1.598995,-0.259234122056822
1.599,-0.25921332609367
1.599005,-0.259192534240977
1.59901,-0.259171746498328
1.599015,-0.259150962865314
1.59902,-0.259130183341523
1.599025,-0.259109407926543
1.59903,-0.259088636619967
1.599035,-0.259067869421383
1.59904,-0.25904710633038
1.599045,-0.259026347346546
1.59905,-0.259005592469482
1.599055,-0.258984841698768
1.59906,-0.258964095034004
1.599065,-0.258943352474769
1.59907,-0.258922614020668
1.599075,-0.258901879671286
1.59908,-0.258881149426222
1.599085,-0.25886042328506
1.59909,-0.258839701247398
1.599095,-0.258818983312829
1.5991,-0.258798269480945
1.599105,-0.258777559751346
1.59911,-0.258756854123615
1.599115,-0.258736152597357
1.59912,-0.258715455172163
1.599125,-0.258694761847627
1.59913,-0.258674072623346
1.599135,-0.258653387498916
1.59914,-0.258632706473929
1.599145,-0.258612029547986
1.59915,-0.258591356720679
1.599155,-0.258570687991613
1.59916,-0.258550023360378
1.599165,-0.258529362826574
1.59917,-0.258508706389799
1.599175,-0.258488054049649
1.59918,-0.258467405805723
1.599185,-0.258446761657624
1.59919,-0.258426121604945
1.599195,-0.25840548564729
1.5992,-0.258384853784253
1.599205,-0.258364226015438
1.59921,-0.258343602340446
1.599215,-0.258322982758874
1.59922,-0.258302367270325
1.599225,-0.258281755874402
1.59923,-0.258261148570696
1.599235,-0.258240545358825
1.59924,-0.258219946238377
1.599245,-0.258199351208962
1.59925,-0.25817876027018
1.599255,-0.258158173421631
1.59926,-0.258137590662923
1.599265,-0.258117011993658
1.59927,-0.25809643741344
1.599275,-0.258075866921872
1.59928,-0.258055300518554
1.599285,-0.258034738203099
1.59929,-0.258014179975105
1.599295,-0.257993625834182
1.5993,-0.257973075779931
1.599305,-0.257952529811964
1.59931,-0.25793198792988
1.599315,-0.257911450133292
1.59932,-0.2578909164218
1.599325,-0.257870386795016
1.59933,-0.257849861252544
1.599335,-0.257829339793993
1.59934,-0.25780882241897
1.599345,-0.257788309127086
1.59935,-0.257767799917949
1.599355,-0.257747294791162
1.59936,-0.257726793746339
1.599365,-0.257706296783089
1.59937,-0.257685803901022
1.599375,-0.257665315099745
1.59938,-0.257644830378872
1.599385,-0.257624349738011
1.59939,-0.257603873176773
1.599395,-0.257583400694771
1.5994,-0.257562932291616
1.599405,-0.257542467966916
1.59941,-0.257522007720286
1.599415,-0.257501551551336
1.59942,-0.257481099459686
1.599425,-0.257460651444937
1.59943,-0.257440207506713
1.599435,-0.257419767644622
1.59944,-0.257399331858279
1.599445,-0.257378900147297
1.59945,-0.257358472511292
1.599455,-0.257338048949878
1.59946,-0.257317629462667
1.599465,-0.257297214049281
1.59947,-0.257276802709328
1.599475,-0.257256395442434
1.59948,-0.257235992248203
1.599485,-0.257215593126259
1.59949,-0.257195198076216
1.599495,-0.257174807097691
1.5995,-0.257154420190305
1.599505,-0.25713403735367
1.59951,-0.257113658587409
1.599515,-0.257093283891138
1.59952,-0.257072913264473
1.599525,-0.257052546707039
1.59953,-0.257032184218451
1.599535,-0.257011825798327
1.59954,-0.256991471446288
1.599545,-0.256971121161957
1.59955,-0.25695077494495
1.599555,-0.256930432794894
1.59956,-0.256910094711401
1.599565,-0.256889760694098
1.59957,-0.256869430742605
1.599575,-0.256849104856542
1.59958,-0.256828783035536
1.599585,-0.256808465279208
1.59959,-0.256788151587175
1.599595,-0.256767841959066
1.5996,-0.256747536394503
1.599605,-0.256727234893109
1.59961,-0.256706937454506
1.599615,-0.256686644078322
1.59962,-0.256666354764178
1.599625,-0.256646069511705
1.59963,-0.25662578832052
1.599635,-0.256605511190251
1.59964,-0.256585238120526
1.599645,-0.256564969110968
1.59965,-0.256544704161207
1.599655,-0.256524443270868
1.59966,-0.256504186439575
1.599665,-0.256483933666959
1.59967,-0.256463684952644
1.599675,-0.256443440296263
1.59968,-0.256423199697438
1.599685,-0.2564029631558
1.59969,-0.25638273067098
1.599695,-0.256362502242603
1.5997,-0.2563422778703
1.599705,-0.2563220575537
1.59971,-0.256301841292435
1.599715,-0.256281629086133
1.59972,-0.256261420934425
1.599725,-0.256241216836941
1.59973,-0.256221016793314
1.599735,-0.256200820803173
1.59974,-0.256180628866155
1.599745,-0.256160440981884
1.59975,-0.256140257149993
1.599755,-0.256120077370123
1.59976,-0.256099901641898
1.599765,-0.256079729964956
1.59977,-0.25605956233893
1.599775,-0.256039398763451
1.59978,-0.256019239238156
1.599785,-0.255999083762679
1.59979,-0.255978932336651
1.599795,-0.255958784959717
1.5998,-0.255938641631496
1.599805,-0.255918502351638
1.59981,-0.255898367119772
1.599815,-0.255878235935534
1.59982,-0.255858108798566
1.599825,-0.255837985708498
1.59983,-0.25581786666497
1.599835,-0.255797751667619
1.59984,-0.255777640716084
1.599845,-0.25575753381
1.59985,-0.255737430949009
1.599855,-0.255717332132745
1.59986,-0.255697237360851
1.599865,-0.255677146632967
1.59987,-0.255657059948728
1.599875,-0.255636977307774
1.59988,-0.255616898709747
1.599885,-0.25559682415429
1.59989,-0.255576753641039
1.599895,-0.255556687169635
1.5999,-0.255536624739726
1.599905,-0.255516566350943
1.59991,-0.255496512002936
1.599915,-0.255476461695344
1.59992,-0.255456415427811
1.599925,-0.255436373199977
1.59993,-0.255416335011488
1.599935,-0.255396300861985
1.59994,-0.255376270751114
1.599945,-0.255356244678518
1.59995,-0.255336222643841
1.599955,-0.255316204646725
1.59996,-0.25529619068682
1.599965,-0.255276180763766
1.59997,-0.255256174877215
1.599975,-0.255236173026806
1.59998,-0.255216175212187
1.599985,-0.255196181433008
1.59999,-0.25517619168891
1.599995,-0.255156205979544
1.6,-0.255136224304556
