"Freq [GHz]","dB(S(1,1)) []"
1.55,-0.437363500938247
1.550005,-0.437410915134495
1.55001,-0.437458336806166
1.550015,-0.437505765954758
1.55002,-0.437553202581768
1.550025,-0.437600646688701
1.55003,-0.437648098277052
1.550035,-0.437695557348322
1.55004,-0.437743023904017
1.550045,-0.437790497945629
1.55005,-0.437837979474661
1.550055,-0.437885468492622
1.55006,-0.437932965001007
1.550065,-0.437980469001319
1.55007,-0.438027980495067
1.550075,-0.438075499483744
1.55008,-0.438123025968861
1.550085,-0.43817055995192
1.55009,-0.438218101434424
1.550095,-0.438265650417881
1.5501,-0.43831320690379
1.550105,-0.438360770893659
1.55011,-0.438408342388995
1.550115,-0.438455921391303
1.55012,-0.438503507902088
1.550125,-0.438551101922858
1.55013,-0.43859870345512
1.550135,-0.438646312500379
1.55014,-0.43869392906015
1.550145,-0.438741553135932
1.55015,-0.43878918472924
1.550155,-0.438836823841576
1.55016,-0.438884470474457
1.550165,-0.438932124629387
1.55017,-0.438979786307881
1.550175,-0.439027455511445
1.55018,-0.439075132241587
1.550185,-0.439122816499827
1.55019,-0.439170508287667
1.550195,-0.439218207606622
1.5502,-0.439265914458208
1.550205,-0.439313628843933
1.55021,-0.439361350765312
1.550215,-0.439409080223853
1.55022,-0.439456817221076
1.550225,-0.439504561758494
1.55023,-0.439552313837617
1.550235,-0.439600073459966
1.55024,-0.439647840627046
1.550245,-0.439695615340383
1.55025,-0.439743397601488
1.550255,-0.439791187411873
1.55026,-0.43983898477306
1.550265,-0.439886789686569
1.55027,-0.439934602153905
1.550275,-0.4399824221766
1.55028,-0.440030249756157
1.550285,-0.440078084894107
1.55029,-0.440125927591964
1.550295,-0.440173777851242
1.5503,-0.440221635673469
1.550305,-0.440269501060157
1.55031,-0.440317374012829
1.550315,-0.440365254533005
1.55032,-0.440413142622208
1.550325,-0.440461038281957
1.55033,-0.440508941513774
1.550335,-0.440556852319178
1.55034,-0.440604770699696
1.550345,-0.440652696656849
1.55035,-0.440700630192158
1.550355,-0.440748571307148
1.55036,-0.440796520003341
1.550365,-0.440844476282262
1.55037,-0.440892440145437
1.550375,-0.440940411594387
1.55038,-0.44098839063064
1.550385,-0.44103637725572
1.55039,-0.441084371471154
1.550395,-0.441132373278469
1.5504,-0.441180382679188
1.550405,-0.441228399674841
1.55041,-0.441276424266953
1.550415,-0.441324456457054
1.55042,-0.441372496246672
1.550425,-0.441420543637331
1.55043,-0.441468598630566
1.550435,-0.441516661227902
1.55044,-0.441564731430869
1.550445,-0.441612809241
1.55045,-0.441660894659818
1.550455,-0.44170898768886
1.55046,-0.441757088329658
1.550465,-0.441805196583737
1.55047,-0.441853312452634
1.550475,-0.441901435937877
1.55048,-0.441949567040999
1.550485,-0.441997705763535
1.55049,-0.442045852107018
1.550495,-0.442094006072982
1.5505,-0.442142167662956
1.550505,-0.442190336878481
1.55051,-0.442238513721087
1.550515,-0.442286698192307
1.55052,-0.442334890293683
1.550525,-0.442383090026746
1.55053,-0.442431297393033
1.550535,-0.442479512394082
1.55054,-0.442527735031425
1.550545,-0.442575965306607
1.55055,-0.442624203221157
1.550555,-0.442672448776619
1.55056,-0.44272070197453
1.550565,-0.442768962816424
1.55057,-0.442817231303846
1.550575,-0.442865507438333
1.55058,-0.442913791221423
1.550585,-0.442962082654658
1.55059,-0.443010381739579
1.550595,-0.443058688477724
1.5506,-0.443107002870641
1.550605,-0.443155324919864
1.55061,-0.443203654626935
1.550615,-0.443251991993403
1.55062,-0.443300337020804
1.550625,-0.443348689710685
1.55063,-0.443397050064588
1.550635,-0.443445418084055
1.55064,-0.443493793770635
1.550645,-0.443542177125864
1.55065,-0.443590568151296
1.550655,-0.443638966848472
1.55066,-0.443687373218938
1.550665,-0.443735787264239
1.55067,-0.443784208985923
1.550675,-0.443832638385537
1.55068,-0.443881075464626
1.550685,-0.44392952022474
1.55069,-0.443977972667424
1.550695,-0.444026432794226
1.5507,-0.444074900606697
1.550705,-0.444123376106389
1.55071,-0.444171859294841
1.550715,-0.444220350173612
1.55072,-0.444268848744251
1.550725,-0.444317355008303
1.55073,-0.444365868967326
1.550735,-0.444414390622866
1.55074,-0.444462919976472
1.550745,-0.444511457029706
1.55075,-0.44456000178411
1.550755,-0.444608554241241
1.55076,-0.444657114402654
1.550765,-0.444705682269898
1.55077,-0.44475425784453
1.550775,-0.444802841128102
1.55078,-0.44485143212217
1.550785,-0.444900030828287
1.55079,-0.444948637248011
1.550795,-0.444997251382898
1.5508,-0.445045873234498
1.550805,-0.445094502804373
1.55081,-0.445143140094081
1.550815,-0.445191785105172
1.55082,-0.445240437839208
1.550825,-0.445289098297751
1.55083,-0.445337766482352
1.550835,-0.445386442394571
1.55084,-0.44543512603597
1.550845,-0.445483817408106
1.55085,-0.445532516512541
1.550855,-0.445581223350832
1.55086,-0.44562993792454
1.550865,-0.44567866023523
1.55087,-0.445727390284455
1.550875,-0.445776128073787
1.55088,-0.445824873604777
1.550885,-0.445873626878997
1.55089,-0.445922387898002
1.550895,-0.445971156663361
1.5509,-0.446019933176633
1.550905,-0.446068717439386
1.55091,-0.446117509453182
1.550915,-0.446166309219586
1.55092,-0.446215116740157
1.550925,-0.44626393201647
1.55093,-0.446312755050085
1.550935,-0.446361585842571
1.55094,-0.446410424395493
1.550945,-0.446459270710417
1.55095,-0.44650812478891
1.550955,-0.446556986632542
1.55096,-0.446605856242879
1.550965,-0.446654733621491
1.55097,-0.446703618769942
1.550975,-0.446752511689806
1.55098,-0.446801412382653
1.550985,-0.446850320850048
1.55099,-0.446899237093567
1.550995,-0.446948161114775
1.551,-0.446997092915243
1.551005,-0.447046032496549
1.55101,-0.447094979860258
1.551015,-0.447143935007945
1.55102,-0.447192897941183
1.551025,-0.447241868661541
1.55103,-0.447290847170598
1.551035,-0.447339833469922
1.55104,-0.447388827561092
1.551045,-0.447437829445678
1.55105,-0.447486839125255
1.551055,-0.447535856601404
1.55106,-0.447584881875692
1.551065,-0.4476339149497
1.55107,-0.447682955825003
1.551075,-0.447732004503177
1.55108,-0.447781060985801
1.551085,-0.44783012527445
1.55109,-0.447879197370704
1.551095,-0.44792827727614
1.5511,-0.447977364992334
1.551105,-0.448026460520868
1.55111,-0.44807556386332
1.551115,-0.448124675021269
1.55112,-0.448173793996301
1.551125,-0.448222920789986
1.55113,-0.448272055403911
1.551135,-0.448321197839658
1.55114,-0.448370348098804
1.551145,-0.448419506182936
1.55115,-0.448468672093634
1.551155,-0.448517845832478
1.55116,-0.448567027401056
1.551165,-0.448616216800948
1.55117,-0.448665414033738
1.551175,-0.448714619101013
1.55118,-0.448763832004352
1.551185,-0.448813052745345
1.55119,-0.448862281325577
1.551195,-0.448911517746631
1.5512,-0.448960762010095
1.551205,-0.449010014117554
1.55121,-0.449059274070597
1.551215,-0.449108541870808
1.55122,-0.449157817519777
1.551225,-0.449207101019094
1.55123,-0.449256392370342
1.551235,-0.449305691575112
1.55124,-0.449354998634994
1.551245,-0.449404313551576
1.55125,-0.449453636326453
1.551255,-0.449502966961207
1.55126,-0.449552305457432
1.551265,-0.449601651816725
1.55127,-0.449651006040667
1.551275,-0.449700368130858
1.55128,-0.449749738088887
1.551285,-0.449799115916345
1.55129,-0.449848501614829
1.551295,-0.449897895185927
1.5513,-0.449947296631235
1.551305,-0.44999670595235
1.55131,-0.450046123150866
1.551315,-0.450095548228373
1.55132,-0.450144981186468
1.551325,-0.450194422026749
1.55133,-0.450243870750813
1.551335,-0.45029332736025
1.55134,-0.450342791856661
1.551345,-0.450392264241646
1.55135,-0.450441744516799
1.551355,-0.450491232683715
1.55136,-0.450540728744
1.551365,-0.450590232699246
1.55137,-0.450639744551054
1.551375,-0.450689264301024
1.55138,-0.450738791950755
1.551385,-0.450788327501848
1.55139,-0.450837870955903
1.551395,-0.450887422314523
1.5514,-0.450936981579307
1.551405,-0.450986548751855
1.55141,-0.451036123833773
1.551415,-0.451085706826662
1.55142,-0.451135297732126
1.551425,-0.451184896551765
1.55143,-0.451234503287185
1.551435,-0.451284117939993
1.55144,-0.451333740511786
1.551445,-0.451383371004176
1.55145,-0.451433009418764
1.551455,-0.451482655757155
1.55146,-0.451532310020961
1.551465,-0.45158197221178
1.55147,-0.451631642331223
1.551475,-0.4516813203809
1.55148,-0.451731006362414
1.551485,-0.451780700277376
1.55149,-0.45183040212739
1.551495,-0.451880111914067
1.5515,-0.451929829639018
1.551505,-0.451979555303851
1.55151,-0.452029288910172
1.551515,-0.452079030459599
1.55152,-0.452128779953738
1.551525,-0.452178537394202
1.55153,-0.452228302782596
1.551535,-0.45227807612054
1.55154,-0.452327857409641
1.551545,-0.452377646651515
1.55155,-0.452427443847773
1.551555,-0.452477249000027
1.55156,-0.452527062109891
1.551565,-0.452576883178985
1.55157,-0.452626712208913
1.551575,-0.452676549201298
1.55158,-0.452726394157755
1.551585,-0.452776247079893
1.55159,-0.452826107969338
1.551595,-0.452875976827696
1.5516,-0.45292585365659
1.551605,-0.452975738457638
1.55161,-0.453025631232451
1.551615,-0.453075531982657
1.55162,-0.453125440709865
1.551625,-0.453175357415695
1.55163,-0.453225282101775
1.551635,-0.453275214769714
1.55164,-0.453325155421137
1.551645,-0.453375104057662
1.55165,-0.453425060680914
1.551655,-0.45347502529251
1.55166,-0.453524997894072
1.551665,-0.45357497848722
1.55167,-0.453624967073582
1.551675,-0.453674963654776
1.55168,-0.453724968232427
1.551685,-0.453774980808159
1.55169,-0.453825001383591
1.551695,-0.453875029960354
1.5517,-0.453925066540067
1.551705,-0.453975111124358
1.55171,-0.454025163714854
1.551715,-0.454075224313174
1.55172,-0.454125292920955
1.551725,-0.45417536953981
1.55173,-0.454225454171379
1.551735,-0.454275546817279
1.55174,-0.454325647479143
1.551745,-0.454375756158598
1.55175,-0.454425872857276
1.551755,-0.454475997576797
1.55176,-0.454526130318802
1.551765,-0.45457627108491
1.55177,-0.454626419876757
1.551775,-0.454676576695973
1.55178,-0.454726741544186
1.551785,-0.454776914423034
1.55179,-0.454827095334137
1.551795,-0.454877284279138
1.5518,-0.454927481259663
1.551805,-0.454977686277348
1.55181,-0.455027899333826
1.551815,-0.45507812043073
1.55182,-0.455128349569691
1.551825,-0.455178586752349
1.55183,-0.455228831980337
1.551835,-0.455279085255285
1.55184,-0.455329346578836
1.551845,-0.455379615952619
1.55185,-0.45542989337828
1.551855,-0.455480178857445
1.55186,-0.455530472391755
1.551865,-0.455580773982852
1.55187,-0.455631083632369
1.551875,-0.455681401341946
1.55188,-0.455731727113221
1.551885,-0.455782060947831
1.55189,-0.455832402847421
1.551895,-0.455882752813628
1.5519,-0.45593311084809
1.551905,-0.455983476952454
1.55191,-0.45603385112835
1.551915,-0.456084233377434
1.55192,-0.456134623701334
1.551925,-0.456185022101702
1.55193,-0.456235428580177
1.551935,-0.456285843138402
1.55194,-0.456336265778021
1.551945,-0.456386696500677
1.55195,-0.456437135308012
1.551955,-0.456487582201678
1.55196,-0.456538037183312
1.551965,-0.456588500254564
1.55197,-0.456638971417081
1.551975,-0.456689450672506
1.55198,-0.456739938022485
1.551985,-0.456790433468668
1.55199,-0.456840937012698
1.551995,-0.456891448656229
1.552,-0.456941968400905
1.552005,-0.456992496248377
1.55201,-0.457043032200289
1.552015,-0.457093576258297
1.55202,-0.457144128424048
1.552025,-0.457194688699189
1.55203,-0.457245257085375
1.552035,-0.457295833584256
1.55204,-0.457346418197485
1.552045,-0.45739701092671
1.55205,-0.457447611773583
1.552055,-0.457498220739759
1.55206,-0.457548837826894
1.552065,-0.457599463036635
1.55207,-0.45765009637064
1.552075,-0.457700737830557
1.55208,-0.457751387418049
1.552085,-0.457802045134769
1.55209,-0.457852710982369
1.552095,-0.457903384962505
1.5521,-0.457954067076838
1.552105,-0.458004757327018
1.55211,-0.458055455714708
1.552115,-0.45810616224156
1.55212,-0.458156876909235
1.552125,-0.458207599719392
1.55213,-0.458258330673684
1.552135,-0.45830906977378
1.55214,-0.458359817021327
1.552145,-0.458410572417994
1.55215,-0.458461335965441
1.552155,-0.458512107665321
1.55216,-0.4585628875193
1.552165,-0.45861367552904
1.55217,-0.458664471696204
1.552175,-0.458715276022449
1.55218,-0.458766088509443
1.552185,-0.458816909158845
1.55219,-0.458867737972318
1.552195,-0.458918574951532
1.5522,-0.458969420098143
1.552205,-0.459020273413822
1.55221,-0.459071134900231
1.552215,-0.459122004559036
1.55222,-0.459172882391901
1.552225,-0.459223768400493
1.55223,-0.459274662586485
1.552235,-0.459325564951533
1.55224,-0.459376475497311
1.552245,-0.459427394225483
1.55225,-0.459478321137723
1.552255,-0.459529256235692
1.55226,-0.459580199521067
1.552265,-0.459631150995512
1.55227,-0.4596821106607
1.552275,-0.459733078518297
1.55228,-0.45978405456998
1.552285,-0.459835038817411
1.55229,-0.459886031262269
1.552295,-0.459937031906222
1.5523,-0.459988040750947
1.552305,-0.460039057798109
1.55231,-0.460090083049387
1.552315,-0.460141116506451
1.55232,-0.460192158170978
1.552325,-0.460243208044641
1.55233,-0.460294266129114
1.552335,-0.460345332426074
1.55234,-0.460396406937192
1.552345,-0.460447489664149
1.55235,-0.460498580608616
1.552355,-0.460549679772274
1.55236,-0.460600787156799
1.552365,-0.460651902763867
1.55237,-0.460703026595159
1.552375,-0.46075415865235
1.55238,-0.460805298937117
1.552385,-0.460856447451146
1.55239,-0.46090760419611
1.552395,-0.460958769173693
1.5524,-0.461009942385573
1.552405,-0.461061123833431
1.55241,-0.461112313518948
1.552415,-0.461163511443806
1.55242,-0.461214717609685
1.552425,-0.461265932018274
1.55243,-0.461317154671246
1.552435,-0.461368385570293
1.55244,-0.461419624717091
1.552445,-0.46147087211333
1.55245,-0.461522127760691
1.552455,-0.461573391660861
1.55246,-0.461624663815522
1.552465,-0.461675944226362
1.55247,-0.461727232895067
1.552475,-0.461778529823324
1.55248,-0.461829835012816
1.552485,-0.461881148465234
1.55249,-0.461932470182263
1.552495,-0.461983800165594
1.5525,-0.462035138416916
1.552505,-0.462086484937913
1.55251,-0.462137839730278
1.552515,-0.462189202795699
1.55252,-0.462240574135867
1.552525,-0.46229195375247
1.55253,-0.462343341647204
1.552535,-0.462394737821757
1.55254,-0.462446142277819
1.552545,-0.462497555017085
1.55255,-0.462548976041246
1.552555,-0.462600405351998
1.55256,-0.462651842951029
1.552565,-0.46270328884004
1.55257,-0.462754743020717
1.552575,-0.462806205494759
1.55258,-0.46285767626386
1.552585,-0.462909155329716
1.55259,-0.462960642694023
1.552595,-0.463012138358477
1.5526,-0.463063642324773
1.552605,-0.463115154594612
1.55261,-0.463166675169686
1.552615,-0.463218204051695
1.55262,-0.46326974124234
1.552625,-0.463321286743317
1.55263,-0.463372840556326
1.552635,-0.463424402683065
1.55264,-0.463475973125236
1.552645,-0.463527551884538
1.55265,-0.46357913896267
1.552655,-0.463630734361336
1.55266,-0.463682338082236
1.552665,-0.463733950127074
1.55267,-0.46378557049755
1.552675,-0.463837199195367
1.55268,-0.463888836222232
1.552685,-0.463940481579843
1.55269,-0.463992135269906
1.552695,-0.464043797294127
1.5527,-0.46409546765421
1.552705,-0.464147146351858
1.55271,-0.46419883338878
1.552715,-0.464250528766681
1.55272,-0.464302232487264
1.552725,-0.464353944552244
1.55273,-0.464405664963319
1.552735,-0.464457393722204
1.55274,-0.464509130830604
1.552745,-0.464560876290226
1.55275,-0.464612630102782
1.552755,-0.46466439226998
1.55276,-0.464716162793529
1.552765,-0.464767941675137
1.55277,-0.464819728916522
1.552775,-0.464871524519388
1.55278,-0.464923328485452
1.552785,-0.46497514081642
1.55279,-0.465026961514008
1.552795,-0.46507879057993
1.5528,-0.465130628015896
1.552805,-0.46518247382362
1.55281,-0.465234328004813
1.552815,-0.465286190561199
1.55282,-0.465338061494481
1.552825,-0.465389940806384
1.55283,-0.465441828498616
1.552835,-0.465493724572897
1.55284,-0.465545629030944
1.552845,-0.46559754187447
1.55285,-0.465649463105197
1.552855,-0.465701392724841
1.55286,-0.465753330735117
1.552865,-0.465805277137749
1.55287,-0.465857231934449
1.552875,-0.465909195126942
1.55288,-0.465961166716944
1.552885,-0.466013146706178
1.55289,-0.466065135096366
1.552895,-0.466117131889225
1.5529,-0.466169137086476
1.552905,-0.466221150689847
1.55291,-0.466273172701053
1.552915,-0.466325203121821
1.55292,-0.466377241953872
1.552925,-0.46642928919893
1.55293,-0.466481344858722
1.552935,-0.466533408934966
1.55294,-0.46658548142939
1.552945,-0.466637562343722
1.55295,-0.466689651679684
1.552955,-0.466741749439001
1.55296,-0.466793855623406
1.552965,-0.466845970234617
1.55297,-0.466898093274368
1.552975,-0.466950224744381
1.55298,-0.46700236464639
1.552985,-0.46705451298212
1.55299,-0.467106669753302
1.552995,-0.467158834961661
1.553,-0.46721100860893
1.553005,-0.46726319069684
1.55301,-0.467315381227122
1.553015,-0.467367580201504
1.55302,-0.467419787621717
1.553025,-0.467472003489498
1.55303,-0.467524227806574
1.553035,-0.467576460574682
1.55304,-0.467628701795551
1.553045,-0.467680951470915
1.55305,-0.467733209602515
1.553055,-0.467785476192074
1.55306,-0.467837751241337
1.553065,-0.467890034752032
1.55307,-0.467942326725894
1.553075,-0.467994627164669
1.55308,-0.468046936070085
1.553085,-0.468099253443877
1.55309,-0.46815157928779
1.553095,-0.468203913603557
1.5531,-0.468256256392919
1.553105,-0.468308607657608
1.55311,-0.46836096739937
1.553115,-0.468413335619943
1.55312,-0.468465712321064
1.553125,-0.468518097504478
1.55313,-0.468570491171919
1.553135,-0.468622893325134
1.55314,-0.468675303965863
1.553145,-0.468727723095846
1.55315,-0.468780150716825
1.553155,-0.46883258683055
1.55316,-0.468885031438755
1.553165,-0.468937484543189
1.55317,-0.468989946145595
1.553175,-0.469042416247713
1.55318,-0.469094894851297
1.553185,-0.469147381958085
1.55319,-0.469199877569827
1.553195,-0.469252381688263
1.5532,-0.469304894315145
1.553205,-0.469357415452224
1.55321,-0.469409945101236
1.553215,-0.469462483263936
1.55322,-0.469515029942075
1.553225,-0.469567585137397
1.55323,-0.469620148851652
1.553235,-0.46967272108659
1.55324,-0.469725301843958
1.553245,-0.469777891125513
1.55325,-0.469830488933001
1.553255,-0.469883095268176
1.55326,-0.469935710132784
1.553265,-0.469988333528584
1.55327,-0.470040965457325
1.553275,-0.470093605920762
1.55328,-0.470146254920646
1.553285,-0.470198912458734
1.55329,-0.470251578536775
1.553295,-0.47030425315653
1.5533,-0.470356936319749
1.553305,-0.470409628028192
1.55331,-0.470462328283609
1.553315,-0.470515037087761
1.55332,-0.470567754442407
1.553325,-0.470620480349297
1.55333,-0.470673214810194
1.553335,-0.470725957826855
1.55334,-0.470778709401038
1.553345,-0.470831469534501
1.55335,-0.470884238229003
1.553355,-0.470937015486307
1.55336,-0.470989801308173
1.553365,-0.471042595696359
1.55337,-0.471095398652627
1.553375,-0.471148210178738
1.55338,-0.471201030276454
1.553385,-0.471253858947541
1.55339,-0.471306696193757
1.553395,-0.471359542016865
1.5534,-0.471412396418634
1.553405,-0.471465259400821
1.55341,-0.471518130965195
1.553415,-0.471571011113522
1.55342,-0.471623899847565
1.553425,-0.47167679716909
1.55343,-0.471729703079862
1.553435,-0.471782617581648
1.55344,-0.471835540676221
1.553445,-0.471888472365338
1.55345,-0.471941412650777
1.553455,-0.471994361534299
1.55346,-0.472047319017674
1.553465,-0.472100285102676
1.55347,-0.47215325979107
1.553475,-0.472206243084626
1.55348,-0.472259234985118
1.553485,-0.472312235494314
1.55349,-0.472365244613991
1.553495,-0.472418262345912
1.5535,-0.472471288691851
1.553505,-0.472524323653587
1.55351,-0.472577367232887
1.553515,-0.472630419431529
1.55352,-0.472683480251282
1.553525,-0.472736549693924
1.55353,-0.472789627761228
1.553535,-0.47284271445497
1.55354,-0.472895809776924
1.553545,-0.472948913728871
1.55355,-0.473002026312582
1.553555,-0.473055147529838
1.55356,-0.473108277382413
1.553565,-0.473161415872085
1.55357,-0.473214563000639
1.553575,-0.473267718769843
1.55358,-0.473320883181484
1.553585,-0.473374056237336
1.55359,-0.473427237939184
1.553595,-0.473480428288807
1.5536,-0.473533627287985
1.553605,-0.4735868349385
1.55361,-0.473640051242133
1.553615,-0.473693276200665
1.55362,-0.473746509815882
1.553625,-0.473799752089565
1.55363,-0.473853003023496
1.553635,-0.47390626261946
1.55364,-0.473959530879244
1.553645,-0.474012807804628
1.55365,-0.474066093397402
1.553655,-0.474119387659346
1.55366,-0.474172690592252
1.553665,-0.474226002197905
1.55367,-0.474279322478086
1.553675,-0.474332651434593
1.55368,-0.474385989069203
1.553685,-0.474439335383711
1.55369,-0.474492690379903
1.553695,-0.474546054059568
1.5537,-0.474599426424499
1.553705,-0.474652807476481
1.55371,-0.474706197217307
1.553715,-0.474759595648769
1.55372,-0.474813002772655
1.553725,-0.474866418590762
1.55373,-0.474919843104875
1.553735,-0.47497327631679
1.55374,-0.475026718228305
1.553745,-0.475080168841204
1.55375,-0.475133628157288
1.553755,-0.475187096178349
1.55376,-0.475240572906179
1.553765,-0.475294058342578
1.55377,-0.475347552489338
1.553775,-0.475401055348255
1.55378,-0.475454566921133
1.553785,-0.475508087209759
1.55379,-0.475561616215936
1.553795,-0.475615153941461
1.5538,-0.475668700388127
1.553805,-0.475722255557741
1.55381,-0.475775819452096
1.553815,-0.475829392072996
1.55382,-0.475882973422239
1.553825,-0.475936563501623
1.55383,-0.475990162312954
1.553835,-0.476043769858029
1.55384,-0.47609738613865
1.553845,-0.476151011156623
1.55385,-0.476204644913749
1.553855,-0.476258287411829
1.55386,-0.476311938652666
1.553865,-0.476365598638064
1.55387,-0.476419267369834
1.553875,-0.476472944849773
1.55388,-0.476526631079692
1.553885,-0.47658032606139
1.55389,-0.47663402979668
1.553895,-0.476687742287365
1.5539,-0.476741463535249
1.553905,-0.476795193542146
1.55391,-0.476848932309864
1.553915,-0.476902679840203
1.55392,-0.47695643613498
1.553925,-0.477010201196
1.55393,-0.477063975025075
1.553935,-0.477117757624016
1.55394,-0.477171548994629
1.553945,-0.47722534913873
1.55395,-0.477279158058125
1.553955,-0.477332975754632
1.55396,-0.477386802230059
1.553965,-0.477440637486221
1.55397,-0.477494481524928
1.553975,-0.477548334347996
1.55398,-0.477602195957243
1.553985,-0.477656066354476
1.55399,-0.477709945541515
1.553995,-0.477763833520173
1.554,-0.477817730292268
1.554005,-0.477871635859612
1.55401,-0.477925550224028
1.554015,-0.477979473387327
1.55402,-0.478033405351331
1.554025,-0.478087346117859
1.55403,-0.478141295688723
1.554035,-0.478195254065749
1.55404,-0.478249221250753
1.554045,-0.478303197245554
1.55405,-0.478357182051976
1.554055,-0.478411175671833
1.55406,-0.478465178106955
1.554065,-0.478519189359156
1.55407,-0.478573209430264
1.554075,-0.478627238322096
1.55408,-0.478681276036481
1.554085,-0.478735322575233
1.55409,-0.478789377940189
1.554095,-0.478843442133161
1.5541,-0.478897515155979
1.554105,-0.478951597010469
1.55411,-0.479005687698457
1.554115,-0.479059787221768
1.55412,-0.479113895582223
1.554125,-0.479168012781657
1.55413,-0.479222138821898
1.554135,-0.479276273704765
1.55414,-0.479330417432093
1.554145,-0.47938457000571
1.55415,-0.479438731427442
1.554155,-0.479492901699124
1.55416,-0.479547080822584
1.554165,-0.479601268799648
1.55417,-0.479655465632153
1.554175,-0.479709671321926
1.55418,-0.479763885870805
1.554185,-0.479818109280615
1.55419,-0.479872341553193
1.554195,-0.47992658269037
1.5542,-0.47998083269398
1.554205,-0.48003509156586
1.55421,-0.48008935930784
1.554215,-0.480143635921757
1.55422,-0.480197921409449
1.554225,-0.480252215772747
1.55423,-0.480306519013492
1.554235,-0.480360831133519
1.55424,-0.480415152134662
1.554245,-0.480469482018764
1.55425,-0.480523820787661
1.554255,-0.480578168443186
1.55426,-0.480632524987191
1.554265,-0.480686890421503
1.55427,-0.480741264747969
1.554275,-0.480795647968425
1.55428,-0.480850040084713
1.554285,-0.480904441098675
1.55429,-0.480958851012154
1.554295,-0.481013269826992
1.5543,-0.481067697545028
1.554305,-0.481122134168108
1.55431,-0.481176579698079
1.554315,-0.481231034136777
1.55432,-0.481285497486049
1.554325,-0.481339969747743
1.55433,-0.481394450923704
1.554335,-0.481448941015774
1.55434,-0.481503440025804
1.554345,-0.481557947955634
1.55435,-0.481612464807119
1.554355,-0.4816669905821
1.55436,-0.481721525282427
1.554365,-0.481776068909952
1.55437,-0.48183062146652
1.554375,-0.481885182953982
1.55438,-0.481939753374186
1.554385,-0.481994332728984
1.55439,-0.482048921020226
1.554395,-0.482103518249763
1.5544,-0.482158124419451
1.554405,-0.482212739531132
1.55441,-0.482267363586667
1.554415,-0.48232199658791
1.55442,-0.482376638536706
1.554425,-0.482431289434917
1.55443,-0.482485949284395
1.554435,-0.48254061808699
1.55444,-0.482595295844565
1.554445,-0.482649982558969
1.55445,-0.482704678232063
1.554455,-0.482759382865702
1.55446,-0.48281409646174
1.554465,-0.482868819022038
1.55447,-0.482923550548456
1.554475,-0.482978291042847
1.55448,-0.483033040507072
1.554485,-0.483087798942994
1.55449,-0.483142566352465
1.554495,-0.483197342737352
1.5545,-0.483252128099514
1.554505,-0.483306922440808
1.55451,-0.483361725763103
1.554515,-0.483416538068255
1.55452,-0.483471359358132
1.554525,-0.483526189634589
1.55453,-0.483581028899497
1.554535,-0.483635877154716
1.55454,-0.483690734402113
1.554545,-0.483745600643549
1.55455,-0.48380047588089
1.554555,-0.483855360116004
1.55456,-0.48391025335076
1.554565,-0.483965155587014
1.55457,-0.484020066826642
1.554575,-0.484074987071512
1.55458,-0.484129916323487
1.554585,-0.484184854584439
1.55459,-0.484239801856231
1.554595,-0.484294758140741
1.5546,-0.484349723439833
1.554605,-0.484404697755378
1.55461,-0.48445968108925
1.554615,-0.484514673443315
1.55462,-0.484569674819449
1.554625,-0.484624685219524
1.55463,-0.484679704645408
1.554635,-0.484734733098977
1.55464,-0.484789770582106
1.554645,-0.484844817096664
1.55465,-0.484899872644532
1.554655,-0.48495493722758
1.55466,-0.485010010847687
1.554665,-0.485065093506724
1.55467,-0.485120185206571
1.554675,-0.485175285949103
1.55468,-0.485230395736198
1.554685,-0.485285514569731
1.55469,-0.485340642451582
1.554695,-0.48539577938363
1.5547,-0.485450925367759
1.554705,-0.485506080405837
1.55471,-0.48556124449975
1.554715,-0.485616417651381
1.55472,-0.485671599862607
1.554725,-0.485726791135308
1.55473,-0.485781991471369
1.554735,-0.485837200872673
1.55474,-0.485892419341098
1.554745,-0.485947646878531
1.55475,-0.486002883486853
1.554755,-0.486058129167953
1.55476,-0.486113383923709
1.554765,-0.48616864775601
1.55477,-0.486223920666739
1.554775,-0.486279202657784
1.55478,-0.486334493731032
1.554785,-0.486389793888363
1.55479,-0.486445103131675
1.554795,-0.486500421462848
1.5548,-0.486555748883772
1.554805,-0.486611085396334
1.55481,-0.486666431002427
1.554815,-0.486721785703938
1.55482,-0.486777149502758
1.554825,-0.486832522400777
1.55483,-0.486887904399887
1.554835,-0.486943295501977
1.55484,-0.486998695708938
1.554845,-0.487054105022668
1.55485,-0.487109523445056
1.554855,-0.487164950977994
1.55486,-0.487220387623378
1.554865,-0.487275833383101
1.55487,-0.487331288259062
1.554875,-0.487386752253147
1.55488,-0.487442225367258
1.554885,-0.487497707603293
1.55489,-0.487553198963142
1.554895,-0.487608699448708
1.5549,-0.487664209061886
1.554905,-0.487719727804569
1.55491,-0.487775255678666
1.554915,-0.487830792686063
1.55492,-0.487886338828672
1.554925,-0.487941894108386
1.55493,-0.487997458527104
1.554935,-0.488053032086732
1.55494,-0.488108614789163
1.554945,-0.488164206636307
1.55495,-0.488219807630063
1.554955,-0.488275417772333
1.55496,-0.48833103706502
1.554965,-0.488386665510027
1.55497,-0.488442303109255
1.554975,-0.48849794986462
1.55498,-0.488553605778014
1.554985,-0.488609270851346
1.55499,-0.488664945086527
1.554995,-0.488720628485457
1.555,-0.488776321050047
1.555005,-0.4888320227822
1.55501,-0.488887733683825
1.555015,-0.488943453756833
1.55502,-0.48899918300313
1.555025,-0.489054921424629
1.55503,-0.489110669023231
1.555035,-0.489166425800856
1.55504,-0.489222191759408
1.555045,-0.489277966900798
1.55505,-0.489333751226943
1.555055,-0.489389544739749
1.55506,-0.489445347441131
1.555065,-0.489501159332999
1.55507,-0.489556980417272
1.555075,-0.489612810695858
1.55508,-0.489668650170674
1.555085,-0.489724498843636
1.55509,-0.489780356716656
1.555095,-0.489836223791651
1.5551,-0.489892100070537
1.555105,-0.489947985555232
1.55511,-0.490003880247651
1.555115,-0.490059784149711
1.55512,-0.490115697263332
1.555125,-0.490171619590433
1.55513,-0.490227551132933
1.555135,-0.490283491892745
1.55514,-0.490339441871797
1.555145,-0.490395401072008
1.55515,-0.490451369495297
1.555155,-0.490507347143584
1.55516,-0.490563334018792
1.555165,-0.490619330122841
1.55517,-0.490675335457661
1.555175,-0.490731350025166
1.55518,-0.490787373827286
1.555185,-0.490843406865943
1.55519,-0.490899449143063
1.555195,-0.490955500660568
1.5552,-0.491011561420383
1.555205,-0.491067631424436
1.55521,-0.491123710674656
1.555215,-0.491179799172968
1.55522,-0.491235896921297
1.555225,-0.491292003921576
1.55523,-0.491348120175727
1.555235,-0.491404245685683
1.55524,-0.491460380453371
1.555245,-0.491516524480723
1.55525,-0.491572677769671
1.555255,-0.491628840322141
1.55526,-0.491685012140066
1.555265,-0.491741193225377
1.55527,-0.491797383580007
1.555275,-0.491853583205891
1.55528,-0.491909792104961
1.555285,-0.491966010279144
1.55529,-0.492022237730382
1.555295,-0.492078474460607
1.5553,-0.492134720471757
1.555305,-0.49219097576576
1.55531,-0.492247240344559
1.555315,-0.492303514210087
1.55532,-0.49235979736428
1.555325,-0.49241608980908
1.55533,-0.492472391546417
1.555335,-0.492528702578237
1.55534,-0.492585022906477
1.555345,-0.492641352533074
1.55535,-0.492697691459967
1.555355,-0.492754039689102
1.55536,-0.492810397222415
1.555365,-0.492866764061846
1.55537,-0.49292314020934
1.555375,-0.492979525666838
1.55538,-0.493035920436282
1.555385,-0.493092324519614
1.55539,-0.493148737918783
1.555395,-0.493205160635727
1.5554,-0.493261592672389
1.555405,-0.493318034030723
1.55541,-0.493374484712666
1.555415,-0.493430944720167
1.55542,-0.493487414055175
1.555425,-0.493543892719631
1.55543,-0.493600380715487
1.555435,-0.49365687804469
1.55544,-0.493713384709185
1.555445,-0.493769900710928
1.55545,-0.493826426051861
1.555455,-0.493882960733938
1.55546,-0.493939504759107
1.555465,-0.493996058129319
1.55547,-0.494052620846529
1.555475,-0.49410919291268
1.55548,-0.494165774329733
1.555485,-0.494222365099641
1.55549,-0.494278965224348
1.555495,-0.494335574705817
1.5555,-0.494392193545993
1.555505,-0.49444882174684
1.55551,-0.494505459310308
1.555515,-0.494562106238353
1.55552,-0.494618762532931
1.555525,-0.494675428195999
1.55553,-0.494732103229515
1.555535,-0.494788787635433
1.55554,-0.494845481415712
1.555545,-0.494902184572313
1.55555,-0.494958897107194
1.555555,-0.495015619022312
1.55556,-0.495072350319631
1.555565,-0.495129091001107
1.55557,-0.495185841068703
1.555575,-0.495242600524382
1.55558,-0.495299369370099
1.555585,-0.495356147607826
1.55559,-0.495412935239519
1.555595,-0.495469732267142
1.5556,-0.495526538692663
1.555605,-0.495583354518037
1.55561,-0.49564017974524
1.555615,-0.495697014376229
1.55562,-0.495753858412972
1.555625,-0.495810711857438
1.55563,-0.495867574711589
1.555635,-0.495924446977394
1.55564,-0.495981328656822
1.555645,-0.496038219751838
1.55565,-0.496095120264412
1.555655,-0.496152030196514
1.55566,-0.496208949550113
1.555665,-0.496265878327181
1.55567,-0.496322816529683
1.555675,-0.496379764159593
1.55568,-0.496436721218886
1.555685,-0.496493687709527
1.55569,-0.496550663633494
1.555695,-0.496607648992757
1.5557,-0.49666464378929
1.555705,-0.496721648025069
1.55571,-0.496778661702065
1.555715,-0.496835684822254
1.55572,-0.496892717387611
1.555725,-0.496949759400113
1.55573,-0.497006810861738
1.555735,-0.497063871774455
1.55574,-0.49712094214025
1.555745,-0.497178021961099
1.55575,-0.497235111238976
1.555755,-0.497292209975866
1.55576,-0.497349318173741
1.555765,-0.497406435834585
1.55577,-0.497463562960378
1.555775,-0.497520699553099
1.55578,-0.497577845614733
1.555785,-0.497635001147257
1.55579,-0.497692166152655
1.555795,-0.497749340632911
1.5558,-0.497806524590007
1.555805,-0.497863718025927
1.55581,-0.497920920942651
1.555815,-0.497978133342169
1.55582,-0.498035355226465
1.555825,-0.498092586597523
1.55583,-0.498149827457329
1.555835,-0.498207077807873
1.55584,-0.498264337651134
1.555845,-0.498321606989112
1.55585,-0.498378885823783
1.555855,-0.498436174157139
1.55586,-0.498493471991173
1.555865,-0.498550779327869
1.55587,-0.498608096169222
1.555875,-0.498665422517221
1.55588,-0.498722758373855
1.555885,-0.498780103741114
1.55589,-0.498837458620995
1.555895,-0.498894823015484
1.5559,-0.49895219692658
1.555905,-0.499009580356277
1.55591,-0.499066973306562
1.555915,-0.499124375779436
1.55592,-0.499181787776889
1.555925,-0.499239209300917
1.55593,-0.499296640353517
1.555935,-0.49935408093669
1.55594,-0.499411531052426
1.555945,-0.499468990702723
1.55595,-0.499526459889581
1.555955,-0.499583938614997
1.55596,-0.499641426880972
1.555965,-0.499698924689507
1.55597,-0.499756432042595
1.555975,-0.499813948942237
1.55598,-0.499871475390441
1.555985,-0.499929011389202
1.55599,-0.499986556940525
1.555995,-0.500044112046409
1.556,-0.500101676708859
1.556005,-0.500159250929877
1.55601,-0.500216834711469
1.556015,-0.500274428055637
1.55602,-0.500332030964386
1.556025,-0.50038964343972
1.55603,-0.500447265483651
1.556035,-0.500504897098175
1.55604,-0.500562538285308
1.556045,-0.500620189047052
1.55605,-0.500677849385416
1.556055,-0.500735519302406
1.55606,-0.500793198800034
1.556065,-0.500850887880307
1.55607,-0.500908586545237
1.556075,-0.500966294796831
1.55608,-0.501024012637105
1.556085,-0.50108174006806
1.55609,-0.501139477091718
1.556095,-0.501197223710088
1.5561,-0.50125497992518
1.556105,-0.501312745739008
1.55611,-0.501370521153587
1.556115,-0.501428306170932
1.55612,-0.501486100793054
1.556125,-0.501543905021971
1.55613,-0.501601718859698
1.556135,-0.50165954230825
1.55614,-0.501717375369646
1.556145,-0.501775218045899
1.55615,-0.501833070339032
1.556155,-0.501890932251059
1.55616,-0.501948803783999
1.556165,-0.502006684939872
1.55617,-0.502064575720697
1.556175,-0.502122476128497
1.55618,-0.502180386165286
1.556185,-0.502238305833094
1.55619,-0.502296235133934
1.556195,-0.502354174069831
1.5562,-0.502412122642812
1.556205,-0.502470080854895
1.55621,-0.502528048708104
1.556215,-0.502586026204461
1.55622,-0.502644013345996
1.556225,-0.502702010134734
1.55623,-0.502760016572693
1.556235,-0.502818032661906
1.55624,-0.502876058404402
1.556245,-0.502934093802198
1.55625,-0.50299213885733
1.556255,-0.503050193571822
1.55626,-0.503108257947703
1.556265,-0.503166331987004
1.55627,-0.503224415691755
1.556275,-0.503282509063982
1.55628,-0.503340612105718
1.556285,-0.503398724818993
1.55629,-0.503456847205845
1.556295,-0.503514979268296
1.5563,-0.503573121008384
1.556305,-0.503631272428141
1.55631,-0.503689433529603
1.556315,-0.5037476043148
1.55632,-0.503805784785768
1.556325,-0.50386397494454
1.55633,-0.503922174793161
1.556335,-0.503980384333656
1.55634,-0.504038603568066
1.556345,-0.504096832498425
1.55635,-0.504155071126775
1.556355,-0.504213319455155
1.55636,-0.5042715774856
1.556365,-0.504329845220146
1.55637,-0.504388122660841
1.556375,-0.504446409809718
1.55638,-0.504504706668823
1.556385,-0.504563013240193
1.55639,-0.50462132952587
1.556395,-0.5046796555279
1.5564,-0.504737991248321
1.556405,-0.504796336689178
1.55641,-0.504854691852514
1.556415,-0.504913056740369
1.55642,-0.5049714313548
1.556425,-0.505029815697839
1.55643,-0.505088209771539
1.556435,-0.505146613577944
1.55644,-0.505205027119102
1.556445,-0.505263450397057
1.55645,-0.505321883413858
1.556455,-0.505380326171552
1.55646,-0.505438778672192
1.556465,-0.505497240917824
1.55647,-0.505555712910499
1.556475,-0.505614194652265
1.55648,-0.505672686145173
1.556485,-0.505731187391278
1.55649,-0.505789698392627
1.556495,-0.505848219151273
1.5565,-0.505906749669272
1.556505,-0.505965289948675
1.55651,-0.506023839991536
1.556515,-0.506082399799907
1.55652,-0.506140969375842
1.556525,-0.506199548721405
1.55653,-0.506258137838644
1.556535,-0.506316736729617
1.55654,-0.506375345396378
1.556545,-0.506433963840988
1.55655,-0.506492592065506
1.556555,-0.506551230071985
1.55656,-0.506609877862488
1.556565,-0.506668535439074
1.55657,-0.5067272028038
1.556575,-0.506785879958732
1.55658,-0.506844566905922
1.556585,-0.506903263647442
1.55659,-0.506961970185345
1.556595,-0.507020686521697
1.5566,-0.507079412658564
1.556605,-0.507138148598002
1.55661,-0.507196894342079
1.556615,-0.507255649892861
1.55662,-0.507314415252411
1.556625,-0.507373190422794
1.55663,-0.507431975406077
1.556635,-0.507490770204326
1.55664,-0.507549574819607
1.556645,-0.507608389253991
1.55665,-0.50766721350954
1.556655,-0.507726047588327
1.55666,-0.507784891492421
1.556665,-0.507843745223887
1.55667,-0.507902608784803
1.556675,-0.507961482177233
1.55668,-0.508020365403251
1.556685,-0.508079258464926
1.55669,-0.50813816136433
1.556695,-0.50819707410354
1.5567,-0.508255996684625
1.556705,-0.508314929109661
1.55671,-0.508373871380719
1.556715,-0.508432823499876
1.55672,-0.50849178546921
1.556725,-0.50855075729079
1.55673,-0.508609738966694
1.556735,-0.508668730499004
1.55674,-0.508727731889792
1.556745,-0.508786743141138
1.55675,-0.508845764255118
1.556755,-0.508904795233813
1.55676,-0.508963836079301
1.556765,-0.509022886793665
1.55677,-0.509081947378979
1.556775,-0.509141017837328
1.55678,-0.50920009817079
1.556785,-0.509259188381455
1.55679,-0.509318288471394
1.556795,-0.509377398442698
1.5568,-0.509436518297448
1.556805,-0.509495648037726
1.55681,-0.50955478766562
1.556815,-0.509613937183214
1.55682,-0.50967309659259
1.556825,-0.509732265895837
1.55683,-0.50979144509504
1.556835,-0.509850634192291
1.55684,-0.50990983318967
1.556845,-0.509969042089268
1.55685,-0.510028260893177
1.556855,-0.51008748960348
1.55686,-0.510146728222268
1.556865,-0.510205976751636
1.55687,-0.510265235193672
1.556875,-0.510324503550463
1.55688,-0.510383781824103
1.556885,-0.510443070016688
1.55689,-0.510502368130307
1.556895,-0.510561676167053
1.5569,-0.510620994129022
1.556905,-0.510680322018305
1.55691,-0.510739659836999
1.556915,-0.510799007587201
1.55692,-0.510858365271001
1.556925,-0.5109177328905
1.55693,-0.510977110447793
1.556935,-0.511036497944979
1.55694,-0.511095895384155
1.556945,-0.511155302767419
1.55695,-0.511214720096868
1.556955,-0.511274147374607
1.55696,-0.51133358460273
1.556965,-0.511393031783342
1.55697,-0.511452488918539
1.556975,-0.511511956010425
1.55698,-0.511571433061106
1.556985,-0.511630920072676
1.55699,-0.511690417047244
1.556995,-0.511749923986916
1.557,-0.511809440893787
1.557005,-0.511868967769971
1.55701,-0.511928504617566
1.557015,-0.511988051438682
1.55702,-0.512047608235427
1.557025,-0.512107175009901
1.55703,-0.512166751764219
1.557035,-0.51222633850048
1.55704,-0.512285935220796
1.557045,-0.512345541927282
1.55705,-0.512405158622036
1.557055,-0.512464785307176
1.55706,-0.512524421984812
1.557065,-0.512584068657052
1.55707,-0.51264372532601
1.557075,-0.512703391993792
1.55708,-0.512763068662516
1.557085,-0.512822755334297
1.55709,-0.512882452011241
1.557095,-0.51294215869547
1.5571,-0.51300187538909
1.557105,-0.513061602094224
1.55711,-0.513121338812984
1.557115,-0.513181085547485
1.55712,-0.513240842299844
1.557125,-0.513300609072182
1.55713,-0.513360385866614
1.557135,-0.513420172685257
1.55714,-0.513479969530229
1.557145,-0.51353977640365
1.55715,-0.513599593307647
1.557155,-0.513659420244326
1.55716,-0.513719257215821
1.557165,-0.513779104224247
1.55717,-0.513838961271725
1.557175,-0.513898828360385
1.55718,-0.513958705492337
1.557185,-0.514018592669716
1.55719,-0.514078489894644
1.557195,-0.514138397169239
1.5572,-0.514198314495632
1.557205,-0.514258241875948
1.55721,-0.514318179312309
1.557215,-0.514378126806849
1.55722,-0.514438084361686
1.557225,-0.514498051978956
1.55723,-0.514558029660781
1.557235,-0.514618017409293
1.55724,-0.514678015226621
1.557245,-0.514738023114894
1.55725,-0.514798041076241
1.557255,-0.514858069112798
1.55726,-0.51491810722669
1.557265,-0.514978155420053
1.55727,-0.515038213695017
1.557275,-0.515098282053715
1.55728,-0.515158360498284
1.557285,-0.515218449030853
1.55729,-0.515278547653562
1.557295,-0.51533865636854
1.5573,-0.515398775177925
1.557305,-0.515458904083859
1.55731,-0.515519043088469
1.557315,-0.515579192193896
1.55732,-0.515639351402282
1.557325,-0.515699520715759
1.55733,-0.515759700136469
1.557335,-0.515819889666549
1.55734,-0.515880089308143
1.557345,-0.515940299063388
1.55735,-0.516000518934422
1.557355,-0.516060748923396
1.55736,-0.516120989032442
1.557365,-0.516181239263706
1.55737,-0.516241499619334
1.557375,-0.516301770101467
1.55738,-0.516362050712246
1.557385,-0.516422341453822
1.55739,-0.516482642328334
1.557395,-0.516542953337933
1.5574,-0.516603274484762
1.557405,-0.516663605770968
1.55741,-0.5167239471987
1.557415,-0.516784298770101
1.55742,-0.516844660487328
1.557425,-0.516905032352523
1.55743,-0.516965414367835
1.557435,-0.517025806535419
1.55744,-0.517086208857419
1.557445,-0.517146621335991
1.55745,-0.517207043973287
1.557455,-0.517267476771456
1.55746,-0.51732791973265
1.557465,-0.517388372859026
1.55747,-0.517448836152733
1.557475,-0.51750930961593
1.55748,-0.517569793250768
1.557485,-0.517630287059404
1.55749,-0.517690791043995
1.557495,-0.517751305206695
1.5575,-0.517811829549663
1.557505,-0.517872364075053
1.55751,-0.517932908785023
1.557515,-0.51799346368174
1.55752,-0.51805402876735
1.557525,-0.518114604044024
1.55753,-0.518175189513916
1.557535,-0.518235785179187
1.55754,-0.518296391042
1.557545,-0.518357007104516
1.55755,-0.518417633368894
1.557555,-0.518478269837303
1.55756,-0.518538916511902
1.557565,-0.518599573394858
1.55757,-0.518660240488329
1.557575,-0.518720917794485
1.55758,-0.518781605315495
1.557585,-0.518842303053518
1.55759,-0.518903011010724
1.557595,-0.518963729189276
1.5576,-0.519024457591347
1.557605,-0.519085196219104
1.55761,-0.519145945074712
1.557615,-0.519206704160345
1.55762,-0.519267473478171
1.557625,-0.51932825303036
1.55763,-0.519389042819084
1.557635,-0.519449842846509
1.55764,-0.519510653114815
1.557645,-0.519571473626169
1.55765,-0.519632304382747
1.557655,-0.519693145386719
1.55766,-0.519753996640264
1.557665,-0.519814858145551
1.55767,-0.519875729904762
1.557675,-0.519936611920065
1.55768,-0.519997504193639
1.557685,-0.520058406727667
1.55769,-0.520119319524316
1.557695,-0.520180242585772
1.5577,-0.520241175914207
1.557705,-0.520302119511806
1.55771,-0.520363073380745
1.557715,-0.520424037523205
1.55772,-0.520485011941366
1.557725,-0.52054599663741
1.55773,-0.520606991613517
1.557735,-0.520667996871871
1.55774,-0.520729012414653
1.557745,-0.520790038244048
1.55775,-0.52085107436224
1.557755,-0.52091212077141
1.55776,-0.520973177473749
1.557765,-0.521034244471437
1.55777,-0.521095321766663
1.557775,-0.52115640936161
1.55778,-0.521217507258469
1.557785,-0.521278615459426
1.55779,-0.521339733966669
1.557795,-0.521400862782385
1.5578,-0.52146200190877
1.557805,-0.521523151348004
1.55781,-0.521584311102283
1.557815,-0.521645481173801
1.55782,-0.521706661564742
1.557825,-0.521767852277303
1.55783,-0.521829053313676
1.557835,-0.521890264676051
1.55784,-0.521951486366626
1.557845,-0.522012718387593
1.55785,-0.522073960741146
1.557855,-0.522135213429478
1.55786,-0.522196476454792
1.557865,-0.522257749819279
1.55787,-0.522319033525135
1.557875,-0.52238032757456
1.55788,-0.522441631969754
1.557885,-0.52250294671291
1.55789,-0.522564271806233
1.557895,-0.522625607251917
1.5579,-0.522686953052163
1.557905,-0.522748309209178
1.55791,-0.522809675725155
1.557915,-0.522871052602302
1.55792,-0.522932439842815
1.557925,-0.522993837448904
1.55793,-0.52305524542277
1.557935,-0.523116663766614
1.55794,-0.523178092482643
1.557945,-0.523239531573065
1.55795,-0.523300981040079
1.557955,-0.523362440885895
1.55796,-0.523423911112718
1.557965,-0.523485391722758
1.55797,-0.523546882718224
1.557975,-0.523608384101318
1.55798,-0.523669895874259
1.557985,-0.523731418039244
1.55799,-0.52379295059849
1.557995,-0.52385449355421
1.558,-0.523916046908612
1.558005,-0.523977610663904
1.55801,-0.524039184822307
1.558015,-0.524100769386025
1.55802,-0.524162364357277
1.558025,-0.524223969738273
1.55803,-0.524285585531232
1.558035,-0.524347211738366
1.55804,-0.524408848361889
1.558045,-0.524470495404025
1.55805,-0.524532152866976
1.558055,-0.524593820752973
1.55806,-0.524655499064228
1.558065,-0.52471718780296
1.55807,-0.524778886971387
1.558075,-0.524840596571731
1.55808,-0.524902316606207
1.558085,-0.524964047077042
1.55809,-0.525025787986454
1.558095,-0.52508753933666
1.5581,-0.52514930112989
1.558105,-0.525211073368362
1.55811,-0.525272856054303
1.558115,-0.525334649189932
1.55812,-0.525396452777474
1.558125,-0.52545826681916
1.55813,-0.525520091317206
1.558135,-0.525581926273846
1.55814,-0.525643771691306
1.558145,-0.525705627571807
1.55815,-0.525767493917583
1.558155,-0.525829370730859
1.55816,-0.525891258013865
1.558165,-0.525953155768831
1.55817,-0.526015063997983
1.558175,-0.526076982703555
1.55818,-0.526138911887781
1.558185,-0.526200851552885
1.55819,-0.526262801701106
1.558195,-0.526324762334675
1.5582,-0.526386733455819
1.558205,-0.526448715066782
1.55821,-0.526510707169791
1.558215,-0.526572709767085
1.55822,-0.526634722860896
1.558225,-0.526696746453462
1.55823,-0.526758780547022
1.558235,-0.526820825143807
1.55824,-0.526882880246057
1.558245,-0.526944945856017
1.55825,-0.527007021975916
1.558255,-0.527069108608002
1.55826,-0.527131205754508
1.558265,-0.527193313417677
1.55827,-0.527255431599752
1.558275,-0.52731756030297
1.55828,-0.527379699529578
1.558285,-0.527441849281816
1.55829,-0.527504009561926
1.558295,-0.527566180372158
1.5583,-0.527628361714748
1.558305,-0.527690553591948
1.55831,-0.527752756006001
1.558315,-0.527814968959153
1.55832,-0.52787719245365
1.558325,-0.527939426491741
1.55833,-0.52800167107567
1.558335,-0.528063926207689
1.55834,-0.528126191890047
1.558345,-0.528188468124993
1.55835,-0.528250754914775
1.558355,-0.528313052261641
1.55836,-0.52837536016785
1.558365,-0.528437678635648
1.55837,-0.528500007667287
1.558375,-0.528562347265027
1.55838,-0.52862469743111
1.558385,-0.528687058167803
1.55839,-0.528749429477349
1.558395,-0.528811811362006
1.5584,-0.528874203824034
1.558405,-0.528936606865685
1.55841,-0.528999020489219
1.558415,-0.529061444696889
1.55842,-0.529123879490957
1.558425,-0.529186324873679
1.55843,-0.529248780847314
1.558435,-0.529311247414119
1.55844,-0.529373724576364
1.558445,-0.5294362123363
1.55845,-0.529498710696193
1.558455,-0.529561219658301
1.55846,-0.529623739224885
1.558465,-0.52968626939822
1.55847,-0.529748810180556
1.558475,-0.529811361574162
1.55848,-0.529873923581304
1.558485,-0.529936496204244
1.55849,-0.529999079445254
1.558495,-0.53006167330659
1.5585,-0.530124277790528
1.558505,-0.530186892899331
1.55851,-0.530249518635269
1.558515,-0.530312155000613
1.55852,-0.530374801997625
1.558525,-0.530437459628581
1.55853,-0.53050012789575
1.558535,-0.530562806801399
1.55854,-0.530625496347803
1.558545,-0.530688196537235
1.55855,-0.530750907371963
1.558555,-0.530813628854268
1.55856,-0.530876360986414
1.558565,-0.530939103770682
1.55857,-0.531001857209347
1.558575,-0.531064621304679
1.55858,-0.53112739605896
1.558585,-0.531190181474462
1.55859,-0.531252977553462
1.558595,-0.531315784298245
1.5586,-0.531378601711078
1.558605,-0.531441429794251
1.55861,-0.531504268550034
1.558615,-0.531567117980712
1.55862,-0.531629978088563
1.558625,-0.53169284887587
1.55863,-0.531755730344915
1.558635,-0.531818622497982
1.55864,-0.531881525337345
1.558645,-0.531944438865299
1.55865,-0.532007363084118
1.558655,-0.532070297996093
1.55866,-0.532133243603507
1.558665,-0.532196199908647
1.55867,-0.532259166913796
1.558675,-0.532322144621241
1.55868,-0.532385133033272
1.558685,-0.532448132152177
1.55869,-0.532511141980244
1.558695,-0.532574162519759
1.5587,-0.532637193773016
1.558705,-0.532700235742302
1.55871,-0.532763288429911
1.558715,-0.532826351838131
1.55872,-0.532889425969255
1.558725,-0.532952510825575
1.55873,-0.533015606409385
1.558735,-0.533078712722982
1.55874,-0.533141829768655
1.558745,-0.533204957548698
1.55875,-0.533268096065412
1.558755,-0.533331245321087
1.55876,-0.533394405318022
1.558765,-0.533457576058516
1.55877,-0.533520757544866
1.558775,-0.533583949779366
1.55878,-0.533647152764319
1.558785,-0.533710366502025
1.55879,-0.533773590994784
1.558795,-0.533836826244891
1.5588,-0.533900072254652
1.558805,-0.533963329026367
1.55881,-0.53402659656234
1.558815,-0.534089874864874
1.55882,-0.534153163936267
1.558825,-0.534216463778828
1.55883,-0.534279774394865
1.558835,-0.534343095786675
1.55884,-0.53440642795657
1.558845,-0.534469770906851
1.55885,-0.534533124639828
1.558855,-0.53459648915781
1.55886,-0.5346598644631
1.558865,-0.534723250558012
1.55887,-0.53478664744485
1.558875,-0.534850055125928
1.55888,-0.534913473603556
1.558885,-0.534976902880042
1.55889,-0.535040342957699
1.558895,-0.535103793838841
1.5589,-0.535167255525775
1.558905,-0.53523072802082
1.55891,-0.535294211326289
1.558915,-0.535357705444492
1.55892,-0.53542121037775
1.558925,-0.535484726128374
1.55893,-0.535548252698682
1.558935,-0.535611790090991
1.55894,-0.535675338307616
1.558945,-0.535738897350879
1.55895,-0.535802467223094
1.558955,-0.535866047926579
1.55896,-0.535929639463661
1.558965,-0.535993241836652
1.55897,-0.53605685504788
1.558975,-0.536120479099659
1.55898,-0.536184113994313
1.558985,-0.536247759734171
1.55899,-0.536311416321547
1.558995,-0.536375083758769
1.559,-0.536438762048162
1.559005,-0.536502451192047
1.55901,-0.536566151192757
1.559015,-0.536629862052608
1.55902,-0.53669358377393
1.559025,-0.536757316359058
1.55903,-0.536821059810308
1.559035,-0.536884814130016
1.55904,-0.536948579320504
1.559045,-0.53701235538411
1.55905,-0.537076142323159
1.559055,-0.53713994013998
1.55906,-0.53720374883691
1.559065,-0.537267568416276
1.55907,-0.537331398880412
1.559075,-0.537395240231651
1.55908,-0.537459092472324
1.559085,-0.537522955604766
1.55909,-0.537586829631319
1.559095,-0.537650714554306
1.5591,-0.537714610376075
1.559105,-0.537778517098952
1.55911,-0.537842434725278
1.559115,-0.537906363257394
1.55912,-0.537970302697635
1.559125,-0.538034253048338
1.55913,-0.538098214311847
1.559135,-0.538162186490496
1.55914,-0.538226169586633
1.559145,-0.538290163602592
1.55915,-0.53835416854072
1.559155,-0.538418184403357
1.55916,-0.538482211192846
1.559165,-0.53854624891153
1.55917,-0.538610297561753
1.559175,-0.538674357145859
1.55918,-0.538738427666198
1.559185,-0.53880250912511
1.55919,-0.538866601524941
1.559195,-0.538930704868047
1.5592,-0.538994819156764
1.559205,-0.53905894439345
1.55921,-0.539123080580442
1.559215,-0.539187227720102
1.55922,-0.539251385814772
1.559225,-0.539315554866807
1.55923,-0.539379734878556
1.559235,-0.539443925852365
1.55924,-0.539508127790596
1.559245,-0.539572340695599
1.55925,-0.539636564569724
1.559255,-0.539700799415328
1.55926,-0.539765045234765
1.559265,-0.539829302030392
1.55927,-0.539893569804562
1.559275,-0.53995784855963
1.55928,-0.540022138297956
1.559285,-0.540086439021899
1.55929,-0.540150750733814
1.559295,-0.540215073436064
1.5593,-0.540279407130999
1.559305,-0.540343751820986
1.55931,-0.540408107508391
1.559315,-0.540472474195565
1.55932,-0.540536851884871
1.559325,-0.540601240578678
1.55933,-0.540665640279341
1.559335,-0.540730050989231
1.55934,-0.540794472710707
1.559345,-0.540858905446132
1.55935,-0.540923349197878
1.559355,-0.540987803968306
1.55936,-0.541052269759783
1.559365,-0.541116746574678
1.55937,-0.541181234415357
1.559375,-0.541245733284189
1.55938,-0.54131024318354
1.559385,-0.541374764115782
1.55939,-0.541439296083287
1.559395,-0.541503839088422
1.5594,-0.54156839313356
1.559405,-0.541632958221072
1.55941,-0.54169753435333
1.559415,-0.541762121532711
1.55942,-0.541826719761581
1.559425,-0.541891329042322
1.55943,-0.541955949377303
1.559435,-0.542020580768901
1.55944,-0.542085223219495
1.559445,-0.542149876731458
1.55945,-0.542214541307168
1.559455,-0.542279216949003
1.55946,-0.542343903659342
1.559465,-0.542408601440561
1.55947,-0.542473310295043
1.559475,-0.542538030225166
1.55948,-0.542602761233316
1.559485,-0.542667503321866
1.55949,-0.542732256493205
1.559495,-0.542797020749709
1.5595,-0.542861796093764
1.559505,-0.542926582527755
1.55951,-0.542991380054068
1.559515,-0.543056188675081
1.55952,-0.54312100839319
1.559525,-0.543185839210769
1.55953,-0.543250681130216
1.559535,-0.543315534153908
1.55954,-0.54338039828424
1.559545,-0.543445273523599
1.55955,-0.543510159874373
1.559555,-0.543575057338952
1.55956,-0.543639965919724
1.559565,-0.543704885619084
1.55957,-0.543769816439425
1.559575,-0.543834758383132
1.55958,-0.543899711452601
1.559585,-0.543964675650228
1.55959,-0.544029650978404
1.559595,-0.544094637439525
1.5596,-0.544159635035985
1.559605,-0.544224643770177
1.55961,-0.544289663644505
1.559615,-0.544354694661357
1.55962,-0.544419736823139
1.559625,-0.544484790132241
1.55963,-0.544549854591067
1.559635,-0.544614930202015
1.55964,-0.544680016967483
1.559645,-0.544745114889873
1.55965,-0.54481022397159
1.559655,-0.544875344215027
1.55966,-0.544940475622593
1.559665,-0.545005618196688
1.55967,-0.545070771939718
1.559675,-0.545135936854084
1.55968,-0.545201112942194
1.559685,-0.54526630020645
1.55969,-0.545331498649262
1.559695,-0.545396708273033
1.5597,-0.545461929080172
1.559705,-0.545527161073083
1.55971,-0.54559240425418
1.559715,-0.545657658625868
1.55972,-0.545722924190558
1.559725,-0.545788200950662
1.55973,-0.545853488908585
1.559735,-0.545918788066744
1.55974,-0.545984098427552
1.559745,-0.546049419993414
1.55975,-0.546114752766747
1.559755,-0.546180096749969
1.55976,-0.54624545194549
1.559765,-0.546310818355726
1.55977,-0.546376195983091
1.559775,-0.546441584830003
1.55978,-0.546506984898881
1.559785,-0.546572396192136
1.55979,-0.546637818712192
1.559795,-0.546703252461464
1.5598,-0.546768697442374
1.559805,-0.546834153657341
1.55981,-0.546899621108783
1.559815,-0.546965099799122
1.55982,-0.547030589730784
1.559825,-0.547096090906187
1.55983,-0.547161603327756
1.559835,-0.547227126997911
1.55984,-0.547292661919079
1.559845,-0.547358208093687
1.55985,-0.547423765524154
1.559855,-0.547489334212913
1.55986,-0.547554914162381
1.559865,-0.547620505374995
1.55987,-0.547686107853182
1.559875,-0.54775172159936
1.55988,-0.547817346615969
1.559885,-0.547882982905433
1.55989,-0.547948630470186
1.559895,-0.548014289312656
1.5599,-0.548079959435273
1.559905,-0.548145640840472
1.55991,-0.548211333530687
1.559915,-0.548277037508348
1.55992,-0.548342752775888
1.559925,-0.548408479335744
1.55993,-0.548474217190349
1.559935,-0.548539966342143
1.55994,-0.548605726793556
1.559945,-0.548671498547027
1.55995,-0.548737281605001
1.559955,-0.548803075969906
1.55996,-0.548868881644183
1.559965,-0.548934698630276
1.55997,-0.549000526930619
1.559975,-0.549066366547658
1.55998,-0.54913221748383
1.559985,-0.54919807974158
1.55999,-0.549263953323348
1.559995,-0.549329838231578
1.56,-0.549395734468712
1.560005,-0.549461642037198
1.56001,-0.549527560939474
1.560015,-0.549593491177998
1.56002,-0.549659432755202
1.560025,-0.549725385673543
1.56003,-0.549791349935461
1.560035,-0.549857325543408
1.56004,-0.549923312499832
1.560045,-0.549989310807183
1.56005,-0.550055320467909
1.560055,-0.550121341484461
1.56006,-0.550187373859289
1.560065,-0.550253417594848
1.56007,-0.550319472693585
1.560075,-0.550385539157958
1.56008,-0.55045161699042
1.560085,-0.550517706193419
1.56009,-0.55058380676942
1.560095,-0.550649918720868
1.5601,-0.550716042050222
1.560105,-0.550782176759947
1.56011,-0.550848322852487
1.560115,-0.550914480330311
1.56012,-0.550980649195869
1.560125,-0.551046829451625
1.56013,-0.551113021100037
1.560135,-0.551179224143564
1.56014,-0.551245438584668
1.560145,-0.551311664425815
1.56015,-0.55137790166946
1.560155,-0.551444150318067
1.56016,-0.551510410374104
1.560165,-0.551576681840031
1.56017,-0.551642964718316
1.560175,-0.551709259011418
1.56018,-0.551775564721809
1.560185,-0.551841881851954
1.56019,-0.551908210404315
1.560195,-0.55197455038137
1.5602,-0.552040901785575
1.560205,-0.55210726461941
1.56021,-0.552173638885338
1.560215,-0.552240024585832
1.56022,-0.552306421723365
1.560225,-0.552372830300399
1.56023,-0.552439250319414
1.560235,-0.552505681782883
1.56024,-0.552572124693277
1.560245,-0.55263857905307
1.56025,-0.552705044864737
1.560255,-0.552771522130751
1.56026,-0.552838010853592
1.560265,-0.552904511035732
1.56027,-0.552971022679653
1.560275,-0.553037545787827
1.56028,-0.553104080362735
1.560285,-0.55317062640686
1.56029,-0.553237183922673
1.560295,-0.553303752912659
1.5603,-0.553370333379302
1.560305,-0.553436925325076
1.56031,-0.553503528752471
1.560315,-0.553570143663961
1.56032,-0.553636770062033
1.560325,-0.553703407949178
1.56033,-0.55377005732787
1.560335,-0.553836718200598
1.56034,-0.55390339056985
1.560345,-0.553970074438108
1.56035,-0.554036769807865
1.560355,-0.554103476681602
1.56036,-0.554170195061806
1.560365,-0.554236924950978
1.56037,-0.554303666351597
1.560375,-0.554370419266158
1.56038,-0.554437183697145
1.560385,-0.554503959647058
1.56039,-0.554570747118382
1.560395,-0.554637546113615
1.5604,-0.554704356635247
1.560405,-0.554771178685775
1.56041,-0.55483801226769
1.560415,-0.554904857383489
1.56042,-0.554971714035666
1.560425,-0.555038582226719
1.56043,-0.555105461959149
1.560435,-0.555172353235445
1.56044,-0.555239256058111
1.560445,-0.555306170429645
1.56045,-0.555373096352546
1.560455,-0.555440033829318
1.56046,-0.555506982862454
1.560465,-0.555573943454459
1.56047,-0.55564091560784
1.560475,-0.555707899325095
1.56048,-0.555774894608728
1.560485,-0.555841901461239
1.56049,-0.55590891988514
1.560495,-0.555975949882935
1.5605,-0.556042991457123
1.560505,-0.556110044610215
1.56051,-0.556177109344721
1.560515,-0.556244185663144
1.56052,-0.556311273567996
1.560525,-0.556378373061782
1.56053,-0.556445484147016
1.560535,-0.556512606826209
1.56054,-0.556579741101864
1.560545,-0.556646886976504
1.56055,-0.556714044452629
1.560555,-0.556781213532759
1.56056,-0.556848394219407
1.560565,-0.556915586515087
1.56057,-0.556982790422311
1.560575,-0.5570500059436
1.56058,-0.557117233081462
1.560585,-0.55718447183842
1.56059,-0.557251722216989
1.560595,-0.557318984219685
1.5606,-0.557386257849033
1.560605,-0.557453543107544
1.56061,-0.557520839997745
1.560615,-0.55758814852215
1.56062,-0.557655468683283
1.560625,-0.557722800483666
1.56063,-0.557790143925819
1.560635,-0.557857499012267
1.56064,-0.557924865745537
1.560645,-0.557992244128148
1.56065,-0.558059634162628
1.560655,-0.558127035851498
1.56066,-0.558194449197288
1.560665,-0.558261874202526
1.56067,-0.558329310869735
1.560675,-0.558396759201448
1.56068,-0.558464219200188
1.560685,-0.55853169086849
1.56069,-0.558599174208881
1.560695,-0.558666669223888
1.5607,-0.55873417591605
1.560705,-0.558801694287894
1.56071,-0.558869224341954
1.560715,-0.558936766080762
1.56072,-0.559004319506852
1.560725,-0.55907188462276
1.56073,-0.55913946143102
1.560735,-0.559207049934167
1.56074,-0.559274650134739
1.560745,-0.559342262035269
1.56075,-0.559409885638299
1.560755,-0.559477520946366
1.56076,-0.55954516796201
1.560765,-0.559612826687767
1.56077,-0.559680497126182
1.560775,-0.559748179279789
1.56078,-0.559815873151139
1.560785,-0.559883578742766
1.56079,-0.559951296057215
1.560795,-0.560019025097029
1.5608,-0.560086765864754
1.560805,-0.560154518362935
1.56081,-0.560222282594113
1.560815,-0.560290058560841
1.56082,-0.560357846265658
1.560825,-0.560425645711114
1.56083,-0.560493456899756
1.560835,-0.560561279834138
1.56084,-0.560629114516805
1.560845,-0.560696960950306
1.56085,-0.560764819137193
1.560855,-0.560832689080011
1.56086,-0.560900570781323
1.560865,-0.560968464243674
1.56087,-0.561036369469619
1.560875,-0.56110428646171
1.56088,-0.561172215222503
1.560885,-0.561240155754553
1.56089,-0.561308108060413
1.560895,-0.561376072142643
1.5609,-0.561444048003797
1.560905,-0.561512035646434
1.56091,-0.561580035073112
1.560915,-0.561648046286391
1.56092,-0.561716069288825
1.560925,-0.561784104082982
1.56093,-0.561852150671416
1.560935,-0.561920209056694
1.56094,-0.561988279241375
1.560945,-0.56205636122802
1.56095,-0.562124455019195
1.560955,-0.562192560617465
1.56096,-0.562260678025392
1.560965,-0.56232880724554
1.56097,-0.562396948280479
1.560975,-0.562465101132775
1.56098,-0.56253326580499
1.560985,-0.562601442299699
1.56099,-0.562669630619468
1.560995,-0.562737830766863
1.561,-0.562806042744458
1.561005,-0.562874266554818
1.56101,-0.562942502200522
1.561015,-0.563010749684137
1.56102,-0.563079009008235
1.561025,-0.563147280175389
1.56103,-0.563215563188176
1.561035,-0.563283858049163
1.56104,-0.563352164760936
1.561045,-0.563420483326061
1.56105,-0.563488813747119
1.561055,-0.563557156026687
1.56106,-0.56362551016734
1.561065,-0.563693876171659
1.56107,-0.563762254042219
1.561075,-0.563830643781603
1.56108,-0.563899045392394
1.561085,-0.563967458877165
1.56109,-0.564035884238503
1.561095,-0.56410432147899
1.5611,-0.564172770601207
1.561105,-0.564241231607739
1.56111,-0.564309704501168
1.561115,-0.564378189284078
1.56112,-0.56444668595906
1.561125,-0.564515194528694
1.56113,-0.564583714995572
1.561135,-0.564652247362277
1.56114,-0.564720791631396
1.561145,-0.564789347805524
1.56115,-0.564857915887245
1.561155,-0.56492649587915
1.56116,-0.564995087783832
1.561165,-0.565063691603879
1.56117,-0.565132307341887
1.561175,-0.565200935000444
1.56118,-0.565269574582144
1.561185,-0.565338226089586
1.56119,-0.565406889525356
1.561195,-0.565475564892056
1.5612,-0.565544252192279
1.561205,-0.565612951428625
1.56121,-0.56568166260369
1.561215,-0.565750385720065
1.56122,-0.565819120780356
1.561225,-0.565887867787163
1.56123,-0.565956626743078
1.561235,-0.56602539765071
1.56124,-0.566094180512656
1.561245,-0.566162975331518
1.56125,-0.566231782109901
1.561255,-0.5663006008504
1.56126,-0.566369431555627
1.561265,-0.566438274228187
1.56127,-0.56650712887068
1.561275,-0.566575995485715
1.56128,-0.566644874075895
1.561285,-0.566713764643829
1.56129,-0.566782667192129
1.561295,-0.566851581723393
1.5613,-0.566920508240242
1.561305,-0.566989446745277
1.56131,-0.567058397241111
1.561315,-0.567127359730357
1.56132,-0.567196334215622
1.561325,-0.567265320699523
1.56133,-0.567334319184674
1.561335,-0.567403329673683
1.56134,-0.567472352169168
1.561345,-0.56754138667374
1.56135,-0.567610433190021
1.561355,-0.567679491720626
1.56136,-0.567748562268167
1.561365,-0.567817644835266
1.56137,-0.567886739424538
1.561375,-0.567955846038603
1.56138,-0.568024964680087
1.561385,-0.568094095351598
1.56139,-0.568163238055765
1.561395,-0.56823239279521
1.5614,-0.568301559572551
1.561405,-0.568370738390418
1.56141,-0.568439929251426
1.561415,-0.568509132158201
1.56142,-0.568578347113373
1.561425,-0.568647574119563
1.56143,-0.568716813179401
1.561435,-0.568786064295508
1.56144,-0.568855327470515
1.561445,-0.568924602707054
1.56145,-0.568993890007745
1.561455,-0.569063189375228
1.56146,-0.569132500812127
1.561465,-0.56920182432107
1.56147,-0.569271159904697
1.561475,-0.569340507565631
1.56148,-0.569409867306513
1.561485,-0.569479239129971
1.56149,-0.569548623038641
1.561495,-0.56961801903516
1.5615,-0.569687427122158
1.561505,-0.569756847302273
1.56151,-0.56982627957815
1.561515,-0.569895723952415
1.56152,-0.569965180427711
1.561525,-0.57003464900668
1.56153,-0.570104129691956
1.561535,-0.570173622486186
1.56154,-0.570243127392001
1.561545,-0.570312644412051
1.56155,-0.570382173548975
1.561555,-0.570451714805412
1.56156,-0.570521268184017
1.561565,-0.570590833687422
1.56157,-0.570660411318277
1.561575,-0.57073000107923
1.56158,-0.570799602972923
1.561585,-0.570869217002003
1.56159,-0.570938843169122
1.561595,-0.571008481476921
1.5616,-0.571078131928056
1.561605,-0.571147794525173
1.56161,-0.571217469270922
1.561615,-0.571287156167956
1.56162,-0.571356855218924
1.561625,-0.571426566426482
1.56163,-0.571496289793277
1.561635,-0.571566025321967
1.56164,-0.571635773015207
1.561645,-0.571705532875645
1.56165,-0.571775304905944
1.561655,-0.571845089108762
1.56166,-0.571914885486747
1.561665,-0.571984694042566
1.56167,-0.572054514778868
1.561675,-0.572124347698321
1.56168,-0.572194192803579
1.561685,-0.572264050097302
1.56169,-0.572333919582155
1.561695,-0.572403801260794
1.5617,-0.572473695135886
1.561705,-0.572543601210098
1.56171,-0.572613519486079
1.561715,-0.572683449966509
1.56172,-0.572753392654045
1.561725,-0.572823347551352
1.56173,-0.572893314661103
1.561735,-0.572963293985957
1.56174,-0.573033285528586
1.561745,-0.573103289291661
1.56175,-0.573173305277846
1.561755,-0.573243333489812
1.56176,-0.573313373930229
1.561765,-0.573383426601768
1.56177,-0.573453491507105
1.561775,-0.573523568648909
1.56178,-0.573593658029851
1.561785,-0.573663759652608
1.56179,-0.573733873519854
1.561795,-0.573803999634267
1.5618,-0.573874137998516
1.561805,-0.573944288615281
1.56181,-0.574014451487243
1.561815,-0.574084626617071
1.56182,-0.574154814007453
1.561825,-0.574225013661063
1.56183,-0.574295225580579
1.561835,-0.574365449768688
1.56184,-0.574435686228065
1.561845,-0.574505934961396
1.56185,-0.574576195971362
1.561855,-0.574646469260647
1.56186,-0.574716754831935
1.561865,-0.574787052687909
1.56187,-0.574857362831253
1.561875,-0.574927685264659
1.56188,-0.574998019990809
1.561885,-0.575068367012393
1.56189,-0.575138726332092
1.561895,-0.575209097952604
1.5619,-0.575279481876616
1.561905,-0.575349878106816
1.56191,-0.575420286645895
1.561915,-0.575490707496545
1.56192,-0.575561140661456
1.561925,-0.575631586143328
1.56193,-0.575702043944844
1.561935,-0.575772514068705
1.56194,-0.575842996517609
1.561945,-0.575913491294238
1.56195,-0.575983998401303
1.561955,-0.576054517841496
1.56196,-0.576125049617514
1.561965,-0.576195593732052
1.56197,-0.576266150187814
1.561975,-0.576336718987494
1.56198,-0.576407300133801
1.561985,-0.576477893629427
1.56199,-0.576548499477082
1.561995,-0.576619117679458
1.562,-0.576689748239267
1.562005,-0.576760391159211
1.56201,-0.576831046441992
1.562015,-0.576901714090315
1.56202,-0.576972394106891
1.562025,-0.57704308649442
1.56203,-0.577113791255613
1.562035,-0.577184508393174
1.56204,-0.577255237909815
1.562045,-0.577325979808247
1.56205,-0.577396734091175
1.562055,-0.577467500761315
1.56206,-0.577538279821373
1.562065,-0.577609071274062
1.56207,-0.577679875122101
1.562075,-0.577750691368192
1.56208,-0.577821520015057
1.562085,-0.577892361065412
1.56209,-0.577963214521967
1.562095,-0.578034080387442
1.5621,-0.57810495866455
1.562105,-0.578175849356012
1.56211,-0.578246752464547
1.562115,-0.578317667992868
1.56212,-0.578388595943703
1.562125,-0.578459536319764
1.56213,-0.578530489123775
1.562135,-0.578601454358464
1.56214,-0.578672432026544
1.562145,-0.578743422130736
1.56215,-0.57881442467378
1.562155,-0.578885439658382
1.56216,-0.578956467087279
1.562165,-0.57902750696319
1.56217,-0.579098559288843
1.562175,-0.579169624066968
1.56218,-0.579240701300288
1.562185,-0.579311790991539
1.56219,-0.579382893143443
1.562195,-0.579454007758732
1.5622,-0.579525134840139
1.562205,-0.579596274390389
1.56221,-0.579667426412223
1.562215,-0.579738590908369
1.56222,-0.579809767881559
1.562225,-0.579880957334529
1.56223,-0.579952159270012
1.562235,-0.580023373690747
1.56224,-0.580094600599467
1.562245,-0.580165839998907
1.56225,-0.580237091891811
1.562255,-0.580308356280911
1.56226,-0.580379633168951
1.562265,-0.580450922558667
1.56227,-0.580522224452798
1.562275,-0.58059353885409
1.56228,-0.580664865765281
1.562285,-0.580736205189114
1.56229,-0.580807557128335
1.562295,-0.580878921585683
1.5623,-0.580950298563904
1.562305,-0.581021688065746
1.56231,-0.581093090093952
1.562315,-0.581164504651269
1.56232,-0.581235931740446
1.562325,-0.581307371364228
1.56233,-0.581378823525368
1.562335,-0.581450288226609
1.56234,-0.581521765470707
1.562345,-0.581593255260411
1.56235,-0.581664757598471
1.562355,-0.581736272487639
1.56236,-0.581807799930671
1.562365,-0.581879339930315
1.56237,-0.581950892489334
1.562375,-0.582022457610476
1.56238,-0.582094035296498
1.562385,-0.582165625550156
1.56239,-0.582237228374206
1.562395,-0.582308843771412
1.5624,-0.582380471744522
1.562405,-0.582452112296303
1.56241,-0.582523765429517
1.562415,-0.582595431146917
1.56242,-0.58266710945127
1.562425,-0.582738800345333
1.56243,-0.582810503831872
1.562435,-0.582882219913653
1.56244,-0.582953948593431
1.562445,-0.583025689873983
1.56245,-0.583097443758062
1.562455,-0.583169210248441
1.56246,-0.583240989347888
1.562465,-0.583312781059167
1.56247,-0.58338458538505
1.562475,-0.5834564023283
1.56248,-0.583528231891691
1.562485,-0.583600074077994
1.56249,-0.583671928889977
1.562495,-0.583743796330415
1.5625,-0.583815676402081
1.562505,-0.583887569107743
1.56251,-0.583959474450181
1.562515,-0.584031392432164
1.56252,-0.58410332305647
1.562525,-0.584175266325879
1.56253,-0.584247222243158
1.562535,-0.584319190811092
1.56254,-0.58439117203246
1.562545,-0.584463165910033
1.56255,-0.584535172446601
1.562555,-0.584607191644936
1.56256,-0.584679223507822
1.562565,-0.58475126803804
1.56257,-0.584823325238373
1.562575,-0.584895395111603
1.56258,-0.584967477660517
1.562585,-0.585039572887891
1.56259,-0.585111680796523
1.562595,-0.585183801389188
1.5626,-0.585255934668677
1.562605,-0.585328080637779
1.56261,-0.585400239299278
1.562615,-0.585472410655967
1.56262,-0.585544594710631
1.562625,-0.585616791466062
1.56263,-0.585689000925053
1.562635,-0.585761223090392
1.56264,-0.585833457964873
1.562645,-0.585905705551289
1.56265,-0.585977965852431
1.562655,-0.586050238871102
1.56266,-0.586122524610085
1.562665,-0.586194823072183
1.56267,-0.586267134260193
1.562675,-0.586339458176909
1.56268,-0.586411794825133
1.562685,-0.586484144207657
1.56269,-0.586556506327286
1.562695,-0.586628881186818
1.5627,-0.586701268789056
1.562705,-0.586773669136799
1.56271,-0.586846082232851
1.562715,-0.586918508080012
1.56272,-0.586990946681091
1.562725,-0.587063398038885
1.56273,-0.587135862156203
1.562735,-0.587208339035853
1.56274,-0.587280828680636
1.562745,-0.587353331093366
1.56275,-0.587425846276844
1.562755,-0.587498374233884
1.56276,-0.587570914967292
1.562765,-0.58764346847988
1.56277,-0.587716034774456
1.562775,-0.587788613853836
1.56278,-0.587861205720826
1.562785,-0.587933810378251
1.56279,-0.588006427828907
1.562795,-0.588079058075619
1.5628,-0.588151701121207
1.562805,-0.588224356968474
1.56281,-0.588297025620244
1.562815,-0.588369707079333
1.56282,-0.588442401348558
1.562825,-0.588515108430741
1.56283,-0.588587828328696
1.562835,-0.588660561045247
1.56284,-0.588733306583215
1.562845,-0.58880606494542
1.56285,-0.588878836134684
1.562855,-0.588951620153829
1.56286,-0.589024417005679
1.562865,-0.589097226693062
1.56287,-0.5891700492188
1.562875,-0.58924288458572
1.56288,-0.589315732796646
1.562885,-0.589388593854405
1.56289,-0.589461467761831
1.562895,-0.589534354521746
1.5629,-0.589607254136981
1.562905,-0.58968016661037
1.56291,-0.589753091944737
1.562915,-0.589826030142923
1.56292,-0.589898981207752
1.562925,-0.589971945142057
1.56293,-0.590044921948677
1.562935,-0.590117911630443
1.56294,-0.590190914190192
1.562945,-0.590263929630759
1.56295,-0.59033695795498
1.562955,-0.590409999165691
1.56296,-0.590483053265733
1.562965,-0.590556120257942
1.56297,-0.590629200145166
1.562975,-0.59070229293023
1.56298,-0.590775398615989
1.562985,-0.590848517205274
1.56299,-0.590921648700932
1.562995,-0.590994793105811
1.563,-0.591067950422746
1.563005,-0.591141120654591
1.56301,-0.591214303804181
1.563015,-0.591287499874366
1.56302,-0.591360708867998
1.563025,-0.591433930787916
1.56303,-0.591507165636973
1.563035,-0.591580413418019
1.56304,-0.591653674133899
1.563045,-0.591726947787468
1.56305,-0.591800234381573
1.563055,-0.591873533919069
1.56306,-0.59194684640281
1.563065,-0.592020171835641
1.56307,-0.592093510220427
1.563075,-0.592166861560013
1.56308,-0.592240225857258
1.563085,-0.592313603115025
1.56309,-0.592386993336159
1.563095,-0.592460396523524
1.5631,-0.592533812679979
1.563105,-0.592607241808381
1.56311,-0.59268068391159
1.563115,-0.592754138992467
1.56312,-0.592827607053873
1.563125,-0.592901088098671
1.56313,-0.59297458212972
1.563135,-0.593048089149891
1.56314,-0.593121609162037
1.563145,-0.593195142169032
1.56315,-0.593268688173743
1.563155,-0.593342247179026
1.56316,-0.593415819187757
1.563165,-0.593489404202798
1.56317,-0.593563002227024
1.563175,-0.5936366132633
1.56318,-0.593710237314494
1.563185,-0.593783874383481
1.56319,-0.59385752447313
1.563195,-0.593931187586316
1.5632,-0.594004863725911
1.563205,-0.594078552894783
1.56321,-0.594152255095812
1.563215,-0.594225970331876
1.56322,-0.594299698605843
1.563225,-0.594373439920592
1.56323,-0.594447194279004
1.563235,-0.594520961683955
1.56324,-0.594594742138322
1.563245,-0.594668535644988
1.56325,-0.594742342206828
1.563255,-0.594816161826729
1.56326,-0.594889994507566
1.563265,-0.59496384025223
1.56327,-0.595037699063596
1.563275,-0.595111570944552
1.56328,-0.595185455897982
1.563285,-0.595259353926769
1.56329,-0.595333265033803
1.563295,-0.595407189221973
1.5633,-0.595481126494156
1.563305,-0.595555076853252
1.56331,-0.595629040302141
1.563315,-0.595703016843718
1.56332,-0.595777006480875
1.563325,-0.595851009216496
1.56333,-0.595925025053483
1.563335,-0.59599905399472
1.56334,-0.596073096043102
1.563345,-0.596147151201528
1.56335,-0.596221219472889
1.563355,-0.59629530086008
1.56336,-0.596369395365999
1.563365,-0.596443502993541
1.56337,-0.59651762374561
1.563375,-0.596591757625098
1.56338,-0.596665904634905
1.563385,-0.596740064777936
1.56339,-0.596814238057089
1.563395,-0.596888424475265
1.5634,-0.596962624035362
1.563405,-0.597036836740292
1.56341,-0.597111062592955
1.563415,-0.597185301596253
1.56342,-0.597259553753092
1.563425,-0.597333819066381
1.56343,-0.597408097539025
1.563435,-0.597482389173932
1.56344,-0.597556693974008
1.563445,-0.597631011942164
1.56345,-0.59770534308131
1.563455,-0.597779687394355
1.56346,-0.59785404488421
1.563465,-0.597928415553789
1.56347,-0.598002799406004
1.563475,-0.598077196443768
1.56348,-0.598151606669993
1.563485,-0.598226030087598
1.56349,-0.598300466699495
1.563495,-0.598374916508603
1.5635,-0.598449379517838
1.563505,-0.598523855730118
1.56351,-0.598598345148361
1.563515,-0.59867284777549
1.56352,-0.598747363614417
1.563525,-0.598821892668067
1.56353,-0.598896434939368
1.563535,-0.598970990431236
1.56354,-0.599045559146594
1.563545,-0.599120141088366
1.56355,-0.599194736259476
1.563555,-0.599269344662854
1.56356,-0.59934396630142
1.563565,-0.599418601178105
1.56357,-0.599493249295833
1.563575,-0.599567910657534
1.56358,-0.599642585266142
1.563585,-0.599717273124578
1.56359,-0.599791974235775
1.563595,-0.599866688602671
1.5636,-0.59994141622819
1.563605,-0.600016157115269
1.56361,-0.600090911266839
1.563615,-0.600165678685836
1.56362,-0.600240459375198
1.563625,-0.600315253337851
1.56363,-0.600390060576743
1.563635,-0.600464881094802
1.56364,-0.600539714894973
1.563645,-0.600614561980192
1.56365,-0.600689422353396
1.563655,-0.600764296017528
1.56366,-0.600839182975534
1.563665,-0.600914083230343
1.56367,-0.600988996784912
1.563675,-0.601063923642173
1.56368,-0.601138863805072
1.563685,-0.60121381727656
1.56369,-0.60128878405958
1.563695,-0.601363764157073
1.5637,-0.601438757571993
1.563705,-0.60151376430728
1.56371,-0.601588784365893
1.563715,-0.601663817750769
1.56372,-0.601738864464866
1.563725,-0.601813924511137
1.56373,-0.601888997892526
1.563735,-0.601964084611992
1.56374,-0.60203918467248
1.563745,-0.602114298076953
1.56375,-0.602189424828361
1.563755,-0.602264564929656
1.56376,-0.602339718383804
1.563765,-0.60241488519375
1.56377,-0.602490065362458
1.563775,-0.602565258892889
1.56378,-0.602640465787993
1.563785,-0.602715686050737
1.56379,-0.602790919684084
1.563795,-0.602866166690985
1.5638,-0.602941427074414
1.563805,-0.603016700837324
1.56381,-0.60309198798268
1.563815,-0.603167288513456
1.56382,-0.603242602432606
1.563825,-0.603317929743101
1.56383,-0.603393270447905
1.563835,-0.603468624549988
1.56384,-0.603543992052316
1.563845,-0.603619372957861
1.56385,-0.603694767269587
1.563855,-0.603770174990472
1.56386,-0.60384559612348
1.563865,-0.603921030671589
1.56387,-0.603996478637767
1.563875,-0.604071940024989
1.56388,-0.60414741483623
1.563885,-0.604222903074463
1.56389,-0.604298404742667
1.563895,-0.604373919843815
1.5639,-0.604449448380886
1.563905,-0.60452499035686
1.56391,-0.60460054577471
1.563915,-0.60467611463742
1.56392,-0.604751696947972
1.563925,-0.60482729270934
1.56393,-0.604902901924515
1.563935,-0.604978524596471
1.56394,-0.605054160728194
1.563945,-0.605129810322676
1.56395,-0.605205473382887
1.563955,-0.605281149911823
1.56396,-0.605356839912467
1.563965,-0.605432543387807
1.56397,-0.605508260340836
1.563975,-0.60558399077453
1.56398,-0.605659734691889
1.563985,-0.605735492095903
1.56399,-0.605811262989556
1.563995,-0.605887047375847
1.564,-0.605962845257761
1.564005,-0.606038656638298
1.56401,-0.606114481520451
1.564015,-0.60619031990721
1.56402,-0.606266171801578
1.564025,-0.606342037206543
1.56403,-0.606417916125104
1.564035,-0.606493808560267
1.56404,-0.60656971451502
1.564045,-0.606645633992367
1.56405,-0.606721566995311
1.564055,-0.606797513526844
1.56406,-0.606873473589982
1.564065,-0.606949447187712
1.56407,-0.607025434323044
1.564075,-0.607101434998986
1.56408,-0.607177449218535
1.564085,-0.607253476984704
1.56409,-0.607329518300491
1.564095,-0.607405573168908
1.5641,-0.607481641592964
1.564105,-0.607557723575664
1.56411,-0.607633819120018
1.564115,-0.607709928229043
1.56412,-0.607786050905738
1.564125,-0.607862187153122
1.56413,-0.607938336974208
1.564135,-0.608014500372006
1.56414,-0.608090677349532
1.564145,-0.608166867909797
1.56415,-0.60824307205582
1.564155,-0.608319289790616
1.56416,-0.608395521117204
1.564165,-0.608471766038602
1.56417,-0.608548024557822
1.564175,-0.608624296677891
1.56418,-0.608700582401828
1.564185,-0.608776881732647
1.56419,-0.608853194673382
1.564195,-0.60892952122704
1.5642,-0.609005861396655
1.564205,-0.60908221518525
1.56421,-0.609158582595847
1.564215,-0.60923496363147
1.56422,-0.609311358295152
1.564225,-0.609387766589914
1.56423,-0.609464188518787
1.564235,-0.609540624084796
1.56424,-0.609617073290973
1.564245,-0.60969353614035
1.56425,-0.609770012635951
1.564255,-0.609846502780817
1.56426,-0.609923006577974
1.564265,-0.609999524030453
1.56427,-0.610076055141295
1.564275,-0.610152599913534
1.56428,-0.610229158350198
1.564285,-0.610305730454336
1.56429,-0.610382316228973
1.564295,-0.610458915677154
1.5643,-0.610535528801912
1.564305,-0.610612155606289
1.56431,-0.610688796093332
1.564315,-0.61076545026607
1.56432,-0.610842118127554
1.564325,-0.610918799680821
1.56433,-0.610995494928916
1.564335,-0.611072203874889
1.56434,-0.611148926521774
1.564345,-0.611225662872622
1.56435,-0.611302412930484
1.564355,-0.611379176698399
1.56436,-0.611455954179422
1.564365,-0.611532745376598
1.56437,-0.611609550292974
1.564375,-0.611686368931607
1.56438,-0.611763201295541
1.564385,-0.611840047387836
1.56439,-0.611916907211538
1.564395,-0.611993780769701
1.5644,-0.612070668065384
1.564405,-0.612147569101637
1.56441,-0.612224483881516
1.564415,-0.612301412408084
1.56442,-0.612378354684388
1.564425,-0.612455310713495
1.56443,-0.612532280498458
1.564435,-0.612609264042342
1.56444,-0.612686261348204
1.564445,-0.612763272419107
1.56445,-0.612840297258113
1.564455,-0.612917335868278
1.56446,-0.612994388252676
1.564465,-0.613071454414367
1.56447,-0.613148534356416
1.564475,-0.613225628081886
1.56448,-0.613302735593852
1.564485,-0.613379856895373
1.56449,-0.613456991989521
1.564495,-0.613534140879366
1.5645,-0.613611303567973
1.564505,-0.613688480058421
1.56451,-0.613765670353775
1.564515,-0.613842874457109
1.56452,-0.613920092371496
1.564525,-0.613997324100005
1.56453,-0.614074569645725
1.564535,-0.614151829011715
1.56454,-0.614229102201058
1.564545,-0.614306389216835
1.56455,-0.614383690062116
1.564555,-0.614461004739986
1.56456,-0.614538333253517
1.564565,-0.614615675605795
1.56457,-0.614693031799904
1.564575,-0.614770401838916
1.56458,-0.614847785725922
1.564585,-0.614925183464
1.56459,-0.615002595056236
1.564595,-0.615080020505717
1.5646,-0.615157459815522
1.564605,-0.615234912988743
1.56461,-0.61531238002847
1.564615,-0.615389860937782
1.56462,-0.615467355719776
1.564625,-0.615544864377537
1.56463,-0.615622386914155
1.564635,-0.615699923332726
1.56464,-0.615777473636337
1.564645,-0.615855037828084
1.56465,-0.615932615911055
1.564655,-0.616010207888351
1.56466,-0.616087813763067
1.564665,-0.616165433538293
1.56467,-0.616243067217128
1.564675,-0.616320714802673
1.56468,-0.616398376298023
1.564685,-0.616476051706279
1.56469,-0.616553741030535
1.564695,-0.616631444273901
1.5647,-0.616709161439475
1.564705,-0.616786892530354
1.56471,-0.616864637549647
1.564715,-0.616942396500454
1.56472,-0.617020169385883
1.564725,-0.617097956209038
1.56473,-0.617175756973023
1.564735,-0.617253571680948
1.56474,-0.617331400335924
1.564745,-0.61740924294105
1.56475,-0.617487099499444
1.564755,-0.617564970014211
1.56476,-0.617642854488464
1.564765,-0.617720752925315
1.56477,-0.617798665327878
1.564775,-0.617876591699264
1.56478,-0.617954532042587
1.564785,-0.618032486360963
1.56479,-0.618110454657508
1.564795,-0.618188436935338
1.5648,-0.61826643319757
1.564805,-0.618344443447326
1.56481,-0.618422467687717
1.564815,-0.618500505921871
1.56482,-0.618578558152903
1.564825,-0.618656624383936
1.56483,-0.618734704618096
1.564835,-0.618812798858497
1.56484,-0.618890907108273
1.564845,-0.618969029370538
1.56485,-0.619047165648426
1.564855,-0.619125315945059
1.56486,-0.619203480263566
1.564865,-0.619281658607074
1.56487,-0.619359850978713
1.564875,-0.619438057381608
1.56488,-0.619516277818894
1.564885,-0.619594512293697
1.56489,-0.619672760809149
1.564895,-0.619751023368391
1.5649,-0.619829299974548
1.564905,-0.619907590630755
1.56491,-0.619985895340154
1.564915,-0.620064214105868
1.56492,-0.620142546931047
1.564925,-0.620220893818816
1.56493,-0.620299254772322
1.564935,-0.620377629794704
1.56494,-0.620456018889097
1.564945,-0.620534422058645
1.56495,-0.620612839306486
1.564955,-0.620691270635765
1.56496,-0.620769716049624
1.564965,-0.620848175551206
1.56497,-0.620926649143657
1.564975,-0.621005136830123
1.56498,-0.621083638613749
1.564985,-0.621162154497684
1.56499,-0.621240684485071
1.564995,-0.62131922857906
1.565,-0.621397786782807
1.565005,-0.621476359099454
1.56501,-0.621554945532159
1.565015,-0.621633546084067
1.56502,-0.621712160758332
1.565025,-0.621790789558113
1.56503,-0.621869432486561
1.565035,-0.621948089546826
1.56504,-0.622026760742074
1.565045,-0.622105446075452
1.56505,-0.622184145550128
1.565055,-0.622262859169248
1.56506,-0.622341586935979
1.565065,-0.622420328853481
1.56507,-0.62249908492491
1.565075,-0.622577855153433
1.56508,-0.622656639542207
1.565085,-0.622735438094399
1.56509,-0.622814250813176
1.565095,-0.622893077701693
1.5651,-0.622971918763124
1.565105,-0.623050774000636
1.56511,-0.623129643417389
1.565115,-0.623208527016556
1.56512,-0.623287424801303
1.565125,-0.623366336774803
1.56513,-0.623445262940226
1.565135,-0.62352420330074
1.56514,-0.623603157859523
1.565145,-0.623682126619741
1.56515,-0.623761109584573
1.565155,-0.623840106757192
1.56516,-0.62391911814077
1.565165,-0.623998143738489
1.56517,-0.624077183553521
1.565175,-0.624156237589049
1.56518,-0.624235305848246
1.565185,-0.624314388334296
1.56519,-0.624393485050372
1.565195,-0.624472595999666
1.5652,-0.624551721185352
1.565205,-0.624630860610615
1.56521,-0.624710014278635
1.565215,-0.624789182192602
1.56522,-0.624868364355699
1.565225,-0.624947560771112
1.56523,-0.625026771442025
1.565235,-0.62510599637163
1.56524,-0.625185235563113
1.565245,-0.625264489019666
1.56525,-0.625343756744471
1.565255,-0.625423038740727
1.56526,-0.625502335011624
1.565265,-0.625581645560354
1.56527,-0.625660970390107
1.565275,-0.625740309504083
1.56528,-0.625819662905472
1.565285,-0.625899030597472
1.56529,-0.625978412583279
1.565295,-0.626057808866088
1.5653,-0.626137219449106
1.565305,-0.62621664433552
1.56531,-0.626296083528541
1.565315,-0.626375537031359
1.56532,-0.626455004847183
1.565325,-0.626534486979212
1.56533,-0.626613983430652
1.565335,-0.626693494204706
1.56534,-0.626773019304576
1.565345,-0.626852558733471
1.56535,-0.626932112494595
1.565355,-0.627011680591156
1.56536,-0.627091263026361
1.565365,-0.627170859803424
1.56537,-0.627250470925548
1.565375,-0.627330096395948
1.56538,-0.627409736217831
1.565385,-0.627489390394413
1.56539,-0.627569058928908
1.565395,-0.627648741824525
1.5654,-0.627728439084487
1.565405,-0.627808150711998
1.56541,-0.627887876710279
1.565415,-0.627967617082553
1.56542,-0.628047371832031
1.565425,-0.628127140961933
1.56543,-0.628206924475484
1.565435,-0.628286722375896
1.56544,-0.628366534666397
1.565445,-0.628446361350203
1.56545,-0.62852620243054
1.565455,-0.628606057910637
1.56546,-0.628685927793708
1.565465,-0.628765812082987
1.56547,-0.628845710781695
1.565475,-0.628925623893063
1.56548,-0.629005551420317
1.565485,-0.629085493366681
1.56549,-0.629165449735393
1.565495,-0.629245420529681
1.5655,-0.629325405752774
1.565505,-0.629405405407905
1.56551,-0.629485419498304
1.565515,-0.629565448027207
1.56552,-0.629645490997856
1.565525,-0.629725548413469
1.56553,-0.629805620277298
1.565535,-0.629885706592572
1.56554,-0.629965807362529
1.565545,-0.630045922590414
1.56555,-0.630126052279462
1.565555,-0.630206196432909
1.56556,-0.630286355054003
1.565565,-0.630366528145982
1.56557,-0.630446715712096
1.565575,-0.630526917755575
1.56558,-0.630607134279675
1.565585,-0.630687365287636
1.56559,-0.630767610782704
1.565595,-0.630847870768135
1.5656,-0.630928145247162
1.565605,-0.631008434223042
1.56561,-0.631088737699028
1.565615,-0.631169055678361
1.56562,-0.631249388164299
1.565625,-0.631329735160092
1.56563,-0.631410096668991
1.565635,-0.631490472694256
1.56564,-0.631570863239131
1.565645,-0.63165126830688
1.56565,-0.631731687900756
1.565655,-0.631812122024015
1.56566,-0.631892570679915
1.565665,-0.631973033871719
1.56567,-0.632053511602681
1.565675,-0.632134003876063
1.56568,-0.632214510695127
1.565685,-0.632295032063132
1.56569,-0.632375567983348
1.565695,-0.632456118459032
1.5657,-0.632536683493451
1.565705,-0.632617263089866
1.56571,-0.63269785725155
1.565715,-0.632778465981767
1.56572,-0.632859089283785
1.565725,-0.632939727160868
1.56573,-0.633020379616296
1.565735,-0.633101046653329
1.56574,-0.633181728275246
1.565745,-0.633262424485312
1.56575,-0.633343135286805
1.565755,-0.633423860683
1.56576,-0.633504600677164
1.565765,-0.633585355272581
1.56577,-0.633666124472522
1.565775,-0.633746908280264
1.56578,-0.633827706699089
1.565785,-0.63390851973227
1.56579,-0.633989347383091
1.565795,-0.634070189654833
1.5658,-0.634151046550772
1.565805,-0.634231918074197
1.56581,-0.634312804228385
1.565815,-0.634393705016624
1.56582,-0.634474620442196
1.565825,-0.634555550508386
1.56583,-0.634636495218485
1.565835,-0.634717454575777
1.56584,-0.634798428583547
1.565845,-0.634879417245091
1.56585,-0.634960420563692
1.565855,-0.635041438542641
1.56586,-0.635122471185237
1.565865,-0.635203518494763
1.56587,-0.635284580474519
1.565875,-0.635365657127794
1.56588,-0.635446748457883
1.565885,-0.635527854468089
1.56589,-0.635608975161699
1.565895,-0.635690110542017
1.5659,-0.635771260612333
1.565905,-0.635852425375952
1.56591,-0.635933604836179
1.565915,-0.636014798996305
1.56592,-0.636096007859633
1.565925,-0.636177231429474
1.56593,-0.636258469709121
1.565935,-0.636339722701884
1.56594,-0.636420990411065
1.565945,-0.636502272839973
1.56595,-0.636583569991912
1.565955,-0.636664881870189
1.56596,-0.636746208478115
1.565965,-0.636827549818998
1.56597,-0.636908905896146
1.565975,-0.636990276712874
1.56598,-0.637071662272489
1.565985,-0.637153062578306
1.56599,-0.637234477633642
1.565995,-0.637315907441803
1.566,-0.637397352006115
1.566005,-0.637478811329883
1.56601,-0.63756028541643
1.566015,-0.637641774269077
1.56602,-0.637723277891133
1.566025,-0.637804796285925
1.56603,-0.637886329456767
1.566035,-0.637967877406987
1.56604,-0.638049440139905
1.566045,-0.638131017658839
1.56605,-0.638212609967119
1.566055,-0.638294217068067
1.56606,-0.638375838965006
1.566065,-0.638457475661269
1.56607,-0.638539127160175
1.566075,-0.638620793465055
1.56608,-0.638702474579242
1.566085,-0.63878417050606
1.56609,-0.638865881248843
1.566095,-0.638947606810917
1.5661,-0.63902934719562
1.566105,-0.639111102406285
1.56611,-0.63919287244624
1.566115,-0.639274657318828
1.56612,-0.639356457027381
1.566125,-0.639438271575232
1.56613,-0.639520100965727
1.566135,-0.639601945202193
1.56614,-0.639683804287975
1.566145,-0.639765678226416
1.56615,-0.63984756702085
1.566155,-0.639929470674627
1.56616,-0.640011389191079
1.566165,-0.640093322573558
1.56617,-0.640175270825404
1.566175,-0.640257233949965
1.56618,-0.640339211950582
1.566185,-0.640421204830612
1.56619,-0.640503212593389
1.566195,-0.640585235242274
1.5662,-0.640667272780604
1.566205,-0.640749325211738
1.56621,-0.640831392539028
1.566215,-0.640913474765822
1.56622,-0.640995571895473
1.566225,-0.641077683931336
1.56623,-0.641159810876764
1.566235,-0.641241952735117
1.56624,-0.641324109509743
1.566245,-0.641406281204005
1.56625,-0.641488467821262
1.566255,-0.64157066936487
1.56626,-0.64165288583819
1.566265,-0.641735117244582
1.56627,-0.641817363587406
1.566275,-0.641899624870029
1.56628,-0.641981901095807
1.566285,-0.642064192268111
1.56629,-0.642146498390301
1.566295,-0.642228819465747
1.5663,-0.642311155497811
1.566305,-0.642393506489865
1.56631,-0.642475872445271
1.566315,-0.642558253367412
1.56632,-0.642640649259641
1.566325,-0.64272306012534
1.56633,-0.642805485967873
1.566335,-0.642887926790622
1.56634,-0.642970382596955
1.566345,-0.643052853390246
1.56635,-0.643135339173874
1.566355,-0.64321783995121
1.56636,-0.643300355725632
1.566365,-0.643382886500524
1.56637,-0.643465432279256
1.566375,-0.643547993065213
1.56638,-0.643630568861779
1.566385,-0.643713159672325
1.56639,-0.643795765500246
1.566395,-0.643878386348911
1.5664,-0.643961022221714
1.566405,-0.644043673122042
1.56641,-0.644126339053267
1.566415,-0.64420902001879
1.56642,-0.644291716021995
1.566425,-0.644374427066262
1.56643,-0.644457153154994
1.566435,-0.64453989429157
1.56644,-0.644622650479381
1.566445,-0.644705421721829
1.56645,-0.644788208022295
1.566455,-0.644871009384184
1.56646,-0.644953825810877
1.566465,-0.645036657305778
1.56647,-0.645119503872285
1.566475,-0.645202365513789
1.56648,-0.64528524223369
1.566485,-0.645368134035391
1.56649,-0.645451040922285
1.566495,-0.645533962897778
1.5665,-0.645616899965269
1.566505,-0.645699852128157
1.56651,-0.645782819389852
1.566515,-0.645865801753752
1.56652,-0.64594879922327
1.566525,-0.646031811801801
1.56653,-0.646114839492759
1.566535,-0.646197882299549
1.56654,-0.646280940225581
1.566545,-0.646364013274263
1.56655,-0.646447101449005
1.566555,-0.646530204753222
1.56656,-0.64661332319032
1.566565,-0.646696456763714
1.56657,-0.64677960547682
1.566575,-0.64686276933305
1.56658,-0.646945948335819
1.566585,-0.647029142488546
1.56659,-0.647112351794647
1.566595,-0.647195576257538
1.5666,-0.647278815880645
1.566605,-0.647362070667375
1.56661,-0.647445340621159
1.566615,-0.647528625745419
1.56662,-0.647611926043571
1.566625,-0.647695241519047
1.56663,-0.647778572175261
1.566635,-0.647861918015643
1.56664,-0.647945279043623
1.566645,-0.648028655262623
1.56665,-0.648112046676073
1.566655,-0.648195453287397
1.56666,-0.648278875100031
1.566665,-0.648362312117402
1.56667,-0.64844576434294
1.566675,-0.648529231780078
1.56668,-0.648612714432257
1.566685,-0.6486962123029
1.56669,-0.648779725395447
1.566695,-0.648863253713331
1.5667,-0.648946797259991
1.566705,-0.649030356038865
1.56671,-0.649113930053388
1.566715,-0.649197519307003
1.56672,-0.649281123803147
1.566725,-0.649364743545262
1.56673,-0.649448378536793
1.566735,-0.649532028781179
1.56674,-0.649615694281861
1.566745,-0.649699375042295
1.56675,-0.649783071065911
1.566755,-0.649866782356171
1.56676,-0.649950508916511
1.566765,-0.65003425075038
1.56677,-0.650118007861236
1.566775,-0.650201780252516
1.56678,-0.650285567927682
1.566785,-0.650369370890181
1.56679,-0.650453189143461
1.566795,-0.650537022690984
1.5668,-0.650620871536199
1.566805,-0.65070473568256
1.56681,-0.650788615133531
1.566815,-0.650872509892562
1.56682,-0.650956419963112
1.566825,-0.651040345348636
1.56683,-0.651124286052601
1.566835,-0.651208242078469
1.56684,-0.651292213429691
1.566845,-0.651376200109741
1.56685,-0.65146020212207
1.566855,-0.65154421947015
1.56686,-0.651628252157448
1.566865,-0.651712300187424
1.56687,-0.651796363563547
1.566875,-0.651880442289287
1.56688,-0.651964536368108
1.566885,-0.652048645803487
1.56689,-0.652132770598886
1.566895,-0.652216910757777
1.5669,-0.652301066283642
1.566905,-0.652385237179942
1.56691,-0.652469423450159
1.566915,-0.652553625097761
1.56692,-0.652637842126228
1.566925,-0.652722074539041
1.56693,-0.652806322339666
1.566935,-0.652890585531591
1.56694,-0.652974864118293
1.566945,-0.65305915810325
1.56695,-0.653143467489947
1.566955,-0.65322779228186
1.56696,-0.653312132482478
1.566965,-0.653396488095282
1.56697,-0.653480859123758
1.566975,-0.653565245571388
1.56698,-0.653649647441662
1.566985,-0.653734064738065
1.56699,-0.653818497464092
1.566995,-0.653902945623222
1.567,-0.65398740921895
1.567005,-0.654071888254771
1.56701,-0.654156382734169
1.567015,-0.654240892660641
1.56702,-0.654325418037681
1.567025,-0.654409958868781
1.56703,-0.654494515157442
1.567035,-0.654579086907154
1.56704,-0.654663674121419
1.567045,-0.654748276803731
1.56705,-0.65483289495759
1.567055,-0.6549175285865
1.56706,-0.655002177693957
1.567065,-0.655086842283464
1.56707,-0.655171522358529
1.567075,-0.655256217922646
1.56708,-0.655340928979329
1.567085,-0.655425655532075
1.56709,-0.655510397584392
1.567095,-0.655595155139795
1.5671,-0.655679928201781
1.567105,-0.655764716773869
1.56711,-0.65584952085956
1.567115,-0.655934340462372
1.56712,-0.656019175585814
1.567125,-0.656104026233398
1.56713,-0.656188892408637
1.567135,-0.656273774115049
1.56714,-0.656358671356141
1.567145,-0.656443584135442
1.56715,-0.656528512456457
1.567155,-0.656613456322709
1.56716,-0.656698415737721
1.567165,-0.656783390705004
1.56717,-0.656868381228086
1.567175,-0.656953387310486
1.56718,-0.657038408955725
1.567185,-0.657123446167331
1.56719,-0.657208498948824
1.567195,-0.65729356730373
1.5672,-0.657378651235581
1.567205,-0.657463750747892
1.56721,-0.657548865844205
1.567215,-0.657633996528037
1.56722,-0.657719142802923
1.567225,-0.657804304672398
1.56723,-0.657889482139988
1.567235,-0.657974675209226
1.56724,-0.658059883883647
1.567245,-0.658145108166785
1.56725,-0.658230348062178
1.567255,-0.658315603573353
1.56726,-0.658400874703856
1.567265,-0.658486161457223
1.56727,-0.658571463836992
1.567275,-0.658656781846706
1.56728,-0.658742115489901
1.567285,-0.658827464770117
1.56729,-0.658912829690906
1.567295,-0.658998210255803
1.5673,-0.659083606468352
1.567305,-0.659169018332108
1.56731,-0.659254445850607
1.567315,-0.659339889027401
1.56732,-0.659425347866035
1.567325,-0.65951082237006
1.56733,-0.659596312543028
1.567335,-0.659681818388484
1.56734,-0.659767339909989
1.567345,-0.659852877111084
1.56735,-0.659938429995333
1.567355,-0.660023998566285
1.56736,-0.660109582827496
1.567365,-0.660195182782522
1.56737,-0.660280798434921
1.567375,-0.66036642978825
1.56738,-0.660452076846073
1.567385,-0.66053773961194
1.56739,-0.660623418089422
1.567395,-0.660709112282076
1.5674,-0.660794822193465
1.567405,-0.660880547827154
1.56741,-0.660966289186705
1.567415,-0.661052046275683
1.56742,-0.66113781909766
1.567425,-0.661223607656199
1.56743,-0.66130941195487
1.567435,-0.661395231997238
1.56744,-0.661481067786877
1.567445,-0.66156691932736
1.56745,-0.661652786622254
1.567455,-0.661738669675133
1.56746,-0.661824568489576
1.567465,-0.661910483069147
1.56747,-0.661996413417432
1.567475,-0.662082359538002
1.56748,-0.662168321434436
1.567485,-0.662254299110312
1.56749,-0.662340292569212
1.567495,-0.662426301814708
1.5675,-0.662512326850391
1.567505,-0.662598367679839
1.56751,-0.662684424306636
1.567515,-0.662770496734361
1.56752,-0.662856584966602
1.567525,-0.662942689006952
1.56753,-0.663028808858984
1.567535,-0.663114944526298
1.56754,-0.663201096012471
1.567545,-0.6632872633211
1.56755,-0.663373446455776
1.567555,-0.663459645420086
1.56756,-0.663545860217623
1.567565,-0.663632090851988
1.56757,-0.663718337326762
1.567575,-0.663804599645551
1.56758,-0.663890877811941
1.567585,-0.663977171829537
1.56759,-0.664063481701936
1.567595,-0.664149807432733
1.5676,-0.664236149025531
1.567605,-0.664322506483927
1.56761,-0.664408879811523
1.567615,-0.664495269011927
1.56762,-0.664581674088735
1.567625,-0.664668095045552
1.56763,-0.664754531885993
1.567635,-0.664840984613649
1.56764,-0.66492745323214
1.567645,-0.665013937745067
1.56765,-0.665100438156041
1.567655,-0.665186954468673
1.56766,-0.665273486686567
1.567665,-0.665360034813345
1.56767,-0.665446598852613
1.567675,-0.665533178807984
1.56768,-0.665619774683077
1.567685,-0.665706386481507
1.56769,-0.665793014206883
1.567695,-0.665879657862834
1.5677,-0.665966317452968
1.567705,-0.666052992980912
1.56771,-0.666139684450277
1.567715,-0.666226391864692
1.56772,-0.666313115227778
1.567725,-0.666399854543155
1.56773,-0.66648660981445
1.567735,-0.666573381045281
1.56774,-0.66666016823928
1.567745,-0.666746971400075
1.56775,-0.666833790531286
1.567755,-0.666920625636548
1.56776,-0.667007476719493
1.567765,-0.667094343783742
1.56777,-0.667181226832935
1.567775,-0.667268125870695
1.56778,-0.667355040900663
1.567785,-0.667441971926477
1.56779,-0.667528918951755
1.567795,-0.667615881980152
1.5678,-0.667702861015294
1.567805,-0.667789856060821
1.56781,-0.667876867120375
1.567815,-0.667963894197592
1.56782,-0.668050937296111
1.567825,-0.668137996419583
1.56783,-0.668225071571637
1.567835,-0.668312162755931
1.56784,-0.668399269976095
1.567845,-0.668486393235785
1.56785,-0.668573532538644
1.567855,-0.668660687888318
1.56786,-0.668747859288458
1.567865,-0.668835046742709
1.56787,-0.668922250254724
1.567875,-0.669009469828157
1.56788,-0.669096705466651
1.567885,-0.669183957173868
1.56789,-0.669271224953458
1.567895,-0.669358508809073
1.5679,-0.669445808744377
1.567905,-0.669533124763015
1.56791,-0.669620456868652
1.567915,-0.669707805064951
1.56792,-0.669795169355563
1.567925,-0.669882549744151
1.56793,-0.669969946234379
1.567935,-0.670057358829905
1.56794,-0.670144787534397
1.567945,-0.670232232351515
1.56795,-0.670319693284927
1.567955,-0.670407170338298
1.56796,-0.670494663515293
1.567965,-0.670582172819587
1.56797,-0.670669698254839
1.567975,-0.670757239824724
1.56798,-0.670844797532918
1.567985,-0.670932371383083
1.56799,-0.671019961378898
1.567995,-0.671107567524037
1.568,-0.67119518982217
1.568005,-0.67128282827698
1.56801,-0.671370482892132
1.568015,-0.671458153671315
1.56802,-0.671545840618202
1.568025,-0.671633543736472
1.56803,-0.671721263029808
1.568035,-0.671808998501891
1.56804,-0.671896750156398
1.568045,-0.67198451799702
1.56805,-0.672072302027435
1.568055,-0.67216010225133
1.56806,-0.672247918672395
1.568065,-0.672335751294311
1.56807,-0.672423600120772
1.568075,-0.672511465155457
1.56808,-0.672599346402065
1.568085,-0.672687243864287
1.56809,-0.672775157545807
1.568095,-0.672863087450324
1.5681,-0.672951033581531
1.568105,-0.673038995943119
1.56811,-0.673126974538789
1.568115,-0.673214969372235
1.56812,-0.673302980447149
1.568125,-0.673391007767241
1.56813,-0.673479051336202
1.568135,-0.673567111157732
1.56814,-0.673655187235534
1.568145,-0.673743279573311
1.56815,-0.67383138817477
1.568155,-0.673919513043608
1.56816,-0.674007654183534
1.568165,-0.674095811598252
1.56817,-0.674183985291471
1.568175,-0.674272175266898
1.56818,-0.674360381528242
1.568185,-0.674448604079213
1.56819,-0.674536842923522
1.568195,-0.674625098064878
1.5682,-0.674713369507002
1.568205,-0.674801657253599
1.56821,-0.674889961308385
1.568215,-0.674978281675083
1.56822,-0.675066618357396
1.568225,-0.675154971359053
1.56823,-0.675243340683771
1.568235,-0.675331726335264
1.56824,-0.675420128317259
1.568245,-0.675508546633471
1.56825,-0.675596981287628
1.568255,-0.675685432283451
1.56826,-0.675773899624664
1.568265,-0.675862383314993
1.56827,-0.67595088335816
1.568275,-0.6760393997579
1.56828,-0.676127932517936
1.568285,-0.676216481641995
1.56829,-0.676305047133815
1.568295,-0.676393628997118
1.5683,-0.676482227235638
1.568305,-0.676570841853114
1.56831,-0.676659472853275
1.568315,-0.676748120239855
1.56832,-0.676836784016593
1.568325,-0.676925464187222
1.56833,-0.677014160755487
1.568335,-0.677102873725114
1.56834,-0.677191603099853
1.568345,-0.677280348883447
1.56835,-0.677369111079628
1.568355,-0.677457889692146
1.56836,-0.677546684724737
1.568365,-0.677635496181152
1.56837,-0.677724324065139
1.568375,-0.677813168380432
1.56838,-0.677902029130788
1.568385,-0.677990906319961
1.56839,-0.678079799951687
1.568395,-0.678168710029726
1.5684,-0.678257636557823
1.568405,-0.678346579539732
1.56841,-0.678435538979211
1.568415,-0.678524514880009
1.56842,-0.678613507245881
1.568425,-0.678702516080586
1.56843,-0.678791541387876
1.568435,-0.67888058317152
1.56844,-0.678969641435263
1.568445,-0.679058716182874
1.56845,-0.679147807418114
1.568455,-0.679236915144738
1.56846,-0.679326039366519
1.568465,-0.679415180087211
1.56847,-0.679504337310583
1.568475,-0.679593511040406
1.56848,-0.679682701280438
1.568485,-0.679771908034454
1.56849,-0.679861131306217
1.568495,-0.679950371099496
1.5685,-0.680039627418072
1.568505,-0.680128900265703
1.56851,-0.680218189646171
1.568515,-0.680307495563247
1.56852,-0.680396818020703
1.568525,-0.680486157022321
1.56853,-0.680575512571872
1.568535,-0.680664884673132
1.56854,-0.680754273329887
1.568545,-0.680843678545907
1.56855,-0.680933100324982
1.568555,-0.681022538670886
1.56856,-0.681111993587403
1.568565,-0.68120146507832
1.56857,-0.681290953147416
1.568575,-0.681380457798479
1.56858,-0.6814699790353
1.568585,-0.681559516861656
1.56859,-0.681649071281344
1.568595,-0.681738642298151
1.5686,-0.681828229915862
1.568605,-0.681917834138277
1.56861,-0.682007454969182
1.568615,-0.682097092412374
1.56862,-0.68218674647164
1.568625,-0.682276417150782
1.56863,-0.682366104453598
1.568635,-0.682455808383877
1.56864,-0.682545528945419
1.568645,-0.682635266142032
1.56865,-0.682725019977504
1.568655,-0.682814790455646
1.56866,-0.682904577580251
1.568665,-0.682994381355125
1.56867,-0.683084201784078
1.568675,-0.683174038870906
1.56868,-0.683263892619419
1.568685,-0.683353763033427
1.56869,-0.683443650116728
1.568695,-0.683533553873144
1.5687,-0.683623474306476
1.568705,-0.683713411420536
1.56871,-0.683803365219137
1.568715,-0.683893335706092
1.56872,-0.683983322885216
1.568725,-0.684073326760321
1.56873,-0.684163347335222
1.568735,-0.684253384613741
1.56874,-0.684343438599689
1.568745,-0.684433509296888
1.56875,-0.68452359670916
1.568755,-0.684613700840322
1.56876,-0.684703821694199
1.568765,-0.684793959274611
1.56877,-0.684884113585377
1.568775,-0.684974284630334
1.56878,-0.685064472413296
1.568785,-0.685154676938098
1.56879,-0.685244898208561
1.568795,-0.685335136228514
1.5688,-0.685425391001793
1.568805,-0.685515662532219
1.56881,-0.685605950823633
1.568815,-0.685696255879862
1.56882,-0.68578657770474
1.568825,-0.685876916302102
1.56883,-0.685967271675784
1.568835,-0.686057643829621
1.56884,-0.686148032767458
1.568845,-0.686238438493121
1.56885,-0.686328861010458
1.568855,-0.686419300323306
1.56886,-0.686509756435506
1.568865,-0.686600229350906
1.56887,-0.686690719073342
1.568875,-0.686781225606662
1.56888,-0.686871748954714
1.568885,-0.686962289121337
1.56889,-0.68705284611039
1.568895,-0.687143419925709
1.5689,-0.687234010571148
1.568905,-0.68732461805056
1.56891,-0.687415242367794
1.568915,-0.687505883526704
1.56892,-0.68759654153114
1.568925,-0.687687216384959
1.56893,-0.687777908092018
1.568935,-0.687868616656168
1.56894,-0.687959342081271
1.568945,-0.688050084371185
1.56895,-0.688140843529767
1.568955,-0.688231619560881
1.56896,-0.688322412468382
1.568965,-0.688413222256137
1.56897,-0.688504048928013
1.568975,-0.688594892487865
1.56898,-0.688685752939567
1.568985,-0.688776630286979
1.56899,-0.68886752453397
1.568995,-0.688958435684413
1.569,-0.689049363742169
1.569005,-0.689140308711115
1.56901,-0.689231270595123
1.569015,-0.689322249398056
1.56902,-0.689413245123798
1.569025,-0.689504257776219
1.56903,-0.689595287359192
1.569035,-0.689686333876598
1.56904,-0.689777397332312
1.569045,-0.689868477730212
1.56905,-0.689959575074177
1.569055,-0.690050689368088
1.56906,-0.690141820615828
1.569065,-0.690232968821273
1.56907,-0.690324133988313
1.569075,-0.690415316120834
1.56908,-0.690506515222715
1.569085,-0.690597731297846
1.56909,-0.690688964350112
1.569095,-0.690780214383404
1.5691,-0.690871481401609
1.569105,-0.690962765408618
1.56911,-0.691054066408323
1.569115,-0.691145384404618
1.56912,-0.691236719401392
1.569125,-0.691328071402544
1.56913,-0.691419440411965
1.569135,-0.691510826433555
1.56914,-0.691602229471211
1.569145,-0.691693649528829
1.56915,-0.691785086610312
1.569155,-0.691876540719555
1.56916,-0.691968011860465
1.569165,-0.692059500036942
1.56917,-0.692151005252891
1.569175,-0.692242527512215
1.56918,-0.692334066818817
1.569185,-0.692425623176605
1.56919,-0.692517196589494
1.569195,-0.692608787061383
1.5692,-0.692700394596182
1.569205,-0.692792019197806
1.56921,-0.692883660870165
1.569215,-0.692975319617172
1.56922,-0.693066995442736
1.569225,-0.693158688350775
1.56923,-0.693250398345213
1.569235,-0.693342125429951
1.56924,-0.693433869608916
1.569245,-0.693525630886024
1.56925,-0.693617409265194
1.569255,-0.693709204750352
1.56926,-0.693801017345414
1.569265,-0.693892847054301
1.56927,-0.693984693880943
1.569275,-0.69407655782926
1.56928,-0.694168438903182
1.569285,-0.694260337106629
1.56929,-0.694352252443532
1.569295,-0.694444184917825
1.5693,-0.69453613453343
1.569305,-0.694628101294284
1.56931,-0.694720085204312
1.569315,-0.694812086267451
1.56932,-0.694904104487639
1.569325,-0.6949961398688
1.56933,-0.695088192414875
1.569335,-0.69518026212981
1.56934,-0.695272349017527
1.569345,-0.69536445308198
1.56935,-0.695456574327097
1.569355,-0.695548712756821
1.56936,-0.695640868375103
1.569365,-0.695733041185875
1.56937,-0.69582523119309
1.569375,-0.695917438400683
1.56938,-0.696009662812608
1.569385,-0.696101904432811
1.56939,-0.696194163265237
1.569395,-0.696286439313834
1.5694,-0.696378732582559
1.569405,-0.696471043075358
1.56941,-0.696563370796186
1.569415,-0.696655715748992
1.56942,-0.696748077937734
1.569425,-0.696840457366368
1.56943,-0.696932854038843
1.569435,-0.697025267959121
1.56944,-0.697117699131166
1.569445,-0.69721014755893
1.56945,-0.697302613246375
1.569455,-0.697395096197462
1.56946,-0.697487596416152
1.569465,-0.697580113906416
1.56947,-0.697672648672209
1.569475,-0.697765200717502
1.56948,-0.697857770046259
1.569485,-0.697950356662447
1.56949,-0.698042960570039
1.569495,-0.698135581772999
1.5695,-0.698228220275299
1.569505,-0.698320876080917
1.56951,-0.698413549193815
1.569515,-0.698506239617976
1.56952,-0.698598947357367
1.569525,-0.698691672415968
1.56953,-0.698784414797755
1.569535,-0.698877174506708
1.56954,-0.698969951546805
1.569545,-0.699062745922021
1.56955,-0.699155557636343
1.569555,-0.69924838669375
1.56956,-0.699341233098221
1.569565,-0.699434096853748
1.56957,-0.699526977964313
1.569575,-0.699619876433901
1.56958,-0.699712792266501
1.569585,-0.699805725466091
1.56959,-0.699898676036673
1.569595,-0.699991643982236
1.5696,-0.700084629306764
1.569605,-0.700177632014257
1.56961,-0.700270652108701
1.569615,-0.700363689594092
1.56962,-0.700456744474428
1.569625,-0.700549816753704
1.56963,-0.700642906435918
1.569635,-0.700736013525066
1.56964,-0.70082913802515
1.569645,-0.700922279940171
1.56965,-0.701015439274127
1.569655,-0.701108616031023
1.56966,-0.701201810214865
1.569665,-0.701295021829652
1.56967,-0.701388250879397
1.569675,-0.701481497368095
1.56968,-0.701574761299762
1.569685,-0.701668042678412
1.56969,-0.701761341508041
1.569695,-0.701854657792668
1.5697,-0.70194799153631
1.569705,-0.702041342742967
1.56971,-0.702134711416668
1.569715,-0.702228097561411
1.56972,-0.702321501181223
1.569725,-0.702414922280123
1.56973,-0.70250836086212
1.569735,-0.702601816931243
1.56974,-0.702695290491502
1.569745,-0.702788781546926
1.56975,-0.702882290101533
1.569755,-0.702975816159347
1.56976,-0.703069359724395
1.569765,-0.703162920800704
1.56977,-0.703256499392292
1.569775,-0.703350095503194
1.56978,-0.703443709137432
1.569785,-0.703537340299038
1.56979,-0.703630988992051
1.569795,-0.703724655220491
1.5698,-0.703818338988398
1.569805,-0.703912040299801
1.56981,-0.704005759158735
1.569815,-0.704099495569241
1.56982,-0.704193249535348
1.569825,-0.704287021061099
1.56983,-0.704380810150535
1.569835,-0.704474616807689
1.56984,-0.70456844103661
1.569845,-0.704662282841331
1.56985,-0.7047561422259
1.569855,-0.704850019194366
1.56986,-0.704943913750765
1.569865,-0.705037825899151
1.56987,-0.705131755643565
1.569875,-0.705225702988058
1.56988,-0.705319667936681
1.569885,-0.705413650493481
1.56989,-0.705507650662509
1.569895,-0.705601668447825
1.5699,-0.705695703853475
1.569905,-0.705789756883517
1.56991,-0.705883827542002
1.569915,-0.705977915832993
1.56992,-0.706072021760546
1.569925,-0.706166145328716
1.56993,-0.706260286541568
1.569935,-0.706354445403158
1.56994,-0.706448621917551
1.569945,-0.706542816088812
1.56995,-0.706637027920997
1.569955,-0.706731257418178
1.56996,-0.706825504584425
1.569965,-0.706919769423794
1.56997,-0.707014051940364
1.569975,-0.707108352138196
1.56998,-0.707202670021362
1.569985,-0.707297005593941
1.56999,-0.707391358859993
1.569995,-0.707485729823603
1.57,-0.707580118488838
1.570005,-0.707674524859774
1.57001,-0.707768948940497
1.570015,-0.707863390735073
1.57002,-0.707957850247583
1.570025,-0.708052327482113
1.57003,-0.708146822442739
1.570035,-0.708241335133546
1.57004,-0.708335865558611
1.570045,-0.708430413722025
1.57005,-0.708524979627872
1.570055,-0.708619563280233
1.57006,-0.708714164683199
1.570065,-0.708808783840857
1.57007,-0.708903420757298
1.570075,-0.708998075436614
1.57008,-0.70909274788289
1.570085,-0.709187438100223
1.57009,-0.709282146092709
1.570095,-0.709376871864436
1.5701,-0.70947161541951
1.570105,-0.709566376762016
1.57011,-0.709661155896055
1.570115,-0.709755952825732
1.57012,-0.709850767555143
1.570125,-0.709945600088388
1.57013,-0.710040450429567
1.570135,-0.710135318582786
1.57014,-0.710230204552154
1.570145,-0.710325108341765
1.57015,-0.710420029955733
1.570155,-0.710514969398167
1.57016,-0.710609926673169
1.570165,-0.710704901784856
1.57017,-0.710799894737329
1.570175,-0.710894905534706
1.57018,-0.710989934181102
1.570185,-0.711084980680624
1.57019,-0.711180045037388
1.570195,-0.711275127255518
1.5702,-0.71137022733912
1.570205,-0.711465345292319
1.57021,-0.711560481119231
1.570215,-0.711655634823976
1.57022,-0.711750806410678
1.570225,-0.711845995883457
1.57023,-0.711941203246437
1.570235,-0.71203642850374
1.57024,-0.712131671659493
1.570245,-0.712226932717825
1.57025,-0.712322211682862
1.570255,-0.712417508558729
1.57026,-0.712512823349563
1.570265,-0.712608156059486
1.57027,-0.712703506692639
1.570275,-0.712798875253148
1.57028,-0.712894261745148
1.570285,-0.71298966617278
1.57029,-0.713085088540172
1.570295,-0.713180528851467
1.5703,-0.7132759871108
1.570305,-0.713371463322308
1.57031,-0.713466957490139
1.570315,-0.71356246961843
1.57032,-0.713657999711321
1.570325,-0.713753547772959
1.57033,-0.713849113807489
1.570335,-0.713944697819057
1.57034,-0.714040299811807
1.570345,-0.714135919789887
1.57035,-0.71423155775745
1.570355,-0.714327213718643
1.57036,-0.714422887677619
1.570365,-0.714518579638528
1.57037,-0.714614289605521
1.570375,-0.714710017582761
1.57038,-0.714805763574392
1.570385,-0.714901527584579
1.57039,-0.714997309617481
1.570395,-0.715093109677244
1.5704,-0.715188927768045
1.570405,-0.715284763894031
1.57041,-0.715380618059368
1.570415,-0.715476490268225
1.57042,-0.715572380524755
1.570425,-0.715668288833136
1.57043,-0.715764215197522
1.570435,-0.715860159622085
1.57044,-0.715956122110996
1.570445,-0.716052102668421
1.57045,-0.716148101298529
1.570455,-0.716244118005502
1.57046,-0.716340152793499
1.570465,-0.716436205666702
1.57047,-0.716532276629282
1.570475,-0.716628365685415
1.57048,-0.716724472839281
1.570485,-0.716820598095055
1.57049,-0.716916741456919
1.570495,-0.717012902929051
1.5705,-0.717109082515632
1.570505,-0.717205280220847
1.57051,-0.717301496048876
1.570515,-0.717397730003906
1.57052,-0.717493982090124
1.570525,-0.717590252311709
1.57053,-0.717686540672859
1.570535,-0.717782847177756
1.57054,-0.717879171830593
1.570545,-0.717975514635562
1.57055,-0.718071875596849
1.570555,-0.718168254718654
1.57056,-0.718264652005168
1.570565,-0.718361067460585
1.57057,-0.71845750108911
1.570575,-0.718553952894926
1.57058,-0.718650422882245
1.570585,-0.71874691105526
1.57059,-0.718843417418174
1.570595,-0.718939941975188
1.5706,-0.719036484730502
1.570605,-0.719133045688325
1.57061,-0.719229624852863
1.570615,-0.719326222228313
1.57062,-0.719422837818897
1.570625,-0.719519471628809
1.57063,-0.719616123662264
1.570635,-0.719712793923476
1.57064,-0.719809482416654
1.570645,-0.719906189146007
1.57065,-0.720002914115758
1.570655,-0.720099657330113
1.57066,-0.720196418793294
1.570665,-0.720293198509512
1.57067,-0.720389996482989
1.570675,-0.720486812717949
1.57068,-0.720583647218603
1.570685,-0.720680499989181
1.57069,-0.720777371033894
1.570695,-0.720874260356977
1.5707,-0.720971167962655
1.570705,-0.721068093855144
1.57071,-0.721165038038679
1.570715,-0.721262000517488
1.57072,-0.721358981295794
1.570725,-0.721455980377835
1.57073,-0.721552997767835
1.570735,-0.72165003347003
1.57074,-0.721747087488656
1.570745,-0.721844159827946
1.57075,-0.72194125049213
1.570755,-0.722038359485451
1.57076,-0.722135486812145
1.570765,-0.722232632476456
1.57077,-0.722329796482613
1.570775,-0.722426978834867
1.57078,-0.722524179537456
1.570785,-0.722621398594622
1.57079,-0.722718636010616
1.570795,-0.722815891789675
1.5708,-0.72291316593605
1.570805,-0.723010458453992
1.57081,-0.723107769347744
1.570815,-0.723205098621563
1.57082,-0.723302446279691
1.570825,-0.723399812326386
1.57083,-0.7234971967659
1.570835,-0.723594599602488
1.57084,-0.723692020840404
1.570845,-0.723789460483906
1.57085,-0.723886918537249
1.570855,-0.723984395004696
1.57086,-0.724081889890503
1.570865,-0.724179403198934
1.57087,-0.724276934934251
1.570875,-0.724374485100713
1.57088,-0.72447205370259
1.570885,-0.724569640744141
1.57089,-0.724667246229638
1.570895,-0.724764870163346
1.5709,-0.724862512549534
1.570905,-0.72496017339247
1.57091,-0.725057852696431
1.570915,-0.725155550465682
1.57092,-0.725253266704502
1.570925,-0.72535100141716
1.57093,-0.725448754607932
1.570935,-0.7255465262811
1.57094,-0.725644316440934
1.570945,-0.725742125091716
1.57095,-0.725839952237728
1.570955,-0.725937797883249
1.57096,-0.72603566203256
1.570965,-0.726133544689944
1.57097,-0.726231445859686
1.570975,-0.726329365546075
1.57098,-0.726427303753386
1.570985,-0.726525260485922
1.57099,-0.726623235747957
1.570995,-0.726721229543788
1.571,-0.726819241877711
1.571005,-0.726917272754005
1.57101,-0.727015322176973
1.571015,-0.727113390150909
1.57102,-0.727211476680101
1.571025,-0.727309581768855
1.57103,-0.727407705421457
1.571035,-0.727505847642214
1.57104,-0.727604008435428
1.571045,-0.72770218780539
1.57105,-0.727800385756411
1.571055,-0.727898602292789
1.57106,-0.727996837418829
1.571065,-0.72809509113884
1.57107,-0.728193363457123
1.571075,-0.728291654377986
1.57108,-0.728389963905743
1.571085,-0.728488292044699
1.57109,-0.728586638799166
1.571095,-0.728685004173454
1.5711,-0.728783388171881
1.571105,-0.728881790798757
1.57111,-0.728980212058395
1.571115,-0.729078651955121
1.57112,-0.729177110493243
1.571125,-0.72927558767708
1.57113,-0.729374083510961
1.571135,-0.729472597999197
1.57114,-0.729571131146113
1.571145,-0.729669682956037
1.57115,-0.729768253433284
1.571155,-0.729866842582189
1.57116,-0.729965450407071
1.571165,-0.730064076912261
1.57117,-0.730162722102088
1.571175,-0.730261385980882
1.57118,-0.730360068552972
1.571185,-0.730458769822688
1.57119,-0.730557489794369
1.571195,-0.730656228472348
1.5712,-0.730754985860957
1.571205,-0.730853761964533
1.57121,-0.730952556787419
1.571215,-0.731051370333947
1.57122,-0.731150202608464
1.571225,-0.731249053615303
1.57123,-0.73134792335881
1.571235,-0.731446811843334
1.57124,-0.731545719073207
1.571245,-0.731644645052787
1.57125,-0.731743589786408
1.571255,-0.731842553278427
1.57126,-0.731941535533197
1.571265,-0.732040536555055
1.57127,-0.732139556348359
1.571275,-0.732238594917464
1.57128,-0.732337652266724
1.571285,-0.732436728400486
1.57129,-0.732535823323109
1.571295,-0.732634937038951
1.5713,-0.732734069552374
1.571305,-0.732833220867727
1.57131,-0.732932390989381
1.571315,-0.733031579921686
1.57132,-0.733130787669014
1.571325,-0.733230014235723
1.57133,-0.73332925962618
1.571335,-0.733428523844751
1.57134,-0.733527806895804
1.571345,-0.733627108783703
1.57135,-0.733726429512823
1.571355,-0.733825769087529
1.57136,-0.733925127512192
1.571365,-0.734024504791192
1.57137,-0.734123900928894
1.571375,-0.734223315929678
1.57138,-0.73432274979792
1.571385,-0.734422202537991
1.57139,-0.734521674154279
1.571395,-0.734621164651155
1.5714,-0.734720674033006
1.571405,-0.73482020230421
1.57141,-0.734919749469145
1.571415,-0.735019315532209
1.57142,-0.735118900497772
1.571425,-0.735218504370225
1.57143,-0.735318127153965
1.571435,-0.735417768853366
1.57144,-0.735517429472823
1.571445,-0.73561710901673
1.57145,-0.735716807489475
1.571455,-0.735816524895454
1.57146,-0.735916261239056
1.571465,-0.736016016524681
1.57147,-0.736115790756726
1.571475,-0.736215583939585
1.57148,-0.736315396077661
1.571485,-0.736415227175348
1.57149,-0.736515077237047
1.571495,-0.736614946267172
1.5715,-0.73671483427011
1.571505,-0.736814741250275
1.57151,-0.736914667212072
1.571515,-0.737014612159902
1.57152,-0.737114576098183
1.571525,-0.737214559031309
1.57153,-0.737314560963702
1.571535,-0.737414581899774
1.57154,-0.737514621843929
1.571545,-0.737614680800586
1.57155,-0.737714758774158
1.571555,-0.737814855769059
1.57156,-0.737914971789713
1.571565,-0.738015106840528
1.57157,-0.73811526092593
1.571575,-0.738215434050335
1.57158,-0.738315626218168
1.571585,-0.738415837433854
1.57159,-0.738516067701811
1.571595,-0.738616317026464
1.5716,-0.738716585412245
1.571605,-0.738816872863575
1.57161,-0.738917179384889
1.571615,-0.739017504980605
1.57162,-0.739117849655165
1.571625,-0.739218213412999
1.57163,-0.739318596258534
1.571635,-0.739418998196206
1.57164,-0.739519419230459
1.571645,-0.739619859365718
1.57165,-0.739720318606426
1.571655,-0.739820796957019
1.57166,-0.739921294421938
1.571665,-0.740021811005628
1.57167,-0.740122346712523
1.571675,-0.740222901547074
1.57168,-0.740323475513716
1.571685,-0.740424068616905
1.57169,-0.740524680861083
1.571695,-0.740625312250698
1.5717,-0.740725962790196
1.571705,-0.740826632484037
1.57171,-0.740927321336659
1.571715,-0.741028029352524
1.57172,-0.741128756536081
1.571725,-0.741229502891788
1.57173,-0.741330268424098
1.571735,-0.74143105313747
1.57174,-0.741531857036364
1.571745,-0.741632680125231
1.57175,-0.74173352240854
1.571755,-0.741834383890751
1.57176,-0.741935264576325
1.571765,-0.742036164469725
1.57177,-0.742137083575421
1.571775,-0.742238021897875
1.57178,-0.742338979441558
1.571785,-0.742439956210934
1.57179,-0.742540952210472
1.571795,-0.742641967444654
1.5718,-0.742743001917935
1.571805,-0.742844055634804
1.57181,-0.742945128599726
1.571815,-0.743046220817176
1.57182,-0.743147332291636
1.571825,-0.743248463027582
1.57183,-0.743349613029495
1.571835,-0.743450782301849
1.57184,-0.743551970849133
1.571845,-0.743653178675824
1.57185,-0.743754405786406
1.571855,-0.743855652185363
1.57186,-0.743956917877187
1.571865,-0.744058202866359
1.57187,-0.744159507157371
1.571875,-0.74426083075471
1.57188,-0.744362173662866
1.571885,-0.744463535886337
1.57189,-0.744564917429603
1.571895,-0.74466631829717
1.5719,-0.744767738493531
1.571905,-0.74486917802318
1.57191,-0.744970636890618
1.571915,-0.745072115100339
1.57192,-0.745173612656841
1.571925,-0.745275129564636
1.57193,-0.745376665828214
1.571935,-0.745478221452086
1.57194,-0.745579796440753
1.571945,-0.745681390798721
1.57195,-0.745783004530501
1.571955,-0.745884637640596
1.57196,-0.745986290133516
1.571965,-0.746087962013777
1.57197,-0.74618965328588
1.571975,-0.746291363954349
1.57198,-0.746393094023689
1.571985,-0.746494843498419
1.57199,-0.746596612383056
1.571995,-0.746698400682115
1.572,-0.746800208400119
1.572005,-0.746902035541581
1.57201,-0.747003882111025
1.572015,-0.747105748112976
1.57202,-0.747207633551953
1.572025,-0.747309538432479
1.57203,-0.747411462759088
1.572035,-0.7475134065363
1.57204,-0.747615369768645
1.572045,-0.747717352460645
1.57205,-0.747819354616841
1.572055,-0.74792137624176
1.57206,-0.748023417339933
1.572065,-0.748125477915899
1.57207,-0.748227557974184
1.572075,-0.74832965751933
1.57208,-0.74843177655588
1.572085,-0.748533915088358
1.57209,-0.748636073121314
1.572095,-0.74873825065929
1.5721,-0.748840447706819
1.572105,-0.748942664268451
1.57211,-0.749044900348731
1.572115,-0.749147155952198
1.57212,-0.749249431083411
1.572125,-0.749351725746902
1.57213,-0.749454039947231
1.572135,-0.749556373688945
1.57214,-0.749658726976591
1.572145,-0.749761099814733
1.57215,-0.749863492207911
1.572155,-0.749965904160688
1.57216,-0.750068335677623
1.572165,-0.750170786763262
1.57217,-0.750273257422176
1.572175,-0.750375747658916
1.57218,-0.750478257478045
1.572185,-0.750580786884129
1.57219,-0.750683335881724
1.572195,-0.750785904475403
1.5722,-0.75088849266972
1.572205,-0.750991100469251
1.57221,-0.751093727878563
1.572215,-0.75119637490222
1.57222,-0.751299041544794
1.572225,-0.751401727810863
1.57223,-0.751504433704992
1.572235,-0.751607159231758
1.57224,-0.751709904395733
1.572245,-0.751812669201496
1.57225,-0.751915453653625
1.572255,-0.752018257756693
1.57226,-0.75212108151529
1.572265,-0.752223924933984
1.57227,-0.752326788017366
1.572275,-0.752429670770019
1.57228,-0.752532573196522
1.572285,-0.752635495301463
1.57229,-0.752738437089434
1.572295,-0.752841398565015
1.5723,-0.752944379732802
1.572305,-0.753047380597381
1.57231,-0.753150401163342
1.572315,-0.753253441435285
1.57232,-0.753356501417795
1.572325,-0.753459581115475
1.57233,-0.753562680532916
1.572335,-0.753665799674715
1.57234,-0.753768938545476
1.572345,-0.753872097149792
1.57235,-0.75397527549227
1.572355,-0.754078473577509
1.57236,-0.754181691410116
1.572365,-0.754284928994694
1.57237,-0.754388186335839
1.572375,-0.754491463438172
1.57238,-0.754594760306299
1.572385,-0.754698076944821
1.57239,-0.754801413358355
1.572395,-0.754904769551515
1.5724,-0.755008145528907
1.572405,-0.755111541295151
1.57241,-0.755214956854857
1.572415,-0.755318392212644
1.57242,-0.755421847373134
1.572425,-0.755525322340938
1.57243,-0.755628817120685
1.572435,-0.755732331716987
1.57244,-0.75583586613447
1.572445,-0.755939420377763
1.57245,-0.756042994451483
1.572455,-0.75614658836026
1.57246,-0.756250202108724
1.572465,-0.756353835701495
1.57247,-0.756457489143214
1.572475,-0.7565611624385
1.57248,-0.756664855591991
1.572485,-0.756768568608325
1.57249,-0.756872301492129
1.572495,-0.756976054248044
1.5725,-0.757079826880697
1.572505,-0.757183619394733
1.57251,-0.757287431794799
1.572515,-0.757391264085522
1.57252,-0.75749511627155
1.572525,-0.757598988357526
1.57253,-0.757702880348092
1.572535,-0.757806792247897
1.57254,-0.757910724061583
1.572545,-0.758014675793797
1.57255,-0.758118647449195
1.572555,-0.758222639032418
1.57256,-0.758326650548126
1.572565,-0.758430682000962
1.57257,-0.758534733395588
1.572575,-0.758638804736655
1.57258,-0.758742896028819
1.572585,-0.758847007276734
1.57259,-0.758951138485071
1.572595,-0.759055289658474
1.5726,-0.759159460801614
1.572605,-0.759263651919144
1.57261,-0.759367863015737
1.572615,-0.759472094096055
1.57262,-0.759576345164761
1.572625,-0.759680616226522
1.57263,-0.759784907286008
1.572635,-0.759889218347888
1.57264,-0.759993549416833
1.572645,-0.76009790049751
1.57265,-0.760202271594595
1.572655,-0.760306662712764
1.57266,-0.760411073856693
1.572665,-0.760515505031056
1.57267,-0.760619956240529
1.572675,-0.760724427489797
1.57268,-0.760828918783534
1.572685,-0.760933430126425
1.57269,-0.761037961523151
1.572695,-0.761142512978394
1.5727,-0.761247084496839
1.572705,-0.76135167608318
1.57271,-0.761456287742097
1.572715,-0.761560919478276
1.57272,-0.761665571296418
1.572725,-0.761770243201203
1.57273,-0.761874935197333
1.572735,-0.761979647289487
1.57274,-0.762084379482373
1.572745,-0.762189131780686
1.57275,-0.762293904189115
1.572755,-0.762398696712365
1.57276,-0.762503509355135
1.572765,-0.76260834212212
1.57277,-0.762713195018029
1.572775,-0.76281806804756
1.57278,-0.762922961215421
1.572785,-0.763027874526321
1.57279,-0.763132807984957
1.572795,-0.763237761596044
1.5728,-0.763342735364289
1.572805,-0.763447729294404
1.57281,-0.763552743391102
1.572815,-0.763657777659089
1.57282,-0.763762832103089
1.572825,-0.763867906727806
1.57283,-0.763973001537965
1.572835,-0.764078116538286
1.57284,-0.76418325173348
1.572845,-0.764288407128268
1.57285,-0.764393582727379
1.572855,-0.764498778535526
1.57286,-0.764603994557442
1.572865,-0.764709230797846
1.57287,-0.764814487261465
1.572875,-0.76491976395303
1.57288,-0.765025060877264
1.572885,-0.765130378038905
1.57289,-0.765235715442675
1.572895,-0.765341073093313
1.5729,-0.765446450995551
1.572905,-0.765551849154121
1.57291,-0.765657267573765
1.572915,-0.765762706259217
1.57292,-0.765868165215212
1.572925,-0.765973644446495
1.57293,-0.766079143957807
1.572935,-0.766184663753886
1.57294,-0.766290203839481
1.572945,-0.766395764219329
1.57295,-0.766501344898187
1.572955,-0.766606945880789
1.57296,-0.766712567171888
1.572965,-0.766818208776244
1.57297,-0.766923870698593
1.572975,-0.767029552943693
1.57298,-0.767135255516301
1.572985,-0.767240978421165
1.57299,-0.767346721663047
1.572995,-0.767452485246698
1.573,-0.767558269176876
1.573005,-0.767664073458346
1.57301,-0.767769898095866
1.573015,-0.767875743094199
1.57302,-0.767981608458102
1.573025,-0.768087494192346
1.57303,-0.768193400301696
1.573035,-0.768299326790914
1.57304,-0.768405273664772
1.573045,-0.768511240928042
1.57305,-0.768617228585488
1.573055,-0.768723236641887
1.57306,-0.768829265102004
1.573065,-0.768935313970623
1.57307,-0.769041383252513
1.573075,-0.769147472952455
1.57308,-0.769253583075221
1.573085,-0.769359713625597
1.57309,-0.769465864608355
1.573095,-0.769572036028285
1.5731,-0.769678227890165
1.573105,-0.769784440198778
1.57311,-0.769890672958916
1.573115,-0.769996926175356
1.57312,-0.770103199852897
1.573125,-0.770209493996315
1.57313,-0.77031580861041
1.573135,-0.770422143699972
1.57314,-0.770528499269789
1.573145,-0.770634875324655
1.57315,-0.770741271869373
1.573155,-0.770847688908731
1.57316,-0.770954126447536
1.573165,-0.771060584490574
1.57317,-0.771167063042654
1.573175,-0.771273562108575
1.57318,-0.771380081693139
1.573185,-0.771486621801154
1.57319,-0.771593182437418
1.573195,-0.771699763606742
1.5732,-0.771806365313935
1.573205,-0.771912987563799
1.57321,-0.772019630361147
1.573215,-0.772126293710798
1.57322,-0.772232977617552
1.573225,-0.772339682086234
1.57323,-0.772446407121651
1.573235,-0.772553152728619
1.57324,-0.772659918911966
1.573245,-0.772766705676495
1.57325,-0.77287351302704
1.573255,-0.772980340968416
1.57326,-0.773087189505441
1.573265,-0.773194058642949
1.57327,-0.773300948385755
1.573275,-0.773407858738689
1.57328,-0.773514789706585
1.573285,-0.773621741294259
1.57329,-0.773728713506554
1.573295,-0.77383570634829
1.5733,-0.773942719824305
1.573305,-0.774049753939435
1.57331,-0.774156808698506
1.573315,-0.774263884106364
1.57332,-0.774370980167843
1.573325,-0.774478096887778
1.57333,-0.774585234271013
1.573335,-0.774692392322389
1.57334,-0.774799571046744
1.573345,-0.774906770448931
1.57335,-0.775013990533782
1.573355,-0.775121231306156
1.57336,-0.775228492770893
1.573365,-0.775335774932837
1.57337,-0.775443077796854
1.573375,-0.775550401367779
1.57338,-0.775657745650474
1.573385,-0.775765110649785
1.57339,-0.775872496370572
1.573395,-0.775979902817695
1.5734,-0.776087329996003
1.573405,-0.776194777910357
1.57341,-0.77630224656562
1.573415,-0.77640973596665
1.57342,-0.776517246118316
1.573425,-0.776624777025473
1.57343,-0.776732328692986
1.573435,-0.776839901125731
1.57344,-0.776947494328565
1.573445,-0.777055108306364
1.57345,-0.777162743063994
1.573455,-0.777270398606324
1.57346,-0.777378074938231
1.573465,-0.777485772064588
1.57347,-0.777593489990268
1.573475,-0.777701228720151
1.57348,-0.777808988259111
1.573485,-0.777916768612028
1.57349,-0.778024569783781
1.573495,-0.778132391779251
1.5735,-0.778240234603324
1.573505,-0.778348098260878
1.57351,-0.778455982756805
1.573515,-0.778563888095988
1.57352,-0.778671814283311
1.573525,-0.778779761323668
1.57353,-0.778887729221945
1.573535,-0.77899571798304
1.57354,-0.779103727611839
1.573545,-0.779211758113238
1.57355,-0.779319809492132
1.573555,-0.779427881753418
1.57356,-0.779535974901989
1.573565,-0.779644088942756
1.57357,-0.779752223880605
1.573575,-0.779860379720452
1.57358,-0.779968556467184
1.573585,-0.780076754125715
1.57359,-0.78018497270095
1.573595,-0.780293212197791
1.5736,-0.780401472621147
1.573605,-0.780509753975933
1.57361,-0.780618056267049
1.573615,-0.78072637949942
1.57362,-0.780834723677943
1.573625,-0.780943088807543
1.57363,-0.781051474893135
1.573635,-0.781159881939629
1.57364,-0.78126830995195
1.573645,-0.781376758935015
1.57365,-0.78148522889374
1.573655,-0.781593719833055
1.57366,-0.781702231757874
1.573665,-0.781810764673129
1.57367,-0.78191931858374
1.573675,-0.78202789349464
1.57368,-0.782136489410751
1.573685,-0.782245106337
1.57369,-0.782353744278327
1.573695,-0.782462403239662
1.5737,-0.78257108322593
1.573705,-0.782679784242073
1.57371,-0.782788506293022
1.573715,-0.78289724938372
1.57372,-0.783006013519098
1.573725,-0.783114798704101
1.57373,-0.783223604943665
1.573735,-0.78333243224274
1.57374,-0.783441280606259
1.573745,-0.783550150039179
1.57375,-0.783659040546434
1.573755,-0.783767952132973
1.57376,-0.783876884803756
1.573765,-0.783985838563718
1.57377,-0.784094813417818
1.573775,-0.784203809371005
1.57378,-0.784312826428232
1.573785,-0.784421864594463
1.57379,-0.784530923874639
1.573795,-0.784640004273728
1.5738,-0.78474910579669
1.573805,-0.784858228448476
1.57381,-0.784967372234057
1.573815,-0.785076537158386
1.57382,-0.785185723226431
1.573825,-0.785294930443162
1.57383,-0.785404158813537
1.573835,-0.785513408342533
1.57384,-0.785622679035105
1.573845,-0.785731970896234
1.57385,-0.785841283930892
1.573855,-0.785950618144048
1.57386,-0.786059973540673
1.573865,-0.786169350125753
1.57387,-0.78627874790425
1.573875,-0.786388166881158
1.57388,-0.78649760706144
1.573885,-0.786607068450084
1.57389,-0.786716551052077
1.573895,-0.786826054872395
1.5739,-0.786935579916019
1.573905,-0.787045126187947
1.57391,-0.787154693693153
1.573915,-0.787264282436638
1.57392,-0.787373892423377
1.573925,-0.787483523658367
1.57393,-0.787593176146606
1.573935,-0.78770284989308
1.57394,-0.787812544902787
1.573945,-0.787922261180718
1.57395,-0.788031998731875
1.573955,-0.788141757561259
1.57396,-0.788251537673861
1.573965,-0.788361339074686
1.57397,-0.788471161768741
1.573975,-0.788581005761025
1.57398,-0.788690871056545
1.573985,-0.7888007576603
1.57399,-0.788910665577306
1.573995,-0.789020594812572
1.574,-0.789130545371101
1.574005,-0.789240517257912
1.57401,-0.789350510478011
1.574015,-0.789460525036414
1.57402,-0.789570560938139
1.574025,-0.789680618188199
1.57403,-0.789790696791614
1.574035,-0.789900796753405
1.57404,-0.790010918078587
1.574045,-0.790121060772189
1.57405,-0.790231224839223
1.574055,-0.790341410284722
1.57406,-0.790451617113711
1.574065,-0.790561845331213
1.57407,-0.790672094942261
1.574075,-0.790782365951879
1.57408,-0.790892658365098
1.574085,-0.791002972186959
1.57409,-0.791113307422485
1.574095,-0.791223664076712
1.5741,-0.791334042154683
1.574105,-0.791444441661427
1.57411,-0.791554862601989
1.574115,-0.791665304981403
1.57412,-0.791775768804713
1.574125,-0.791886254076965
1.57413,-0.791996760803197
1.574135,-0.792107288988453
1.57414,-0.792217838637786
1.574145,-0.792328409756237
1.57415,-0.792439002348862
1.574155,-0.792549616420703
1.57416,-0.792660251976815
1.574165,-0.792770909022257
1.57417,-0.792881587562073
1.574175,-0.792992287601326
1.57418,-0.793103009145065
1.574185,-0.793213752198353
1.57419,-0.793324516766254
1.574195,-0.793435302853818
1.5742,-0.793546110466116
1.574205,-0.793656939608206
1.57421,-0.793767790285154
1.574215,-0.79387866250203
1.57422,-0.793989556263891
1.574225,-0.794100471575812
1.57423,-0.794211408442869
1.574235,-0.794322366870122
1.57424,-0.794433346862649
1.574245,-0.79454434842552
1.57425,-0.794655371563813
1.574255,-0.794766416282605
1.57426,-0.79487748258697
1.574265,-0.794988570481995
1.57427,-0.795099679972746
1.574275,-0.795210811064317
1.57428,-0.79532196376179
1.574285,-0.795433138070242
1.57429,-0.79554433399476
1.574295,-0.795655551540438
1.5743,-0.795766790712356
1.574305,-0.795878051515609
1.57431,-0.795989333955281
1.574315,-0.79610063803647
1.57432,-0.79621196376427
1.574325,-0.79632331114377
1.57433,-0.79643468018007
1.574335,-0.796546070878265
1.57434,-0.796657483243455
1.574345,-0.796768917280743
1.57435,-0.796880372995222
1.574355,-0.796991850391998
1.57436,-0.797103349476181
1.574365,-0.797214870252866
1.57437,-0.797326412727169
1.574375,-0.797437976904191
1.57438,-0.797549562789041
1.574385,-0.797661170386836
1.57439,-0.79777279970268
1.574395,-0.797884450741693
1.5744,-0.79799612350898
1.574405,-0.798107818009664
1.57441,-0.798219534248864
1.574415,-0.798331272231689
1.57442,-0.798443031963264
1.574425,-0.798554813448718
1.57443,-0.798666616693158
1.574435,-0.798778441701719
1.57444,-0.798890288479517
1.574445,-0.799002157031684
1.57445,-0.799114047363349
1.574455,-0.799225959479633
1.57446,-0.799337893385675
1.574465,-0.7994498490866
1.57447,-0.799561826587543
1.574475,-0.799673825893643
1.57448,-0.799785847010027
1.574485,-0.799897889941835
1.57449,-0.800009954694208
1.574495,-0.80012204127228
1.5745,-0.8002341496812
1.574505,-0.8003462799261
1.57451,-0.800458432012127
1.574515,-0.800570605944432
1.57452,-0.800682801728151
1.574525,-0.800795019368439
1.57453,-0.800907258870439
1.574535,-0.801019520239303
1.57454,-0.801131803480186
1.574545,-0.801244108598235
1.57455,-0.801356435598607
1.574555,-0.80146878448646
1.57456,-0.801581155266941
1.574565,-0.80169354794522
1.57457,-0.801805962526446
1.574575,-0.801918399015785
1.57458,-0.802030857418402
1.574585,-0.802143337739453
1.57459,-0.802255839984108
1.574595,-0.802368364157525
1.5746,-0.80248091026488
1.574605,-0.802593478311341
1.57461,-0.802706068302071
1.574615,-0.802818680242245
1.57462,-0.802931314137043
1.574625,-0.803043969991626
1.57463,-0.803156647811176
1.574635,-0.803269347600868
1.57464,-0.803382069365878
1.574645,-0.803494813111393
1.57465,-0.803607578842583
1.574655,-0.803720366564637
1.57466,-0.803833176282738
1.574665,-0.803946008002067
1.57467,-0.804058861727816
1.574675,-0.804171737465158
1.57468,-0.804284635219296
1.574685,-0.804397554995419
1.57469,-0.804510496798707
1.574695,-0.804623460634367
1.5747,-0.80473644650758
1.574705,-0.804849454423546
1.57471,-0.804962484387466
1.574715,-0.805075536404532
1.57472,-0.805188610479945
1.574725,-0.80530170661891
1.57473,-0.80541482482662
1.574735,-0.805527965108289
1.57474,-0.805641127469106
1.574745,-0.805754311914292
1.57475,-0.80586751844905
1.574755,-0.805980747078586
1.57476,-0.806093997808111
1.574765,-0.806207270642835
1.57477,-0.806320565587973
1.574775,-0.806433882648738
1.57478,-0.806547221830342
1.574785,-0.806660583138006
1.57479,-0.806773966576952
1.574795,-0.806887372152387
1.5748,-0.807000799869543
1.574805,-0.807114249733637
1.57481,-0.807227721749888
1.574815,-0.807341215923532
1.57482,-0.807454732259784
1.574825,-0.80756827076388
1.57483,-0.807681831441039
1.574835,-0.807795414296498
1.57484,-0.807909019335492
1.574845,-0.808022646563244
1.57485,-0.808136295984991
1.574855,-0.808249967605975
1.57486,-0.808363661431423
1.574865,-0.808477377466583
1.57487,-0.808591115716686
1.574875,-0.808704876186973
1.57488,-0.808818658882697
1.574885,-0.808932463809088
1.57489,-0.809046290971399
1.574895,-0.809160140374874
1.5749,-0.809274012024758
1.574905,-0.809387905926304
1.57491,-0.809501822084758
1.574915,-0.809615760505373
1.57492,-0.80972972119341
1.574925,-0.80984370415411
1.57493,-0.809957709392739
1.574935,-0.810071736914546
1.57494,-0.810185786724791
1.574945,-0.81029985882874
1.57495,-0.810413953231647
1.574955,-0.810528069938782
1.57496,-0.810642208955397
1.574965,-0.810756370286768
1.57497,-0.810870553938157
1.574975,-0.810984759914833
1.57498,-0.811098988222061
1.574985,-0.811213238865118
1.57499,-0.811327511849271
1.574995,-0.811441807179799
1.575,-0.811556124861965
1.575005,-0.811670464901054
1.57501,-0.811784827302341
1.575015,-0.811899212071116
1.57502,-0.812013619212636
1.575025,-0.812128048732198
1.57503,-0.812242500635079
1.575035,-0.812356974926566
1.57504,-0.812471471611952
1.575045,-0.812585990696506
1.57505,-0.812700532185527
1.575055,-0.812815096084302
1.57506,-0.81292968239812
1.575065,-0.813044291132279
1.57507,-0.813158922292078
1.575075,-0.813273575882796
1.57508,-0.813388251909732
1.575085,-0.813502950378194
1.57509,-0.813617671293472
1.575095,-0.813732414660878
1.5751,-0.813847180485701
1.575105,-0.813961968773243
1.57511,-0.814076779528818
1.575115,-0.814191612757723
1.57512,-0.814306468465285
1.575125,-0.814421346656785
1.57513,-0.814536247337544
1.575135,-0.814651170512878
1.57514,-0.81476611618809
1.575145,-0.814881084368514
1.57515,-0.814996075059439
1.575155,-0.815111088266199
1.57516,-0.815226123994103
1.575165,-0.815341182248476
1.57517,-0.815456263034648
1.575175,-0.815571366357917
1.57518,-0.815686492223625
1.575185,-0.815801640637091
1.57519,-0.815916811603639
1.575195,-0.816032005128604
1.5752,-0.816147221217318
1.575205,-0.816262459875094
1.57521,-0.816377721107276
1.575215,-0.816493004919195
1.57522,-0.816608311316186
1.575225,-0.81672364030359
1.57523,-0.816838991886733
1.575235,-0.816954366070961
1.57524,-0.817069762861608
1.575245,-0.81718518226402
1.57525,-0.817300624283549
1.575255,-0.817416088925523
1.57526,-0.817531576195291
1.575265,-0.817647086098201
1.57527,-0.817762618639605
1.575275,-0.817878173824856
1.57528,-0.817993751659294
1.575285,-0.818109352148274
1.57529,-0.818224975297156
1.575295,-0.818340621111283
1.5753,-0.818456289596035
1.575305,-0.818571980756747
1.57531,-0.81868769459878
1.575315,-0.818803431127501
1.57532,-0.818919190348275
1.575325,-0.819034972266459
1.57533,-0.819150776887427
1.575335,-0.819266604216532
1.57534,-0.819382454259143
1.575345,-0.819498327020636
1.57535,-0.819614222506382
1.575355,-0.819730140721754
1.57536,-0.819846081672111
1.575365,-0.819962045362836
1.57537,-0.820078031799304
1.575375,-0.820194040986895
1.57538,-0.820310072930995
1.575385,-0.820426127636961
1.57539,-0.820542205110188
1.575395,-0.820658305356061
1.5754,-0.820774428379963
1.575405,-0.82089057418728
1.57541,-0.821006742783388
1.575415,-0.821122934173685
1.57542,-0.82123914836356
1.575425,-0.821355385358398
1.57543,-0.82147164516361
1.575435,-0.821587927784564
1.57544,-0.821704233226663
1.575445,-0.821820561495313
1.57545,-0.821936912595903
1.575455,-0.822053286533833
1.57546,-0.822169683314514
1.575465,-0.822286102943333
1.57547,-0.8224025454257
1.575475,-0.822519010767017
1.57548,-0.822635498972691
1.575485,-0.822752010048139
1.57549,-0.822868543998758
1.575495,-0.822985100829959
1.5755,-0.823101680547154
1.575505,-0.823218283155761
1.57551,-0.823334908661202
1.575515,-0.823451557068873
1.57552,-0.823568228384203
1.575525,-0.823684922612607
1.57553,-0.823801639759506
1.575535,-0.823918379830329
1.57554,-0.824035142830485
1.575545,-0.824151928765405
1.57555,-0.824268737640511
1.575555,-0.824385569461237
1.57556,-0.824502424233017
1.575565,-0.824619301961261
1.57557,-0.824736202651412
1.575575,-0.824853126308898
1.57558,-0.824970072939156
1.575585,-0.825087042547623
1.57559,-0.825204035139742
1.575595,-0.825321050720932
1.5756,-0.825438089296642
1.575605,-0.825555150872316
1.57561,-0.825672235453395
1.575615,-0.825789343045333
1.57562,-0.825906473653553
1.575625,-0.82602362728351
1.57563,-0.826140803940654
1.575635,-0.826258003630435
1.57564,-0.826375226358313
1.575645,-0.826492472129722
1.57565,-0.826609740950122
1.575655,-0.82672703282497
1.57566,-0.82684434775972
1.575665,-0.826961685759841
1.57567,-0.827079046830772
1.575675,-0.827196430977984
1.57568,-0.827313838206941
1.575685,-0.827431268523099
1.57569,-0.827548721931939
1.575695,-0.827666198438903
1.5757,-0.827783698049468
1.575705,-0.827901220769114
1.57571,-0.828018766603294
1.575715,-0.828136335557492
1.57572,-0.828253927637183
1.575725,-0.828371542847828
1.57573,-0.828489181194913
1.575735,-0.828606842683907
1.57574,-0.828724527320294
1.575745,-0.828842235109566
1.57575,-0.828959966057181
1.575755,-0.829077720168633
1.57576,-0.829195497449409
1.575765,-0.829313297904989
1.57577,-0.829431121540874
1.575775,-0.82954896836253
1.57578,-0.829666838375459
1.575785,-0.829784731585153
1.57579,-0.829902647997103
1.575795,-0.83002058761681
1.5758,-0.830138550449751
1.575805,-0.830256536501442
1.57581,-0.830374545777367
1.575815,-0.830492578283037
1.57582,-0.830610634023944
1.575825,-0.830728713005605
1.57583,-0.830846815233509
1.575835,-0.830964940713163
1.57584,-0.831083089450077
1.575845,-0.831201261449758
1.57585,-0.831319456717727
1.575855,-0.831437675259474
1.57586,-0.831555917080526
1.575865,-0.831674182186388
1.57587,-0.831792470582583
1.575875,-0.831910782274632
1.57588,-0.832029117268037
1.575885,-0.832147475568323
1.57589,-0.832265857181017
1.575895,-0.832384262111637
1.5759,-0.832502690365717
1.575905,-0.832621141948764
1.57591,-0.832739616866311
1.575915,-0.832858115123891
1.57592,-0.832976636727029
1.575925,-0.833095181681264
1.57593,-0.833213749992116
1.575935,-0.83333234166512
1.57594,-0.833450956705817
1.575945,-0.83356959511974
1.57595,-0.833688256912431
1.575955,-0.83380694208943
1.57596,-0.833925650656271
1.575965,-0.834044382618493
1.57597,-0.83416313798165
1.575975,-0.834281916751278
1.57598,-0.834400718932938
1.575985,-0.834519544532159
1.57599,-0.834638393554501
1.575995,-0.834757266005509
1.576,-0.834876161890738
1.576005,-0.834995081215749
1.57601,-0.835114023986084
1.576015,-0.835232990207302
1.57602,-0.835351979884965
1.576025,-0.835470993024627
1.57603,-0.835590029631866
1.576035,-0.835709089712215
1.57604,-0.835828173271257
1.576045,-0.835947280314552
1.57605,-0.836066410847662
1.576055,-0.836185564876171
1.57606,-0.836304742405627
1.576065,-0.836423943441605
1.57607,-0.836543167989684
1.576075,-0.836662416055435
1.57608,-0.836781687644431
1.576085,-0.836900982762258
1.57609,-0.837020301414478
1.576095,-0.837139643606674
1.5761,-0.837259009344433
1.576105,-0.837378398633333
1.57611,-0.837497811478963
1.576115,-0.837617247886897
1.57612,-0.837736707862726
1.576125,-0.837856191412036
1.57613,-0.837975698540422
1.576135,-0.838095229253474
1.57614,-0.838214783556777
1.576145,-0.838334361455925
1.57615,-0.838453962956516
1.576155,-0.838573588064146
1.57616,-0.838693236784421
1.576165,-0.838812909122924
1.57617,-0.838932605085262
1.576175,-0.839052324677035
1.57618,-0.839172067903853
1.576185,-0.839291834771321
1.57619,-0.839411625285035
1.576195,-0.83953143945061
1.5762,-0.839651277273652
1.576205,-0.839771138759773
1.57621,-0.839891023914585
1.576215,-0.840010932743707
1.57622,-0.840130865252743
1.576225,-0.840250821447316
1.57623,-0.840370801333038
1.576235,-0.840490804915536
1.57624,-0.840610832200433
1.576245,-0.840730883193332
1.57625,-0.840850957899875
1.576255,-0.840971056325681
1.57626,-0.841091178476374
1.576265,-0.841211324357591
1.57627,-0.841331493974946
1.576275,-0.841451687334076
1.57628,-0.841571904440616
1.576285,-0.841692145300202
1.57629,-0.841812409918471
1.576295,-0.841932698301042
1.5763,-0.842053010453566
1.576305,-0.842173346381676
1.57631,-0.842293706091023
1.576315,-0.842414089587249
1.57632,-0.842534496875983
1.576325,-0.842654927962879
1.57633,-0.842775382853584
1.576335,-0.842895861553742
1.57634,-0.843016364069006
1.576345,-0.843136890405034
1.57635,-0.843257440567464
1.576355,-0.843378014561953
1.57636,-0.843498612394161
1.576365,-0.84361923406974
1.57637,-0.843739879594359
1.576375,-0.843860548973662
1.57638,-0.843981242213314
1.576385,-0.84410195931898
1.57639,-0.844222700296324
1.576395,-0.84434346515102
1.5764,-0.844464253888716
1.576405,-0.844585066515088
1.57641,-0.844705903035808
1.576415,-0.844826763456548
1.57642,-0.844947647782986
1.576425,-0.84506855602078
1.57643,-0.845189488175612
1.576435,-0.845310444253163
1.57644,-0.845431424259105
1.576445,-0.845552428199126
1.57645,-0.845673456078899
1.576455,-0.845794507904113
1.57646,-0.845915583680445
1.576465,-0.84603668341358
1.57647,-0.846157807109216
1.576475,-0.846278954773043
1.57648,-0.846400126410733
1.576485,-0.846521322027987
1.57649,-0.846642541630495
1.576495,-0.846763785223952
1.5765,-0.846885052814067
1.576505,-0.847006344406516
1.57651,-0.847127660007008
1.576515,-0.847248999621237
1.57652,-0.847370363254915
1.576525,-0.847491750913746
1.57653,-0.84761316260342
1.576535,-0.847734598329651
1.57654,-0.847856058098142
1.576545,-0.847977541914604
1.57655,-0.848099049784757
1.576555,-0.848220581714301
1.57656,-0.848342137708948
1.576565,-0.848463717774421
1.57657,-0.848585321916428
1.576575,-0.848706950140689
1.57658,-0.848828602452933
1.576585,-0.848950278858865
1.57659,-0.849071979364214
1.576595,-0.849193703974702
1.5766,-0.849315452696054
1.576605,-0.849437225534005
1.57661,-0.849559022494266
1.576615,-0.849680843582571
1.57662,-0.849802688804656
1.576625,-0.849924558166252
1.57663,-0.850046451673101
1.576635,-0.850168369330918
1.57664,-0.85029031114545
1.576645,-0.850412277122436
1.57665,-0.850534267267612
1.576655,-0.850656281586728
1.57666,-0.850778320085513
1.576665,-0.85090038276972
1.57667,-0.851022469645086
1.576675,-0.851144580717368
1.57668,-0.851266715992314
1.576685,-0.851388875475665
1.57669,-0.851511059173168
1.576695,-0.851633267090588
1.5767,-0.851755499233673
1.576705,-0.851877755608177
1.57671,-0.852000036219874
1.576715,-0.852122341074496
1.57672,-0.852244670177814
1.576725,-0.852367023535593
1.57673,-0.85248940115359
1.576735,-0.852611803037586
1.57674,-0.852734229193323
1.576745,-0.852856679626576
1.57675,-0.852979154343117
1.576755,-0.853101653348716
1.57676,-0.853224176649151
1.576765,-0.853346724250181
1.57677,-0.853469296157585
1.576775,-0.853591892377141
1.57678,-0.853714512914632
1.576785,-0.853837157775834
1.57679,-0.853959826966523
1.576795,-0.854082520492477
1.5768,-0.854205238359491
1.576805,-0.854327980573341
1.57681,-0.854450747139826
1.576815,-0.854573538064719
1.57682,-0.854696353353812
1.576825,-0.854819193012902
1.57683,-0.854942057047777
1.576835,-0.855064945464229
1.57684,-0.855187858268066
1.576845,-0.855310795465069
1.57685,-0.855433757061037
1.576855,-0.855556743061779
1.57686,-0.855679753473085
1.576865,-0.85580278830078
1.57687,-0.855925847550641
1.576875,-0.85604893122848
1.57688,-0.856172039340114
1.576885,-0.856295171891343
1.57689,-0.85641832888799
1.576895,-0.856541510335847
1.5769,-0.856664716240737
1.576905,-0.856787946608476
1.57691,-0.856911201444877
1.576915,-0.857034480755761
1.57692,-0.857157784546943
1.576925,-0.857281112824235
1.57693,-0.857404465593478
1.576935,-0.857527842860477
1.57694,-0.857651244631078
1.576945,-0.857774670911086
1.57695,-0.857898121706335
1.576955,-0.858021597022657
1.57696,-0.858145096865879
1.576965,-0.858268621241837
1.57697,-0.858392170156373
1.576975,-0.858515743615307
1.57698,-0.858639341624478
1.576985,-0.858762964189729
1.57699,-0.858886611316896
1.576995,-0.859010283011832
1.577,-0.859133979280361
1.577005,-0.859257700128336
1.57701,-0.859381445561605
1.577015,-0.859505215586007
1.57702,-0.85962901020741
1.577025,-0.85975282943164
1.57703,-0.859876673264556
1.577035,-0.860000541712013
1.57704,-0.860124434779867
1.577045,-0.860248352473983
1.57705,-0.860372294800198
1.577055,-0.860496261764381
1.57706,-0.860620253372397
1.577065,-0.860744269630095
1.57707,-0.860868310543362
1.577075,-0.860992376118039
1.57708,-0.861116466359999
1.577085,-0.861240581275113
1.57709,-0.861364720869246
1.577095,-0.861488885148277
1.5771,-0.861613074118083
1.577105,-0.861737287784511
1.57711,-0.861861526153465
1.577115,-0.861985789230806
1.57712,-0.862110077022415
1.577125,-0.862234389534184
1.57713,-0.862358726771977
1.577135,-0.862483088741682
1.57714,-0.86260747544919
1.577145,-0.862731886900377
1.57715,-0.862856323101141
1.577155,-0.862980784057362
1.57716,-0.863105269774929
1.577165,-0.863229780259741
1.57717,-0.863354315517691
1.577175,-0.86347887555468
1.57718,-0.863603460376581
1.577185,-0.86372806998931
1.57719,-0.863852704398761
1.577195,-0.863977363610837
1.5772,-0.864102047631451
1.577205,-0.864226756466485
1.57721,-0.864351490121854
1.577215,-0.864476248603467
1.57722,-0.864601031917227
1.577225,-0.864725840069048
1.57723,-0.864850673064853
1.577235,-0.864975530910533
1.57724,-0.86510041361201
1.577245,-0.865225321175202
1.57725,-0.865350253606028
1.577255,-0.865475210910412
1.57726,-0.865600193094259
1.577265,-0.865725200163495
1.57727,-0.865850232124054
1.577275,-0.865975288981848
1.57728,-0.866100370742818
1.577285,-0.866225477412876
1.57729,-0.866350608997956
1.577295,-0.866475765503992
1.5773,-0.866600946936919
1.577305,-0.866726153302672
1.57731,-0.866851384607175
1.577315,-0.866976640856371
1.57732,-0.8671019220562
1.577325,-0.867227228212597
1.57733,-0.86735255933151
1.577335,-0.867477915418885
1.57734,-0.867603296480657
1.577345,-0.867728702522771
1.57735,-0.867854133551176
1.577355,-0.867979589571824
1.57736,-0.868105070590678
1.577365,-0.868230576613667
1.57737,-0.868356107646754
1.577375,-0.868481663695896
1.57738,-0.868607244767041
1.577385,-0.868732850866166
1.57739,-0.868858481999211
1.577395,-0.868984138172142
1.5774,-0.869109819390922
1.577405,-0.869235525661519
1.57741,-0.869361256989907
1.577415,-0.869487013382031
1.57742,-0.869612794843865
1.577425,-0.869738601381397
1.57743,-0.869864433000577
1.577435,-0.8699902897074
1.57744,-0.870116171507822
1.577445,-0.870242078407819
1.57745,-0.870368010413378
1.577455,-0.870493967530471
1.57746,-0.870619949765092
1.577465,-0.870745957123215
1.57747,-0.870871989610818
1.577475,-0.870998047233892
1.57748,-0.871124129998416
1.577485,-0.871250237910387
1.57749,-0.871376370975807
1.577495,-0.871502529200637
1.5775,-0.871628712590892
1.577505,-0.871754921152559
1.57751,-0.871881154891631
1.577515,-0.872007413814119
1.57752,-0.872133697926011
1.577525,-0.8722600072333
1.57753,-0.872386341742004
1.577535,-0.872512701458113
1.57754,-0.872639086387651
1.577545,-0.872765496536603
1.57755,-0.872891931910982
1.577555,-0.873018392516799
1.57756,-0.873144878360076
1.577565,-0.87327138944682
1.57757,-0.873397925783035
1.577575,-0.873524487374746
1.57758,-0.873651074227965
1.577585,-0.873777686348712
1.57759,-0.873904323743008
1.577595,-0.874030986416887
1.5776,-0.874157674376352
1.577605,-0.874284387627438
1.57761,-0.874411126176172
1.577615,-0.874537890028573
1.57762,-0.874664679190694
1.577625,-0.874791493668535
1.57763,-0.874918333468146
1.577635,-0.875045198595553
1.57764,-0.875172089056796
1.577645,-0.875299004857928
1.57765,-0.875425946004956
1.577655,-0.875552912503936
1.57766,-0.875679904360912
1.577665,-0.875806921581924
1.57767,-0.875933964173025
1.577675,-0.876061032140244
1.57768,-0.876188125489639
1.577685,-0.876315244227259
1.57769,-0.876442388359156
1.577695,-0.876569557891384
1.5777,-0.876696752829989
1.577705,-0.876823973181029
1.57771,-0.876951218950563
1.577715,-0.877078490144647
1.57772,-0.877205786769345
1.577725,-0.877333108830723
1.57773,-0.877460456334829
1.577735,-0.877587829287742
1.57774,-0.877715227695516
1.577745,-0.877842651564228
1.57775,-0.877970100899949
1.577755,-0.878097575708746
1.57776,-0.87822507599668
1.577765,-0.878352601769842
1.57777,-0.878480153034294
1.577775,-0.878607729796132
1.57778,-0.878735332061412
1.577785,-0.878862959836228
1.57779,-0.878990613126647
1.577795,-0.879118291938772
1.5778,-0.87924599627868
1.577805,-0.879373726152452
1.57781,-0.879501481566173
1.577815,-0.87962926252594
1.57782,-0.87975706903784
1.577825,-0.879884901107979
1.57783,-0.880012758742425
1.577835,-0.880140641947292
1.57784,-0.880268550728669
1.577845,-0.880396485092659
1.57785,-0.88052444504536
1.577855,-0.880652430592879
1.57786,-0.880780441741311
1.577865,-0.880908478496756
1.57787,-0.881036540865331
1.577875,-0.881164628853143
1.57788,-0.881292742466307
1.577885,-0.881420881710911
1.57789,-0.881549046593086
1.577895,-0.88167723711894
1.5779,-0.88180545329459
1.577905,-0.881933695126165
1.57791,-0.882061962619759
1.577915,-0.882190255781504
1.57792,-0.882318574617522
1.577925,-0.882446919133941
1.57793,-0.882575289336883
1.577935,-0.882703685232473
1.57794,-0.882832106826832
1.577945,-0.882960554126094
1.57795,-0.883089027136391
1.577955,-0.883217525863866
1.57796,-0.883346050314633
1.577965,-0.883474600494836
1.57797,-0.883603176410619
1.577975,-0.88373177806811
1.57798,-0.883860405473457
1.577985,-0.883989058632809
1.57799,-0.884117737552287
1.577995,-0.884246442238046
1.578,-0.88437517269624
1.578005,-0.884503928933007
1.57801,-0.884632710954513
1.578015,-0.884761518766885
1.57802,-0.884890352376291
1.578025,-0.88501921178888
1.57803,-0.885148097010813
1.578035,-0.885277008048246
1.57804,-0.88540594490733
1.578045,-0.885534907594231
1.57805,-0.885663896115113
1.578055,-0.885792910476134
1.57806,-0.885921950683475
1.578065,-0.88605101674328
1.57807,-0.886180108661725
1.578075,-0.886309226444984
1.57808,-0.886438370099224
1.578085,-0.886567539630624
1.57809,-0.886696735045362
1.578095,-0.886825956349598
1.5781,-0.886955203549518
1.578105,-0.887084476651301
1.57811,-0.887213775661129
1.578115,-0.887343100585188
1.57812,-0.887472451429649
1.578125,-0.887601828200709
1.57813,-0.88773123090455
1.578135,-0.887860659547357
1.57814,-0.887990114135337
1.578145,-0.888119594674663
1.57815,-0.888249101171523
1.578155,-0.888378633632134
1.57816,-0.888508192062677
1.578165,-0.888637776469359
1.57817,-0.888767386858368
1.578175,-0.888897023235915
1.57818,-0.889026685608196
1.578185,-0.889156373981416
1.57819,-0.889286088361793
1.578195,-0.889415828755516
1.5782,-0.889545595168798
1.578205,-0.889675387607852
1.57821,-0.889805206078893
1.578215,-0.889935050588133
1.57822,-0.890064921141794
1.578225,-0.890194817746075
1.57823,-0.890324740407203
1.578235,-0.890454689131397
1.57824,-0.890584663924885
1.578245,-0.890714664793892
1.57825,-0.890844691744624
1.578255,-0.890974744783319
1.57826,-0.891104823916203
1.578265,-0.891234929149508
1.57827,-0.891365060489471
1.578275,-0.891495217942304
1.57828,-0.89162540151426
1.578285,-0.89175561121156
1.57829,-0.891885847040451
1.578295,-0.892016109007178
1.5783,-0.892146397117964
1.578305,-0.892276711379054
1.57831,-0.892407051796697
1.578315,-0.892537418377142
1.57832,-0.892667811126634
1.578325,-0.892798230051408
1.57833,-0.892928675157727
1.578335,-0.893059146451835
1.57834,-0.893189643939988
1.578345,-0.89332016762844
1.57835,-0.893450717523459
1.578355,-0.893581293631277
1.57836,-0.893711895958167
1.578365,-0.893842524510389
1.57837,-0.893973179294211
1.578375,-0.894103860315893
1.57838,-0.894234567581689
1.578385,-0.894365301097879
1.57839,-0.894496060870729
1.578395,-0.894626846906504
1.5784,-0.894757659211489
1.578405,-0.894888497791938
1.57841,-0.895019362654135
1.578415,-0.895150253804359
1.57842,-0.895281171248883
1.578425,-0.895412114994004
1.57843,-0.895543085045978
1.578435,-0.895674081411092
1.57844,-0.895805104095642
1.578445,-0.895936153105908
1.57845,-0.896067228448188
1.578455,-0.896198330128752
1.57846,-0.896329458153896
1.578465,-0.896460612529917
1.57847,-0.896591793263112
1.578475,-0.896723000359765
1.57848,-0.896854233826192
1.578485,-0.896985493668673
1.57849,-0.897116779893512
1.578495,-0.897248092507015
1.5785,-0.897379431515483
1.578505,-0.897510796925227
1.57851,-0.897642188742544
1.578515,-0.897773606973742
1.57852,-0.897905051625136
1.578525,-0.898036522703038
1.57853,-0.898168020213766
1.578535,-0.898299544163618
1.57854,-0.898431094558918
1.578545,-0.89856267140599
1.57855,-0.898694274711142
1.578555,-0.898825904480714
1.57856,-0.898957560721003
1.578565,-0.899089243438343
1.57857,-0.899220952639067
1.578575,-0.89935268832949
1.57858,-0.899484450515962
1.578585,-0.899616239204787
1.57859,-0.899748054402308
1.578595,-0.899879896114861
1.5786,-0.900011764348779
1.578605,-0.900143659110399
1.57861,-0.900275580406067
1.578615,-0.900407528242107
1.57862,-0.900539502624866
1.578625,-0.900671503560691
1.57863,-0.900803531055923
1.578635,-0.90093558511692
1.57864,-0.901067665750014
1.578645,-0.901199772961555
1.57865,-0.901331906757907
1.578655,-0.901464067145406
1.57866,-0.901596254130433
1.578665,-0.901728467719309
1.57867,-0.901860707918416
1.578675,-0.901992974734099
1.57868,-0.902125268172726
1.578685,-0.902257588240672
1.57869,-0.902389934944274
1.578695,-0.902522308289912
1.5787,-0.902654708283951
1.578705,-0.902787134932762
1.57871,-0.902919588242717
1.578715,-0.90305206822018
1.57872,-0.903184574871527
1.578725,-0.903317108203135
1.57873,-0.903449668221377
1.578735,-0.903582254932637
1.57874,-0.9037148683433
1.578745,-0.903847508459732
1.57875,-0.903980175288319
1.578755,-0.904112868835452
1.57876,-0.904245589107519
1.578765,-0.904378336110906
1.57877,-0.904511109851997
1.578775,-0.90464391033718
1.57878,-0.904776737572861
1.578785,-0.904909591565419
1.57879,-0.905042472321277
1.578795,-0.905175379846798
1.5788,-0.905308314148396
1.578805,-0.905441275232473
1.57881,-0.905574263105428
1.578815,-0.905707277773681
1.57882,-0.90584031924361
1.578825,-0.905973387521638
1.57883,-0.906106482614166
1.578835,-0.906239604527616
1.57884,-0.906372753268392
1.578845,-0.906505928842915
1.57885,-0.906639131257587
1.578855,-0.906772360518833
1.57886,-0.90690561663307
1.578865,-0.907038899606715
1.57887,-0.907172209446202
1.578875,-0.907305546157938
1.57888,-0.907438909748352
1.578885,-0.907572300223874
1.57889,-0.907705717590928
1.578895,-0.907839161855956
1.5789,-0.907972633025371
1.578905,-0.908106131105614
1.57891,-0.908239656103126
1.578915,-0.908373208024325
1.57892,-0.908506786875679
1.578925,-0.908640392663595
1.57893,-0.90877402539453
1.578935,-0.90890768507492
1.57894,-0.909041371711211
1.578945,-0.909175085309867
1.57895,-0.909308825877305
1.578955,-0.909442593419991
1.57896,-0.909576387944374
1.578965,-0.909710209456903
1.57897,-0.90984405796403
1.578975,-0.909977933472226
1.57898,-0.910111835987925
1.578985,-0.9102457655176
1.57899,-0.910379722067709
1.578995,-0.910513705644708
1.579,-0.910647716255078
1.579005,-0.910781753905259
1.57901,-0.910915818601731
1.579015,-0.911049910350963
1.57902,-0.91118402915942
1.579025,-0.911318175033591
1.57903,-0.911452347979925
1.579035,-0.911586548004907
1.57904,-0.911720775115012
1.579045,-0.91185502931672
1.57905,-0.911989310616526
1.579055,-0.912123619020875
1.57906,-0.912257954536277
1.579065,-0.912392317169211
1.57907,-0.91252670692616
1.579075,-0.912661123813622
1.57908,-0.912795567838073
1.579085,-0.912930039006012
1.57909,-0.913064537323923
1.579095,-0.913199062798308
1.5791,-0.913333615435661
1.579105,-0.913468195242492
1.57911,-0.913602802225278
1.579115,-0.913737436390534
1.57912,-0.913872097744749
1.579125,-0.914006786294446
1.57913,-0.914141502046129
1.579135,-0.914276245006288
1.57914,-0.914411015181438
1.579145,-0.914545812578093
1.57915,-0.914680637202772
1.579155,-0.914815489061986
1.57916,-0.914950368162239
1.579165,-0.915085274510056
1.57917,-0.915220208111955
1.579175,-0.91535516897446
1.57918,-0.915490157104094
1.579185,-0.91562517250737
1.57919,-0.915760215190819
1.579195,-0.915895285160969
1.5792,-0.916030382424344
1.579205,-0.916165506987491
1.57921,-0.916300658856921
1.579215,-0.916435838039172
1.57922,-0.91657104454078
1.579225,-0.916706278368291
1.57923,-0.916841539528234
1.579235,-0.916976828027159
1.57924,-0.917112143871588
1.579245,-0.917247487068079
1.57925,-0.917382857623176
1.579255,-0.917518255543421
1.57926,-0.917653680835376
1.579265,-0.917789133505568
1.57927,-0.917924613560553
1.579275,-0.918060121006898
1.57928,-0.91819565585115
1.579285,-0.91833121809987
1.57929,-0.918466807759605
1.579295,-0.918602424836921
1.5793,-0.91873806933838
1.579305,-0.918873741270541
1.57931,-0.919009440639984
1.579315,-0.919145167453252
1.57932,-0.91928092171692
1.579325,-0.919416703437561
1.57933,-0.91955251262175
1.579335,-0.919688349276062
1.57934,-0.919824213407056
1.579345,-0.919960105021318
1.57935,-0.920096024125419
1.579355,-0.920231970725947
1.57936,-0.920367944829481
1.579365,-0.920503946442609
1.57937,-0.920639975571898
1.579375,-0.920776032223944
1.57938,-0.92091211640533
1.579385,-0.921048228122655
1.57939,-0.921184367382515
1.579395,-0.921320534191477
1.5794,-0.921456728556152
1.579405,-0.921592950483133
1.57941,-0.921729199979019
1.579415,-0.921865477050415
1.57942,-0.922001781703901
1.579425,-0.922138113946091
1.57943,-0.922274473783598
1.579435,-0.922410861223015
1.57944,-0.922547276270963
1.579445,-0.922683718934033
1.57945,-0.922820189218845
1.579455,-0.922956687132009
1.57946,-0.923093212680139
1.579465,-0.923229765869864
1.57947,-0.923366346707775
1.579475,-0.923502955200504
1.57948,-0.923639591354677
1.579485,-0.923776255176907
1.57949,-0.923912946673824
1.579495,-0.924049665852056
1.5795,-0.924186412718217
1.579505,-0.924323187278941
1.57951,-0.924459989540866
1.579515,-0.924596819510615
1.57952,-0.924733677194831
1.579525,-0.92487056260014
1.57953,-0.925007475733176
1.579535,-0.925144416600592
1.57954,-0.925281385209011
1.579545,-0.925418381565097
1.57955,-0.925555405675472
1.579555,-0.925692457546786
1.57956,-0.925829537185693
1.579565,-0.925966644598836
1.57957,-0.926103779792876
1.579575,-0.926240942774445
1.57958,-0.926378133550208
1.579585,-0.92651535212682
1.57959,-0.926652598510935
1.579595,-0.926789872709215
1.5796,-0.926927174728329
1.579605,-0.927064504574914
1.57961,-0.927201862255652
1.579615,-0.927339247777201
1.57962,-0.927476661146231
1.579625,-0.927614102369417
1.57963,-0.927751571453416
1.579635,-0.927889068404898
1.57964,-0.928026593230551
1.579645,-0.928164145937036
1.57965,-0.928301726531049
1.579655,-0.928439335019246
1.57966,-0.928576971408317
1.579665,-0.928714635704941
1.57967,-0.928852327915806
1.579675,-0.928990048047601
1.57968,-0.929127796106997
1.579685,-0.929265572100691
1.57969,-0.929403376035374
1.579695,-0.929541207917736
1.5797,-0.929679067754483
1.579705,-0.929816955552287
1.57971,-0.929954871317856
1.579715,-0.930092815057883
1.57972,-0.930230786779079
1.579725,-0.930368786488134
1.57973,-0.930506814191772
1.579735,-0.93064486989667
1.57974,-0.930782953609547
1.579745,-0.930921065337114
1.57975,-0.931059205086074
1.579755,-0.931197372863157
1.57976,-0.931335568675049
1.579765,-0.931473792528483
1.57977,-0.931612044430167
1.579775,-0.931750324386822
1.57978,-0.931888632405179
1.579785,-0.93202696849194
1.57979,-0.932165332653837
1.579795,-0.9323037248976
1.5798,-0.932442145229948
1.579805,-0.932580593657622
1.57981,-0.932719070187337
1.579815,-0.932857574825829
1.57982,-0.932996107579827
1.579825,-0.933134668456079
1.57983,-0.933273257461324
1.579835,-0.933411874602275
1.57984,-0.933550519885692
1.579845,-0.933689193318306
1.57985,-0.933827894906875
1.579855,-0.933966624658128
1.57986,-0.934105382578835
1.579865,-0.934244168675718
1.57987,-0.934382982955538
1.579875,-0.934521825425042
1.57988,-0.934660696090992
1.579885,-0.934799594960143
1.57989,-0.934938522039242
1.579895,-0.935077477335052
1.5799,-0.935216460854336
1.579905,-0.935355472603853
1.57991,-0.935494512590378
1.579915,-0.935633580820652
1.57992,-0.935772677301459
1.579925,-0.935911802039559
1.57993,-0.93605095504173
1.579935,-0.936190136314753
1.57994,-0.936329345865377
1.579945,-0.936468583700389
1.57995,-0.936607849826566
1.579955,-0.936747144250684
1.57996,-0.936886466979541
1.579965,-0.937025818019898
1.57997,-0.937165197378535
1.579975,-0.93730460506225
1.57998,-0.937444041077828
1.579985,-0.937583505432055
1.57999,-0.937722998131733
1.579995,-0.937862519183637
1.58,-0.938002068594564
1.580005,-0.938141646371314
1.58001,-0.938281252520683
1.580015,-0.938420887049477
1.58002,-0.938560549964482
1.580025,-0.938700241272506
1.58003,-0.938839960980359
1.580035,-0.938979709094833
1.58004,-0.93911948562276
1.580045,-0.93925929057092
1.58005,-0.93939912394614
1.580055,-0.93953898575522
1.58006,-0.939678876004988
1.580065,-0.939818794702263
1.58007,-0.939958741853844
1.580075,-0.940098717466559
1.58008,-0.940238721547225
1.580085,-0.940378754102675
1.58009,-0.940518815139729
1.580095,-0.940658904665203
1.5801,-0.940799022685929
1.580105,-0.940939169208742
1.58011,-0.941079344240468
1.580115,-0.941219547787939
1.58012,-0.941359779858003
1.580125,-0.941500040457471
1.58013,-0.941640329593195
1.580135,-0.941780647272011
1.58014,-0.941920993500762
1.580145,-0.942061368286304
1.58015,-0.942201771635455
1.580155,-0.942342203555071
1.58016,-0.942482664052003
1.580165,-0.942623153133102
1.58017,-0.942763670805225
1.580175,-0.942904217075206
1.58018,-0.943044791949907
1.580185,-0.943185395436196
1.58019,-0.943326027540918
1.580195,-0.943466688270945
1.5802,-0.943607377633121
1.580205,-0.943748095634317
1.58021,-0.943888842281399
1.580215,-0.944029617581235
1.58022,-0.944170421540699
1.580225,-0.944311254166641
1.58023,-0.944452115465946
1.580235,-0.944593005445488
1.58024,-0.944733924112134
1.580245,-0.944874871472771
1.58025,-0.945015847534281
1.580255,-0.945156852303521
1.58026,-0.945297885787388
1.580265,-0.945438947992766
1.58027,-0.945580038926538
1.580275,-0.9457211585956
1.58028,-0.945862307006823
1.580285,-0.9460034841671
1.58029,-0.94614469008333
1.580295,-0.946285924762409
1.5803,-0.946427188211236
1.580305,-0.946568480436689
1.58031,-0.946709801445679
1.580315,-0.9468511512451
1.58032,-0.946992529841868
1.580325,-0.947133937242882
1.58033,-0.947275373455033
1.580335,-0.947416838485243
1.58034,-0.947558332340411
1.580345,-0.947699855027458
1.58035,-0.947841406553289
1.580355,-0.947982986924827
1.58036,-0.948124596148978
1.580365,-0.948266234232654
1.58037,-0.948407901182788
1.580375,-0.948549597006297
1.58038,-0.948691321710105
1.580385,-0.948833075301129
1.58039,-0.948974857786297
1.580395,-0.949116669172541
1.5804,-0.949258509466786
1.580405,-0.949400378675972
1.58041,-0.949542276807023
1.580415,-0.949684203866869
1.58042,-0.949826159862451
1.580425,-0.949968144800716
1.58043,-0.9501101586886
1.580435,-0.950252201533034
1.58044,-0.950394273340966
1.580445,-0.950536374119342
1.58045,-0.95067850387511
1.580455,-0.950820662615232
1.58046,-0.950962850346623
1.580465,-0.95110506707626
1.58047,-0.951247312811089
1.580475,-0.951389587558066
1.58048,-0.951531891324152
1.580485,-0.951674224116304
1.58049,-0.951816585941482
1.580495,-0.95195897680664
1.5805,-0.952101396718745
1.580505,-0.952243845684767
1.58051,-0.952386323711684
1.580515,-0.952528830806439
1.58052,-0.952671366976014
1.580525,-0.952813932227385
1.58053,-0.952956526567522
1.580535,-0.953099150003415
1.58054,-0.953241802542015
1.580545,-0.953384484190313
1.58055,-0.953527194955295
1.580555,-0.953669934843935
1.58056,-0.953812703863235
1.580565,-0.953955502020157
1.58057,-0.9540983293217
1.580575,-0.954241185774854
1.58058,-0.954384071386602
1.580585,-0.954526986163959
1.58059,-0.95466993011389
1.580595,-0.954812903243411
1.5806,-0.95495590555951
1.580605,-0.955098937069195
1.58061,-0.955241997779456
1.580615,-0.955385087697321
1.58062,-0.955528206829763
1.580625,-0.955671355183803
1.58063,-0.955814532766449
1.580635,-0.955957739584715
1.58064,-0.956100975645612
1.580645,-0.956244240956146
1.58065,-0.956387535523339
1.580655,-0.956530859354196
1.58066,-0.956674212455754
1.580665,-0.956817594835026
1.58067,-0.956961006499029
1.580675,-0.957104447454791
1.58068,-0.957247917709333
1.580685,-0.957391417269688
1.58069,-0.957534946142891
1.580695,-0.957678504335956
1.5807,-0.957822091855923
1.580705,-0.957965708709829
1.58071,-0.958109354904705
1.580715,-0.958253030447607
1.58072,-0.958396735345545
1.580725,-0.958540469605576
1.58073,-0.958684233234748
1.580735,-0.958828026240089
1.58074,-0.958971848628658
1.580745,-0.959115700407511
1.58075,-0.959259581583676
1.580755,-0.959403492164215
1.58076,-0.95954743215618
1.580765,-0.95969140156663
1.58077,-0.959835400402625
1.580775,-0.959979428671213
1.58078,-0.960123486379456
1.580785,-0.960267573534415
1.58079,-0.96041169014316
1.580795,-0.960555836212765
1.5808,-0.960700011750271
1.580805,-0.960844216762762
1.58081,-0.960988451257308
1.580815,-0.96113271524098
1.58082,-0.961277008720867
1.580825,-0.961421331704013
1.58083,-0.961565684197521
1.580835,-0.961710066208459
1.58084,-0.961854477743908
1.580845,-0.961998918810967
1.58085,-0.962143389416695
1.580855,-0.962287889568189
1.58086,-0.962432419272545
1.580865,-0.962576978536843
1.58087,-0.962721567368173
1.580875,-0.962866185773644
1.58088,-0.963010833760329
1.580885,-0.963155511335333
1.58089,-0.963300218505762
1.580895,-0.963444955278703
1.5809,-0.963589721661279
1.580905,-0.963734517660567
1.58091,-0.963879343283681
1.580915,-0.964024198537738
1.58092,-0.964169083429838
1.580925,-0.964313997967103
1.58093,-0.964458942156624
1.580935,-0.96460391600553
1.58094,-0.964748919520936
1.580945,-0.964893952709954
1.58095,-0.965039015579712
1.580955,-0.965184108137317
1.58096,-0.965329230389901
1.580965,-0.965474382344586
1.58097,-0.965619564008505
1.580975,-0.965764775388786
1.58098,-0.965910016492542
1.580985,-0.966055287326914
1.58099,-0.966200587899042
1.580995,-0.966345918216054
1.581,-0.966491278285083
1.581005,-0.966636668113282
1.58101,-0.96678208770778
1.581015,-0.966927537075714
1.58102,-0.967073016224234
1.581025,-0.967218525160488
1.58103,-0.96736406389163
1.581035,-0.967509632424787
1.58104,-0.967655230767123
1.581045,-0.967800858925788
1.58105,-0.967946516907942
1.581055,-0.968092204720739
1.58106,-0.968237922371328
1.581065,-0.968383669866873
1.58107,-0.96852944721454
1.581075,-0.968675254421484
1.58108,-0.968821091494883
1.581085,-0.968966958441882
1.58109,-0.969112855269669
1.581095,-0.969258781985402
1.5811,-0.969404738596255
1.581105,-0.969550725109404
1.58111,-0.969696741532039
1.581115,-0.969842787871303
1.58112,-0.969988864134398
1.581125,-0.970134970328495
1.58113,-0.970281106460779
1.581135,-0.970427272538447
1.58114,-0.970573468568667
1.581145,-0.970719694558625
1.58115,-0.970865950515517
1.581155,-0.971012236446537
1.58116,-0.971158552358886
1.581165,-0.971304898259736
1.58117,-0.971451274156294
1.581175,-0.971597680055759
1.58118,-0.971744115965326
1.581185,-0.971890581892211
1.58119,-0.972037077843599
1.581195,-0.972183603826704
1.5812,-0.972330159848728
1.581205,-0.972476745916884
1.58121,-0.972623362038386
1.581215,-0.972770008220436
1.58122,-0.972916684470252
1.581225,-0.973063390795046
1.58123,-0.973210127202046
1.581235,-0.973356893698459
1.58124,-0.97350369029152
1.581245,-0.973650516988436
1.58125,-0.973797373796436
1.581255,-0.973944260722746
1.58126,-0.974091177774601
1.581265,-0.974238124959232
1.58127,-0.974385102283856
1.581275,-0.97453210975571
1.58128,-0.974679147382032
1.581285,-0.974826215170065
1.58129,-0.974973313127043
1.581295,-0.9751204412602
1.5813,-0.975267599576784
1.581305,-0.975414788084034
1.58131,-0.9755620067892
1.581315,-0.975709255699539
1.58132,-0.975856534822281
1.581325,-0.97600384416468
1.58133,-0.976151183733992
1.581335,-0.976298553537475
1.58134,-0.976445953582395
1.581345,-0.976593383875984
1.58135,-0.976740844425517
1.581355,-0.976888335238251
1.58136,-0.977035856321458
1.581365,-0.977183407682391
1.58137,-0.977330989328331
1.581375,-0.977478601266528
1.58138,-0.977626243504261
1.581385,-0.977773916048803
1.58139,-0.977921618907423
1.581395,-0.97806935208742
1.5814,-0.978217115596033
1.581405,-0.978364909440566
1.58141,-0.978512733628289
1.581415,-0.978660588166488
1.58142,-0.978808473062463
1.581425,-0.978956388323472
1.58143,-0.97910433395682
1.581435,-0.979252309969791
1.58144,-0.97940031636968
1.581445,-0.97954835316379
1.58145,-0.979696420359391
1.581455,-0.979844517963797
1.58146,-0.979992645984301
1.581465,-0.980140804428205
1.58147,-0.980288993302822
1.581475,-0.980437212615434
1.58148,-0.980585462373361
1.581485,-0.980733742583904
1.58149,-0.980882053254377
1.581495,-0.981030394392088
1.5815,-0.981178766004363
1.581505,-0.981327168098491
1.58151,-0.981475600681804
1.581515,-0.981624063761617
1.58152,-0.981772557345252
1.581525,-0.981921081440038
1.58153,-0.98206963605328
1.581535,-0.98221822119231
1.58154,-0.98236683686446
1.581545,-0.982515483077054
1.58155,-0.98266415983744
1.581555,-0.982812867152923
1.58156,-0.982961605030846
1.581565,-0.98311037347855
1.58157,-0.983259172503372
1.581575,-0.983408002112656
1.58158,-0.983556862313729
1.581585,-0.983705753113939
1.58159,-0.983854674520638
1.581595,-0.984003626541171
1.5816,-0.984152609182885
1.581605,-0.984301622453126
1.58161,-0.984450666359245
1.581615,-0.984599740908597
1.58162,-0.984748846108542
1.581625,-0.984897981966433
1.58163,-0.985047148489641
1.581635,-0.985196345685506
1.58164,-0.985345573561401
1.581645,-0.985494832124689
1.58165,-0.985644121382739
1.581655,-0.985793441342926
1.58166,-0.985942792012602
1.581665,-0.986092173399148
1.58167,-0.986241585509932
1.581675,-0.986391028352339
1.58168,-0.986540501933751
1.581685,-0.986690006261521
1.58169,-0.986839541343048
1.581695,-0.986989107185706
1.5817,-0.987138703796888
1.581705,-0.987288331183983
1.58171,-0.987437989354361
1.581715,-0.987587678315425
1.58172,-0.987737398074555
1.581725,-0.987887148639157
1.58173,-0.988036930016631
1.581735,-0.98818674221435
1.58174,-0.988336585239722
1.581745,-0.988486459100151
1.58175,-0.988636363803038
1.581755,-0.988786299355791
1.58176,-0.988936265765815
1.581765,-0.989086263040503
1.58177,-0.989236291187277
1.581775,-0.989386350213539
1.58178,-0.989536440126711
1.581785,-0.989686560934219
1.58179,-0.989836712643445
1.581795,-0.989986895261831
1.5818,-0.99013710879679
1.581805,-0.990287353255744
1.58181,-0.990437628646132
1.581815,-0.990587934975355
1.58182,-0.990738272250842
1.581825,-0.990888640480038
1.58183,-0.99103903967036
1.581835,-0.991189469829253
1.58184,-0.991339930964136
1.581845,-0.991490423082457
1.58185,-0.991640946191647
1.581855,-0.991791500299144
1.58186,-0.991942085412393
1.581865,-0.992092701538846
1.58187,-0.992243348685934
1.581875,-0.992394026861107
1.58188,-0.992544736071815
1.581885,-0.992695476325505
1.58189,-0.992846247629644
1.581895,-0.992997049991667
1.5819,-0.993147883419038
1.581905,-0.993298747919208
1.58191,-0.993449643499645
1.581915,-0.993600570167818
1.58192,-0.993751527931165
1.581925,-0.993902516797172
1.58193,-0.994053536773294
1.581935,-0.994204587866998
1.58194,-0.994355670085776
1.581945,-0.994506783437075
1.58195,-0.99465792792837
1.581955,-0.994809103567146
1.58196,-0.994960310360879
1.581965,-0.99511154831706
1.58197,-0.995262817443142
1.581975,-0.995414117746621
1.58198,-0.995565449234988
1.581985,-0.995716811915725
1.58199,-0.995868205796317
1.581995,-0.996019630884261
1.582,-0.99617108718704
1.582005,-0.996322574712155
1.58201,-0.996474093467093
1.582015,-0.996625643459355
1.58202,-0.996777224696458
1.582025,-0.996928837185868
1.58203,-0.99708048093511
1.582035,-0.997232155951681
1.58204,-0.997383862243092
1.582045,-0.997535599816858
1.58205,-0.997687368680468
1.582055,-0.997839168841449
1.58206,-0.997991000307309
1.582065,-0.998142863085563
1.58207,-0.998294757183741
1.582075,-0.998446682609344
1.58208,-0.998598639369897
1.582085,-0.998750627472925
1.58209,-0.998902646925952
1.582095,-0.999054697736511
1.5821,-0.999206779912116
1.582105,-0.999358893460303
1.58211,-0.999511038388608
1.582115,-0.999663214704556
1.58212,-0.999815422415689
1.582125,-0.999967661529547
1.58213,-1.00011993205366
1.582135,-1.00027223399556
1.58214,-1.00042456736282
1.582145,-1.00057693216295
1.58215,-1.00072932840353
1.582155,-1.00088175609207
1.58216,-1.00103421523615
1.582165,-1.0011867058433
1.58217,-1.00133922792109
1.582175,-1.00149178147708
1.58218,-1.0016443665188
1.582185,-1.00179698305383
1.58219,-1.00194963108972
1.582195,-1.00210231063404
1.5822,-1.00225502169435
1.582205,-1.00240776427822
1.58221,-1.00256053839321
1.582215,-1.0027133440469
1.58222,-1.00286618124685
1.582225,-1.00301905000065
1.58223,-1.00317195031585
1.582235,-1.00332488220004
1.58224,-1.00347784566081
1.582245,-1.00363084070572
1.58225,-1.00378386734236
1.582255,-1.00393692557834
1.58226,-1.00409001542121
1.582265,-1.00424313687856
1.58227,-1.004396289958
1.582275,-1.0045494746671
1.58228,-1.00470269101348
1.582285,-1.00485593900471
1.58229,-1.0050092186484
1.582295,-1.00516252995214
1.5823,-1.00531587292353
1.582305,-1.0054692475702
1.58231,-1.00562265389971
1.582315,-1.0057760919197
1.58232,-1.00592956163776
1.582325,-1.0060830630615
1.58233,-1.00623659619855
1.582335,-1.00639016105651
1.58234,-1.00654375764298
1.582345,-1.0066973859656
1.58235,-1.00685104603198
1.582355,-1.00700473784975
1.58236,-1.00715846142651
1.582365,-1.00731221676991
1.58237,-1.00746600388755
1.582375,-1.00761982278708
1.58238,-1.00777367347612
1.582385,-1.00792755596231
1.58239,-1.00808147025327
1.582395,-1.00823541635664
1.5824,-1.00838939428005
1.582405,-1.00854340403115
1.58241,-1.0086974456176
1.582415,-1.008851519047
1.58242,-1.00900562432702
1.582425,-1.0091597614653
1.58243,-1.00931393046949
1.582435,-1.00946813134724
1.58244,-1.0096223641062
1.582445,-1.00977662875401
1.58245,-1.00993092529835
1.582455,-1.01008525374686
1.58246,-1.01023961410722
1.582465,-1.01039400638706
1.58247,-1.01054843059407
1.582475,-1.01070288673589
1.58248,-1.0108573748202
1.582485,-1.01101189485468
1.58249,-1.01116644684698
1.582495,-1.01132103080477
1.5825,-1.01147564673574
1.582505,-1.01163029464755
1.58251,-1.01178497454789
1.582515,-1.01193968644444
1.58252,-1.01209443034487
1.582525,-1.01224920625686
1.58253,-1.01240401418811
1.582535,-1.01255885414629
1.58254,-1.01271372613911
1.582545,-1.01286863017424
1.58255,-1.01302356625938
1.582555,-1.01317853440222
1.58256,-1.01333353461045
1.582565,-1.01348856689179
1.58257,-1.01364363125392
1.582575,-1.01379872770454
1.58258,-1.01395385625136
1.582585,-1.01410901690209
1.58259,-1.01426420966443
1.582595,-1.01441943454608
1.5826,-1.01457469155476
1.582605,-1.01472998069818
1.58261,-1.01488530198406
1.582615,-1.01504065542011
1.58262,-1.01519604101405
1.582625,-1.01535145877359
1.58263,-1.01550690870646
1.582635,-1.01566239082039
1.58264,-1.01581790512308
1.582645,-1.0159734516223
1.58265,-1.01612903032573
1.582655,-1.01628464124113
1.58266,-1.01644028437623
1.582665,-1.01659595973874
1.58267,-1.01675166733645
1.582675,-1.01690740717704
1.58268,-1.01706317926827
1.582685,-1.01721898361789
1.58269,-1.01737482023364
1.582695,-1.01753068912327
1.5827,-1.01768659029451
1.582705,-1.01784252375512
1.58271,-1.01799848951284
1.582715,-1.01815448757545
1.58272,-1.01831051795069
1.582725,-1.0184665806463
1.58273,-1.01862267567005
1.582735,-1.01877880302971
1.58274,-1.01893496273302
1.582745,-1.01909115478777
1.58275,-1.01924737920171
1.582755,-1.01940363598261
1.58276,-1.01955992513824
1.582765,-1.01971624667636
1.58277,-1.01987260060475
1.582775,-1.02002898693121
1.58278,-1.02018540566348
1.582785,-1.02034185680935
1.58279,-1.02049834037661
1.582795,-1.02065485637303
1.5828,-1.0208114048064
1.582805,-1.02096798568451
1.58281,-1.02112459901514
1.582815,-1.02128124480607
1.58282,-1.02143792306511
1.582825,-1.02159463380006
1.58283,-1.02175137701869
1.582835,-1.0219081527288
1.58284,-1.02206496093821
1.582845,-1.0222218016547
1.58285,-1.0223786748861
1.582855,-1.02253558064018
1.58286,-1.02269251892476
1.582865,-1.02284948974764
1.58287,-1.02300649311664
1.582875,-1.02316352903958
1.58288,-1.02332059752428
1.582885,-1.02347769857852
1.58289,-1.02363483221013
1.582895,-1.02379199842695
1.5829,-1.02394919723678
1.582905,-1.02410642864746
1.58291,-1.02426369266679
1.582915,-1.02442098930261
1.58292,-1.02457831856276
1.582925,-1.02473568045505
1.58293,-1.02489307498734
1.582935,-1.02505050216743
1.58294,-1.02520796200318
1.582945,-1.02536545450241
1.58295,-1.02552297967297
1.582955,-1.02568053752271
1.58296,-1.02583812805945
1.582965,-1.02599575129106
1.58297,-1.02615340722537
1.582975,-1.02631109587023
1.58298,-1.02646881723351
1.582985,-1.02662657132303
1.58299,-1.02678435814667
1.582995,-1.02694217771227
1.583,-1.0271000300277
1.583005,-1.02725791510082
1.58301,-1.0274158329395
1.583015,-1.02757378355157
1.58302,-1.02773176694493
1.583025,-1.02788978312743
1.58303,-1.02804783210694
1.583035,-1.02820591389134
1.58304,-1.0283640284885
1.583045,-1.02852217590629
1.58305,-1.02868035615258
1.583055,-1.02883856923527
1.58306,-1.02899681516223
1.583065,-1.02915509394133
1.58307,-1.02931340558048
1.583075,-1.02947175008753
1.58308,-1.0296301274704
1.583085,-1.02978853773698
1.58309,-1.02994698089513
1.583095,-1.03010545695278
1.5831,-1.03026396591779
1.583105,-1.03042250779809
1.58311,-1.03058108260157
1.583115,-1.03073969033611
1.58312,-1.03089833100964
1.583125,-1.03105700463004
1.58313,-1.03121571120524
1.583135,-1.03137445074313
1.58314,-1.03153322325165
1.583145,-1.03169202873867
1.58315,-1.03185086721213
1.583155,-1.03200973867994
1.58316,-1.03216864315001
1.583165,-1.03232758063029
1.58317,-1.03248655112866
1.583175,-1.03264555465306
1.58318,-1.03280459121142
1.583185,-1.03296366081167
1.58319,-1.03312276346174
1.583195,-1.03328189916954
1.5832,-1.03344106794302
1.583205,-1.03360026979011
1.58321,-1.03375950471875
1.583215,-1.03391877273689
1.58322,-1.03407807385244
1.583225,-1.03423740807336
1.58323,-1.03439677540758
1.583235,-1.03455617586307
1.58324,-1.03471560944776
1.583245,-1.03487507616962
1.58325,-1.03503457603657
1.583255,-1.03519410905658
1.58326,-1.0353536752376
1.583265,-1.03551327458759
1.58327,-1.03567290711453
1.583275,-1.03583257282634
1.58328,-1.03599227173101
1.583285,-1.03615200383649
1.58329,-1.03631176915076
1.583295,-1.03647156768179
1.5833,-1.03663139943754
1.583305,-1.03679126442597
1.58331,-1.03695116265507
1.583315,-1.03711109413282
1.58332,-1.0372710588672
1.583325,-1.03743105686616
1.58333,-1.03759108813771
1.583335,-1.03775115268982
1.58334,-1.03791125053048
1.583345,-1.03807138166769
1.58335,-1.03823154610942
1.583355,-1.03839174386366
1.58336,-1.03855197493841
1.583365,-1.03871223934165
1.58337,-1.0388725370814
1.583375,-1.03903286816566
1.58338,-1.0391932326024
1.583385,-1.03935363039965
1.58339,-1.03951406156539
1.583395,-1.03967452610764
1.5834,-1.03983502403443
1.583405,-1.03999555535372
1.58341,-1.04015612007356
1.583415,-1.04031671820193
1.58342,-1.04047734974688
1.583425,-1.04063801471643
1.58343,-1.04079871311855
1.583435,-1.04095944496131
1.58344,-1.0411202102527
1.583445,-1.04128100900077
1.58345,-1.04144184121354
1.583455,-1.04160270689902
1.58346,-1.04176360606526
1.583465,-1.04192453872028
1.58347,-1.04208550487212
1.583475,-1.04224650452882
1.58348,-1.04240753769841
1.583485,-1.04256860438893
1.58349,-1.04272970460842
1.583495,-1.04289083836493
1.5835,-1.0430520056665
1.583505,-1.04321320652119
1.58351,-1.04337444093703
1.583515,-1.04353570892207
1.58352,-1.04369701048438
1.583525,-1.043858345632
1.58353,-1.044019714373
1.583535,-1.04418111671543
1.58354,-1.04434255266734
1.583545,-1.04450402223681
1.58355,-1.0446655254319
1.583555,-1.04482706226067
1.58356,-1.04498863273119
1.583565,-1.04515023685152
1.58357,-1.04531187462975
1.583575,-1.04547354607395
1.58358,-1.04563525119219
1.583585,-1.04579698999254
1.58359,-1.04595876248309
1.583595,-1.04612056867191
1.5836,-1.0462824085671
1.583605,-1.04644428217673
1.58361,-1.04660618950889
1.583615,-1.04676813057168
1.58362,-1.04693010537317
1.583625,-1.04709211392146
1.58363,-1.04725415622465
1.583635,-1.04741623229085
1.58364,-1.04757834212812
1.583645,-1.04774048574459
1.58365,-1.04790266314834
1.583655,-1.0480648743475
1.58366,-1.04822711935016
1.583665,-1.04838939816443
1.58367,-1.04855171079841
1.583675,-1.04871405726022
1.58368,-1.04887643755797
1.583685,-1.0490388516998
1.58369,-1.04920129969378
1.583695,-1.04936378154806
1.5837,-1.04952629727075
1.583705,-1.04968884686998
1.58371,-1.04985143035387
1.583715,-1.05001404773055
1.58372,-1.05017669900814
1.583725,-1.05033938419478
1.58373,-1.05050210329859
1.583735,-1.05066485632772
1.58374,-1.05082764329029
1.583745,-1.05099046419445
1.58375,-1.05115331904832
1.583755,-1.05131620786007
1.58376,-1.05147913063782
1.583765,-1.05164208738974
1.58377,-1.05180507812394
1.583775,-1.0519681028486
1.58378,-1.05213116157185
1.583785,-1.05229425430186
1.58379,-1.0524573810468
1.583795,-1.05262054181478
1.5838,-1.05278373661399
1.583805,-1.05294696545259
1.58381,-1.05311022833872
1.583815,-1.05327352528058
1.58382,-1.05343685628631
1.583825,-1.05360022136408
1.58383,-1.05376362052206
1.583835,-1.05392705376843
1.58384,-1.05409052111137
1.583845,-1.05425402255904
1.58385,-1.05441755811962
1.583855,-1.05458112780129
1.58386,-1.05474473161223
1.583865,-1.05490836956065
1.58387,-1.05507204165469
1.583875,-1.05523574790257
1.58388,-1.05539948831246
1.583885,-1.05556326289255
1.58389,-1.05572707165105
1.583895,-1.05589091459616
1.5839,-1.05605479173604
1.583905,-1.05621870307892
1.58391,-1.05638264863299
1.583915,-1.05654662840645
1.58392,-1.05671064240752
1.583925,-1.05687469064438
1.58393,-1.05703877312525
1.583935,-1.05720288985834
1.58394,-1.05736704085187
1.583945,-1.05753122611405
1.58395,-1.05769544565308
1.583955,-1.05785969947719
1.58396,-1.05802398759459
1.583965,-1.05818831001352
1.58397,-1.0583526667422
1.583975,-1.05851705778884
1.58398,-1.05868148316167
1.583985,-1.05884594286892
1.58399,-1.05901043691883
1.583995,-1.05917496531962
1.584,-1.05933952807955
1.584005,-1.05950412520682
1.58401,-1.05966875670969
1.584015,-1.05983342259639
1.58402,-1.05999812287517
1.584025,-1.06016285755428
1.58403,-1.06032762664195
1.584035,-1.06049243014644
1.58404,-1.06065726807599
1.584045,-1.06082214043886
1.58405,-1.06098704724331
1.584055,-1.06115198849757
1.58406,-1.06131696420992
1.584065,-1.06148197438861
1.58407,-1.0616470190419
1.584075,-1.06181209817808
1.58408,-1.06197721180537
1.584085,-1.06214235993207
1.58409,-1.06230754256643
1.584095,-1.06247275971672
1.5841,-1.06263801139125
1.584105,-1.06280329759824
1.58411,-1.062968618346
1.584115,-1.0631339736428
1.58412,-1.06329936349692
1.584125,-1.06346478791665
1.58413,-1.06363024691027
1.584135,-1.06379574048606
1.58414,-1.0639612686523
1.584145,-1.0641268314173
1.58415,-1.06429242878934
1.584155,-1.06445806077672
1.58416,-1.06462372738773
1.584165,-1.06478942863067
1.58417,-1.06495516451384
1.584175,-1.06512093504553
1.58418,-1.06528674023407
1.584185,-1.06545258008774
1.58419,-1.06561845461485
1.584195,-1.06578436382372
1.5842,-1.06595030772265
1.584205,-1.06611628631998
1.58421,-1.06628229962398
1.584215,-1.066448347643
1.58422,-1.06661443038534
1.584225,-1.06678054785933
1.58423,-1.0669467000733
1.584235,-1.06711288703556
1.58424,-1.06727910875443
1.584245,-1.06744536523826
1.58425,-1.06761165649537
1.584255,-1.06777798253408
1.58426,-1.06794434336276
1.584265,-1.0681107389897
1.58427,-1.06827716942326
1.584275,-1.06844363467178
1.58428,-1.0686101347436
1.584285,-1.06877666964707
1.58429,-1.06894323939052
1.584295,-1.0691098439823
1.5843,-1.06927648343077
1.584305,-1.06944315774428
1.58431,-1.06960986693118
1.584315,-1.06977661099982
1.58432,-1.06994338995856
1.584325,-1.07011020381575
1.58433,-1.07027705257977
1.584335,-1.07044393625898
1.58434,-1.07061085486173
1.584345,-1.07077780839639
1.58435,-1.07094479687133
1.584355,-1.07111182029492
1.58436,-1.07127887867555
1.584365,-1.07144597202156
1.58437,-1.07161310034135
1.584375,-1.0717802636433
1.58438,-1.07194746193577
1.584385,-1.07211469522716
1.58439,-1.07228196352585
1.584395,-1.07244926684022
1.5844,-1.07261660517866
1.584405,-1.07278397854956
1.58441,-1.07295138696131
1.584415,-1.07311883042232
1.58442,-1.07328630894095
1.584425,-1.07345382252562
1.58443,-1.07362137118473
1.584435,-1.07378895492668
1.58444,-1.07395657375987
1.584445,-1.0741242276927
1.58445,-1.07429191673358
1.584455,-1.07445964089093
1.58446,-1.07462740017314
1.584465,-1.07479519458865
1.58447,-1.07496302414585
1.584475,-1.07513088885316
1.58448,-1.075298788719
1.584485,-1.07546672375179
1.58449,-1.07563469395997
1.584495,-1.07580269935194
1.5845,-1.07597073993613
1.584505,-1.07613881572097
1.58451,-1.07630692671491
1.584515,-1.07647507292634
1.58452,-1.07664325436375
1.584525,-1.07681147103552
1.58453,-1.07697972295012
1.584535,-1.07714801011598
1.58454,-1.07731633254154
1.584545,-1.07748469023525
1.58455,-1.07765308320555
1.584555,-1.07782151146088
1.58456,-1.0779899750097
1.584565,-1.07815847386046
1.58457,-1.07832700802161
1.584575,-1.07849557750161
1.58458,-1.07866418230891
1.584585,-1.07883282245197
1.58459,-1.07900149793925
1.584595,-1.07917020877922
1.5846,-1.07933895498034
1.584605,-1.07950773655106
1.58461,-1.07967655349988
1.584615,-1.07984540583525
1.58462,-1.08001429356565
1.584625,-1.08018321669955
1.58463,-1.08035217524542
1.584635,-1.08052116921174
1.58464,-1.08069019860701
1.584645,-1.08085926343968
1.58465,-1.08102836371826
1.584655,-1.08119749945123
1.58466,-1.08136667064707
1.584665,-1.08153587731426
1.58467,-1.08170511946132
1.584675,-1.08187439709673
1.58468,-1.08204371022898
1.584685,-1.08221305886656
1.58469,-1.082382443018
1.584695,-1.08255186269176
1.5847,-1.08272131789639
1.584705,-1.08289080864035
1.58471,-1.08306033493217
1.584715,-1.08322989678035
1.58472,-1.08339949419341
1.584725,-1.08356912717987
1.58473,-1.08373879574823
1.584735,-1.083908499907
1.58474,-1.08407823966471
1.584745,-1.08424801502988
1.58475,-1.08441782601104
1.584755,-1.08458767261671
1.58476,-1.0847575548554
1.584765,-1.08492747273565
1.58477,-1.085097426266
1.584775,-1.08526741545496
1.58478,-1.0854374403111
1.584785,-1.08560750084291
1.58479,-1.08577759705896
1.584795,-1.08594772896778
1.5848,-1.0861178965779
1.584805,-1.0862880998979
1.58481,-1.08645833893629
1.584815,-1.08662861370163
1.58482,-1.08679892420247
1.584825,-1.08696927044735
1.58483,-1.08713965244486
1.584835,-1.08731007020351
1.58484,-1.08748052373188
1.584845,-1.08765101303852
1.58485,-1.08782153813199
1.584855,-1.08799209902088
1.58486,-1.08816269571373
1.584865,-1.0883333282191
1.58487,-1.08850399654557
1.584875,-1.08867470070172
1.58488,-1.08884544069612
1.584885,-1.08901621653734
1.58489,-1.08918702823394
1.584895,-1.08935787579452
1.5849,-1.08952875922766
1.584905,-1.08969967854192
1.58491,-1.08987063374593
1.584915,-1.09004162484823
1.58492,-1.09021265185743
1.584925,-1.09038371478211
1.58493,-1.09055481363087
1.584935,-1.09072594841232
1.58494,-1.09089711913502
1.584945,-1.09106832580758
1.58495,-1.09123956843862
1.584955,-1.09141084703672
1.58496,-1.09158216161051
1.584965,-1.09175351216856
1.58497,-1.0919248987195
1.584975,-1.09209632127193
1.58498,-1.09226777983447
1.584985,-1.09243927441574
1.58499,-1.09261080502433
1.584995,-1.09278237166888
1.585,-1.092953974358
1.585005,-1.09312561310031
1.58501,-1.09329728790444
1.585015,-1.09346899877902
1.58502,-1.09364074573266
1.585025,-1.093812528774
1.58503,-1.09398434791166
1.585035,-1.09415620315429
1.58504,-1.09432809451053
1.585045,-1.09450002198898
1.58505,-1.09467198559831
1.585055,-1.09484398534715
1.58506,-1.09501602124414
1.585065,-1.09518809329796
1.58507,-1.09536020151719
1.585075,-1.09553234591053
1.58508,-1.09570452648662
1.585085,-1.09587674325409
1.58509,-1.09604899622164
1.585095,-1.09622128539788
1.5851,-1.09639361079148
1.585105,-1.09656597241111
1.58511,-1.09673837026544
1.585115,-1.09691080436312
1.58512,-1.09708327471281
1.585125,-1.09725578132319
1.58513,-1.09742832420292
1.585135,-1.09760090336068
1.58514,-1.09777351880514
1.585145,-1.09794617054499
1.58515,-1.09811885858888
1.585155,-1.09829158294552
1.58516,-1.09846434362356
1.585165,-1.09863714063171
1.58517,-1.09880997397864
1.585175,-1.09898284367304
1.58518,-1.09915574972361
1.585185,-1.09932869213902
1.58519,-1.09950167092798
1.585195,-1.09967468609919
1.5852,-1.09984773766133
1.585205,-1.10002082562311
1.58521,-1.10019394999323
1.585215,-1.10036711078038
1.58522,-1.1005403079933
1.585225,-1.10071354164065
1.58523,-1.10088681173117
1.585235,-1.10106011827356
1.58524,-1.10123346127653
1.585245,-1.10140684074882
1.58525,-1.10158025669911
1.585255,-1.10175370913613
1.58526,-1.10192719806861
1.585265,-1.10210072350527
1.58527,-1.10227428545483
1.585275,-1.10244788392603
1.58528,-1.10262151892757
1.585285,-1.1027951904682
1.58529,-1.10296889855666
1.585295,-1.10314264320166
1.5853,-1.10331642441196
1.585305,-1.10349024219628
1.58531,-1.10366409656336
1.585315,-1.10383798752196
1.58532,-1.10401191508081
1.585325,-1.10418587924866
1.58533,-1.10435988003426
1.585335,-1.10453391744634
1.58534,-1.10470799149368
1.585345,-1.10488210218502
1.58535,-1.10505624952913
1.585355,-1.10523043353474
1.58536,-1.10540465421062
1.585365,-1.10557891156555
1.58537,-1.10575320560827
1.585375,-1.10592753634756
1.58538,-1.10610190379218
1.585385,-1.10627630795089
1.58539,-1.10645074883248
1.585395,-1.10662522644571
1.5854,-1.10679974079937
1.585405,-1.10697429190223
1.58541,-1.10714887976306
1.585415,-1.10732350439064
1.58542,-1.10749816579377
1.585425,-1.10767286398122
1.58543,-1.10784759896179
1.585435,-1.10802237074425
1.58544,-1.10819717933741
1.585445,-1.10837202475004
1.58545,-1.10854690699096
1.585455,-1.10872182606897
1.58546,-1.10889678199283
1.585465,-1.10907177477137
1.58547,-1.10924680441339
1.585475,-1.10942187092769
1.58548,-1.10959697432309
1.585485,-1.10977211460837
1.58549,-1.10994729179236
1.585495,-1.11012250588387
1.5855,-1.11029775689171
1.585505,-1.11047304482469
1.58551,-1.11064836969166
1.585515,-1.1108237315014
1.58552,-1.11099913026276
1.585525,-1.11117456598454
1.58553,-1.11135003867559
1.585535,-1.11152554834473
1.58554,-1.11170109500077
1.585545,-1.11187667865257
1.58555,-1.11205229930894
1.585555,-1.11222795697874
1.58556,-1.11240365167081
1.585565,-1.11257938339395
1.58557,-1.11275515215704
1.585575,-1.1129309579689
1.58558,-1.11310680083839
1.585585,-1.11328268077436
1.58559,-1.11345859778565
1.585595,-1.1136345518811
1.5856,-1.11381054306959
1.585605,-1.11398657135996
1.58561,-1.11416263676108
1.585615,-1.11433873928179
1.58562,-1.11451487893096
1.585625,-1.11469105571745
1.58563,-1.11486726965013
1.585635,-1.11504352073786
1.58564,-1.11521980898953
1.585645,-1.11539613441399
1.58565,-1.11557249702012
1.585655,-1.11574889681678
1.58566,-1.11592533381287
1.585665,-1.11610180801727
1.58567,-1.11627831943883
1.585675,-1.11645486808646
1.58568,-1.11663145396903
1.585685,-1.11680807709545
1.58569,-1.11698473747459
1.585695,-1.11716143511532
1.5857,-1.11733817002657
1.585705,-1.11751494221722
1.58571,-1.11769175169617
1.585715,-1.11786859847232
1.58572,-1.11804548255455
1.585725,-1.11822240395178
1.58573,-1.11839936267291
1.585735,-1.11857635872685
1.58574,-1.11875339212251
1.585745,-1.1189304628688
1.58575,-1.11910757097462
1.585755,-1.11928471644889
1.58576,-1.11946189930053
1.585765,-1.11963911953845
1.58577,-1.1198163771716
1.585775,-1.11999367220886
1.58578,-1.12017100465917
1.585785,-1.12034837453146
1.58579,-1.12052578183466
1.585795,-1.1207032265777
1.5858,-1.1208807087695
1.585805,-1.12105822841899
1.58581,-1.12123578553514
1.585815,-1.12141338012684
1.58582,-1.12159101220308
1.585825,-1.12176868177276
1.58583,-1.12194638884484
1.585835,-1.12212413342826
1.58584,-1.12230191553197
1.585845,-1.12247973516494
1.58585,-1.12265759233608
1.585855,-1.12283548705438
1.58586,-1.12301341932877
1.585865,-1.12319138916822
1.58587,-1.12336939658171
1.585875,-1.12354744157816
1.58588,-1.12372552416655
1.585885,-1.12390364435584
1.58589,-1.12408180215502
1.585895,-1.12425999757303
1.5859,-1.12443823061887
1.585905,-1.12461650130149
1.58591,-1.12479480962987
1.585915,-1.12497315561298
1.58592,-1.12515153925982
1.585925,-1.12532996057936
1.58593,-1.12550841958058
1.585935,-1.12568691627246
1.58594,-1.12586545066399
1.585945,-1.12604402276416
1.58595,-1.12622263258199
1.585955,-1.12640128012642
1.58596,-1.12657996540647
1.585965,-1.12675868843114
1.58597,-1.12693744920942
1.585975,-1.12711624775033
1.58598,-1.12729508406284
1.585985,-1.12747395815598
1.58599,-1.12765287003874
1.585995,-1.12783181972014
1.586,-1.1280108072092
1.586005,-1.1281898325149
1.58601,-1.12836889564628
1.586015,-1.12854799661235
1.58602,-1.12872713542212
1.586025,-1.12890631208463
1.58603,-1.1290855266089
1.586035,-1.12926477900392
1.58604,-1.12944406927875
1.586045,-1.12962339744241
1.58605,-1.12980276350392
1.586055,-1.12998216747234
1.58606,-1.13016160935667
1.586065,-1.13034108916596
1.58607,-1.13052060690924
1.586075,-1.13070016259556
1.58608,-1.13087975623398
1.586085,-1.1310593878335
1.58609,-1.13123905740319
1.586095,-1.1314187649521
1.5861,-1.13159851048928
1.586105,-1.13177829402378
1.58611,-1.13195811556464
1.586115,-1.13213797512093
1.58612,-1.13231787270171
1.586125,-1.13249780831602
1.58613,-1.13267778197296
1.586135,-1.13285779368155
1.58614,-1.13303784345088
1.586145,-1.13321793129
1.58615,-1.133398057208
1.586155,-1.13357822121394
1.58616,-1.13375842331691
1.586165,-1.13393866352595
1.58617,-1.13411894185016
1.586175,-1.13429925829862
1.58618,-1.13447961288041
1.586185,-1.13466000560462
1.58619,-1.13484043648031
1.586195,-1.13502090551659
1.5862,-1.13520141272254
1.586205,-1.13538195810725
1.58621,-1.13556254167983
1.586215,-1.13574316344935
1.58622,-1.13592382342492
1.586225,-1.13610452161563
1.58623,-1.13628525803059
1.586235,-1.13646603267892
1.58624,-1.13664684556968
1.586245,-1.13682769671201
1.58625,-1.13700858611501
1.586255,-1.13718951378779
1.58626,-1.13737047973946
1.586265,-1.13755148397916
1.58627,-1.13773252651597
1.586275,-1.13791360735902
1.58628,-1.13809472651744
1.586285,-1.13827588400034
1.58629,-1.13845707981687
1.586295,-1.13863831397612
1.5863,-1.13881958648724
1.586305,-1.13900089735935
1.58631,-1.1391822466016
1.586315,-1.13936363422312
1.58632,-1.13954506023302
1.586325,-1.13972652464046
1.58633,-1.13990802745459
1.586335,-1.14008956868454
1.58634,-1.14027114833945
1.586345,-1.14045276642847
1.58635,-1.14063442296074
1.586355,-1.14081611794543
1.58636,-1.14099785139167
1.586365,-1.14117962330865
1.58637,-1.14136143370548
1.586375,-1.14154328259134
1.58638,-1.14172516997539
1.586385,-1.14190709586679
1.58639,-1.1420890602747
1.586395,-1.14227106320831
1.5864,-1.14245310467675
1.586405,-1.14263518468921
1.58641,-1.14281730325487
1.586415,-1.14299946038288
1.58642,-1.14318165608245
1.586425,-1.14336389036272
1.58643,-1.14354616323288
1.586435,-1.14372847470213
1.58644,-1.14391082477964
1.586445,-1.14409321347461
1.58645,-1.1442756407962
1.586455,-1.14445810675362
1.58646,-1.14464061135605
1.586465,-1.14482315461269
1.58647,-1.14500573653275
1.586475,-1.14518835712541
1.58648,-1.14537101639986
1.586485,-1.14555371436531
1.58649,-1.14573645103097
1.586495,-1.14591922640605
1.5865,-1.14610204049975
1.586505,-1.14628489332127
1.58651,-1.14646778487983
1.586515,-1.14665071518465
1.58652,-1.14683368424493
1.586525,-1.14701669206991
1.58653,-1.14719973866878
1.586535,-1.14738282405078
1.58654,-1.14756594822513
1.586545,-1.14774911120105
1.58655,-1.14793231298778
1.586555,-1.14811555359453
1.58656,-1.14829883303054
1.586565,-1.14848215130505
1.58657,-1.14866550842728
1.586575,-1.14884890440649
1.58658,-1.14903233925189
1.586585,-1.14921581297274
1.58659,-1.14939932557828
1.586595,-1.14958287707775
1.5866,-1.1497664674804
1.586605,-1.14995009679548
1.58661,-1.15013376503223
1.586615,-1.15031747219992
1.58662,-1.15050121830779
1.586625,-1.15068500336511
1.58663,-1.15086882738113
1.586635,-1.15105269036511
1.58664,-1.15123659232631
1.586645,-1.151420533274
1.58665,-1.15160451321745
1.586655,-1.15178853216593
1.58666,-1.15197259012869
1.586665,-1.15215668711502
1.58667,-1.1523408231342
1.586675,-1.15252499819548
1.58668,-1.15270921230818
1.586685,-1.15289346548155
1.58669,-1.15307775772486
1.586695,-1.15326208904743
1.5867,-1.15344645945852
1.586705,-1.15363086896744
1.58671,-1.15381531758345
1.586715,-1.15399980531586
1.58672,-1.15418433217398
1.586725,-1.15436889816707
1.58673,-1.15455350330447
1.586735,-1.15473814759545
1.58674,-1.15492283104931
1.586745,-1.15510755367536
1.58675,-1.15529231548292
1.586755,-1.1554771164813
1.58676,-1.15566195667977
1.586765,-1.15584683608769
1.58677,-1.15603175471434
1.586775,-1.15621671256905
1.58678,-1.15640170966115
1.586785,-1.15658674599995
1.58679,-1.15677182159475
1.586795,-1.1569569364549
1.5868,-1.15714209058971
1.586805,-1.15732728400853
1.58681,-1.15751251672068
1.586815,-1.15769778873547
1.58682,-1.15788310006226
1.586825,-1.15806845071037
1.58683,-1.15825384068914
1.586835,-1.15843927000794
1.58684,-1.15862473867605
1.586845,-1.15881024670286
1.58685,-1.15899579409771
1.586855,-1.15918138086994
1.58686,-1.15936700702891
1.586865,-1.15955267258395
1.58687,-1.15973837754442
1.586875,-1.15992412191969
1.58688,-1.1601099057191
1.586885,-1.16029572895203
1.58689,-1.16048159162782
1.586895,-1.16066749375584
1.5869,-1.16085343534546
1.586905,-1.16103941640605
1.58691,-1.16122543694696
1.586915,-1.1614114969776
1.58692,-1.16159759650729
1.586925,-1.16178373554545
1.58693,-1.16196991410142
1.586935,-1.16215613218462
1.58694,-1.16234238980441
1.586945,-1.16252868697016
1.58695,-1.16271502369127
1.586955,-1.16290139997712
1.58696,-1.16308781583711
1.586965,-1.16327427128064
1.58697,-1.16346076631707
1.586975,-1.16364730095581
1.58698,-1.16383387520626
1.586985,-1.16402048907783
1.58699,-1.16420714257991
1.586995,-1.16439383572189
1.587,-1.16458056851318
1.587005,-1.1647673409632
1.58701,-1.16495415308135
1.587015,-1.16514100487705
1.58702,-1.16532789635971
1.587025,-1.16551482753872
1.58703,-1.16570179842352
1.587035,-1.16588880902353
1.58704,-1.16607585934816
1.587045,-1.16626294940686
1.58705,-1.166450079209
1.587055,-1.16663724876406
1.58706,-1.16682445808143
1.587065,-1.16701170717057
1.58707,-1.1671989960409
1.587075,-1.16738632470185
1.58708,-1.16757369316285
1.587085,-1.16776110143336
1.58709,-1.1679485495228
1.587095,-1.16813603744064
1.5871,-1.16832356519629
1.587105,-1.16851113279922
1.58711,-1.16869874025886
1.587115,-1.16888638758467
1.58712,-1.16907407478611
1.587125,-1.16926180187262
1.58713,-1.16944956885366
1.587135,-1.16963737573869
1.58714,-1.16982522253717
1.587145,-1.17001310925856
1.58715,-1.17020103591234
1.587155,-1.17038900250795
1.58716,-1.17057700905487
1.587165,-1.17076505556257
1.58717,-1.17095314204052
1.587175,-1.17114126849821
1.58718,-1.17132943494509
1.587185,-1.17151764139064
1.58719,-1.17170588784436
1.587195,-1.17189417431571
1.5872,-1.1720825008142
1.587205,-1.17227086734929
1.58721,-1.17245927393048
1.587215,-1.17264772056726
1.58722,-1.17283620726911
1.587225,-1.17302473404554
1.58723,-1.17321330090604
1.587235,-1.1734019078601
1.58724,-1.17359055491722
1.587245,-1.1737792420869
1.58725,-1.17396796937868
1.587255,-1.17415673680201
1.58726,-1.17434554436643
1.587265,-1.17453439208144
1.58727,-1.17472327995655
1.587275,-1.17491220800128
1.58728,-1.17510117622516
1.587285,-1.17529018463766
1.58729,-1.17547923324834
1.587295,-1.17566832206671
1.5873,-1.17585745110229
1.587305,-1.17604662036463
1.58731,-1.17623582986321
1.587315,-1.17642507960759
1.58732,-1.1766143696073
1.587325,-1.17680369987186
1.58733,-1.17699307041083
1.587335,-1.17718248123372
1.58734,-1.17737193235007
1.587345,-1.17756142376944
1.58735,-1.17775095550136
1.587355,-1.1779405275554
1.58736,-1.17813013994106
1.587365,-1.17831979266792
1.58737,-1.17850948574552
1.587375,-1.17869921918343
1.58738,-1.1788889929912
1.587385,-1.17907880717836
1.58739,-1.17926866175449
1.587395,-1.17945855672915
1.5874,-1.1796484921119
1.587405,-1.17983846791231
1.58741,-1.18002848413996
1.587415,-1.18021854080438
1.58742,-1.18040863791516
1.587425,-1.18059877548188
1.58743,-1.18078895351411
1.587435,-1.18097917202143
1.58744,-1.1811694310134
1.587445,-1.18135973049962
1.58745,-1.18155007048967
1.587455,-1.18174045099313
1.58746,-1.1819308720196
1.587465,-1.18212133357864
1.58747,-1.18231183567985
1.587475,-1.18250237833284
1.58748,-1.18269296154719
1.587485,-1.1828835853325
1.58749,-1.18307424969837
1.587495,-1.18326495465439
1.5875,-1.18345570021017
1.587505,-1.18364648637531
1.58751,-1.18383731315943
1.587515,-1.18402818057212
1.58752,-1.18421908862299
1.587525,-1.18441003732167
1.58753,-1.18460102667776
1.587535,-1.18479205670088
1.58754,-1.18498312740065
1.587545,-1.18517423878669
1.58755,-1.18536539086861
1.587555,-1.18555658365604
1.58756,-1.18574781715861
1.587565,-1.18593909138596
1.58757,-1.1861304063477
1.587575,-1.18632176205346
1.58758,-1.18651315851289
1.587585,-1.1867045957356
1.58759,-1.18689607373127
1.587595,-1.1870875925095
1.5876,-1.18727915207995
1.587605,-1.18747075245224
1.58761,-1.18766239363605
1.587615,-1.18785407564103
1.58762,-1.18804579847679
1.587625,-1.18823756215301
1.58763,-1.18842936667933
1.587635,-1.18862121206542
1.58764,-1.18881309832093
1.587645,-1.18900502545552
1.58765,-1.18919699347884
1.587655,-1.18938900240056
1.58766,-1.18958105223035
1.587665,-1.18977314297788
1.58767,-1.18996527465283
1.587675,-1.19015744726484
1.58768,-1.1903496608236
1.587685,-1.19054191533878
1.58769,-1.19073421082006
1.587695,-1.19092654727714
1.5877,-1.19111892471966
1.587705,-1.19131134315733
1.58771,-1.19150380259983
1.587715,-1.19169630305683
1.58772,-1.19188884453806
1.587725,-1.19208142705318
1.58773,-1.19227405061188
1.587735,-1.19246671522386
1.58774,-1.19265942089882
1.587745,-1.19285216764647
1.58775,-1.1930449554765
1.587755,-1.19323778439859
1.58776,-1.19343065442248
1.587765,-1.19362356555786
1.58777,-1.19381651781444
1.587775,-1.19400951120195
1.58778,-1.19420254573007
1.587785,-1.19439562140852
1.58779,-1.19458873824703
1.587795,-1.19478189625532
1.5878,-1.19497509544311
1.587805,-1.1951683358201
1.58781,-1.19536161739604
1.587815,-1.19555494018064
1.58782,-1.19574830418364
1.587825,-1.19594170941478
1.58783,-1.19613515588376
1.587835,-1.19632864360032
1.58784,-1.19652217257423
1.587845,-1.19671574281519
1.58785,-1.19690935433297
1.587855,-1.19710300713729
1.58786,-1.1972967012379
1.587865,-1.19749043664455
1.58787,-1.19768421336698
1.587875,-1.19787803141496
1.58788,-1.19807189079822
1.587885,-1.19826579152651
1.58789,-1.1984597336096
1.587895,-1.19865371705725
1.5879,-1.19884774187921
1.587905,-1.19904180808526
1.58791,-1.19923591568514
1.587915,-1.19943006468862
1.58792,-1.19962425510548
1.587925,-1.19981848694547
1.58793,-1.2000127602184
1.587935,-1.20020707493399
1.58794,-1.20040143110205
1.587945,-1.20059582873235
1.58795,-1.20079026783467
1.587955,-1.2009847484188
1.58796,-1.20117927049451
1.587965,-1.20137383407158
1.58797,-1.20156843915981
1.587975,-1.20176308576898
1.58798,-1.20195777390891
1.587985,-1.20215250358935
1.58799,-1.20234727482011
1.587995,-1.202542087611
1.588,-1.20273694197181
1.588005,-1.20293183791236
1.58801,-1.20312677544241
1.588015,-1.2033217545718
1.58802,-1.20351677531032
1.588025,-1.20371183766779
1.58803,-1.20390694165401
1.588035,-1.20410208727882
1.58804,-1.20429727455199
1.588045,-1.20449250348337
1.58805,-1.20468777408276
1.588055,-1.20488308636
1.58806,-1.20507844032491
1.588065,-1.20527383598729
1.58807,-1.20546927335699
1.588075,-1.20566475244383
1.58808,-1.20586027325764
1.588085,-1.20605583580827
1.58809,-1.20625144010552
1.588095,-1.20644708615925
1.5881,-1.20664277397929
1.588105,-1.20683850357549
1.58811,-1.20703427495769
1.588115,-1.20723008813572
1.58812,-1.20742594311944
1.588125,-1.20762183991869
1.58813,-1.20781777854333
1.588135,-1.20801375900322
1.58814,-1.20820978130817
1.588145,-1.20840584546808
1.58815,-1.2086019514928
1.588155,-1.20879809939217
1.58816,-1.20899428917608
1.588165,-1.20919052085438
1.58817,-1.20938679443692
1.588175,-1.20958310993359
1.58818,-1.20977946735425
1.588185,-1.20997586670878
1.58819,-1.21017230800705
1.588195,-1.21036879125893
1.5882,-1.2105653164743
1.588205,-1.21076188366302
1.58821,-1.21095849283502
1.588215,-1.21115514400015
1.58822,-1.21135183716829
1.588225,-1.21154857234934
1.58823,-1.21174534955318
1.588235,-1.21194216878972
1.58824,-1.21213903006885
1.588245,-1.21233593340043
1.58825,-1.2125328787944
1.588255,-1.21272986626063
1.58826,-1.21292689580904
1.588265,-1.21312396744954
1.58827,-1.213321081192
1.588275,-1.21351823704635
1.58828,-1.2137154350225
1.588285,-1.21391267513036
1.58829,-1.21410995737983
1.588295,-1.21430728178086
1.5883,-1.21450464834331
1.588305,-1.21470205707715
1.58831,-1.21489950799227
1.588315,-1.21509700109861
1.58832,-1.21529453640609
1.588325,-1.21549211392463
1.58833,-1.21568973366415
1.588335,-1.21588739563461
1.58834,-1.21608509984592
1.588345,-1.21628284630802
1.58835,-1.21648063503084
1.588355,-1.21667846602432
1.58836,-1.21687633929841
1.588365,-1.21707425486304
1.58837,-1.21727221272818
1.588375,-1.21747021290374
1.58838,-1.21766825539967
1.588385,-1.21786634022595
1.58839,-1.21806446739251
1.588395,-1.21826263690932
1.5884,-1.21846084878632
1.588405,-1.21865910303346
1.58841,-1.21885739966072
1.588415,-1.21905573867805
1.58842,-1.21925412009541
1.588425,-1.2194525439228
1.58843,-1.21965101017014
1.588435,-1.21984951884742
1.58844,-1.22004806996461
1.588445,-1.22024666353169
1.58845,-1.22044529955863
1.588455,-1.2206439780554
1.58846,-1.22084269903199
1.588465,-1.22104146249838
1.58847,-1.22124026846454
1.588475,-1.22143911694048
1.58848,-1.22163800793616
1.588485,-1.22183694146158
1.58849,-1.22203591752673
1.588495,-1.22223493614161
1.5885,-1.22243399731623
1.588505,-1.22263310106054
1.58851,-1.22283224738457
1.588515,-1.22303143629831
1.58852,-1.22323066781177
1.588525,-1.22342994193495
1.58853,-1.22362925867788
1.588535,-1.22382861805053
1.58854,-1.22402802006292
1.588545,-1.22422746472508
1.58855,-1.22442695204701
1.588555,-1.22462648203875
1.58856,-1.22482605471028
1.588565,-1.22502567007164
1.58857,-1.22522532813285
1.588575,-1.22542502890393
1.58858,-1.22562477239493
1.588585,-1.22582455861584
1.58859,-1.22602438757671
1.588595,-1.22622425928757
1.5886,-1.22642417375846
1.588605,-1.22662413099942
1.58861,-1.22682413102047
1.588615,-1.22702417383164
1.58862,-1.227224259443
1.588625,-1.22742438786458
1.58863,-1.22762455910644
1.588635,-1.2278247731786
1.58864,-1.22802503009113
1.588645,-1.22822532985407
1.58865,-1.22842567247747
1.588655,-1.2286260579714
1.58866,-1.22882648634593
1.588665,-1.22902695761108
1.58867,-1.22922747177694
1.588675,-1.22942802885355
1.58868,-1.229628628851
1.588685,-1.22982927177935
1.58869,-1.23002995764865
1.588695,-1.23023068646898
1.5887,-1.23043145825043
1.588705,-1.23063227300305
1.58871,-1.23083313073695
1.588715,-1.23103403146217
1.58872,-1.23123497518881
1.588725,-1.23143596192694
1.58873,-1.23163699168666
1.588735,-1.23183806447806
1.58874,-1.23203918031121
1.588745,-1.2322403391962
1.58875,-1.23244154114314
1.588755,-1.23264278616211
1.58876,-1.23284407426322
1.588765,-1.23304540545655
1.58877,-1.2332467797522
1.588775,-1.23344819716028
1.58878,-1.23364965769089
1.588785,-1.23385116135415
1.58879,-1.23405270816016
1.588795,-1.23425429811902
1.5888,-1.23445593124084
1.588805,-1.23465760753574
1.58881,-1.23485932701384
1.588815,-1.23506108968527
1.58882,-1.23526289556012
1.588825,-1.23546474464851
1.58883,-1.23566663696059
1.588835,-1.23586857250646
1.58884,-1.23607055129628
1.588845,-1.23627257334014
1.58885,-1.23647463864818
1.588855,-1.23667674723055
1.58886,-1.23687889909738
1.588865,-1.2370810942588
1.58887,-1.23728333272495
1.588875,-1.23748561450596
1.58888,-1.23768793961199
1.588885,-1.23789030805318
1.58889,-1.23809271983968
1.588895,-1.23829517498163
1.5889,-1.23849767348917
1.588905,-1.23870021537247
1.58891,-1.23890280064168
1.588915,-1.23910542930696
1.58892,-1.23930810137846
1.588925,-1.23951081686634
1.58893,-1.23971357578076
1.588935,-1.23991637813188
1.58894,-1.24011922392988
1.588945,-1.24032211318494
1.58895,-1.24052504590719
1.588955,-1.24072802210682
1.58896,-1.24093104179401
1.588965,-1.24113410497893
1.58897,-1.24133721167176
1.588975,-1.24154036188267
1.58898,-1.24174355562185
1.588985,-1.24194679289948
1.58899,-1.24215007372575
1.588995,-1.24235339811085
1.589,-1.24255676606494
1.589005,-1.24276017759824
1.58901,-1.24296363272093
1.589015,-1.24316713144321
1.58902,-1.24337067377529
1.589025,-1.24357425972734
1.58903,-1.24377788930958
1.589035,-1.2439815625322
1.58904,-1.24418527940541
1.589045,-1.24438903993941
1.58905,-1.24459284414444
1.589055,-1.24479669203067
1.58906,-1.24500058360832
1.589065,-1.24520451888762
1.58907,-1.24540849787877
1.589075,-1.245612520592
1.58908,-1.24581658703752
1.589085,-1.24602069722555
1.58909,-1.24622485116633
1.589095,-1.24642904887006
1.5891,-1.246633290347
1.589105,-1.24683757560734
1.58911,-1.24704190466134
1.589115,-1.24724627751922
1.58912,-1.24745069419122
1.589125,-1.2476551546876
1.58913,-1.24785965901855
1.589135,-1.24806420719434
1.58914,-1.24826879922521
1.589145,-1.2484734351214
1.58915,-1.24867811489317
1.589155,-1.24888283855075
1.58916,-1.2490876061044
1.589165,-1.24929241756437
1.58917,-1.24949727294092
1.589175,-1.24970217224429
1.58918,-1.24990711548477
1.589185,-1.25011210267258
1.58919,-1.25031713381801
1.589195,-1.25052220893131
1.5892,-1.25072732802275
1.589205,-1.25093249110261
1.58921,-1.25113769818114
1.589215,-1.25134294926862
1.58922,-1.25154824437532
1.589225,-1.25175358351152
1.58923,-1.25195896668751
1.589235,-1.25216439391354
1.58924,-1.2523698651999
1.589245,-1.25257538055688
1.58925,-1.25278093999477
1.589255,-1.25298654352386
1.58926,-1.25319219115441
1.589265,-1.25339788289674
1.58927,-1.25360361876113
1.589275,-1.25380939875787
1.58928,-1.25401522289727
1.589285,-1.25422109118963
1.58929,-1.25442700364524
1.589295,-1.25463296027438
1.5893,-1.2548389610874
1.589305,-1.25504500609457
1.58931,-1.25525109530623
1.589315,-1.25545722873266
1.58932,-1.25566340638419
1.589325,-1.25586962827111
1.58933,-1.25607589440376
1.589335,-1.25628220479247
1.58934,-1.25648855944752
1.589345,-1.25669495837925
1.58935,-1.25690140159798
1.589355,-1.25710788911404
1.58936,-1.25731442093778
1.589365,-1.25752099707947
1.58937,-1.25772761754949
1.589375,-1.25793428235816
1.58938,-1.2581409915158
1.589385,-1.25834774503277
1.58939,-1.2585545429194
1.589395,-1.25876138518602
1.5894,-1.25896827184298
1.589405,-1.25917520290062
1.58941,-1.25938217836929
1.589415,-1.25958919825936
1.58942,-1.25979626258114
1.589425,-1.260003371345
1.58943,-1.26021052456129
1.589435,-1.26041772224037
1.58944,-1.26062496439261
1.589445,-1.26083225102834
1.58945,-1.26103958215794
1.589455,-1.26124695779178
1.58946,-1.2614543779402
1.589465,-1.2616618426136
1.58947,-1.26186935182232
1.589475,-1.26207690557674
1.58948,-1.26228450388724
1.589485,-1.26249214676419
1.58949,-1.26269983421798
1.589495,-1.26290756625895
1.5895,-1.26311534289751
1.589505,-1.26332316414403
1.58951,-1.26353103000891
1.589515,-1.26373894050254
1.58952,-1.26394689563528
1.589525,-1.26415489541753
1.58953,-1.26436293985969
1.589535,-1.26457102897215
1.58954,-1.26477916276531
1.589545,-1.26498734124956
1.58955,-1.26519556443531
1.589555,-1.26540383233294
1.58956,-1.26561214495287
1.589565,-1.2658205023055
1.58957,-1.26602890440126
1.589575,-1.26623735125051
1.58958,-1.2664458428637
1.589585,-1.26665437925122
1.58959,-1.2668629604235
1.589595,-1.26707158639097
1.5896,-1.26728025716401
1.589605,-1.26748897275306
1.58961,-1.26769773316854
1.589615,-1.26790653842087
1.58962,-1.2681153885205
1.589625,-1.26832428347783
1.58963,-1.26853322330329
1.589635,-1.26874220800733
1.58964,-1.26895123760037
1.589645,-1.26916031209286
1.58965,-1.26936943149521
1.589655,-1.26957859581788
1.58966,-1.26978780507131
1.589665,-1.26999705926593
1.58967,-1.27020635841219
1.589675,-1.27041570252056
1.58968,-1.27062509160146
1.589685,-1.27083452566534
1.58969,-1.27104400472267
1.589695,-1.27125352878389
1.5897,-1.27146309785948
1.589705,-1.27167271195986
1.58971,-1.27188237109551
1.589715,-1.27209207527689
1.58972,-1.27230182451447
1.589725,-1.27251161881872
1.58973,-1.27272145820009
1.589735,-1.27293134266905
1.58974,-1.27314127223608
1.589745,-1.27335124691165
1.58975,-1.27356126670625
1.589755,-1.27377133163033
1.58976,-1.27398144169438
1.589765,-1.27419159690888
1.58977,-1.27440179728431
1.589775,-1.27461204283119
1.58978,-1.27482233355994
1.589785,-1.2750326694811
1.58979,-1.27524305060513
1.589795,-1.27545347694254
1.5898,-1.27566394850382
1.589805,-1.27587446529947
1.58981,-1.27608502733998
1.589815,-1.27629563463584
1.58982,-1.27650628719757
1.589825,-1.27671698503566
1.58983,-1.27692772816064
1.589835,-1.27713851658297
1.58984,-1.2773493503132
1.589845,-1.27756022936182
1.58985,-1.27777115373935
1.589855,-1.27798212345632
1.58986,-1.27819313852321
1.589865,-1.27840419895056
1.58987,-1.27861530474889
1.589875,-1.27882645592871
1.58988,-1.27903765250058
1.589885,-1.27924889447497
1.58989,-1.27946018186245
1.589895,-1.27967151467353
1.5899,-1.27988289291875
1.589905,-1.28009431660866
1.58991,-1.28030578575375
1.589915,-1.28051730036459
1.58992,-1.2807288604517
1.589925,-1.28094046602563
1.58993,-1.28115211709693
1.589935,-1.28136381367615
1.58994,-1.28157555577382
1.589945,-1.28178734340048
1.58995,-1.28199917656669
1.589955,-1.28221105528301
1.58996,-1.28242297956
1.589965,-1.2826349494082
1.58997,-1.28284696483815
1.589975,-1.28305902586045
1.58998,-1.28327113248562
1.589985,-1.28348328472428
1.58999,-1.28369548258693
1.589995,-1.28390772608416
1.59,-1.28412001522656
1.590005,-1.28433235002468
1.59001,-1.28454473048911
1.590015,-1.28475715663039
1.59002,-1.28496962845912
1.590025,-1.28518214598588
1.59003,-1.28539470922124
1.590035,-1.28560731817579
1.59004,-1.28581997286012
1.590045,-1.28603267328479
1.59005,-1.2862454194604
1.590055,-1.28645821139755
1.59006,-1.28667104910682
1.590065,-1.28688393259881
1.59007,-1.2870968618841
1.590075,-1.2873098369733
1.59008,-1.287522857877
1.590085,-1.28773592460581
1.59009,-1.28794903717034
1.590095,-1.28816219558117
1.5901,-1.28837539984891
1.590105,-1.28858864998417
1.59011,-1.28880194599757
1.590115,-1.28901528789973
1.59012,-1.28922867570122
1.590125,-1.2894421094127
1.59013,-1.28965558904477
1.590135,-1.28986911460804
1.59014,-1.29008268611315
1.590145,-1.29029630357071
1.59015,-1.29050996699134
1.590155,-1.29072367638567
1.59016,-1.29093743176433
1.590165,-1.29115123313796
1.59017,-1.29136508051719
1.590175,-1.29157897391262
1.59018,-1.29179291333492
1.590185,-1.29200689879472
1.59019,-1.29222093030266
1.590195,-1.29243500786938
1.5902,-1.29264913150551
1.590205,-1.29286330122172
1.59021,-1.29307751702862
1.590215,-1.2932917789369
1.59022,-1.2935060869572
1.590225,-1.29372044110014
1.59023,-1.2939348413764
1.590235,-1.29414928779663
1.59024,-1.29436378037149
1.590245,-1.29457831911166
1.59025,-1.29479290402776
1.590255,-1.29500753513047
1.59026,-1.29522221243047
1.590265,-1.29543693593841
1.59027,-1.29565170566497
1.590275,-1.2958665216208
1.59028,-1.29608138381659
1.590285,-1.29629629226301
1.59029,-1.29651124697074
1.590295,-1.29672624795045
1.5903,-1.29694129521284
1.590305,-1.29715638876856
1.59031,-1.29737152862831
1.590315,-1.29758671480277
1.59032,-1.29780194730263
1.590325,-1.29801722613859
1.59033,-1.29823255132133
1.590335,-1.29844792286153
1.59034,-1.2986633407699
1.590345,-1.29887880505713
1.59035,-1.29909431573394
1.590355,-1.299309872811
1.59036,-1.29952547629902
1.590365,-1.2997411262087
1.59037,-1.29995682255075
1.590375,-1.3001725653359
1.59038,-1.30038835457482
1.590385,-1.30060419027824
1.59039,-1.30082007245686
1.590395,-1.30103600112141
1.5904,-1.30125197628262
1.590405,-1.30146799795118
1.59041,-1.3016840661378
1.590415,-1.30190018085323
1.59042,-1.3021163421082
1.590425,-1.3023325499134
1.59043,-1.3025488042796
1.590435,-1.30276510521749
1.59044,-1.30298145273782
1.590445,-1.30319784685131
1.59045,-1.30341428756872
1.590455,-1.30363077490078
1.59046,-1.3038473088582
1.590465,-1.30406388945175
1.59047,-1.30428051669214
1.590475,-1.30449719059015
1.59048,-1.30471391115652
1.590485,-1.30493067840197
1.59049,-1.30514749233727
1.590495,-1.30536435297317
1.5905,-1.30558126032041
1.590505,-1.30579821438978
1.59051,-1.30601521519199
1.590515,-1.30623226273782
1.59052,-1.30644935703803
1.590525,-1.30666649810337
1.59053,-1.30688368594464
1.590535,-1.30710092057256
1.59054,-1.30731820199792
1.590545,-1.30753553023149
1.59055,-1.30775290528403
1.590555,-1.30797032716633
1.59056,-1.30818779588916
1.590565,-1.30840531146328
1.59057,-1.30862287389947
1.590575,-1.30884048320853
1.59058,-1.30905813940122
1.590585,-1.30927584248835
1.59059,-1.30949359248068
1.590595,-1.309711389389
1.5906,-1.30992923322411
1.590605,-1.31014712399679
1.59061,-1.31036506171786
1.590615,-1.31058304639808
1.59062,-1.31080107804825
1.590625,-1.31101915667919
1.59063,-1.31123728230167
1.590635,-1.31145545492653
1.59064,-1.31167367456455
1.590645,-1.31189194122652
1.59065,-1.31211025492328
1.590655,-1.31232861566561
1.59066,-1.31254702346436
1.590665,-1.31276547833029
1.59067,-1.31298398027425
1.590675,-1.31320252930704
1.59068,-1.31342112543949
1.590685,-1.3136397686824
1.59069,-1.31385845904663
1.590695,-1.31407719654297
1.5907,-1.31429598118224
1.590705,-1.3145148129753
1.59071,-1.31473369193294
1.590715,-1.31495261806603
1.59072,-1.31517159138537
1.590725,-1.3153906119018
1.59073,-1.31560967962616
1.590735,-1.31582879456929
1.59074,-1.31604795674205
1.590745,-1.31626716615524
1.59075,-1.31648642281973
1.590755,-1.31670572674635
1.59076,-1.31692507794595
1.590765,-1.3171444764294
1.59077,-1.31736392220752
1.590775,-1.31758341529117
1.59078,-1.31780295569121
1.590785,-1.31802254341849
1.59079,-1.31824217848387
1.590795,-1.31846186089823
1.5908,-1.31868159067239
1.590805,-1.31890136781724
1.59081,-1.31912119234363
1.590815,-1.31934106426244
1.59082,-1.31956098358454
1.590825,-1.31978095032078
1.59083,-1.32000096448204
1.590835,-1.3202210260792
1.59084,-1.32044113512313
1.590845,-1.32066129162472
1.59085,-1.32088149559482
1.590855,-1.32110174704434
1.59086,-1.32132204598413
1.590865,-1.32154239242511
1.59087,-1.32176278637815
1.590875,-1.32198322785413
1.59088,-1.32220371686395
1.590885,-1.32242425341849
1.59089,-1.32264483752865
1.590895,-1.32286546920534
1.5909,-1.32308614845943
1.590905,-1.32330687530182
1.59091,-1.32352764974343
1.590915,-1.32374847179514
1.59092,-1.32396934146787
1.590925,-1.32419025877254
1.59093,-1.32441122372001
1.590935,-1.32463223632123
1.59094,-1.32485329658708
1.590945,-1.3250744045285
1.59095,-1.32529556015641
1.590955,-1.32551676348169
1.59096,-1.32573801451527
1.590965,-1.32595931326808
1.59097,-1.32618065975103
1.590975,-1.32640205397508
1.59098,-1.3266234959511
1.590985,-1.32684498569004
1.59099,-1.32706652320283
1.590995,-1.3272881085004
1.591,-1.3275097415937
1.591005,-1.32773142249362
1.59101,-1.32795315121113
1.591015,-1.32817492775715
1.59102,-1.32839675214263
1.591025,-1.32861862437851
1.59103,-1.32884054447573
1.591035,-1.32906251244523
1.59104,-1.32928452829795
1.591045,-1.32950659204485
1.59105,-1.32972870369688
1.591055,-1.32995086326499
1.59106,-1.33017307076013
1.591065,-1.33039532619325
1.59107,-1.33061762957531
1.591075,-1.33083998091726
1.59108,-1.33106238023009
1.591085,-1.33128482752472
1.59109,-1.33150732281214
1.591095,-1.33172986610331
1.5911,-1.33195245740919
1.591105,-1.33217509674077
1.59111,-1.33239778410899
1.591115,-1.33262051952483
1.59112,-1.33284330299928
1.591125,-1.33306613454331
1.59113,-1.3332890141679
1.591135,-1.33351194188401
1.59114,-1.33373491770264
1.591145,-1.33395794163475
1.59115,-1.33418101369135
1.591155,-1.33440413388344
1.59116,-1.33462730222196
1.591165,-1.33485051871792
1.59117,-1.33507378338232
1.591175,-1.33529709622615
1.59118,-1.3355204572604
1.591185,-1.33574386649609
1.59119,-1.33596732394418
1.591195,-1.33619082961569
1.5912,-1.33641438352161
1.591205,-1.33663798567296
1.59121,-1.33686163608075
1.591215,-1.33708533475596
1.59122,-1.33730908170962
1.591225,-1.33753287695273
1.59123,-1.33775672049631
1.591235,-1.33798061235138
1.59124,-1.33820455252893
1.591245,-1.33842854104
1.59125,-1.3386525778956
1.591255,-1.33887666310675
1.59126,-1.33910079668449
1.591265,-1.33932497863982
1.59127,-1.33954920898377
1.591275,-1.33977348772738
1.59128,-1.33999781488167
1.591285,-1.34022219045769
1.59129,-1.34044661446644
1.591295,-1.34067108691897
1.5913,-1.34089560782633
1.591305,-1.34112017719953
1.59131,-1.34134479504963
1.591315,-1.34156946138769
1.59132,-1.3417941762247
1.591325,-1.34201893957175
1.59133,-1.34224375143986
1.591335,-1.3424686118401
1.59134,-1.34269352078352
1.591345,-1.34291847828115
1.59135,-1.34314348434406
1.591355,-1.34336853898329
1.59136,-1.34359364220992
1.591365,-1.343818794035
1.59137,-1.34404399446958
1.591375,-1.34426924352472
1.59138,-1.3444945412115
1.591385,-1.34471988754098
1.59139,-1.34494528252424
1.591395,-1.34517072617232
1.5914,-1.3453962184963
1.591405,-1.34562175950726
1.59141,-1.34584734921627
1.591415,-1.34607298763443
1.59142,-1.34629867477277
1.591425,-1.3465244106424
1.59143,-1.34675019525439
1.591435,-1.34697602861983
1.59144,-1.3472019107498
1.591445,-1.34742784165541
1.59145,-1.3476538213477
1.591455,-1.34787984983779
1.59146,-1.34810592713676
1.591465,-1.34833205325572
1.59147,-1.34855822820576
1.591475,-1.34878445199795
1.59148,-1.34901072464341
1.591485,-1.34923704615325
1.59149,-1.34946341653854
1.591495,-1.34968983581043
1.5915,-1.34991630397997
1.591505,-1.3501428210583
1.59151,-1.35036938705652
1.591515,-1.35059600198573
1.59152,-1.35082266585708
1.591525,-1.35104937868163
1.59153,-1.35127614047052
1.591535,-1.35150295123487
1.59154,-1.35172981098579
1.591545,-1.35195671973441
1.59155,-1.35218367749185
1.591555,-1.35241068426923
1.59156,-1.35263774007766
1.591565,-1.35286484492827
1.59157,-1.35309199883222
1.591575,-1.35331920180063
1.59158,-1.3535464538446
1.591585,-1.35377375497528
1.59159,-1.35400110520381
1.591595,-1.35422850454134
1.5916,-1.35445595299899
1.591605,-1.3546834505879
1.59161,-1.35491099731922
1.591615,-1.35513859320408
1.59162,-1.35536623825364
1.591625,-1.35559393247905
1.59163,-1.35582167589144
1.591635,-1.35604946850197
1.59164,-1.35627731032178
1.591645,-1.35650520136205
1.59165,-1.35673314163393
1.591655,-1.35696113114854
1.59166,-1.35718916991709
1.591665,-1.3574172579507
1.59167,-1.35764539526055
1.591675,-1.3578735818578
1.59168,-1.35810181775364
1.591685,-1.35833010295918
1.59169,-1.35855843748564
1.591695,-1.35878682134417
1.5917,-1.35901525454594
1.591705,-1.35924373710213
1.59171,-1.35947226902392
1.591715,-1.35970085032246
1.59172,-1.35992948100896
1.591725,-1.36015816109458
1.59173,-1.36038689059053
1.591735,-1.36061566950795
1.59174,-1.36084449785806
1.591745,-1.36107337565203
1.59175,-1.36130230290106
1.591755,-1.36153127961634
1.59176,-1.36176030580905
1.591765,-1.36198938149038
1.59177,-1.36221850667153
1.591775,-1.36244768136371
1.59178,-1.36267690557812
1.591785,-1.36290617932594
1.59179,-1.36313550261837
1.591795,-1.36336487546664
1.5918,-1.36359429788192
1.591805,-1.36382376987545
1.59181,-1.36405329145844
1.591815,-1.36428286264206
1.59182,-1.36451248343755
1.591825,-1.36474215385612
1.59183,-1.36497187390898
1.591835,-1.36520164360737
1.59184,-1.36543146296247
1.591845,-1.36566133198551
1.59185,-1.36589125068774
1.591855,-1.36612121908034
1.59186,-1.36635123717458
1.591865,-1.36658130498166
1.59187,-1.3668114225128
1.591875,-1.36704158977924
1.59188,-1.36727180679222
1.591885,-1.36750207356298
1.59189,-1.36773239010271
1.591895,-1.36796275642269
1.5919,-1.36819317253415
1.591905,-1.36842363844831
1.59191,-1.36865415417644
1.591915,-1.36888471972976
1.59192,-1.36911533511951
1.591925,-1.36934600035696
1.59193,-1.36957671545333
1.591935,-1.3698074804199
1.59194,-1.37003829526791
1.591945,-1.37026916000859
1.59195,-1.37050007465322
1.591955,-1.37073103921304
1.59196,-1.37096205369931
1.591965,-1.37119311812332
1.59197,-1.37142423249628
1.591975,-1.37165539682948
1.59198,-1.37188661113418
1.591985,-1.37211787542163
1.59199,-1.37234918970315
1.591995,-1.37258055398995
1.592,-1.37281196829331
1.592005,-1.37304343262452
1.59201,-1.37327494699484
1.592015,-1.37350651141557
1.59202,-1.37373812589797
1.592025,-1.3739697904533
1.59203,-1.37420150509285
1.592035,-1.37443326982792
1.59204,-1.37466508466979
1.592045,-1.37489694962972
1.59205,-1.37512886471902
1.592055,-1.37536082994896
1.59206,-1.37559284533084
1.592065,-1.37582491087596
1.59207,-1.37605702659561
1.592075,-1.37628919250107
1.59208,-1.37652140860364
1.592085,-1.37675367491462
1.59209,-1.37698599144531
1.592095,-1.37721835820703
1.5921,-1.37745077521105
1.592105,-1.37768324246869
1.59211,-1.37791575999125
1.592115,-1.37814832779004
1.59212,-1.37838094587638
1.592125,-1.37861361426157
1.59213,-1.3788463329569
1.592135,-1.37907910197372
1.59214,-1.37931192132333
1.592145,-1.37954479101706
1.59215,-1.3797777110662
1.592155,-1.38001068148208
1.59216,-1.38024370227603
1.592165,-1.38047677345938
1.59217,-1.38070989504345
1.592175,-1.38094306703954
1.59218,-1.38117628945901
1.592185,-1.38140956231318
1.59219,-1.38164288561337
1.592195,-1.38187625937092
1.5922,-1.38210968359719
1.592205,-1.38234315830347
1.59221,-1.38257668350112
1.592215,-1.38281025920148
1.59222,-1.38304388541589
1.592225,-1.3832775621557
1.59223,-1.38351128943223
1.592235,-1.38374506725684
1.59224,-1.38397889564088
1.592245,-1.38421277459569
1.59225,-1.38444670413264
1.592255,-1.38468068426305
1.59226,-1.38491471499829
1.592265,-1.38514879634971
1.59227,-1.38538292832867
1.592275,-1.38561711094655
1.59228,-1.38585134421466
1.592285,-1.38608562814439
1.59229,-1.38631996274711
1.592295,-1.38655434803416
1.5923,-1.38678878401692
1.592305,-1.38702327070679
1.59231,-1.38725780811507
1.592315,-1.38749239625317
1.59232,-1.38772703513246
1.592325,-1.38796172476432
1.59233,-1.38819646516011
1.592335,-1.38843125633122
1.59234,-1.388666098289
1.592345,-1.38890099104486
1.59235,-1.38913593461017
1.592355,-1.38937092899633
1.59236,-1.38960597421469
1.592365,-1.38984107027665
1.59237,-1.39007621719361
1.592375,-1.39031141497694
1.59238,-1.39054666363806
1.592385,-1.39078196318832
1.59239,-1.39101731363915
1.592395,-1.39125271500192
1.5924,-1.39148816728804
1.592405,-1.39172367050892
1.59241,-1.39195922467593
1.592415,-1.39219482980049
1.59242,-1.392430485894
1.592425,-1.39266619296785
1.59243,-1.39290195103347
1.592435,-1.39313776010227
1.59244,-1.39337362018563
1.592445,-1.39360953129498
1.59245,-1.39384549344171
1.592455,-1.39408150663727
1.59246,-1.39431757089307
1.592465,-1.39455368622049
1.59247,-1.39478985263098
1.592475,-1.39502607013595
1.59248,-1.39526233874682
1.592485,-1.39549865847503
1.59249,-1.39573502933197
1.592495,-1.39597145132909
1.5925,-1.3962079244778
1.592505,-1.39644444878955
1.59251,-1.39668102427577
1.592515,-1.39691765094787
1.59252,-1.3971543288173
1.592525,-1.39739105789549
1.59253,-1.39762783819388
1.592535,-1.39786466972391
1.59254,-1.39810155249701
1.592545,-1.39833848652462
1.59255,-1.39857547181819
1.592555,-1.39881250838916
1.59256,-1.39904959624898
1.592565,-1.3992867354091
1.59257,-1.39952392588096
1.592575,-1.399761167676
1.59258,-1.39999846080569
1.592585,-1.40023580528148
1.59259,-1.40047320111483
1.592595,-1.40071064831718
1.5926,-1.40094814689999
1.592605,-1.40118569687473
1.59261,-1.40142329825284
1.592615,-1.40166095104583
1.59262,-1.4018986552651
1.592625,-1.40213641092215
1.59263,-1.40237421802844
1.592635,-1.40261207659545
1.59264,-1.40284998663463
1.592645,-1.40308794815747
1.59265,-1.40332596117542
1.592655,-1.40356402569997
1.59266,-1.40380214174258
1.592665,-1.40404030931478
1.59267,-1.40427852842797
1.592675,-1.40451679909367
1.59268,-1.40475512132336
1.592685,-1.40499349512853
1.59269,-1.40523192052064
1.592695,-1.40547039751122
1.5927,-1.40570892611171
1.592705,-1.40594750633362
1.59271,-1.40618613818843
1.592715,-1.40642482168764
1.59272,-1.40666355684277
1.592725,-1.40690234366526
1.59273,-1.40714118216664
1.592735,-1.4073800723584
1.59274,-1.40761901425204
1.592745,-1.40785800785907
1.59275,-1.40809705319098
1.592755,-1.40833615025927
1.59276,-1.40857529907545
1.592765,-1.40881449965104
1.59277,-1.40905375199754
1.592775,-1.40929305612645
1.59278,-1.40953241204928
1.592785,-1.40977181977755
1.59279,-1.41001127932278
1.592795,-1.41025079069648
1.5928,-1.41049035391016
1.592805,-1.41072996897534
1.59281,-1.41096963590354
1.592815,-1.41120935470629
1.59282,-1.4114491253951
1.592825,-1.41168894798153
1.59283,-1.41192882247704
1.592835,-1.41216874889321
1.59284,-1.41240872724154
1.592845,-1.41264875753358
1.59285,-1.41288883978086
1.592855,-1.41312897399489
1.59286,-1.41336916018722
1.592865,-1.41360939836939
1.59287,-1.41384968855293
1.592875,-1.4140900307494
1.59288,-1.41433042497031
1.592885,-1.41457087122719
1.59289,-1.41481136953162
1.592895,-1.41505191989513
1.5929,-1.41529252232928
1.592905,-1.41553317684558
1.59291,-1.4157738834556
1.592915,-1.4160146421709
1.59292,-1.41625545300302
1.592925,-1.41649631596353
1.59293,-1.41673723106395
1.592935,-1.41697819831585
1.59294,-1.4172192177308
1.592945,-1.41746028932036
1.59295,-1.41770141309607
1.592955,-1.41794258906952
1.59296,-1.41818381725224
1.592965,-1.4184250976558
1.59297,-1.41866643029179
1.592975,-1.41890781517176
1.59298,-1.41914925230729
1.592985,-1.41939074170993
1.59299,-1.41963228339126
1.592995,-1.41987387736286
1.593,-1.42011552363629
1.593005,-1.42035722222316
1.59301,-1.42059897313501
1.593015,-1.42084077638342
1.59302,-1.42108263197998
1.593025,-1.42132453993628
1.59303,-1.42156650026392
1.593035,-1.42180851297442
1.59304,-1.42205057807942
1.593045,-1.42229269559049
1.59305,-1.42253486551922
1.593055,-1.42277708787719
1.59306,-1.42301936267603
1.593065,-1.42326168992728
1.59307,-1.42350406964256
1.593075,-1.42374650183346
1.59308,-1.42398898651158
1.593085,-1.42423152368853
1.59309,-1.42447411337588
1.593095,-1.42471675558526
1.5931,-1.42495945032825
1.593105,-1.42520219761646
1.59311,-1.42544499746153
1.593115,-1.42568784987501
1.59312,-1.42593075486854
1.593125,-1.42617371245371
1.59313,-1.42641672264215
1.593135,-1.42665978544548
1.59314,-1.42690290087529
1.593145,-1.4271460689432
1.59315,-1.42738928966083
1.593155,-1.42763256303979
1.59316,-1.42787588909173
1.593165,-1.42811926782823
1.59317,-1.42836269926093
1.593175,-1.42860618340144
1.59318,-1.42884972026141
1.593185,-1.42909330985245
1.59319,-1.42933695218619
1.593195,-1.42958064727425
1.5932,-1.42982439512827
1.593205,-1.43006819575988
1.59321,-1.43031204918071
1.593215,-1.43055595540241
1.59322,-1.43079991443659
1.593225,-1.43104392629488
1.59323,-1.43128799098895
1.593235,-1.43153210853043
1.59324,-1.43177627893096
1.593245,-1.43202050220217
1.59325,-1.43226477835571
1.593255,-1.43250910740322
1.59326,-1.43275348935635
1.593265,-1.43299792422678
1.59327,-1.43324241202611
1.593275,-1.43348695276601
1.59328,-1.43373154645812
1.593285,-1.43397619311411
1.59329,-1.43422089274564
1.593295,-1.43446564536435
1.5933,-1.43471045098189
1.593305,-1.43495530960994
1.59331,-1.43520022126014
1.593315,-1.43544518594416
1.59332,-1.43569020367369
1.593325,-1.43593527446034
1.59333,-1.4361803983158
1.593335,-1.43642557525175
1.59334,-1.43667080527983
1.593345,-1.43691608841176
1.59335,-1.43716142465914
1.593355,-1.43740681403368
1.59336,-1.43765225654706
1.593365,-1.43789775221094
1.59337,-1.43814330103701
1.593375,-1.43838890303693
1.59338,-1.43863455822238
1.593385,-1.43888026660505
1.59339,-1.43912602819662
1.593395,-1.43937184300877
1.5934,-1.43961771105318
1.593405,-1.43986363234152
1.59341,-1.44010960688551
1.593415,-1.44035563469681
1.59342,-1.44060171578714
1.593425,-1.44084785016816
1.59343,-1.44109403785157
1.593435,-1.44134027884906
1.59344,-1.44158657317233
1.593445,-1.44183292083307
1.59345,-1.442079321843
1.593455,-1.44232577621379
1.59346,-1.44257228395714
1.593465,-1.44281884508476
1.59347,-1.44306545960835
1.593475,-1.44331212753962
1.59348,-1.44355884889028
1.593485,-1.443805623672
1.59349,-1.44405245189652
1.593495,-1.44429933357554
1.5935,-1.44454626872079
1.593505,-1.44479325734394
1.59351,-1.44504029945672
1.593515,-1.44528739507085
1.59352,-1.44553454419804
1.593525,-1.44578174685003
1.59353,-1.4460290030385
1.593535,-1.44627631277518
1.59354,-1.44652367607179
1.593545,-1.44677109294006
1.59355,-1.44701856339172
1.593555,-1.44726608743848
1.59356,-1.44751366509205
1.593565,-1.44776129636419
1.59357,-1.4480089812666
1.593575,-1.44825671981102
1.59358,-1.4485045120092
1.593585,-1.44875235787283
1.59359,-1.44900025741367
1.593595,-1.44924821064345
1.5936,-1.4494962175739
1.593605,-1.44974427821678
1.59361,-1.44999239258379
1.593615,-1.45024056068669
1.59362,-1.45048878253722
1.593625,-1.45073705814712
1.59363,-1.45098538752815
1.593635,-1.45123377069201
1.59364,-1.45148220765048
1.593645,-1.45173069841529
1.59365,-1.45197924299821
1.593655,-1.45222784141098
1.59366,-1.45247649366534
1.593665,-1.45272519977305
1.59367,-1.45297395974585
1.593675,-1.45322277359551
1.59368,-1.4534716413338
1.593685,-1.45372056297243
1.59369,-1.45396953852319
1.593695,-1.45421856799784
1.5937,-1.45446765140812
1.593705,-1.45471678876582
1.59371,-1.45496598008269
1.593715,-1.45521522537049
1.59372,-1.45546452464099
1.593725,-1.45571387790594
1.59373,-1.45596328517713
1.593735,-1.45621274646634
1.59374,-1.4564622617853
1.593745,-1.45671183114581
1.59375,-1.45696145455963
1.593755,-1.45721113203854
1.59376,-1.45746086359432
1.593765,-1.45771064923874
1.59377,-1.45796048898358
1.593775,-1.4582103828406
1.59378,-1.45846033082161
1.593785,-1.4587103329384
1.59379,-1.4589603892027
1.593795,-1.45921049962633
1.5938,-1.45946066422107
1.593805,-1.4597108829987
1.59381,-1.45996115597102
1.593815,-1.46021148314982
1.59382,-1.46046186454687
1.593825,-1.46071230017397
1.59383,-1.46096279004291
1.593835,-1.46121333416549
1.59384,-1.46146393255351
1.593845,-1.46171458521875
1.59385,-1.46196529217301
1.593855,-1.46221605342809
1.59386,-1.46246686899579
1.593865,-1.46271773888793
1.59387,-1.46296866311627
1.593875,-1.46321964169264
1.59388,-1.46347067462884
1.593885,-1.46372176193668
1.59389,-1.46397290362797
1.593895,-1.46422409971449
1.5939,-1.46447535020807
1.593905,-1.46472665512052
1.59391,-1.46497801446365
1.593915,-1.46522942824929
1.59392,-1.46548089648921
1.593925,-1.46573241919525
1.59393,-1.46598399637922
1.593935,-1.46623562805294
1.59394,-1.46648731422825
1.593945,-1.46673905491695
1.59395,-1.46699085013084
1.593955,-1.46724269988176
1.59396,-1.46749460418155
1.593965,-1.467746563042
1.59397,-1.46799857647497
1.593975,-1.46825064449226
1.59398,-1.46850276710571
1.593985,-1.46875494432714
1.59399,-1.46900717616838
1.593995,-1.46925946264129
1.594,-1.46951180375766
1.594005,-1.46976419952933
1.59401,-1.47001664996815
1.594015,-1.47026915508596
1.59402,-1.47052171489459
1.594025,-1.47077432940587
1.59403,-1.47102699863165
1.594035,-1.47127972258375
1.59404,-1.47153250127403
1.594045,-1.47178533471434
1.59405,-1.47203822291651
1.594055,-1.47229116589237
1.59406,-1.47254416365379
1.594065,-1.4727972162126
1.59407,-1.47305032358066
1.594075,-1.47330348576984
1.59408,-1.47355670279194
1.594085,-1.47380997465884
1.59409,-1.47406330138239
1.594095,-1.47431668297444
1.5941,-1.47457011944688
1.594105,-1.4748236108115
1.59411,-1.47507715708019
1.594115,-1.47533075826482
1.59412,-1.47558441437724
1.594125,-1.47583812542932
1.59413,-1.47609189143289
1.594135,-1.47634571239984
1.59414,-1.47659958834202
1.594145,-1.4768535192713
1.59415,-1.47710750519958
1.594155,-1.47736154613866
1.59416,-1.47761564210045
1.594165,-1.4778697930968
1.59417,-1.47812399913961
1.594175,-1.47837826024074
1.59418,-1.47863257641204
1.594185,-1.4788869476654
1.59419,-1.47914137401269
1.594195,-1.47939585546579
1.5942,-1.47965039203659
1.594205,-1.47990498373696
1.59421,-1.48015963057876
1.594215,-1.48041433257388
1.59422,-1.4806690897342
1.594225,-1.48092390207163
1.59423,-1.48117876959802
1.594235,-1.48143369232526
1.59424,-1.48168867026525
1.594245,-1.48194370342986
1.59425,-1.48219879183098
1.594255,-1.48245393548053
1.59426,-1.48270913439034
1.594265,-1.48296438857235
1.59427,-1.48321969803843
1.594275,-1.48347506280049
1.59428,-1.48373048287042
1.594285,-1.48398595826009
1.59429,-1.48424148898143
1.594295,-1.48449707504631
1.5943,-1.48475271646663
1.594305,-1.48500841325434
1.59431,-1.48526416542127
1.594315,-1.48551997297935
1.59432,-1.48577583594049
1.594325,-1.48603175431659
1.59433,-1.48628772811955
1.594335,-1.4865437573613
1.59434,-1.48679984205371
1.594345,-1.48705598220869
1.59435,-1.48731217783818
1.594355,-1.48756842895406
1.59436,-1.48782473556826
1.594365,-1.48808109769269
1.59437,-1.48833751533924
1.594375,-1.48859398851985
1.59438,-1.48885051724643
1.594385,-1.4891071015309
1.59439,-1.48936374138516
1.594395,-1.48962043682114
1.5944,-1.48987718785076
1.594405,-1.49013399448593
1.59441,-1.4903908567386
1.594415,-1.49064777462065
1.59442,-1.49090474814403
1.594425,-1.49116177732065
1.59443,-1.49141886216245
1.594435,-1.49167600268137
1.59444,-1.4919331988893
1.594445,-1.49219045079818
1.59445,-1.49244775841995
1.594455,-1.49270512176653
1.59446,-1.49296254084986
1.594465,-1.49322001568189
1.59447,-1.4934775462745
1.594475,-1.49373513263968
1.59448,-1.49399277478933
1.594485,-1.4942504727354
1.59449,-1.49450822648984
1.594495,-1.49476603606457
1.5945,-1.49502390147152
1.594505,-1.49528182272265
1.59451,-1.49553979982989
1.594515,-1.49579783280522
1.59452,-1.49605592166051
1.594525,-1.49631406640777
1.59453,-1.4965722670589
1.594535,-1.49683052362588
1.59454,-1.49708883612066
1.594545,-1.49734720455515
1.59455,-1.49760562894133
1.594555,-1.49786410929113
1.59456,-1.49812264561652
1.594565,-1.49838123792944
1.59457,-1.49863988624187
1.594575,-1.49889859056572
1.59458,-1.49915735091297
1.594585,-1.49941616729557
1.59459,-1.49967503972548
1.594595,-1.49993396821468
1.5946,-1.50019295277509
1.594605,-1.50045199341867
1.59461,-1.50071109015741
1.594615,-1.50097024300326
1.59462,-1.5012294519682
1.594625,-1.50148871706415
1.59463,-1.5017480383031
1.594635,-1.50200741569702
1.59464,-1.50226684925787
1.594645,-1.50252633899763
1.59465,-1.50278588492825
1.594655,-1.5030454870617
1.59466,-1.50330514540996
1.594665,-1.50356485998498
1.59467,-1.50382463079879
1.594675,-1.50408445786329
1.59468,-1.5043443411905
1.594685,-1.50460428079237
1.59469,-1.50486427668089
1.594695,-1.50512432886804
1.5947,-1.5053844373658
1.594705,-1.50564460218613
1.59471,-1.50590482334101
1.594715,-1.50616510084244
1.59472,-1.50642543470238
1.594725,-1.50668582493286
1.59473,-1.50694627154579
1.594735,-1.5072067745532
1.59474,-1.50746733396706
1.594745,-1.50772794979936
1.59475,-1.50798862206211
1.594755,-1.50824935076725
1.59476,-1.5085101359268
1.594765,-1.50877097755275
1.59477,-1.50903187565708
1.594775,-1.5092928302518
1.59478,-1.50955384134887
1.594785,-1.5098149089603
1.59479,-1.51007603309808
1.594795,-1.51033721377422
1.5948,-1.51059845100072
1.594805,-1.51085974478954
1.59481,-1.5111210951527
1.594815,-1.51138250210219
1.59482,-1.51164396565002
1.594825,-1.5119054858082
1.59483,-1.51216706258872
1.594835,-1.51242869600357
1.59484,-1.51269038606475
1.594845,-1.51295213278428
1.59485,-1.51321393617417
1.594855,-1.51347579624643
1.59486,-1.51373771301303
1.594865,-1.513999686486
1.59487,-1.51426171667734
1.594875,-1.51452380359908
1.59488,-1.51478594726322
1.594885,-1.51504814768175
1.59489,-1.5153104048667
1.594895,-1.51557271883007
1.5949,-1.51583508958389
1.594905,-1.51609751714019
1.59491,-1.51636000151094
1.594915,-1.51662254270817
1.59492,-1.5168851407439
1.594925,-1.51714779563016
1.59493,-1.51741050737898
1.594935,-1.51767327600232
1.59494,-1.51793610151225
1.594945,-1.51819898392078
1.59495,-1.51846192323992
1.594955,-1.5187249194817
1.59496,-1.51898797265817
1.594965,-1.51925108278131
1.59497,-1.51951424986316
1.594975,-1.51977747391574
1.59498,-1.5200407549511
1.594985,-1.52030409298127
1.59499,-1.52056748801823
1.594995,-1.52083094007404
1.595,-1.52109444916073
1.595005,-1.52135801529034
1.59501,-1.5216216384749
1.595015,-1.52188531872641
1.59502,-1.52214905605693
1.595025,-1.52241285047849
1.59503,-1.52267670200312
1.595035,-1.52294061064288
1.59504,-1.52320457640977
1.595045,-1.52346859931583
1.59505,-1.52373267937311
1.595055,-1.52399681659366
1.59506,-1.52426101098952
1.595065,-1.52452526257269
1.59507,-1.52478957135524
1.595075,-1.52505393734922
1.59508,-1.52531836056665
1.595085,-1.5255828410196
1.59509,-1.5258473787201
1.595095,-1.52611197368018
1.5951,-1.5263766259119
1.595105,-1.52664133542731
1.59511,-1.52690610223845
1.595115,-1.52717092635739
1.59512,-1.52743580779614
1.595125,-1.52770074656676
1.59513,-1.52796574268131
1.595135,-1.52823079615185
1.59514,-1.52849590699042
1.595145,-1.52876107520907
1.59515,-1.52902630081985
1.595155,-1.52929158383482
1.59516,-1.52955692426603
1.595165,-1.52982232212556
1.59517,-1.53008777742543
1.595175,-1.53035329017772
1.59518,-1.53061886039447
1.595185,-1.53088448808775
1.59519,-1.53115017326964
1.595195,-1.53141591595215
1.5952,-1.53168171614737
1.595205,-1.53194757386737
1.59521,-1.53221348912419
1.595215,-1.53247946192991
1.59522,-1.53274549229661
1.595225,-1.53301158023631
1.59523,-1.53327772576109
1.595235,-1.53354392888302
1.59524,-1.53381018961417
1.595245,-1.53407650796663
1.59525,-1.53434288395242
1.595255,-1.53460931758363
1.59526,-1.53487580887233
1.595265,-1.5351423578306
1.59527,-1.53540896447051
1.595275,-1.53567562880411
1.59528,-1.53594235084348
1.595285,-1.53620913060069
1.59529,-1.53647596808784
1.595295,-1.53674286331699
1.5953,-1.5370098163002
1.595305,-1.53727682704954
1.59531,-1.53754389557711
1.595315,-1.53781102189498
1.59532,-1.53807820601522
1.595325,-1.53834544794994
1.59533,-1.53861274771116
1.595335,-1.53888010531101
1.59534,-1.53914752076154
1.595345,-1.53941499407485
1.59535,-1.53968252526303
1.595355,-1.53995011433813
1.59536,-1.54021776131224
1.595365,-1.54048546619747
1.59537,-1.54075322900588
1.595375,-1.54102104974958
1.59538,-1.54128892844062
1.595385,-1.54155686509111
1.59539,-1.54182485971312
1.595395,-1.54209291231875
1.5954,-1.54236102292012
1.595405,-1.54262919152925
1.59541,-1.54289741815829
1.595415,-1.54316570281928
1.59542,-1.54343404552436
1.595425,-1.5437024462856
1.59543,-1.54397090511508
1.595435,-1.54423942202489
1.59544,-1.54450799702715
1.595445,-1.54477663013393
1.59545,-1.54504532135735
1.595455,-1.5453140707095
1.59546,-1.54558287820244
1.595465,-1.5458517438483
1.59547,-1.54612066765917
1.595475,-1.54638964964714
1.59548,-1.54665868982434
1.595485,-1.54692778820283
1.59549,-1.54719694479471
1.595495,-1.54746615961211
1.5955,-1.5477354326671
1.595505,-1.54800476397183
1.59551,-1.54827415353834
1.595515,-1.54854360137876
1.59552,-1.5488131075052
1.595525,-1.54908267192976
1.59553,-1.54935229466455
1.595535,-1.54962197572166
1.59554,-1.5498917151132
1.595545,-1.55016151285127
1.59555,-1.55043136894801
1.595555,-1.55070128341549
1.59556,-1.55097125626584
1.595565,-1.55124128751115
1.59557,-1.55151137716353
1.595575,-1.55178152523511
1.59558,-1.55205173173798
1.595585,-1.55232199668429
1.59559,-1.55259232008609
1.595595,-1.55286270195553
1.5956,-1.55313314230471
1.595605,-1.55340364114576
1.59561,-1.5536741984908
1.595615,-1.55394481435189
1.59562,-1.5542154887412
1.595625,-1.55448622167082
1.59563,-1.55475701315287
1.595635,-1.55502786319949
1.59564,-1.55529877182275
1.595645,-1.5555697390348
1.59565,-1.55584076484775
1.595655,-1.55611184927372
1.59566,-1.55638299232485
1.595665,-1.55665419401322
1.59567,-1.55692545435096
1.595675,-1.55719677335021
1.59568,-1.55746815102308
1.595685,-1.55773958738171
1.59569,-1.55801108243819
1.595695,-1.55828263620464
1.5957,-1.55855424869323
1.595705,-1.55882591991603
1.59571,-1.5590976498852
1.595715,-1.55936943861288
1.59572,-1.55964128611115
1.595725,-1.55991319239214
1.59573,-1.56018515746801
1.595735,-1.56045718135086
1.59574,-1.56072926405284
1.595745,-1.56100140558606
1.59575,-1.56127360596265
1.595755,-1.56154586519473
1.59576,-1.56181818329445
1.595765,-1.56209056027395
1.59577,-1.56236299614533
1.595775,-1.56263549092073
1.59578,-1.56290804461228
1.595785,-1.56318065723212
1.59579,-1.56345332879239
1.595795,-1.5637260593052
1.5958,-1.56399884878269
1.595805,-1.564271697237
1.59581,-1.56454460468027
1.595815,-1.56481757112464
1.59582,-1.56509059658221
1.595825,-1.56536368106514
1.59583,-1.56563682458557
1.595835,-1.56591002715563
1.59584,-1.56618328878745
1.595845,-1.5664566094932
1.59585,-1.56672998928498
1.595855,-1.56700342817494
1.59586,-1.56727692617522
1.595865,-1.56755048329796
1.59587,-1.56782409955532
1.595875,-1.5680977749594
1.59588,-1.56837150952235
1.595885,-1.56864530325633
1.59589,-1.56891915617348
1.595895,-1.56919306828595
1.5959,-1.56946703960585
1.595905,-1.56974107014533
1.59591,-1.57001515991656
1.595915,-1.57028930893166
1.59592,-1.57056351720279
1.595925,-1.57083778474208
1.59593,-1.57111211156168
1.595935,-1.57138649767373
1.59594,-1.57166094309038
1.595945,-1.5719354478238
1.59595,-1.5722100118861
1.595955,-1.57248463528944
1.59596,-1.57275931804596
1.595965,-1.57303406016782
1.59597,-1.57330886166717
1.595975,-1.57358372255617
1.59598,-1.57385864284693
1.595985,-1.57413362255162
1.59599,-1.57440866168239
1.595995,-1.57468376025139
1.596,-1.5749589182708
1.596005,-1.57523413575272
1.59601,-1.57550941270931
1.596015,-1.57578474915274
1.59602,-1.57606014509517
1.596025,-1.57633560054875
1.59603,-1.5766111155256
1.596035,-1.5768866900379
1.59604,-1.57716232409779
1.596045,-1.57743801771743
1.59605,-1.57771377090901
1.596055,-1.57798958368462
1.59606,-1.57826545605645
1.596065,-1.57854138803665
1.59607,-1.57881737963737
1.596075,-1.57909343087078
1.59608,-1.57936954174904
1.596085,-1.57964571228428
1.59609,-1.57992194248868
1.596095,-1.58019823237438
1.5961,-1.58047458195355
1.596105,-1.58075099123837
1.59611,-1.58102746024093
1.596115,-1.58130398897345
1.59612,-1.58158057744807
1.596125,-1.58185722567695
1.59613,-1.58213393367226
1.596135,-1.58241070144613
1.59614,-1.58268752901075
1.596145,-1.58296441637826
1.59615,-1.58324136356082
1.596155,-1.58351837057063
1.59616,-1.58379543741982
1.596165,-1.58407256412053
1.59617,-1.58434975068496
1.596175,-1.58462699712525
1.59618,-1.5849043034536
1.596185,-1.58518166968212
1.59619,-1.585459095823
1.596195,-1.5857365818884
1.5962,-1.58601412789047
1.596205,-1.58629173384141
1.59621,-1.58656939975336
1.596215,-1.58684712563848
1.59622,-1.58712491150894
1.596225,-1.58740275737691
1.59623,-1.58768066325455
1.596235,-1.58795862915405
1.59624,-1.58823665508754
1.596245,-1.58851474106719
1.59625,-1.58879288710518
1.596255,-1.58907109321367
1.59626,-1.58934935940485
1.596265,-1.58962768569085
1.59627,-1.58990607208386
1.596275,-1.59018451859603
1.59628,-1.59046302523955
1.596285,-1.5907415920266
1.59629,-1.59102021896929
1.596295,-1.59129890607985
1.5963,-1.59157765337041
1.596305,-1.59185646085316
1.59631,-1.59213532854027
1.596315,-1.5924142564439
1.59632,-1.5926932445762
1.596325,-1.59297229294938
1.59633,-1.59325140157559
1.596335,-1.593530570467
1.59634,-1.5938097996358
1.596345,-1.59408908909413
1.59635,-1.59436843885418
1.596355,-1.5946478489281
1.59636,-1.59492731932809
1.596365,-1.59520685006633
1.59637,-1.59548644115495
1.596375,-1.59576609260614
1.59638,-1.59604580443208
1.596385,-1.59632557664494
1.59639,-1.59660540925691
1.596395,-1.59688530228012
1.5964,-1.59716525572676
1.596405,-1.59744526960903
1.59641,-1.59772534393906
1.596415,-1.59800547872909
1.59642,-1.59828567399121
1.596425,-1.59856592973765
1.59643,-1.59884624598056
1.596435,-1.59912662273212
1.59644,-1.59940706000453
1.596445,-1.59968755780992
1.59645,-1.59996811616049
1.596455,-1.6002487350684
1.59646,-1.60052941454584
1.596465,-1.60081015460498
1.59647,-1.60109095525802
1.596475,-1.60137181651709
1.59648,-1.60165273839439
1.596485,-1.60193372090209
1.59649,-1.60221476405237
1.596495,-1.60249586785743
1.5965,-1.60277703232938
1.596505,-1.60305825748046
1.59651,-1.60333954332281
1.596515,-1.60362088986862
1.59652,-1.60390229713009
1.596525,-1.60418376511935
1.59653,-1.6044652938486
1.596535,-1.60474688333001
1.59654,-1.60502853357577
1.596545,-1.60531024459807
1.59655,-1.60559201640904
1.596555,-1.60587384902089
1.59656,-1.60615574244579
1.596565,-1.60643769669592
1.59657,-1.60671971178348
1.596575,-1.6070017877206
1.59658,-1.60728392451948
1.596585,-1.6075661221923
1.59659,-1.60784838075125
1.596595,-1.60813070020849
1.5966,-1.60841308057622
1.596605,-1.60869552186659
1.59661,-1.60897802409178
1.596615,-1.60926058726399
1.59662,-1.60954321139538
1.596625,-1.60982589649816
1.59663,-1.61010864258445
1.596635,-1.61039144966648
1.59664,-1.6106743177564
1.596645,-1.6109572468664
1.59665,-1.61124023700868
1.596655,-1.61152328819537
1.59666,-1.61180640043869
1.596665,-1.6120895737508
1.59667,-1.61237280814388
1.596675,-1.61265610363012
1.59668,-1.61293946022169
1.596685,-1.61322287793075
1.59669,-1.61350635676952
1.596695,-1.61378989675015
1.5967,-1.61407349788484
1.596705,-1.61435716018574
1.59671,-1.61464088366504
1.596715,-1.61492466833493
1.59672,-1.61520851420758
1.596725,-1.61549242129517
1.59673,-1.6157763896099
1.596735,-1.6160604191639
1.59674,-1.61634450996939
1.596745,-1.61662866203854
1.59675,-1.61691287538352
1.596755,-1.61719715001653
1.59676,-1.61748148594972
1.596765,-1.61776588319529
1.59677,-1.61805034176541
1.596775,-1.61833486167225
1.59678,-1.61861944292803
1.596785,-1.61890408554488
1.59679,-1.61918878953499
1.596795,-1.61947355491054
1.5968,-1.61975838168373
1.596805,-1.62004326986674
1.59681,-1.62032821947171
1.596815,-1.62061323051083
1.59682,-1.6208983029963
1.596825,-1.6211834369403
1.59683,-1.62146863235498
1.596835,-1.62175388925255
1.59684,-1.62203920764516
1.596845,-1.62232458754501
1.59685,-1.62261002896427
1.596855,-1.6228955319151
1.59686,-1.62318109640973
1.596865,-1.62346672246028
1.59687,-1.62375241007895
1.596875,-1.62403815927792
1.59688,-1.62432397006937
1.596885,-1.6246098424655
1.59689,-1.62489577647843
1.596895,-1.62518177212037
1.5969,-1.62546782940351
1.596905,-1.62575394834001
1.59691,-1.62604012894207
1.596915,-1.62632637122183
1.59692,-1.62661267519148
1.596925,-1.6268990408632
1.59693,-1.62718546824918
1.596935,-1.62747195736161
1.59694,-1.62775850821261
1.596945,-1.6280451208144
1.59695,-1.62833179517914
1.596955,-1.628618531319
1.59696,-1.62890532924618
1.596965,-1.62919218897286
1.59697,-1.62947911051118
1.596975,-1.62976609387333
1.59698,-1.6300531390715
1.596985,-1.63034024611784
1.59699,-1.63062741502457
1.596995,-1.63091464580382
1.597,-1.63120193846777
1.597005,-1.63148929302862
1.59701,-1.63177670949851
1.597015,-1.63206418788966
1.59702,-1.6323517282142
1.597025,-1.63263933048433
1.59703,-1.63292699471221
1.597035,-1.63321472091002
1.59704,-1.63350250908995
1.597045,-1.63379035926414
1.59705,-1.63407827144478
1.597055,-1.63436624564404
1.59706,-1.6346542818741
1.597065,-1.63494238014714
1.59707,-1.63523054047531
1.597075,-1.63551876287079
1.59708,-1.63580704734575
1.597085,-1.63609539391237
1.59709,-1.63638380258281
1.597095,-1.63667227336927
1.5971,-1.6369608062839
1.597105,-1.63724940133885
1.59711,-1.63753805854632
1.597115,-1.63782677791847
1.59712,-1.63811555946749
1.597125,-1.63840440320552
1.59713,-1.63869330914474
1.597135,-1.63898227729732
1.59714,-1.63927130767543
1.597145,-1.63956040029127
1.59715,-1.63984955515695
1.597155,-1.64013877228466
1.59716,-1.6404280516866
1.597165,-1.64071739337489
1.59717,-1.64100679736175
1.597175,-1.64129626365931
1.59718,-1.64158579227973
1.597185,-1.64187538323521
1.59719,-1.64216503653789
1.597195,-1.64245475219997
1.5972,-1.64274453023358
1.597205,-1.64303437065089
1.59721,-1.64332427346408
1.597215,-1.64361423868531
1.59722,-1.64390426632674
1.597225,-1.64419435640057
1.59723,-1.64448450891891
1.597235,-1.64477472389394
1.59724,-1.64506500133784
1.597245,-1.64535534126277
1.59725,-1.64564574368091
1.597255,-1.64593620860438
1.59726,-1.64622673604536
1.597265,-1.64651732601602
1.59727,-1.64680797852852
1.597275,-1.64709869359505
1.59728,-1.64738947122771
1.597285,-1.6476803114387
1.59729,-1.64797121424017
1.597295,-1.64826217964429
1.5973,-1.64855320766323
1.597305,-1.64884429830912
1.59731,-1.64913545159413
1.597315,-1.64942666753042
1.59732,-1.64971794613016
1.597325,-1.65000928740551
1.59733,-1.6503006913686
1.597335,-1.65059215803161
1.59734,-1.65088368740669
1.597345,-1.651175279506
1.59735,-1.6514669343417
1.597355,-1.65175865192596
1.59736,-1.65205043227089
1.597365,-1.65234227538868
1.59737,-1.65263418129147
1.597375,-1.65292614999143
1.59738,-1.65321818150073
1.597385,-1.65351027583147
1.59739,-1.65380243299585
1.597395,-1.65409465300599
1.5974,-1.65438693587408
1.597405,-1.65467928161224
1.59741,-1.65497169023264
1.597415,-1.65526416174742
1.59742,-1.65555669616873
1.597425,-1.65584929350873
1.59743,-1.65614195377959
1.597435,-1.65643467699341
1.59744,-1.65672746316236
1.597445,-1.6570203122986
1.59745,-1.65731322441427
1.597455,-1.65760619952155
1.59746,-1.65789923763254
1.597465,-1.65819233875939
1.59747,-1.65848550291427
1.597475,-1.65877873010932
1.59748,-1.65907202035668
1.597485,-1.65936537366852
1.59749,-1.65965879005694
1.597495,-1.65995226953412
1.5975,-1.66024581211218
1.597505,-1.66053941780328
1.59751,-1.66083308661958
1.597515,-1.66112681857318
1.59752,-1.66142061367624
1.597525,-1.6617144719409
1.59753,-1.66200839337931
1.597535,-1.66230237800363
1.59754,-1.66259642582596
1.597545,-1.66289053685843
1.59755,-1.66318471111323
1.597555,-1.66347894860247
1.59756,-1.6637732493383
1.597565,-1.66406761333283
1.59757,-1.66436204059822
1.597575,-1.66465653114659
1.59758,-1.6649510849901
1.597585,-1.66524570214088
1.59759,-1.66554038261106
1.597595,-1.66583512641276
1.5976,-1.66612993355812
1.597605,-1.66642480405929
1.59761,-1.66671973792839
1.597615,-1.66701473517757
1.59762,-1.66730979581892
1.597625,-1.66760491986461
1.59763,-1.66790010732675
1.597635,-1.66819535821747
1.59764,-1.66849067254894
1.597645,-1.66878605033323
1.59765,-1.66908149158249
1.597655,-1.66937699630886
1.59766,-1.66967256452446
1.597665,-1.66996819624143
1.59767,-1.67026389147186
1.597675,-1.6705596502279
1.59768,-1.67085547252167
1.597685,-1.6711513583653
1.59769,-1.67144730777092
1.597695,-1.67174332075062
1.5977,-1.67203939731655
1.597705,-1.67233553748083
1.59771,-1.67263174125558
1.597715,-1.67292800865292
1.59772,-1.67322433968498
1.597725,-1.67352073436385
1.59773,-1.67381719270167
1.597735,-1.67411371471055
1.59774,-1.67441030040261
1.597745,-1.67470694979
1.59775,-1.67500366288478
1.597755,-1.67530043969908
1.59776,-1.67559728024503
1.597765,-1.67589418453475
1.59777,-1.67619115258036
1.597775,-1.67648818439393
1.59778,-1.6767852799876
1.597785,-1.67708243937348
1.59779,-1.67737966256369
1.597795,-1.67767694957034
1.5978,-1.67797430040552
1.597805,-1.67827171508135
1.59781,-1.67856919360993
1.597815,-1.67886673600339
1.59782,-1.67916434227383
1.597825,-1.67946201243333
1.59783,-1.67975974649402
1.597835,-1.680057544468
1.59784,-1.68035540636737
1.597845,-1.68065333220424
1.59785,-1.68095132199073
1.597855,-1.68124937573891
1.59786,-1.68154749346087
1.597865,-1.68184567516875
1.59787,-1.68214392087464
1.597875,-1.68244223059064
1.59788,-1.68274060432882
1.597885,-1.68303904210131
1.59789,-1.6833375439202
1.597895,-1.68363610979757
1.5979,-1.68393473974555
1.597905,-1.68423343377619
1.59791,-1.68453219190161
1.597915,-1.6848310141339
1.59792,-1.68512990048515
1.597925,-1.68542885096747
1.59793,-1.68572786559293
1.597935,-1.68602694437361
1.59794,-1.68632608732162
1.597945,-1.68662529444904
1.59795,-1.68692456576798
1.597955,-1.68722390129049
1.59796,-1.68752330102868
1.597965,-1.68782276499462
1.59797,-1.68812229320041
1.597975,-1.68842188565812
1.59798,-1.68872154237987
1.597985,-1.68902126337769
1.59799,-1.68932104866368
1.597995,-1.68962089824993
1.598,-1.68992081214852
1.598005,-1.69022079037154
1.59801,-1.69052083293104
1.598015,-1.6908209398391
1.59802,-1.69112111110781
1.598025,-1.69142134674924
1.59803,-1.69172164677549
1.598035,-1.69202201119859
1.59804,-1.69232244003064
1.598045,-1.6926229332837
1.59805,-1.69292349096986
1.598055,-1.69322411310119
1.59806,-1.69352479968973
1.598065,-1.69382555074756
1.59807,-1.69412636628677
1.598075,-1.6944272463194
1.59808,-1.69472819085756
1.598085,-1.69502919991326
1.59809,-1.69533027349859
1.598095,-1.69563141162562
1.5981,-1.6959326143064
1.598105,-1.69623388155299
1.59811,-1.69653521337749
1.598115,-1.6968366097919
1.59812,-1.69713807080832
1.598125,-1.69743959643879
1.59813,-1.69774118669538
1.598135,-1.69804284159015
1.59814,-1.69834456113514
1.598145,-1.69864634534239
1.59815,-1.69894819422399
1.598155,-1.69925010779197
1.59816,-1.69955208605842
1.598165,-1.69985412903533
1.59817,-1.70015623673478
1.598175,-1.70045840916882
1.59818,-1.7007606463495
1.598185,-1.70106294828888
1.59819,-1.70136531499897
1.598195,-1.70166774649184
1.5982,-1.70197024277953
1.598205,-1.70227280387407
1.59821,-1.70257542978753
1.598215,-1.70287812053195
1.59822,-1.70318087611934
1.598225,-1.70348369656175
1.59823,-1.70378658187123
1.598235,-1.70408953205981
1.59824,-1.70439254713955
1.598245,-1.70469562712244
1.59825,-1.70499877202055
1.598255,-1.70530198184589
1.59826,-1.70560525661051
1.598265,-1.70590859632645
1.59827,-1.70621200100571
1.598275,-1.70651547066033
1.59828,-1.70681900530235
1.598285,-1.70712260494378
1.59829,-1.70742626959669
1.598295,-1.70772999927304
1.5983,-1.7080337939849
1.598305,-1.70833765374427
1.59831,-1.70864157856318
1.598315,-1.70894556845369
1.59832,-1.70924962342774
1.598325,-1.70955374349741
1.59833,-1.70985792867468
1.598335,-1.7101621789716
1.59834,-1.71046649440017
1.598345,-1.71077087497242
1.59835,-1.71107532070034
1.598355,-1.71137983159595
1.59836,-1.71168440767126
1.598365,-1.71198904893828
1.59837,-1.71229375540905
1.598375,-1.71259852709553
1.59838,-1.71290336400975
1.598385,-1.71320826616372
1.59839,-1.71351323356942
1.598395,-1.71381826623891
1.5984,-1.71412336418414
1.598405,-1.71442852741711
1.59841,-1.71473375594984
1.598415,-1.71503904979434
1.59842,-1.7153444089626
1.598425,-1.7156498334666
1.59843,-1.71595532331834
1.598435,-1.71626087852983
1.59844,-1.71656649911306
1.598445,-1.71687218508002
1.59845,-1.71717793644269
1.598455,-1.71748375321306
1.59846,-1.71778963540314
1.598465,-1.7180955830249
1.59847,-1.71840159609032
1.598475,-1.71870767461143
1.59848,-1.71901381860017
1.598485,-1.71932002806851
1.59849,-1.71962630302847
1.598495,-1.71993264349201
1.5985,-1.72023904947114
1.598505,-1.7205455209778
1.59851,-1.72085205802398
1.598515,-1.72115866062164
1.59852,-1.72146532878279
1.598525,-1.72177206251939
1.59853,-1.72207886184339
1.598535,-1.72238572676679
1.59854,-1.72269265730154
1.598545,-1.7229996534596
1.59855,-1.72330671525299
1.598555,-1.72361384269361
1.59856,-1.72392103579346
1.598565,-1.72422829456449
1.59857,-1.72453561901868
1.598575,-1.72484300916799
1.59858,-1.72515046502434
1.598585,-1.72545798659974
1.59859,-1.72576557390611
1.598595,-1.72607322695542
1.5986,-1.72638094575963
1.598605,-1.7266887303307
1.59861,-1.72699658068056
1.598615,-1.72730449682117
1.59862,-1.72761247876448
1.598625,-1.72792052652244
1.59863,-1.72822864010701
1.598635,-1.72853681953011
1.59864,-1.72884506480369
1.598645,-1.72915337593969
1.59865,-1.72946175295007
1.598655,-1.72977019584678
1.59866,-1.73007870464171
1.598665,-1.73038727934683
1.59867,-1.73069591997407
1.598675,-1.73100462653538
1.59868,-1.73131339904268
1.598685,-1.7316222375079
1.59869,-1.73193114194296
1.598695,-1.73224011235982
1.5987,-1.73254914877038
1.598705,-1.73285825118659
1.59871,-1.73316741962036
1.598715,-1.73347665408361
1.59872,-1.73378595458827
1.598725,-1.73409532114626
1.59873,-1.7344047537695
1.598735,-1.73471425246994
1.59874,-1.73502381725944
1.598745,-1.73533344814994
1.59875,-1.73564314515336
1.598755,-1.73595290828161
1.59876,-1.73626273754662
1.598765,-1.73657263296026
1.59877,-1.73688259453446
1.598775,-1.73719262228112
1.59878,-1.73750271621216
1.598785,-1.7378128763395
1.59879,-1.73812310267499
1.598795,-1.73843339523057
1.5988,-1.73874375401813
1.598805,-1.73905417904956
1.59881,-1.73936467033679
1.598815,-1.73967522789168
1.59882,-1.73998585172614
1.598825,-1.74029654185205
1.59883,-1.74060729828131
1.598835,-1.74091812102583
1.59884,-1.74122901009746
1.598845,-1.74153996550811
1.59885,-1.74185098726965
1.598855,-1.74216207539399
1.59886,-1.74247322989299
1.598865,-1.74278445077855
1.59887,-1.74309573806252
1.598875,-1.7434070917568
1.59888,-1.74371851187325
1.598885,-1.74402999842377
1.59889,-1.74434155142023
1.598895,-1.74465317087447
1.5989,-1.74496485679839
1.598905,-1.74527660920383
1.59891,-1.74558842810269
1.598915,-1.74590031350685
1.59892,-1.74621226542811
1.598925,-1.74652428387838
1.59893,-1.7468363688695
1.598935,-1.74714852041335
1.59894,-1.74746073852178
1.598945,-1.74777302320663
1.59895,-1.74808537447977
1.598955,-1.74839779235305
1.59896,-1.74871027683832
1.598965,-1.74902282794743
1.59897,-1.74933544569226
1.598975,-1.7496481300846
1.59898,-1.74996088113631
1.598985,-1.75027369885926
1.59899,-1.75058658326527
1.598995,-1.7508995343662
1.599,-1.75121255217388
1.599005,-1.75152563670012
1.59901,-1.75183878795678
1.599015,-1.7521520059557
1.59902,-1.75246529070872
1.599025,-1.75277864222764
1.59903,-1.75309206052429
1.599035,-1.75340554561052
1.59904,-1.75371909749814
1.599045,-1.75403271619901
1.59905,-1.75434640172489
1.599055,-1.75466015408764
1.59906,-1.75497397329907
1.599065,-1.75528785937099
1.59907,-1.75560181231525
1.599075,-1.75591583214362
1.59908,-1.75622991886793
1.599085,-1.75654407249998
1.59909,-1.7568582930516
1.599095,-1.75717258053457
1.5991,-1.75748693496075
1.599105,-1.75780135634187
1.59911,-1.75811584468978
1.599115,-1.75843040001625
1.59912,-1.75874502233311
1.599125,-1.75905971165215
1.59913,-1.75937446798515
1.599135,-1.75968929134389
1.59914,-1.7600041817402
1.599145,-1.76031913918584
1.59915,-1.76063416369264
1.599155,-1.76094925527232
1.59916,-1.76126441393671
1.599165,-1.76157963969757
1.59917,-1.76189493256671
1.599175,-1.7622102925559
1.59918,-1.76252571967689
1.599185,-1.76284121394148
1.59919,-1.76315677536143
1.599195,-1.76347240394853
1.5992,-1.76378809971455
1.599205,-1.76410386267124
1.59921,-1.76441969283037
1.599215,-1.76473559020371
1.59922,-1.76505155480302
1.599225,-1.76536758664007
1.59923,-1.76568368572663
1.599235,-1.76599985207443
1.59924,-1.76631608569522
1.599245,-1.76663238660078
1.59925,-1.76694875480285
1.599255,-1.76726519031321
1.59926,-1.76758169314356
1.599265,-1.76789826330565
1.59927,-1.76821490081126
1.599275,-1.76853160567209
1.59928,-1.76884837789995
1.599285,-1.76916521750651
1.59929,-1.76948212450352
1.599295,-1.76979909890273
1.5993,-1.77011614071586
1.599305,-1.77043324995468
1.59931,-1.77075042663086
1.599315,-1.77106767075617
1.59932,-1.77138498234232
1.599325,-1.77170236140102
1.59933,-1.77201980794405
1.599335,-1.77233732198305
1.59934,-1.77265490352978
1.599345,-1.77297255259595
1.59935,-1.77329026919328
1.599355,-1.77360805333347
1.59936,-1.77392590502826
1.599365,-1.77424382428932
1.59937,-1.77456181112837
1.599375,-1.77487986555712
1.59938,-1.77519798758726
1.599385,-1.77551617723052
1.59939,-1.77583443449855
1.599395,-1.77615275940308
1.5994,-1.7764711519558
1.599405,-1.77678961216839
1.59941,-1.77710814005259
1.599415,-1.77742673562001
1.59942,-1.77774539888238
1.599425,-1.77806412985138
1.59943,-1.77838292853869
1.599435,-1.77870179495601
1.59944,-1.77902072911498
1.599445,-1.7793397310273
1.59945,-1.77965880070464
1.599455,-1.77997793815867
1.59946,-1.78029714340108
1.599465,-1.7806164164435
1.59947,-1.78093575729763
1.599475,-1.78125516597511
1.59948,-1.78157464248761
1.599485,-1.78189418684679
1.59949,-1.78221379906433
1.599495,-1.78253347915186
1.5995,-1.78285322712103
1.599505,-1.7831730429835
1.59951,-1.78349292675092
1.599515,-1.78381287843496
1.59952,-1.78413289804723
1.599525,-1.78445298559938
1.59953,-1.78477314110304
1.599535,-1.78509336456988
1.59954,-1.78541365601155
1.599545,-1.78573401543963
1.59955,-1.78605444286577
1.599555,-1.78637493830161
1.59956,-1.78669550175879
1.599565,-1.78701613324894
1.59957,-1.78733683278365
1.599575,-1.78765760037455
1.59958,-1.78797843603327
1.599585,-1.78829933977144
1.59959,-1.78862031160068
1.599595,-1.78894135153255
1.5996,-1.7892624595787
1.599605,-1.78958363575074
1.59961,-1.78990488006028
1.599615,-1.7902261925189
1.59962,-1.79054757313824
1.599625,-1.79086902192986
1.59963,-1.79119053890538
1.599635,-1.79151212407638
1.59964,-1.79183377745446
1.599645,-1.79215549905125
1.59965,-1.79247728887828
1.599655,-1.79279914694716
1.59966,-1.79312107326948
1.599665,-1.7934430678568
1.59967,-1.79376513072074
1.599675,-1.79408726187284
1.59968,-1.79440946132469
1.599685,-1.79473172908786
1.59969,-1.79505406517392
1.599695,-1.79537646959446
1.5997,-1.79569894236102
1.599705,-1.79602148348516
1.59971,-1.79634409297846
1.599715,-1.79666677085246
1.59972,-1.79698951711874
1.599725,-1.79731233178886
1.59973,-1.79763521487434
1.599735,-1.79795816638675
1.59974,-1.79828118633762
1.599745,-1.79860427473852
1.59975,-1.79892743160101
1.599755,-1.79925065693658
1.59976,-1.79957395075679
1.599765,-1.79989731307318
1.59977,-1.80022074389727
1.599775,-1.80054424324064
1.59978,-1.80086781111475
1.599785,-1.80119144753117
1.59979,-1.80151515250141
1.599795,-1.80183892603699
1.5998,-1.80216276814947
1.599805,-1.8024866788503
1.59981,-1.80281065815102
1.599815,-1.80313470606316
1.59982,-1.80345882259821
1.599825,-1.80378300776772
1.59983,-1.80410726158313
1.599835,-1.80443158405598
1.59984,-1.80475597519776
1.599845,-1.80508043501998
1.59985,-1.80540496353412
1.599855,-1.8057295607517
1.59986,-1.80605422668418
1.599865,-1.80637896134305
1.59987,-1.80670376473981
1.599875,-1.80702863688594
1.59988,-1.80735357779294
1.599885,-1.80767858747224
1.59989,-1.80800366593534
1.599895,-1.80832881319373
1.5999,-1.80865402925885
1.599905,-1.80897931414222
1.59991,-1.80930466785524
1.599915,-1.80963009040941
1.59992,-1.80995558181618
1.599925,-1.81028114208702
1.59993,-1.8106067712334
1.599935,-1.81093246926673
1.59994,-1.81125823619848
1.599945,-1.8115840720401
1.59995,-1.81190997680303
1.599955,-1.81223595049875
1.59996,-1.81256199313864
1.599965,-1.81288810473419
1.59997,-1.81321428529679
1.599975,-1.8135405348379
1.59998,-1.81386685336896
1.599985,-1.81419324090139
1.59999,-1.8145196974466
1.599995,-1.81484622301601
1.6,-1.81517281762106
