"Freq [GHz]","dB(S(1,1)) []"
1.55,-6.22025377643407
1.550005,-6.22157260514551
1.55001,-6.22289128682504
1.550015,-6.2242098209674
1.55002,-6.22552820706684
1.550025,-6.22684644461774
1.55003,-6.22816453311422
1.550035,-6.22948247205012
1.55004,-6.23080026091938
1.550045,-6.2321178992155
1.55005,-6.2334353864321
1.550055,-6.23475272206253
1.55006,-6.23606990559988
1.550065,-6.2373869365373
1.55007,-6.23870381436772
1.550075,-6.24002053858377
1.55008,-6.24133710867822
1.550085,-6.24265352414339
1.55009,-6.24396978447169
1.550095,-6.24528588915534
1.5501,-6.24660183768626
1.550105,-6.24791762955648
1.55011,-6.24923326425764
1.550115,-6.25054874128143
1.55012,-6.25186406011933
1.550125,-6.25317922026264
1.55013,-6.25449422120259
1.550135,-6.25580906243028
1.55014,-6.25712374343658
1.550145,-6.25843826371238
1.55015,-6.25975262274826
1.550155,-6.26106682003476
1.55016,-6.26238085506238
1.550165,-6.26369472732128
1.55017,-6.26500843630168
1.550175,-6.26632198149353
1.55018,-6.26763536238676
1.550185,-6.26894857847118
1.55019,-6.2702616292363
1.550195,-6.27157451417169
1.5502,-6.2728872327668
1.550205,-6.2741997845108
1.55021,-6.2755121688929
1.550215,-6.27682438540201
1.55022,-6.27813643352713
1.550225,-6.27944831275705
1.55023,-6.28076002258033
1.550235,-6.28207156248563
1.55024,-6.28338293196124
1.550245,-6.28469413049555
1.55025,-6.2860051575768
1.550255,-6.28731601269298
1.55026,-6.28862669533208
1.550265,-6.28993720498202
1.55027,-6.29124754113045
1.550275,-6.29255770326507
1.55028,-6.29386769087335
1.550285,-6.29517750344275
1.55029,-6.2964871404606
1.550295,-6.29779660141403
1.5503,-6.29910588579022
1.550305,-6.30041499307607
1.55031,-6.30172392275853
1.550315,-6.30303267432439
1.55032,-6.3043412472603
1.550325,-6.30564964105286
1.55033,-6.30695785518861
1.550335,-6.30826588915384
1.55034,-6.30957374243493
1.550345,-6.31088141451797
1.55035,-6.31218890488912
1.550355,-6.31349621303441
1.55036,-6.31480333843968
1.550365,-6.31611028059082
1.55037,-6.31741703897345
1.550375,-6.31872361307326
1.55038,-6.32003000237585
1.550385,-6.32133620636656
1.55039,-6.32264222453082
1.550395,-6.32394805635394
1.5504,-6.32525370132102
1.550405,-6.32655915891728
1.55041,-6.32786442862762
1.550415,-6.32916950993706
1.55042,-6.33047440233048
1.550425,-6.33177910529258
1.55043,-6.33308361830815
1.550435,-6.33438794086171
1.55044,-6.33569207243785
1.550445,-6.3369960125211
1.55045,-6.33829976059572
1.550455,-6.33960331614611
1.55046,-6.34090667865653
1.550465,-6.34220984761106
1.55047,-6.3435128224939
1.550475,-6.34481560278898
1.55048,-6.34611818798029
1.550485,-6.34742057755177
1.55049,-6.34872277098718
1.550495,-6.35002476777032
1.5505,-6.35132656738479
1.550505,-6.35262816931428
1.55051,-6.35392957304239
1.550515,-6.35523077805251
1.55052,-6.35653178382814
1.550525,-6.3578325898527
1.55053,-6.35913319560942
1.550535,-6.36043360058166
1.55054,-6.3617338042525
1.550545,-6.36303380610514
1.55055,-6.36433360562272
1.550555,-6.36563320228819
1.55056,-6.36693259558462
1.550565,-6.36823178499488
1.55057,-6.36953077000185
1.550575,-6.37082955008843
1.55058,-6.3721281247373
1.550585,-6.37342649343126
1.55059,-6.37472465565304
1.550595,-6.3760226108852
1.5506,-6.37732035861041
1.550605,-6.37861789831114
1.55061,-6.37991522946996
1.550615,-6.3812123515694
1.55062,-6.38250926409177
1.550625,-6.38380596651958
1.55063,-6.38510245833508
1.550635,-6.38639873902066
1.55064,-6.38769480805863
1.550645,-6.38899066493114
1.55065,-6.39028630912048
1.550655,-6.39158174010887
1.55066,-6.39287695737836
1.550665,-6.39417196041117
1.55067,-6.39546674868931
1.550675,-6.39676132169491
1.55068,-6.39805567891001
1.550685,-6.39934981981656
1.55069,-6.40064374389662
1.550695,-6.40193745063215
1.5507,-6.40323093950503
1.550705,-6.4045242099973
1.55071,-6.40581726159072
1.550715,-6.40711009376725
1.55072,-6.40840270600882
1.550725,-6.40969509779714
1.55073,-6.41098726861417
1.550735,-6.41227921794165
1.55074,-6.41357094526139
1.550745,-6.41486245005527
1.55075,-6.41615373180498
1.550755,-6.41744478999232
1.55076,-6.41873562409912
1.550765,-6.42002623360703
1.55077,-6.4213166179979
1.550775,-6.4226067767534
1.55078,-6.4238967093553
1.550785,-6.42518641528538
1.55079,-6.42647589402533
1.550795,-6.42776514505693
1.5508,-6.42905416786186
1.550805,-6.43034296192188
1.55081,-6.43163152671882
1.550815,-6.43291986173428
1.55082,-6.43420796645011
1.550825,-6.43549584034807
1.55083,-6.43678348290986
1.550835,-6.43807089361738
1.55084,-6.43935807195226
1.550845,-6.4406450173964
1.55085,-6.44193172943161
1.550855,-6.44321820753966
1.55086,-6.44450445120245
1.550865,-6.44579045990176
1.55087,-6.44707623311949
1.550875,-6.44836177033761
1.55088,-6.4496470710379
1.550885,-6.45093213470236
1.55089,-6.45221696081296
1.550895,-6.45350154885162
1.5509,-6.4547858983004
1.550905,-6.45607000864127
1.55091,-6.45735387935629
1.550915,-6.45863750992759
1.55092,-6.45992089983721
1.550925,-6.46120404856735
1.55093,-6.46248695560013
1.550935,-6.46376962041776
1.55094,-6.46505204250256
1.550945,-6.46633422133666
1.55095,-6.46761615640249
1.550955,-6.46889784718238
1.55096,-6.47017929315864
1.550965,-6.47146049381381
1.55097,-6.47274144863022
1.550975,-6.47402215709049
1.55098,-6.47530261867719
1.550985,-6.4765828328728
1.55099,-6.47786279916011
1.550995,-6.47914251702169
1.551,-6.48042198594032
1.551005,-6.48170120539888
1.55101,-6.48298017488009
1.551015,-6.48425889386688
1.55102,-6.48553736184229
1.551025,-6.48681557828921
1.55103,-6.48809354269078
1.551035,-6.48937125453006
1.55104,-6.49064871329025
1.551045,-6.49192591845464
1.55105,-6.49320286950646
1.551055,-6.49447956592914
1.55106,-6.495756007206
1.551065,-6.49703219282064
1.55107,-6.49830812225663
1.551075,-6.49958379499749
1.55108,-6.50085921052697
1.551085,-6.5021343683289
1.55109,-6.50340926788701
1.551095,-6.50468390868529
1.5511,-6.50595829020768
1.551105,-6.50723241193826
1.55111,-6.50850627336121
1.551115,-6.50977987396063
1.55112,-6.51105321322096
1.551125,-6.51232629062647
1.55113,-6.51359910566164
1.551135,-6.51487165781108
1.55114,-6.51614394655929
1.551145,-6.51741597139108
1.55115,-6.51868773179126
1.551155,-6.51995922724464
1.55116,-6.52123045723628
1.551165,-6.52250142125114
1.55117,-6.52377211877447
1.551175,-6.52504254929155
1.55118,-6.52631271228764
1.551185,-6.52758260724828
1.55119,-6.52885223365891
1.551195,-6.53012159100521
1.5512,-6.53139067877302
1.551205,-6.53265949644805
1.55121,-6.53392804351631
1.551215,-6.5351963194639
1.55122,-6.53646432377688
1.551225,-6.53773205594161
1.55123,-6.53899951544437
1.551235,-6.54026670177168
1.55124,-6.54153361441022
1.551245,-6.54280025284657
1.55125,-6.54406661656766
1.551255,-6.54533270506033
1.55126,-6.54659851781168
1.551265,-6.54786405430893
1.55127,-6.54912931403926
1.551275,-6.55039429649015
1.55128,-6.55165900114916
1.551285,-6.55292342750387
1.55129,-6.55418757504215
1.551295,-6.55545144325181
1.5513,-6.55671503162093
1.551305,-6.55797833963771
1.55131,-6.55924136679038
1.551315,-6.56050411256742
1.55132,-6.56176657645732
1.551325,-6.56302875794881
1.55133,-6.56429065653074
1.551335,-6.56555227169206
1.55134,-6.56681360292183
1.551345,-6.56807464970938
1.55135,-6.569335411544
1.551355,-6.57059588791529
1.55136,-6.57185607831285
1.551365,-6.57311598222653
1.55137,-6.57437559914634
1.551375,-6.57563492856231
1.55138,-6.57689396996477
1.551385,-6.57815272284405
1.55139,-6.57941118669076
1.551395,-6.58066936099566
1.5514,-6.58192724524954
1.551405,-6.58318483894346
1.55141,-6.58444214156867
1.551415,-6.5856991526164
1.55142,-6.58695587157827
1.551425,-6.58821229794584
1.55143,-6.58946843121103
1.551435,-6.59072427086583
1.55144,-6.59197981640233
1.551445,-6.59323506731291
1.55145,-6.59449002309012
1.551455,-6.59574468322654
1.55146,-6.5969990472151
1.551465,-6.59825311454873
1.55147,-6.59950688472071
1.551475,-6.60076035722438
1.55148,-6.60201353155323
1.551485,-6.60326640720108
1.55149,-6.60451898366175
1.551495,-6.60577126042937
1.5515,-6.60702323699829
1.551505,-6.60827491286281
1.55151,-6.60952628751767
1.551515,-6.61077736045774
1.55152,-6.61202813117794
1.551525,-6.61327859917361
1.55153,-6.61452876394002
1.551535,-6.61577862497283
1.55154,-6.61702818176788
1.551545,-6.61827743382109
1.55155,-6.61952638062874
1.551555,-6.62077502168709
1.55156,-6.62202335649282
1.551565,-6.62327138454275
1.55157,-6.6245191053338
1.551575,-6.6257665183632
1.55158,-6.62701362312841
1.551585,-6.62826041912698
1.55159,-6.6295069058568
1.551595,-6.63075308281583
1.5516,-6.63199894950238
1.551605,-6.63324450541498
1.55161,-6.63448975005217
1.551615,-6.63573468291297
1.55162,-6.63697930349644
1.551625,-6.63822361130193
1.55163,-6.63946760582904
1.551635,-6.64071128657752
1.55164,-6.64195465304737
1.551645,-6.64319770473888
1.55165,-6.64444044115247
1.551655,-6.64568286178887
1.55166,-6.64692496614895
1.551665,-6.64816675373392
1.55167,-6.64940822404519
1.551675,-6.65064937658431
1.55168,-6.65189021085325
1.551685,-6.65313072635399
1.55169,-6.65437092258894
1.551695,-6.65561079906075
1.5517,-6.65685035527212
1.551705,-6.6580895907262
1.55171,-6.65932850492632
1.551715,-6.66056709737598
1.55172,-6.6618053675791
1.551725,-6.66304331503962
1.55173,-6.66428093926194
1.551735,-6.66551823975063
1.55174,-6.66675521601049
1.551745,-6.66799186754663
1.55175,-6.66922819386436
1.551755,-6.67046419446928
1.55176,-6.67169986886732
1.551765,-6.67293521656454
1.55177,-6.67417023706734
1.551775,-6.67540492988245
1.55178,-6.67663929451668
1.551785,-6.67787333047734
1.55179,-6.67910703727178
1.551795,-6.68034041440781
1.5518,-6.68157346139346
1.551805,-6.68280617773695
1.55181,-6.68403856294691
1.551815,-6.68527061653212
1.55182,-6.68650233800172
1.551825,-6.68773372686518
1.55183,-6.68896478263208
1.551835,-6.69019550481246
1.55184,-6.69142589291662
1.551845,-6.69265594645497
1.55185,-6.69388566493851
1.551855,-6.6951150478782
1.55186,-6.69634409478557
1.551865,-6.69757280517234
1.55187,-6.69880117855046
1.551875,-6.70002921443228
1.55188,-6.70125691233037
1.551885,-6.70248427175766
1.55189,-6.70371129222737
1.551895,-6.70493797325298
1.5519,-6.70616431434832
1.551905,-6.70739031502755
1.55191,-6.70861597480505
1.551915,-6.7098412931956
1.55192,-6.71106626971423
1.551925,-6.71229090387631
1.55193,-6.71351519519756
1.551935,-6.71473914319393
1.55194,-6.7159627473818
1.551945,-6.71718600727771
1.55195,-6.71840892239869
1.551955,-6.71963149226205
1.55196,-6.72085371638531
1.551965,-6.72207559428645
1.55197,-6.72329712548378
1.551975,-6.72451830949576
1.55198,-6.72573914584146
1.551985,-6.72695963404003
1.55199,-6.72817977361106
1.551995,-6.72939956407455
1.552,-6.73061900495069
1.552005,-6.73183809576015
1.55201,-6.73305683602375
1.552015,-6.73427522526287
1.55202,-6.73549326299916
1.552025,-6.7367109487545
1.55203,-6.73792828205124
1.552035,-6.73914526241214
1.55204,-6.74036188936009
1.552045,-6.74157816241857
1.55205,-6.74279408111118
1.552055,-6.7440096449621
1.55206,-6.7452248534958
1.552065,-6.74643970623696
1.55207,-6.74765420271083
1.552075,-6.74886834244287
1.55208,-6.75008212495899
1.552085,-6.75129554978548
1.55209,-6.75250861644887
1.552095,-6.75372132447619
1.5521,-6.75493367339482
1.552105,-6.75614566273243
1.55211,-6.7573572920172
1.552115,-6.7585685607775
1.55212,-6.75977946854225
1.552125,-6.7609900148407
1.55213,-6.76220019920237
1.552135,-6.76341002115738
1.55214,-6.76461948023598
1.552145,-6.765828575969
1.55215,-6.76703730788763
1.552155,-6.7682456755233
1.55216,-6.76945367840801
1.552165,-6.7706613160741
1.55217,-6.77186858805421
1.552175,-6.77307549388151
1.55218,-6.77428203308946
1.552185,-6.77548820521199
1.55219,-6.77669400978345
1.552195,-6.77789944633846
1.5522,-6.77910451441217
1.552205,-6.78030921354014
1.55221,-6.78151354325822
1.552215,-6.78271750310281
1.55222,-6.78392109261057
1.552225,-6.78512431131871
1.55223,-6.78632715876484
1.552235,-6.78752963448684
1.55224,-6.78873173802322
1.552245,-6.78993346891271
1.55225,-6.79113482669458
1.552255,-6.79233581090856
1.55226,-6.79353642109464
1.552265,-6.79473665679338
1.55227,-6.79593651754576
1.552275,-6.79713600289308
1.55228,-6.7983351123772
1.552285,-6.79953384554029
1.55229,-6.80073220192506
1.552295,-6.80193018107464
1.5523,-6.80312778253251
1.552305,-6.80432500584273
1.55231,-6.80552185054964
1.552315,-6.80671831619815
1.55232,-6.8079144023336
1.552325,-6.80911010850168
1.55233,-6.81030543424863
1.552335,-6.81150037912115
1.55234,-6.81269494266626
1.552345,-6.81388912443161
1.55235,-6.81508292396514
1.552355,-6.81627634081534
1.55236,-6.81746937453119
1.552365,-6.818662024662
1.55237,-6.81985429075772
1.552375,-6.82104617236856
1.55238,-6.82223766904537
1.552385,-6.82342878033941
1.55239,-6.82461950580236
1.552395,-6.82580984498641
1.5524,-6.82699979744427
1.552405,-6.828189362729
1.55241,-6.82937854039429
1.552415,-6.83056732999415
1.55242,-6.83175573108321
1.552425,-6.83294374321652
1.55243,-6.83413136594955
1.552435,-6.8353185988384
1.55244,-6.83650544143949
1.552445,-6.83769189330985
1.55245,-6.83887795400703
1.552455,-6.84006362308888
1.55246,-6.84124890011392
1.552465,-6.84243378464116
1.55247,-6.84361827623
1.552475,-6.84480237444042
1.55248,-6.84598607883285
1.552485,-6.84716938896826
1.55249,-6.84835230440817
1.552495,-6.84953482471449
1.5525,-6.85071694944973
1.552505,-6.85189867817682
1.55251,-6.85308001045932
1.552515,-6.85426094586124
1.55252,-6.85544148394705
1.552525,-6.85662162428182
1.55253,-6.85780136643118
1.552535,-6.85898070996109
1.55254,-6.86015965443825
1.552545,-6.86133819942972
1.55255,-6.86251634450316
1.552555,-6.8636940892268
1.55256,-6.86487143316927
1.552565,-6.86604837589991
1.55257,-6.86722491698835
1.552575,-6.86840105600499
1.55258,-6.86957679252069
1.552585,-6.87075212610674
1.55259,-6.87192705633512
1.552595,-6.87310158277829
1.5526,-6.8742757050092
1.552605,-6.87544942260148
1.55261,-6.87662273512912
1.552615,-6.87779564216682
1.55262,-6.87896814328982
1.552625,-6.88014023807376
1.55263,-6.88131192609504
1.552635,-6.88248320693041
1.55264,-6.88365408015734
1.552645,-6.88482454535385
1.55265,-6.88599460209836
1.552655,-6.88716424997005
1.55266,-6.88833348854856
1.552665,-6.8895023174141
1.55267,-6.8906707361475
1.552675,-6.89183874433004
1.55268,-6.89300634154375
1.552685,-6.89417352737112
1.55269,-6.8953403013952
1.552695,-6.8965066631997
1.5527,-6.89767261236882
1.552705,-6.89883814848738
1.55271,-6.90000327114087
1.552715,-6.90116797991515
1.55272,-6.9023322743969
1.552725,-6.90349615417326
1.55273,-6.90465961883197
1.552735,-6.9058226679614
1.55274,-6.90698530115047
1.552745,-6.9081475179887
1.55275,-6.90930931806632
1.552755,-6.91047070097393
1.55276,-6.91163166630299
1.552765,-6.91279221364531
1.55277,-6.91395234259354
1.552775,-6.9151120527408
1.55278,-6.91627134368082
1.552785,-6.91743021500799
1.55279,-6.91858866631731
1.552795,-6.91974669720432
1.5528,-6.92090430726528
1.552805,-6.92206149609699
1.55281,-6.92321826329687
1.552815,-6.92437460846309
1.55282,-6.92553053119423
1.552825,-6.92668603108966
1.55283,-6.92784110774928
1.552835,-6.9289957607737
1.55284,-6.93014998976414
1.552845,-6.93130379432237
1.55285,-6.93245717405088
1.552855,-6.93361012855283
1.55286,-6.93476265743188
1.552865,-6.93591476029247
1.55287,-6.93706643673958
1.552875,-6.93821768637888
1.55288,-6.93936850881672
1.552885,-6.94051890366001
1.55289,-6.94166887051642
1.552895,-6.9428184089941
1.5529,-6.94396751870204
1.552905,-6.94511619924984
1.55291,-6.94626445024759
1.552915,-6.94741227130627
1.55292,-6.94855966203744
1.552925,-6.9497066220532
1.55293,-6.95085315096649
1.552935,-6.9519992483908
1.55294,-6.95314491394034
1.552945,-6.95429014722999
1.55295,-6.95543494787526
1.552955,-6.95657931549237
1.55296,-6.95772324969824
1.552965,-6.95886675011036
1.55297,-6.96000981634704
1.552975,-6.96115244802713
1.55298,-6.96229464477028
1.552985,-6.9634364061968
1.55299,-6.96457773192756
1.552995,-6.96571862158435
1.553,-6.96685907478942
1.553005,-6.96799909116584
1.55301,-6.96913867033739
1.553015,-6.97027781192841
1.55302,-6.97141651556408
1.553025,-6.97255478087027
1.55303,-6.97369260747343
1.553035,-6.97482999500085
1.55304,-6.9759669430804
1.553045,-6.97710345134072
1.55305,-6.97823951941126
1.553055,-6.97937514692197
1.55306,-6.9805103335037
1.553065,-6.98164507878786
1.55307,-6.98277938240668
1.553075,-6.98391324399314
1.55308,-6.98504666318075
1.553085,-6.98617963960397
1.55309,-6.9873121728979
1.553095,-6.98844426269826
1.5531,-6.98957590864168
1.553105,-6.99070711036533
1.55311,-6.99183786750725
1.553115,-6.9929681797062
1.55312,-6.99409804660158
1.553125,-6.99522746783365
1.55313,-6.99635644304328
1.553135,-6.99748497187219
1.55314,-6.99861305396281
1.553145,-6.99974068895826
1.55315,-7.00086787650248
1.553155,-7.00199461624017
1.55316,-7.00312090781664
1.553165,-7.00424675087814
1.55317,-7.0053721450715
1.553175,-7.00649709004443
1.55318,-7.00762158544539
1.553185,-7.00874563092349
1.55319,-7.00986922612874
1.553195,-7.01099237071178
1.5532,-7.01211506432412
1.553205,-7.01323730661804
1.55321,-7.01435909724645
1.553215,-7.01548043586319
1.55322,-7.01660132212284
1.553225,-7.01772175568063
1.55323,-7.01884173619277
1.553235,-7.01996126331604
1.55324,-7.02108033670815
1.553245,-7.02219895602755
1.55325,-7.0233171209334
1.553255,-7.02443483108579
1.55326,-7.02555208614544
1.553265,-7.02666888577396
1.55327,-7.02778522963378
1.553275,-7.02890111738798
1.55328,-7.03001654870058
1.553285,-7.03113152323636
1.55329,-7.03224604066081
1.553295,-7.03336010064037
1.5533,-7.03447370284214
1.553305,-7.03558684693409
1.55331,-7.03669953258506
1.553315,-7.03781175946454
1.55332,-7.03892352724301
1.553325,-7.04003483559158
1.55333,-7.04114568418233
1.553335,-7.04225607268813
1.55334,-7.04336600078254
1.553345,-7.04447546814006
1.55335,-7.04558447443604
1.553355,-7.04669301934651
1.55336,-7.04780110254849
1.553365,-7.0489087237197
1.55337,-7.05001588253872
1.553375,-7.05112257868504
1.55338,-7.05222881183885
1.553385,-7.05333458168132
1.55339,-7.05443988789433
1.553395,-7.05554473016064
1.5534,-7.05664910816393
1.553405,-7.05775302158856
1.55341,-7.0588564701199
1.553415,-7.05995945344409
1.55342,-7.06106197124806
1.553425,-7.06216402321974
1.55343,-7.06326560904776
1.553435,-7.06436672842166
1.55344,-7.0654673810319
1.553445,-7.06656756656968
1.55345,-7.0676672847272
1.553455,-7.06876653519734
1.55346,-7.06986531767399
1.553465,-7.07096363185192
1.55347,-7.07206147742659
1.553475,-7.0731588540945
1.55348,-7.07425576155301
1.553485,-7.07535219950026
1.55349,-7.07644816763534
1.553495,-7.07754366565813
1.5535,-7.07863869326951
1.553505,-7.07973325017119
1.55351,-7.08082733606568
1.553515,-7.08192095065654
1.55352,-7.08301409364801
1.553525,-7.08410676474541
1.55353,-7.08519896365487
1.553535,-7.08629069008334
1.55354,-7.0873819437388
1.553545,-7.08847272433006
1.55355,-7.08956303156676
1.553555,-7.09065286515963
1.55356,-7.09174222482003
1.553565,-7.09283111026045
1.55357,-7.09391952119423
1.553575,-7.09500745733552
1.55358,-7.09609491839955
1.553585,-7.09718190410224
1.55359,-7.09826841416062
1.553595,-7.09935444829257
1.5536,-7.10044000621683
1.553605,-7.1015250876531
1.55361,-7.1026096923221
1.553615,-7.10369381994524
1.55362,-7.10477747024508
1.553625,-7.10586064294498
1.55363,-7.10694333776926
1.553635,-7.10802555444323
1.55364,-7.10910729269298
1.553645,-7.11018855224574
1.55365,-7.11126933282944
1.553655,-7.11234963417315
1.55366,-7.11342945600681
1.553665,-7.11450879806124
1.55367,-7.11558766006826
1.553675,-7.1166660417607
1.55368,-7.11774394287216
1.553685,-7.1188213631374
1.55369,-7.11989830229194
1.553695,-7.12097476007234
1.5537,-7.1220507362162
1.553705,-7.12312623046187
1.55371,-7.12420124254885
1.553715,-7.12527577221752
1.55372,-7.1263498192092
1.553725,-7.12742338326624
1.55373,-7.12849646413187
1.553735,-7.12956906155036
1.55374,-7.13064117526694
1.553745,-7.13171280502776
1.55375,-7.13278395058001
1.553755,-7.1338546116718
1.55376,-7.13492478805224
1.553765,-7.13599447947144
1.55377,-7.13706368568046
1.553775,-7.13813240643134
1.55378,-7.13920064147715
1.553785,-7.14026839057187
1.55379,-7.14133565347056
1.553795,-7.14240242992918
1.5538,-7.14346871970474
1.553805,-7.14453452255526
1.55381,-7.14559983823967
1.553815,-7.14666466651801
1.55382,-7.14772900715118
1.553825,-7.14879285990124
1.55383,-7.14985622453118
1.553835,-7.15091910080493
1.55384,-7.1519814884875
1.553845,-7.15304338734498
1.55385,-7.1541047971443
1.553855,-7.15516571765353
1.55386,-7.1562261486417
1.553865,-7.15728608987888
1.55387,-7.15834554113619
1.553875,-7.15940450218565
1.55388,-7.16046297280049
1.553885,-7.16152095275477
1.55389,-7.16257844182368
1.553895,-7.16363543978348
1.5539,-7.16469194641133
1.553905,-7.16574796148553
1.55391,-7.16680348478542
1.553915,-7.16785851609123
1.55392,-7.16891305518444
1.553925,-7.16996710184737
1.55393,-7.1710206558635
1.553935,-7.17207371701738
1.55394,-7.17312628509445
1.553945,-7.17417835988139
1.55395,-7.17522994116576
1.553955,-7.17628102873627
1.55396,-7.17733162238269
1.553965,-7.17838172189574
1.55397,-7.17943132706729
1.553975,-7.18048043769031
1.55398,-7.18152905355868
1.553985,-7.18257717446748
1.55399,-7.18362480021275
1.553995,-7.18467193059167
1.554,-7.18571856540249
1.554005,-7.18676470444441
1.55401,-7.18781034751792
1.554015,-7.18885549442434
1.55402,-7.18990014496622
1.554025,-7.19094429894719
1.55403,-7.19198795617183
1.554035,-7.19303111644593
1.55404,-7.19407377957634
1.554045,-7.19511594537091
1.55405,-7.1961576136387
1.554055,-7.1971987841897
1.55406,-7.19823945683516
1.554065,-7.19927963138735
1.55407,-7.20031930765957
1.554075,-7.20135848546634
1.55408,-7.20239716462314
1.554085,-7.20343534494664
1.55409,-7.20447302625464
1.554095,-7.2055102083659
1.5541,-7.20654689110042
1.554105,-7.20758307427931
1.55411,-7.20861875772465
1.554115,-7.2096539412598
1.55412,-7.21068862470907
1.554125,-7.21172280789801
1.55413,-7.21275649065327
1.554135,-7.21378967280251
1.55414,-7.21482235417467
1.554145,-7.21585453459964
1.55415,-7.21688621390857
1.554155,-7.21791739193371
1.55416,-7.21894806850834
1.554165,-7.21997824346697
1.55417,-7.22100791664526
1.554175,-7.22203708787986
1.55418,-7.22306575700875
1.554185,-7.22409392387082
1.55419,-7.22512158830628
1.554195,-7.22614875015644
1.5542,-7.22717540926367
1.554205,-7.22820156547161
1.55421,-7.2292272186249
1.554215,-7.23025236856943
1.55422,-7.23127701515226
1.554225,-7.23230115822146
1.55423,-7.23332479762642
1.554235,-7.2343479332176
1.55424,-7.23537056484655
1.554245,-7.23639269236614
1.55425,-7.23741431563024
1.554255,-7.23843543449396
1.55426,-7.23945604881363
1.554265,-7.2404761584466
1.55427,-7.24149576325151
1.554275,-7.24251486308807
1.55428,-7.24353345781725
1.554285,-7.24455154730118
1.55429,-7.24556913140308
1.554295,-7.24658620998745
1.5543,-7.24760278291992
1.554305,-7.24861885006726
1.55431,-7.24963441129751
1.554315,-7.2506494664798
1.55432,-7.25166401548452
1.554325,-7.25267805818324
1.55433,-7.25369159444862
1.554335,-7.25470462415467
1.55434,-7.25571714717644
1.554345,-7.25672916339024
1.55435,-7.25774067267364
1.554355,-7.25875167490527
1.55436,-7.25976216996507
1.554365,-7.26077215773416
1.55437,-7.26178163809478
1.554375,-7.26279061093052
1.55438,-7.26379907612603
1.554385,-7.26480703356725
1.55439,-7.26581448314135
1.554395,-7.26682142473663
1.5544,-7.26782785824268
1.554405,-7.26883378355022
1.55441,-7.26983920055129
1.554415,-7.27084410913913
1.55442,-7.27184850920807
1.554425,-7.27285240065383
1.55443,-7.27385578337333
1.554435,-7.27485865726455
1.55444,-7.27586102222692
1.554445,-7.27686287816095
1.55445,-7.27786422496842
1.554455,-7.27886506255243
1.55446,-7.27986539081713
1.554465,-7.28086520966806
1.55447,-7.28186451901201
1.554475,-7.28286331875684
1.55448,-7.28386160881186
1.554485,-7.28485938908747
1.55449,-7.28585665949537
1.554495,-7.28685341994858
1.5545,-7.28784967036119
1.554505,-7.28884541064873
1.55451,-7.28984064072786
1.554515,-7.29083536051653
1.55452,-7.29182956993401
1.554525,-7.29282326890068
1.55453,-7.29381645733832
1.554535,-7.29480913516992
1.55454,-7.29580130231971
1.554545,-7.29679295871322
1.55455,-7.2977841042772
1.554555,-7.29877473893971
1.55456,-7.29976486263011
1.554565,-7.30075447527893
1.55457,-7.30174357681809
1.554575,-7.30273216718067
1.55458,-7.30372024630109
1.554585,-7.30470781411512
1.55459,-7.30569487055963
1.554595,-7.30668141557293
1.5546,-7.30766744909458
1.554605,-7.30865297106534
1.55461,-7.30963798142738
1.554615,-7.31062248012402
1.55462,-7.31160646710003
1.554625,-7.31258994230136
1.55463,-7.31357290567527
1.554635,-7.31455535717036
1.55464,-7.31553729673647
1.554645,-7.31651872432475
1.55465,-7.31749963988775
1.554655,-7.31848004337915
1.55466,-7.31945993475404
1.554665,-7.32043931396887
1.55467,-7.32141818098122
1.554675,-7.32239653575018
1.55468,-7.323374378236
1.554685,-7.32435170840028
1.55469,-7.32532852620605
1.554695,-7.32630483161744
1.5547,-7.32728062460013
1.554705,-7.32825590512091
1.55471,-7.32923067314802
1.554715,-7.33020492865104
1.55472,-7.33117867160075
1.554725,-7.33215190196935
1.55473,-7.33312461973041
1.554735,-7.33409682485868
1.55474,-7.33506851733038
1.554745,-7.33603969712299
1.55475,-7.33701036421535
1.554755,-7.33798051858765
1.55476,-7.33895016022137
1.554765,-7.33991928909941
1.55477,-7.34088790520588
1.554775,-7.34185600852636
1.55478,-7.34282359904776
1.554785,-7.34379067675823
1.55479,-7.34475724164739
1.554795,-7.34572329370618
1.5548,-7.34668883292681
1.554805,-7.34765385930295
1.55481,-7.34861837282955
1.554815,-7.34958237350296
1.55482,-7.35054586132091
1.554825,-7.35150883628236
1.55483,-7.35247129838782
1.554835,-7.353433247639
1.55484,-7.35439468403905
1.554845,-7.35535560759252
1.55485,-7.3563160183052
1.554855,-7.3572759161844
1.55486,-7.35823530123874
1.554865,-7.35919417347815
1.55487,-7.36015253291404
1.554875,-7.36111037955908
1.55488,-7.36206771342744
1.554885,-7.36302453453463
1.55489,-7.36398084289745
1.554895,-7.36493663853422
1.5549,-7.36589192146451
1.554905,-7.36684669170936
1.55491,-7.36780094929125
1.554915,-7.3687546942339
1.55492,-7.36970792656251
1.554925,-7.37066064630372
1.55493,-7.37161285348541
1.554935,-7.37256454813703
1.55494,-7.37351573028926
1.554945,-7.37446639997433
1.55495,-7.37541655722581
1.554955,-7.37636620207862
1.55496,-7.37731533456917
1.554965,-7.37826395473517
1.55497,-7.37921206261584
1.554975,-7.38015965825179
1.55498,-7.38110674168495
1.554985,-7.38205331295876
1.55499,-7.38299937211807
1.554995,-7.38394491920905
1.555,-7.38488995427941
1.555005,-7.38583447737812
1.55501,-7.38677848855575
1.555015,-7.38772198786421
1.55502,-7.38866497535676
1.555025,-7.38960745108821
1.55503,-7.39054941511467
1.555035,-7.39149086749379
1.55504,-7.3924318082846
1.555045,-7.39337223754752
1.55505,-7.39431215534445
1.555055,-7.39525156173876
1.55506,-7.39619045679514
1.555065,-7.39712884057984
1.55507,-7.39806671316043
1.555075,-7.39900407460601
1.55508,-7.39994092498712
1.555085,-7.40087726437565
1.55509,-7.40181309284505
1.555095,-7.40274841047009
1.5551,-7.4036832173271
1.555105,-7.40461751349385
1.55511,-7.40555129904944
1.555115,-7.40648457407456
1.55512,-7.40741733865131
1.555125,-7.40834959286317
1.55513,-7.40928133679522
1.555135,-7.41021257053382
1.55514,-7.41114329416694
1.555145,-7.41207350778398
1.55515,-7.41300321147572
1.555155,-7.41393240533449
1.55516,-7.41486108945401
1.555165,-7.41578926392954
1.55517,-7.4167169288578
1.555175,-7.41764408433691
1.55518,-7.41857073046652
1.555185,-7.41949686734778
1.55519,-7.42042249508323
1.555195,-7.42134761377694
1.5552,-7.42227222353442
1.555205,-7.4231963244627
1.55521,-7.42411991667031
1.555215,-7.42504300026717
1.55522,-7.42596557536474
1.555225,-7.426887642076
1.55523,-7.42780920051531
1.555235,-7.42873025079867
1.55524,-7.4296507930434
1.555245,-7.4305708273684
1.55525,-7.43149035389411
1.555255,-7.43240937274234
1.55526,-7.43332788403651
1.555265,-7.43424588790144
1.55527,-7.43516338446349
1.555275,-7.43608037385057
1.55528,-7.43699685619198
1.555285,-7.43791283161862
1.55529,-7.43882830026286
1.555295,-7.43974326225852
1.5553,-7.44065771774104
1.555305,-7.44157166684724
1.55531,-7.44248510971553
1.555315,-7.44339804648584
1.55532,-7.44431047729953
1.555325,-7.44522240229958
1.55533,-7.44613382163036
1.555335,-7.44704473543787
1.55534,-7.4479551438696
1.555345,-7.44886504707447
1.55535,-7.44977444520303
1.555355,-7.45068333840736
1.55536,-7.45159172684091
1.555365,-7.45249961065885
1.55537,-7.45340699001772
1.555375,-7.45431386507566
1.55538,-7.45522023599239
1.555385,-7.456126102929
1.55539,-7.45703146604829
1.555395,-7.45793632551447
1.5554,-7.4588406814933
1.555405,-7.45974453415217
1.55541,-7.46064788365987
1.555415,-7.46155073018682
1.55542,-7.462453073905
1.555425,-7.4633549149878
1.55543,-7.4642562536103
1.555435,-7.46515708994903
1.55544,-7.46605742418207
1.555445,-7.46695725648916
1.55545,-7.46785658705138
1.555455,-7.46875541605159
1.55546,-7.46965374367399
1.555465,-7.47055157010448
1.55547,-7.47144889553046
1.555475,-7.47234572014086
1.55548,-7.47324204412621
1.555485,-7.4741378676786
1.55549,-7.4750331909916
1.555495,-7.47592801426046
1.5555,-7.47682233768186
1.555505,-7.47771616145413
1.55551,-7.4786094857772
1.555515,-7.47950231085241
1.55552,-7.48039463688285
1.555525,-7.481286464073
1.55553,-7.48217779262908
1.555535,-7.48306862275877
1.55554,-7.48395895467133
1.555545,-7.48484878857761
1.55555,-7.4857381246901
1.555555,-7.48662696322273
1.55556,-7.48751530439112
1.555565,-7.48840314841239
1.55557,-7.48929049550527
1.555575,-7.49017734589015
1.55558,-7.49106369978883
1.555585,-7.49194955742488
1.55559,-7.49283491902329
1.555595,-7.49371978481072
1.5556,-7.49460415501546
1.555605,-7.49548802986727
1.55561,-7.49637140959759
1.555615,-7.49725429443945
1.55562,-7.49813668462738
1.555625,-7.49901858039765
1.55563,-7.49989998198796
1.555635,-7.50078088963773
1.55564,-7.50166130358797
1.555645,-7.50254122408117
1.55565,-7.50342065136159
1.555655,-7.50429958567492
1.55566,-7.50517802726857
1.555665,-7.50605597639156
1.55567,-7.5069334332944
1.555675,-7.50781039822929
1.55568,-7.50868687145008
1.555685,-7.50956285321211
1.55569,-7.51043834377243
1.555695,-7.51131334338962
1.5557,-7.51218785232393
1.555705,-7.51306187083724
1.55571,-7.51393539919293
1.555715,-7.51480843765617
1.55572,-7.51568098649356
1.555725,-7.51655304597344
1.55573,-7.51742461636578
1.555735,-7.51829569794206
1.55574,-7.51916629097547
1.555745,-7.52003639574082
1.55575,-7.52090601251448
1.555755,-7.52177514157455
1.55576,-7.52264378320062
1.555765,-7.52351193767401
1.55577,-7.52437960527766
1.555775,-7.52524678629608
1.55578,-7.52611348101549
1.555785,-7.52697968972365
1.55579,-7.52784541271
1.555795,-7.52871065026569
1.5558,-7.52957540268334
1.555805,-7.53043967025734
1.55581,-7.5313034532837
1.555815,-7.53216675205998
1.55582,-7.53302956688549
1.555825,-7.53389189806111
1.55583,-7.53475374588937
1.555835,-7.53561511067452
1.55584,-7.53647599272232
1.555845,-7.5373363923403
1.55585,-7.53819630983751
1.555855,-7.53905574552479
1.55586,-7.53991469971457
1.555865,-7.54077317272085
1.55587,-7.54163116485939
1.555875,-7.54248867644759
1.55588,-7.54334570780441
1.555885,-7.54420225925059
1.55589,-7.5450583311084
1.555895,-7.54591392370187
1.5559,-7.54676903735666
1.555905,-7.54762367240004
1.55591,-7.54847782916102
1.555915,-7.54933150797017
1.55592,-7.55018470915981
1.555925,-7.55103743306392
1.55593,-7.55188968001804
1.555935,-7.5527414503595
1.55594,-7.55359274442726
1.555945,-7.55444356256188
1.55595,-7.5552939051057
1.555955,-7.5561437724026
1.55596,-7.55699316479824
1.555965,-7.55784208263994
1.55597,-7.5586905262766
1.555975,-7.55953849605889
1.55598,-7.56038599233914
1.555985,-7.56123301547129
1.55599,-7.56207956581105
1.555995,-7.56292564371571
1.556,-7.56377124954431
1.556005,-7.56461638365759
1.55601,-7.56546104641785
1.556015,-7.56630523818922
1.55602,-7.56714895933739
1.556025,-7.56799221022981
1.55603,-7.56883499123561
1.556035,-7.56967730272554
1.55604,-7.5705191450721
1.556045,-7.5713605186495
1.55605,-7.57220142383355
1.556055,-7.57304186100183
1.55606,-7.57388183053353
1.556065,-7.57472133280962
1.55607,-7.57556036821273
1.556075,-7.57639893712715
1.55608,-7.57723703993891
1.556085,-7.57807467703569
1.55609,-7.5789118488069
1.556095,-7.5797485556437
1.5561,-7.58058479793879
1.556105,-7.58142057608671
1.55611,-7.58225589048369
1.556115,-7.58309074152757
1.55612,-7.583925129618
1.556125,-7.58475905515624
1.55613,-7.58559251854533
1.556135,-7.58642552018998
1.55614,-7.58725806049658
1.556145,-7.58809013987329
1.55615,-7.5889217587299
1.556155,-7.589752917478
1.55616,-7.59058361653083
1.556165,-7.5914138563033
1.55617,-7.59224363721212
1.556175,-7.59307295967571
1.55618,-7.59390182411412
1.556185,-7.59473023094918
1.55619,-7.59555818060439
1.556195,-7.59638567350501
1.5562,-7.59721271007805
1.556205,-7.59803929075209
1.55621,-7.59886541595761
1.556215,-7.59969108612666
1.55622,-7.60051630169313
1.556225,-7.60134106309256
1.55623,-7.60216537076219
1.556235,-7.60298922514105
1.55624,-7.60381262666992
1.556245,-7.60463557579115
1.55625,-7.605458072949
1.556255,-7.60628011858932
1.55626,-7.60710171315973
1.556265,-7.60792285710965
1.55627,-7.60874355089011
1.556275,-7.60956379495396
1.55628,-7.61038358975571
1.556285,-7.61120293575166
1.55629,-7.61202183339984
1.556295,-7.61284028315994
1.5563,-7.61365828549349
1.556305,-7.61447584086369
1.55631,-7.61529294973545
1.556315,-7.61610961257553
1.55632,-7.61692582985225
1.556325,-7.61774160203584
1.55633,-7.61855692959821
1.556335,-7.61937181301294
1.55634,-7.62018625275547
1.556345,-7.62100024930284
1.55635,-7.62181380313397
1.556355,-7.62262691472948
1.55636,-7.62343958457166
1.556365,-7.62425181314464
1.55637,-7.62506360093426
1.556375,-7.62587494842807
1.55638,-7.62668585611546
1.556385,-7.62749632448742
1.55639,-7.62830635403685
1.556395,-7.6291159452583
1.5564,-7.62992509864809
1.556405,-7.63073381470431
1.55641,-7.63154209392675
1.556415,-7.63234993681701
1.55642,-7.63315734387846
1.556425,-7.6339643156161
1.55643,-7.63477085253683
1.556435,-7.63557695514925
1.55644,-7.63638262396367
1.556445,-7.63718785949222
1.55645,-7.63799266224875
1.556455,-7.63879703274887
1.55646,-7.63960097151002
1.556465,-7.64040447905125
1.55647,-7.64120755589354
1.556475,-7.64201020255947
1.55648,-7.64281241957352
1.556485,-7.64361420746186
1.55649,-7.64441556675243
1.556495,-7.64521649797491
1.5565,-7.64601700166085
1.556505,-7.64681707834341
1.55651,-7.64761672855764
1.556515,-7.64841595284028
1.55652,-7.64921475172986
1.556525,-7.65001312576675
1.55653,-7.65081107549295
1.556535,-7.65160860145234
1.55654,-7.6524057041905
1.556545,-7.65320238425483
1.55655,-7.65399864219451
1.556555,-7.65479447856042
1.55656,-7.65558989390525
1.556565,-7.65638488878354
1.55657,-7.65717946375145
1.556575,-7.65797361936705
1.55658,-7.65876735619009
1.556585,-7.65956067478216
1.55659,-7.66035357570662
1.556595,-7.66114605952855
1.5566,-7.66193812681489
1.556605,-7.66272977813425
1.55661,-7.66352101405714
1.556615,-7.66431183515579
1.55662,-7.66510224200417
1.556625,-7.6658922351781
1.55663,-7.66668181525519
1.556635,-7.6674709828147
1.55664,-7.66825973843787
1.556645,-7.66904808270754
1.55665,-7.66983601620844
1.556655,-7.67062353952708
1.55666,-7.67141065325169
1.556665,-7.67219735797234
1.55667,-7.67298365428092
1.556675,-7.67376954277096
1.55668,-7.67455502403796
1.556685,-7.67534009867907
1.55669,-7.67612476729329
1.556695,-7.67690903048142
1.5567,-7.67769288884601
1.556705,-7.67847634299143
1.55671,-7.67925939352378
1.556715,-7.68004204105104
1.55672,-7.68082428618293
1.556725,-7.68160612953096
1.55673,-7.68238757170844
1.556735,-7.68316861333051
1.55674,-7.683949255014
1.556745,-7.68472949737766
1.55675,-7.68550934104194
1.556755,-7.68628878662913
1.55676,-7.68706783476333
1.556765,-7.68784648607036
1.55677,-7.68862474117794
1.556775,-7.68940260071549
1.55678,-7.69018006531426
1.556785,-7.69095713560739
1.55679,-7.69173381222966
1.556795,-7.69251009581775
1.5568,-7.69328598701013
1.556805,-7.69406148644702
1.55681,-7.69483659477052
1.556815,-7.69561131262444
1.55682,-7.69638564065445
1.556825,-7.69715957950802
1.55683,-7.69793312983439
1.556835,-7.69870629228467
1.55684,-7.69947906751166
1.556845,-7.70025145617005
1.55685,-7.70102345891636
1.556855,-7.70179507640879
1.55686,-7.70256630930747
1.556865,-7.70333715827429
1.55687,-7.7041076239729
1.556875,-7.70487770706886
1.55688,-7.70564740822941
1.556885,-7.70641672812368
1.55689,-7.70718566742263
1.556895,-7.70795422679892
1.5569,-7.70872240692715
1.556905,-7.7094902084836
1.55691,-7.71025763214645
1.556915,-7.71102467859568
1.55692,-7.71179134851302
1.556925,-7.71255764258207
1.55693,-7.71332356148826
1.556935,-7.71408910591871
1.55694,-7.7148542765625
1.556945,-7.71561907411041
1.55695,-7.71638349925509
1.556955,-7.71714755269102
1.55696,-7.7179112351144
1.556965,-7.71867454722337
1.55697,-7.71943748971776
1.556975,-7.72020006329929
1.55698,-7.72096226867153
1.556985,-7.72172410653972
1.55699,-7.72248557761104
1.556995,-7.72324668259448
1.557,-7.72400742220077
1.557005,-7.72476779714255
1.55701,-7.72552780813416
1.557015,-7.72628745589187
1.55702,-7.72704674113374
1.557025,-7.72780566457959
1.55703,-7.72856422695111
1.557035,-7.72932242897177
1.55704,-7.73008027136689
1.557045,-7.73083775486364
1.55705,-7.73159488019091
1.557055,-7.73235164807949
1.55706,-7.73310805926202
1.557065,-7.7338641144728
1.55707,-7.73461981444814
1.557075,-7.73537515992604
1.55708,-7.73613015164638
1.557085,-7.73688479035088
1.55709,-7.73763907678299
1.557095,-7.73839301168808
1.5571,-7.73914659581327
1.557105,-7.73989982990755
1.55711,-7.74065271472175
1.557115,-7.74140525100842
1.55712,-7.74215743952203
1.557125,-7.74290928101886
1.55713,-7.74366077625698
1.557135,-7.7444119259963
1.55714,-7.74516273099852
1.557145,-7.74591319202724
1.55715,-7.74666330984786
1.557155,-7.74741308522751
1.55716,-7.74816251893528
1.557165,-7.74891161174198
1.55717,-7.74966036442032
1.557175,-7.75040877774481
1.55718,-7.75115685249174
1.557185,-7.7519045894393
1.55719,-7.75265198936747
1.557195,-7.75339905305802
1.5572,-7.75414578129464
1.557205,-7.75489217486272
1.55721,-7.75563823454958
1.557215,-7.75638396114438
1.55722,-7.75712935543796
1.557225,-7.75787441822317
1.55723,-7.75861915029456
1.557235,-7.75936355244854
1.55724,-7.76010762548341
1.557245,-7.7608513701992
1.55725,-7.76159478739783
1.557255,-7.76233787788305
1.55726,-7.76308064246039
1.557265,-7.76382308193726
1.55727,-7.76456519712287
1.557275,-7.76530698882824
1.55728,-7.7660484578663
1.557285,-7.76678960505171
1.55729,-7.76753043120104
1.557295,-7.76827093713262
1.5573,-7.76901112366663
1.557305,-7.76975099162516
1.55731,-7.77049054183197
1.557315,-7.77122977511279
1.55732,-7.77196869229517
1.557325,-7.77270729420837
1.55733,-7.77344558168363
1.557335,-7.77418355555389
1.55734,-7.77492121665402
1.557345,-7.77565856582068
1.55735,-7.77639560389236
1.557355,-7.77713233170938
1.55736,-7.77786875011387
1.557365,-7.77860485994984
1.55737,-7.77934066206313
1.557375,-7.78007615730132
1.55738,-7.78081134651394
1.557385,-7.78154623055229
1.55739,-7.7822808102695
1.557395,-7.78301508652054
1.5574,-7.78374906016221
1.557405,-7.78448273205313
1.55741,-7.78521610305382
1.557415,-7.7859491740265
1.55742,-7.78668194583534
1.557425,-7.78741441934633
1.55743,-7.78814659542718
1.557435,-7.78887847494759
1.55744,-7.78961005877894
1.557445,-7.79034134779456
1.55745,-7.79107234286958
1.557455,-7.7918030448809
1.55746,-7.79253345470736
1.557465,-7.7932635732295
1.55747,-7.79399340132982
1.557475,-7.7947229398926
1.55748,-7.79545218980388
1.557485,-7.79618115195166
1.55749,-7.7969098272257
1.557495,-7.79763821651758
1.5575,-7.79836632072078
1.557505,-7.79909414073049
1.55751,-7.79982167744386
1.557515,-7.80054893175984
1.55752,-7.80127590457912
1.557525,-7.80200259680436
1.55753,-7.80272900933994
1.557535,-7.80345514309211
1.55754,-7.80418099896901
1.557545,-7.80490657788051
1.55755,-7.80563188073835
1.557555,-7.80635690845617
1.55756,-7.80708166194932
1.557565,-7.8078061421351
1.55757,-7.80853034993251
1.557575,-7.80925428626251
1.55758,-7.80997795204785
1.557585,-7.81070134821303
1.55759,-7.81142447568454
1.557595,-7.81214733539053
1.5576,-7.8128699282611
1.557605,-7.81359225522813
1.55761,-7.81431431722535
1.557615,-7.81503611518828
1.55762,-7.81575765005438
1.557625,-7.81647892276277
1.55763,-7.81719993425456
1.557635,-7.81792068547257
1.55764,-7.81864117736155
1.557645,-7.81936141086802
1.55765,-7.82008138694032
1.557655,-7.82080110652868
1.55766,-7.82152057058509
1.557665,-7.82223978006341
1.55767,-7.82295873591935
1.557675,-7.82367743911038
1.55768,-7.82439589059585
1.557685,-7.82511409133695
1.55769,-7.82583204229665
1.557695,-7.82654974443981
1.5577,-7.82726719873304
1.557705,-7.82798440614484
1.55771,-7.82870136764556
1.557715,-7.82941808420727
1.55772,-7.830134556804
1.557725,-7.83085078641149
1.55773,-7.83156677400739
1.557735,-7.83228252057118
1.55774,-7.83299802708408
1.557745,-7.83371329452922
1.55775,-7.83442832389156
1.557755,-7.8351431161578
1.55776,-7.83585767231657
1.557765,-7.83657199335825
1.55777,-7.83728608027508
1.557775,-7.83799993406114
1.55778,-7.83871355571231
1.557785,-7.83942694622632
1.55779,-7.84014010660267
1.557795,-7.84085303784274
1.5578,-7.84156574094976
1.557805,-7.84227821692868
1.55781,-7.84299046678636
1.557815,-7.84370249153151
1.55782,-7.84441429217454
1.557825,-7.84512586972782
1.55783,-7.84583722520543
1.557835,-7.84654835962337
1.55784,-7.84725927399942
1.557845,-7.84796996935315
1.55785,-7.84868044670602
1.557855,-7.84939070708125
1.55786,-7.85010075150391
1.557865,-7.85081058100094
1.55787,-7.85152019660099
1.557875,-7.85222959933462
1.55788,-7.85293879023421
1.557885,-7.8536477703339
1.55789,-7.85435654066972
1.557895,-7.85506510227944
1.5579,-7.85577345620273
1.557905,-7.85648160348106
1.55791,-7.85718954515766
1.557915,-7.85789728227769
1.55792,-7.85860481588799
1.557925,-7.85931214703733
1.55793,-7.86001927677628
1.557935,-7.86072620615717
1.55794,-7.86143293623422
1.557945,-7.86213946806343
1.55795,-7.86284580270258
1.557955,-7.86355194121136
1.55796,-7.86425788465117
1.557965,-7.86496363408531
1.55797,-7.86566919057889
1.557975,-7.86637455519876
1.55798,-7.86707972901369
1.557985,-7.86778471309414
1.55799,-7.8684895085125
1.557995,-7.86919411634295
1.558,-7.8698985376614
1.558005,-7.87060277354568
1.55801,-7.8713068250754
1.558015,-7.87201069333192
1.55802,-7.87271437939852
1.558025,-7.87341788436018
1.55803,-7.87412120930378
1.558035,-7.874824355318
1.55804,-7.87552732349324
1.558045,-7.87623011492185
1.55805,-7.87693273069787
1.558055,-7.87763517191723
1.55806,-7.87833743967763
1.558065,-7.87903953507857
1.55807,-7.87974145922138
1.558075,-7.88044321320924
1.55808,-7.88114479814702
1.558085,-7.88184621514153
1.55809,-7.88254746530128
1.558095,-7.88324854973663
1.5581,-7.88394946955981
1.558105,-7.88465022588472
1.55811,-7.8853508198272
1.558115,-7.88605125250478
1.55812,-7.88675152503686
1.558125,-7.88745163854469
1.55813,-7.88815159415119
1.558135,-7.88885139298118
1.55814,-7.88955103616131
1.558145,-7.89025052481992
1.55815,-7.89094986008726
1.558155,-7.8916490430953
1.55816,-7.89234807497787
1.558165,-7.89304695687059
1.55817,-7.89374568991085
1.558175,-7.89444427523784
1.55818,-7.89514271399264
1.558185,-7.89584100731796
1.55819,-7.89653915635847
1.558195,-7.89723716226055
1.5582,-7.89793502617239
1.558205,-7.89863274924401
1.55821,-7.89933033262718
1.558215,-7.90002777747551
1.55822,-7.90072508494437
1.558225,-7.90142225619091
1.55823,-7.90211929237417
1.558235,-7.90281619465484
1.55824,-7.90351296419552
1.558245,-7.90420960216058
1.55825,-7.90490610971612
1.558255,-7.90560248803013
1.55826,-7.90629873827227
1.558265,-7.9069948616141
1.55827,-7.90769085922894
1.558275,-7.90838673229186
1.55828,-7.90908248197977
1.558285,-7.90977810947132
1.55829,-7.91047361594698
1.558295,-7.91116900258904
1.5583,-7.91186427058149
1.558305,-7.91255942111018
1.55831,-7.91325445536273
1.558315,-7.91394937452851
1.55832,-7.91464417979873
1.558325,-7.91533887236633
1.55833,-7.91603345342606
1.558335,-7.91672792417451
1.55834,-7.91742228580991
1.558345,-7.91811653953244
1.55835,-7.91881068654392
1.558355,-7.91950472804801
1.55836,-7.92019866525021
1.558365,-7.92089249935767
1.55837,-7.92158623157944
1.558375,-7.92227986312629
1.55838,-7.92297339521075
1.558385,-7.9236668290472
1.55839,-7.92436016585169
1.558395,-7.92505340684215
1.5584,-7.92574655323824
1.558405,-7.92643960626139
1.55841,-7.92713256713483
1.558415,-7.9278254370835
1.55842,-7.9285182173342
1.558425,-7.92921090911547
1.55843,-7.92990351365757
1.558435,-7.93059603219261
1.55844,-7.93128846595446
1.558445,-7.93198081617866
1.55845,-7.93267308410268
1.558455,-7.93336527096561
1.55846,-7.93405737800839
1.558465,-7.93474940647375
1.55847,-7.9354413576061
1.558475,-7.93613323265169
1.55848,-7.93682503285848
1.558485,-7.93751675947625
1.55849,-7.93820841375653
1.558495,-7.93889999695257
1.5585,-7.93959151031943
1.558505,-7.94028295511395
1.55851,-7.94097433259462
1.558515,-7.94166564402186
1.55852,-7.9423568906577
1.558525,-7.943048073766
1.55853,-7.9437391946124
1.558535,-7.94443025446423
1.55854,-7.94512125459066
1.558545,-7.94581219626251
1.55855,-7.94650308075245
1.558555,-7.94719390933491
1.55856,-7.94788468328598
1.558565,-7.94857540388359
1.55857,-7.94926607240741
1.558575,-7.94995669013881
1.55858,-7.95064725836099
1.558585,-7.95133777835883
1.55859,-7.95202825141901
1.558595,-7.95271867882996
1.5586,-7.95340906188179
1.558605,-7.95409940186647
1.55861,-7.95478970007761
1.558615,-7.95547995781063
1.55862,-7.9561701763627
1.558625,-7.95686035703268
1.55863,-7.95755050112123
1.558635,-7.95824060993075
1.55864,-7.95893068476533
1.558645,-7.95962072693089
1.55865,-7.96031073773498
1.558655,-7.961000718487
1.55866,-7.96169067049804
1.558665,-7.9623805950809
1.55867,-7.9630704935502
1.558675,-7.96376036722218
1.55868,-7.96445021741493
1.558685,-7.96514004544825
1.55869,-7.96582985264362
1.558695,-7.9665196403243
1.5587,-7.96720940981531
1.558705,-7.96789916244331
1.55871,-7.96858889953682
1.558715,-7.96927862242594
1.55872,-7.96996833244265
1.558725,-7.97065803092059
1.55873,-7.97134771919509
1.558735,-7.9720373986033
1.55874,-7.972727070484
1.558745,-7.97341673617778
1.55875,-7.97410639702692
1.558755,-7.97479605437541
1.55876,-7.97548570956898
1.558765,-7.97617536395512
1.55877,-7.97686501888295
1.558775,-7.97755467570343
1.55878,-7.97824433576911
1.558785,-7.97893400043437
1.55879,-7.9796236710553
1.558795,-7.9803133489896
1.5588,-7.98100303559684
1.558805,-7.98169273223817
1.55881,-7.98238244027654
1.558815,-7.98307216107662
1.55882,-7.98376189600472
1.558825,-7.98445164642892
1.55883,-7.98514141371904
1.558835,-7.98583119924652
1.55884,-7.98652100438462
1.558845,-7.98721083050819
1.55885,-7.98790067899388
1.558855,-7.98859055122005
1.55886,-7.98928044856668
1.558865,-7.98997037241557
1.55887,-7.99066032415011
1.558875,-7.99135030515549
1.55888,-7.99204031681859
1.558885,-7.99273036052792
1.55889,-7.99342043767376
1.558895,-7.99411054964809
1.5589,-7.99480069784453
1.558905,-7.99549088365849
1.55891,-7.99618110848697
1.558915,-7.99687137372878
1.55892,-7.99756168078436
1.558925,-7.99825203105583
1.55893,-7.99894242594704
1.558935,-7.99963286686356
1.55894,-8.00032335521257
1.558945,-8.00101389240304
1.55895,-8.00170447984552
1.558955,-8.00239511895234
1.55896,-8.0030858111375
1.558965,-8.00377655781665
1.55897,-8.00446736040718
1.558975,-8.0051582203281
1.55898,-8.00584913900016
1.558985,-8.00654011784581
1.55899,-8.0072311582891
1.558995,-8.00792226175582
1.559,-8.00861342967348
1.559005,-8.00930466347116
1.55901,-8.00999596457974
1.559015,-8.01068733443165
1.55902,-8.01137877446111
1.559025,-8.01207028610401
1.55903,-8.01276187079779
1.559035,-8.01345352998172
1.55904,-8.01414526509664
1.559045,-8.01483707758511
1.55905,-8.01552896889137
1.559055,-8.01622094046125
1.55906,-8.01691299374236
1.559065,-8.01760513018392
1.55907,-8.01829735123678
1.559075,-8.01898965835358
1.55908,-8.01968205298844
1.559085,-8.0203745365973
1.55909,-8.02106711063774
1.559095,-8.02175977656891
1.5591,-8.02245253585174
1.559105,-8.02314538994871
1.55911,-8.02383834032402
1.559115,-8.02453138844358
1.55912,-8.02522453577481
1.559125,-8.02591778378691
1.55913,-8.02661113395072
1.559135,-8.02730458773866
1.55914,-8.0279981466249
1.559145,-8.02869181208516
1.55915,-8.0293855855969
1.559155,-8.03007946863919
1.55916,-8.03077346269272
1.559165,-8.03146756923991
1.55917,-8.03216178976471
1.559175,-8.03285612575282
1.55918,-8.03355057869154
1.559185,-8.0342451500698
1.55919,-8.03493984137817
1.559195,-8.03563465410894
1.5592,-8.03632958975589
1.559205,-8.0370246498146
1.55921,-8.03771983578214
1.559215,-8.03841514915734
1.55922,-8.03911059144061
1.559225,-8.03980616413398
1.55923,-8.04050186874113
1.559235,-8.04119770676736
1.55924,-8.04189367971961
1.559245,-8.04258978910649
1.55925,-8.04328603643814
1.559255,-8.04398242322642
1.55926,-8.04467895098479
1.559265,-8.04537562122829
1.55927,-8.04607243547366
1.559275,-8.04676939523918
1.55928,-8.0474665020448
1.559285,-8.04816375741214
1.55929,-8.04886116286431
1.559295,-8.04955871992614
1.5593,-8.05025643012404
1.559305,-8.05095429498603
1.55931,-8.0516523160418
1.559315,-8.05235049482255
1.55932,-8.05304883286119
1.559325,-8.05374733169222
1.55933,-8.05444599285166
1.559335,-8.05514481787729
1.55934,-8.05584380830835
1.559345,-8.05654296568578
1.55935,-8.05724229155213
1.559355,-8.05794178745145
1.55936,-8.05864145492954
1.559365,-8.05934129553366
1.55937,-8.06004131081276
1.559375,-8.06074150231739
1.55938,-8.06144187159962
1.559385,-8.06214242021318
1.55939,-8.06284314971342
1.559395,-8.0635440616572
1.5594,-8.06424515760305
1.559405,-8.06494643911103
1.55941,-8.06564790774283
1.559415,-8.06634956506175
1.55942,-8.06705141263257
1.559425,-8.06775345202182
1.55943,-8.06845568479746
1.559435,-8.06915811252911
1.55944,-8.06986073678802
1.559445,-8.07056355914689
1.55945,-8.07126658118011
1.559455,-8.07196980446362
1.55946,-8.07267323057491
1.559465,-8.0733768610931
1.55947,-8.07408069759881
1.559475,-8.07478474167428
1.55948,-8.07548899490335
1.559485,-8.07619345887136
1.55949,-8.07689813516531
1.559495,-8.07760302537365
1.5595,-8.07830813108648
1.559505,-8.0790134538955
1.55951,-8.07971899539386
1.559515,-8.08042475717637
1.55952,-8.08113074083939
1.559525,-8.08183694798076
1.55953,-8.08254338019998
1.559535,-8.08325003909805
1.55954,-8.08395692627754
1.559545,-8.08466404334261
1.55955,-8.08537139189889
1.559555,-8.08607897355366
1.55956,-8.08678678991565
1.559565,-8.08749484259525
1.55957,-8.08820313320433
1.559575,-8.0889116633563
1.55958,-8.08962043466614
1.559585,-8.0903294487504
1.55959,-8.0910387072271
1.559595,-8.09174821171588
1.5596,-8.09245796383785
1.559605,-8.0931679652157
1.55961,-8.09387821747369
1.559615,-8.09458872223753
1.55962,-8.09529948113456
1.559625,-8.09601049579355
1.55963,-8.09672176784488
1.559635,-8.09743329892046
1.55964,-8.09814509065366
1.559645,-8.09885714467946
1.55965,-8.09956946263433
1.559655,-8.10028204615623
1.55966,-8.10099489688473
1.559665,-8.10170801646081
1.55967,-8.10242140652706
1.559675,-8.10313506872759
1.55968,-8.10384900470793
1.559685,-8.10456321611524
1.55969,-8.10527770459815
1.559695,-8.10599247180678
1.5597,-8.1067075193928
1.559705,-8.10742284900935
1.55971,-8.10813846231111
1.559715,-8.10885436095429
1.55972,-8.10957054659653
1.559725,-8.11028702089706
1.55973,-8.11100378551653
1.559735,-8.11172084211716
1.55974,-8.11243819236266
1.559745,-8.11315583791819
1.55975,-8.11387378045045
1.559755,-8.11459202162767
1.55976,-8.11531056311945
1.559765,-8.11602940659703
1.55977,-8.11674855373305
1.559775,-8.11746800620163
1.55978,-8.11818776567847
1.559785,-8.11890783384064
1.55979,-8.11962821236681
1.559795,-8.12034890293702
1.5598,-8.12106990723288
1.559805,-8.12179122693746
1.55981,-8.12251286373527
1.559815,-8.12323481931232
1.55982,-8.12395709535613
1.559825,-8.12467969355563
1.55983,-8.12540261560129
1.559835,-8.12612586318498
1.55984,-8.1268494380001
1.559845,-8.12757334174153
1.55985,-8.12829757610551
1.559855,-8.12902214278988
1.55986,-8.12974704349381
1.559865,-8.13047227991806
1.55987,-8.1311978537648
1.559875,-8.13192376673758
1.55988,-8.13265002054153
1.559885,-8.13337661688319
1.55989,-8.1341035574705
1.559895,-8.13483084401296
1.5599,-8.13555847822139
1.559905,-8.13628646180814
1.55991,-8.13701479648705
1.559915,-8.13774348397329
1.55992,-8.13847252598356
1.559925,-8.13920192423594
1.55993,-8.13993168045002
1.559935,-8.14066179634682
1.55994,-8.14139227364869
1.559945,-8.14212311407956
1.55995,-8.14285431936473
1.559955,-8.14358589123092
1.55996,-8.14431783140629
1.559965,-8.14505014162043
1.55997,-8.14578282360437
1.559975,-8.14651587909058
1.55998,-8.14724930981286
1.559985,-8.1479831175066
1.55999,-8.14871730390842
1.559995,-8.14945187075649
1.56,-8.15018681979039
1.560005,-8.15092215275102
1.56001,-8.1516578713808
1.560015,-8.15239397742355
1.56002,-8.15313047262439
1.560025,-8.15386735873
1.56003,-8.15460463748836
1.560035,-8.15534231064888
1.56004,-8.15608037996243
1.560045,-8.1568188471812
1.56005,-8.15755771405882
1.560055,-8.15829698235032
1.56006,-8.15903665381209
1.560065,-8.15977673020201
1.56007,-8.16051721327923
1.560075,-8.16125810480435
1.56008,-8.16199940653941
1.560085,-8.16274112024772
1.56009,-8.16348324769411
1.560095,-8.16422579064464
1.5601,-8.16496875086688
1.560105,-8.16571213012978
1.56011,-8.16645593020354
1.560115,-8.1672001528599
1.56012,-8.16794479987183
1.560125,-8.16868987301378
1.56013,-8.16943537406154
1.560135,-8.17018130479223
1.56014,-8.17092766698437
1.560145,-8.17167446241789
1.56015,-8.17242169287396
1.560155,-8.17316936013527
1.56016,-8.17391746598572
1.560165,-8.17466601221067
1.56017,-8.17541500059682
1.560175,-8.17616443293218
1.56018,-8.17691431100617
1.560185,-8.1776646366095
1.56019,-8.17841541153427
1.560195,-8.17916663757395
1.5602,-8.17991831652327
1.560205,-8.18067045017839
1.56021,-8.1814230403368
1.560215,-8.18217608879724
1.56022,-8.18292959735994
1.560225,-8.18368356782628
1.56023,-8.18443800199915
1.560235,-8.18519290168268
1.56024,-8.18594826868233
1.560245,-8.18670410480494
1.56025,-8.18746041185856
1.560255,-8.18821719165271
1.56026,-8.18897444599817
1.560265,-8.18973217670697
1.56027,-8.19049038559258
1.560275,-8.19124907446973
1.56028,-8.19200824515443
1.560285,-8.19276789946407
1.56029,-8.19352803921725
1.560295,-8.19428866623401
1.5603,-8.19504978233562
1.560305,-8.19581138934462
1.56031,-8.19657348908496
1.560315,-8.19733608338176
1.56032,-8.19809917406152
1.560325,-8.19886276295207
1.56033,-8.19962685188242
1.560335,-8.20039144268294
1.56034,-8.20115653718534
1.560345,-8.20192213722249
1.56035,-8.2026882446287
1.560355,-8.20345486123938
1.56036,-8.20422198889139
1.560365,-8.20498962942283
1.56037,-8.20575778467296
1.560375,-8.2065264564825
1.56038,-8.20729564669328
1.560385,-8.2080653571485
1.56039,-8.2088355896926
1.560395,-8.20960634617127
1.5604,-8.21037762843149
1.560405,-8.21114943832153
1.56041,-8.21192177769082
1.560415,-8.21269464839015
1.56042,-8.21346805227151
1.560425,-8.21424199118817
1.56043,-8.21501646699469
1.560435,-8.21579148154676
1.56044,-8.21656703670141
1.560445,-8.21734313431696
1.56045,-8.21811977625284
1.560455,-8.21889696436984
1.56046,-8.21967470052989
1.560465,-8.22045298659624
1.56047,-8.22123182443337
1.560475,-8.22201121590692
1.56048,-8.22279116288385
1.560485,-8.22357166723224
1.56049,-8.2243527308215
1.560495,-8.22513435552224
1.5605,-8.22591654320623
1.560505,-8.22669929574651
1.56051,-8.22748261501738
1.560515,-8.22826650289424
1.56052,-8.22905096125383
1.560525,-8.22983599197396
1.56053,-8.23062159693377
1.560535,-8.23140777801358
1.56054,-8.23219453709483
1.560545,-8.23298187606029
1.56055,-8.2337697967938
1.560555,-8.23455830118049
1.56056,-8.23534739110666
1.560565,-8.23613706845976
1.56057,-8.23692733512849
1.560575,-8.23771819300273
1.56058,-8.23850964397346
1.560585,-8.23930168993298
1.56059,-8.24009433277463
1.560595,-8.24088757439302
1.5606,-8.24168141668393
1.560605,-8.24247586154424
1.56061,-8.24327091087212
1.560615,-8.24406656656676
1.56062,-8.24486283052864
1.560625,-8.24565970465939
1.56063,-8.24645719086169
1.560635,-8.2472552910395
1.56064,-8.24805400709792
1.560645,-8.24885334094312
1.56065,-8.24965329448254
1.560655,-8.25045386962463
1.56066,-8.2512550682791
1.560665,-8.25205689235681
1.56067,-8.25285934376965
1.560675,-8.25366242443076
1.56068,-8.25446613625431
1.560685,-8.25527048115572
1.56069,-8.25607546105149
1.560695,-8.2568810778592
1.5607,-8.25768733349764
1.560705,-8.25849422988669
1.56071,-8.25930176894731
1.560715,-8.26010995260166
1.56072,-8.26091878277292
1.560725,-8.26172826138547
1.56073,-8.26253839036479
1.560735,-8.26334917163736
1.56074,-8.26416060713095
1.560745,-8.26497269877424
1.56075,-8.26578544849715
1.560755,-8.26659885823068
1.56076,-8.26741292990684
1.560765,-8.26822766545883
1.56077,-8.2690430668209
1.560775,-8.26985913592835
1.56078,-8.27067587471765
1.560785,-8.27149328512627
1.56079,-8.27231136909281
1.560795,-8.27313012855695
1.5608,-8.27394956545938
1.560805,-8.27476968174196
1.56081,-8.27559047934751
1.560815,-8.27641196022003
1.56082,-8.27723412630452
1.560825,-8.278056979547
1.56083,-8.27888052189463
1.560835,-8.27970475529561
1.56084,-8.28052968169915
1.560845,-8.28135530305555
1.56085,-8.28218162131611
1.560855,-8.28300863843322
1.56086,-8.28383635636035
1.560865,-8.28466477705187
1.56087,-8.28549390246335
1.560875,-8.28632373455127
1.56088,-8.28715427527318
1.560885,-8.28798552658771
1.56089,-8.28881749045443
1.560895,-8.289650168834
1.5609,-8.29048356368807
1.560905,-8.29131767697928
1.56091,-8.29215251067136
1.560915,-8.29298806672894
1.56092,-8.29382434711775
1.560925,-8.29466135380455
1.56093,-8.29549908875695
1.560935,-8.29633755394373
1.56094,-8.29717675133456
1.560945,-8.29801668290013
1.56095,-8.29885735061217
1.560955,-8.29969875644332
1.56096,-8.30054090236723
1.560965,-8.3013837903586
1.56097,-8.30222742239298
1.560975,-8.30307180044701
1.56098,-8.30391692649824
1.560985,-8.3047628025252
1.56099,-8.30560943050746
1.560995,-8.30645681242539
1.561,-8.3073049502605
1.561005,-8.30815384599514
1.56101,-8.30900350161265
1.561015,-8.30985391909738
1.56102,-8.31070510043448
1.561025,-8.31155704761022
1.56103,-8.31240976261171
1.561035,-8.31326324742698
1.56104,-8.31411750404513
1.561045,-8.314972534456
1.56105,-8.31582834065051
1.561055,-8.31668492462048
1.56106,-8.31754228835859
1.561065,-8.31840043385851
1.56107,-8.31925936311479
1.561075,-8.32011907812289
1.56108,-8.32097958087925
1.561085,-8.3218408733811
1.56109,-8.32270295762668
1.561095,-8.3235658356151
1.5611,-8.32442950934632
1.561105,-8.32529398082129
1.56111,-8.32615925204175
1.561115,-8.32702532501039
1.56112,-8.32789220173082
1.561125,-8.3287598842074
1.56113,-8.32962837444555
1.561135,-8.33049767445139
1.56114,-8.33136778623201
1.561145,-8.33223871179542
1.56115,-8.33311045315032
1.561155,-8.33398301230647
1.56116,-8.33485639127438
1.561165,-8.33573059206541
1.56117,-8.33660561669185
1.561175,-8.33748146716671
1.56118,-8.33835814550398
1.561185,-8.33923565371845
1.56119,-8.3401139938257
1.561195,-8.34099316784219
1.5612,-8.34187317778523
1.561205,-8.34275402567291
1.56121,-8.34363571352419
1.561215,-8.34451824335879
1.56122,-8.34540161719732
1.561225,-8.3462858370612
1.56123,-8.34717090497257
1.561235,-8.34805682295453
1.56124,-8.34894359303082
1.561245,-8.34983121722608
1.56125,-8.35071969756578
1.561255,-8.35160903607606
1.56126,-8.35249923478395
1.561265,-8.35339029571729
1.56127,-8.35428222090458
1.561275,-8.35517501237521
1.56128,-8.35606867215929
1.561285,-8.35696320228773
1.56129,-8.35785860479224
1.561295,-8.35875488170516
1.5613,-8.35965203505981
1.561305,-8.36055006689003
1.56131,-8.3614489792306
1.561315,-8.36234877411697
1.56132,-8.36324945358532
1.561325,-8.36415101967263
1.56133,-8.36505347441661
1.561335,-8.36595681985561
1.56134,-8.36686105802889
1.561345,-8.36776619097624
1.56135,-8.36867222073832
1.561355,-8.3695791493565
1.56136,-8.37048697887272
1.561365,-8.37139571132987
1.56137,-8.37230534877132
1.561375,-8.3732158932413
1.56138,-8.3741273467847
1.561385,-8.37503971144703
1.56139,-8.37595298927462
1.561395,-8.37686718231445
1.5614,-8.37778229261411
1.561405,-8.37869832222198
1.56141,-8.37961527318701
1.561415,-8.38053314755892
1.56142,-8.38145194738808
1.561425,-8.38237167472547
1.56143,-8.38329233162283
1.561435,-8.38421392013242
1.56144,-8.38513644230729
1.561445,-8.38605990020111
1.56145,-8.3869842958681
1.561455,-8.38790963136325
1.56146,-8.38883590874215
1.561465,-8.38976313006092
1.56147,-8.39069129737652
1.561475,-8.39162041274632
1.56148,-8.39255047822845
1.561485,-8.39348149588163
1.56149,-8.39441346776514
1.561495,-8.39534639593896
1.5615,-8.39628028246356
1.561505,-8.39721512940012
1.56151,-8.3981509388104
1.561515,-8.39908771275665
1.56152,-8.40002545330184
1.561525,-8.4009641625095
1.56153,-8.40190384244364
1.561535,-8.40284449516899
1.56154,-8.40378612275071
1.561545,-8.40472872725462
1.56155,-8.40567231074713
1.561555,-8.40661687529509
1.56156,-8.40756242296604
1.561565,-8.40850895582793
1.56157,-8.40945647594937
1.561575,-8.41040498539952
1.56158,-8.41135448624794
1.561585,-8.41230498056486
1.56159,-8.41325647042101
1.561595,-8.41420895788758
1.5616,-8.41516244503637
1.561605,-8.4161169339396
1.56161,-8.41707242667006
1.561615,-8.4180289253011
1.56162,-8.41898643190644
1.561625,-8.41994494856039
1.56163,-8.42090447733769
1.561635,-8.42186502031364
1.56164,-8.42282657956402
1.561645,-8.42378915716498
1.56165,-8.42475275519327
1.561655,-8.42571737572609
1.56166,-8.42668302084099
1.561665,-8.42764969261618
1.56167,-8.4286173931301
1.561675,-8.4295861244618
1.56168,-8.43055588869076
1.561685,-8.43152668789681
1.56169,-8.43249852416034
1.561695,-8.43347139956205
1.5617,-8.43444531618317
1.561705,-8.43542027610532
1.56171,-8.43639628141046
1.561715,-8.43737333418107
1.56172,-8.43835143650004
1.561725,-8.43933059045057
1.56173,-8.44031079811634
1.561735,-8.44129206158133
1.56174,-8.44227438293003
1.561745,-8.44325776424728
1.56175,-8.44424220761821
1.561755,-8.44522771512844
1.56176,-8.44621428886386
1.561765,-8.44720193091078
1.56177,-8.44819064335593
1.561775,-8.44918042828623
1.56178,-8.45017128778907
1.561785,-8.45116322395221
1.56179,-8.45215623886364
1.561795,-8.45315033461176
1.5618,-8.45414551328525
1.561805,-8.45514177697315
1.56181,-8.45613912776488
1.561815,-8.45713756774999
1.56182,-8.45813709901854
1.561825,-8.45913772366075
1.56183,-8.4601394437672
1.561835,-8.46114226142879
1.56184,-8.46214617873662
1.561845,-8.46315119778214
1.56185,-8.46415732065709
1.561855,-8.4651645494534
1.56186,-8.46617288626336
1.561865,-8.46718233317943
1.56187,-8.46819289229441
1.561875,-8.46920456570131
1.56188,-8.47021735549334
1.561885,-8.47123126376409
1.56189,-8.47224629260718
1.561895,-8.47326244411661
1.5619,-8.47427972038662
1.561905,-8.4752981235115
1.56191,-8.47631765558593
1.561915,-8.47733831870472
1.56192,-8.47836011496284
1.561925,-8.47938304645559
1.56193,-8.48040711527825
1.561935,-8.48143232352649
1.56194,-8.48245867329607
1.561945,-8.48348616668286
1.56195,-8.48451480578304
1.561955,-8.48554459269284
1.56196,-8.48657552950867
1.561965,-8.48760761832713
1.56197,-8.48864086124488
1.561975,-8.48967526035879
1.56198,-8.49071081776591
1.561985,-8.49174753556324
1.56199,-8.49278541584812
1.561995,-8.49382446071779
1.562,-8.49486467226977
1.562005,-8.49590605260164
1.56201,-8.496948603811
1.562015,-8.4979923279956
1.56202,-8.49903722725336
1.562025,-8.50008330368207
1.56203,-8.50113055937983
1.562035,-8.50217899644459
1.56204,-8.50322861697453
1.562045,-8.50427942306783
1.56205,-8.50533141682268
1.562055,-8.50638460033736
1.56206,-8.50743897571015
1.562065,-8.50849454503938
1.56207,-8.50955131042348
1.562075,-8.51060927396073
1.56208,-8.51166843774954
1.562085,-8.51272880388839
1.56209,-8.51379037447554
1.562095,-8.51485315160951
1.5621,-8.51591713738858
1.562105,-8.51698233391112
1.56211,-8.51804874327554
1.562115,-8.51911636758002
1.56212,-8.52018520892295
1.562125,-8.52125526940245
1.56213,-8.5223265511167
1.562135,-8.52339905616388
1.56214,-8.52447278664197
1.562145,-8.52554774464893
1.56215,-8.52662393228276
1.562155,-8.52770135164116
1.56216,-8.52878000482194
1.562165,-8.52985989392267
1.56217,-8.53094102104091
1.562175,-8.53202338827409
1.56218,-8.53310699771948
1.562185,-8.53419185147429
1.56219,-8.53527795163551
1.562195,-8.53636530030009
1.5622,-8.53745389956485
1.562205,-8.53854375152629
1.56221,-8.53963485828097
1.562215,-8.54072722192519
1.56222,-8.541820844555
1.562225,-8.54291572826642
1.56223,-8.54401187515516
1.562235,-8.54510928731683
1.56224,-8.54620796684684
1.562245,-8.54730791584026
1.56225,-8.54840913639217
1.562255,-8.5495116305972
1.56226,-8.55061540054992
1.562265,-8.55172044834462
1.56227,-8.55282677607531
1.562275,-8.55393438583579
1.56228,-8.55504327971964
1.562285,-8.55615345982005
1.56229,-8.5572649282301
1.562295,-8.55837768704248
1.5623,-8.55949173834964
1.562305,-8.56060708424379
1.56231,-8.5617237268167
1.562315,-8.56284166815999
1.56232,-8.56396091036485
1.562325,-8.56508145552222
1.56233,-8.56620330572273
1.562335,-8.56732646305656
1.56234,-8.56845092961367
1.562345,-8.56957670748365
1.56235,-8.5707037987556
1.562355,-8.5718322055185
1.56236,-8.57296192986071
1.562365,-8.57409297387035
1.56237,-8.57522533963517
1.562375,-8.57635902924239
1.56238,-8.57749404477898
1.562385,-8.57863038833136
1.56239,-8.57976806198563
1.562395,-8.58090706782746
1.5624,-8.58204740794203
1.562405,-8.58318908441411
1.56241,-8.58433209932807
1.562415,-8.58547645476768
1.56242,-8.58662215281642
1.562425,-8.58776919555712
1.56243,-8.58891758507227
1.562435,-8.59006732344385
1.56244,-8.59121841275323
1.562445,-8.59237085508144
1.56245,-8.59352465250883
1.562455,-8.59467980711535
1.56246,-8.59583632098041
1.562465,-8.59699419618277
1.56247,-8.59815343480077
1.562475,-8.5993140389122
1.56248,-8.60047601059413
1.562485,-8.60163935192326
1.56249,-8.60280406497554
1.562495,-8.60397015182644
1.5625,-8.60513761455084
1.562505,-8.60630645522289
1.56251,-8.6074766759163
1.562515,-8.608648278704
1.56252,-8.60982126565838
1.562525,-8.61099563885123
1.56253,-8.61217140035355
1.562535,-8.61334855223581
1.56254,-8.61452709656781
1.562545,-8.61570703541858
1.56255,-8.61688837085658
1.562555,-8.61807110494946
1.56256,-8.61925523976429
1.562565,-8.62044077736741
1.56257,-8.62162771982434
1.562575,-8.62281606920003
1.56258,-8.62400582755853
1.562585,-8.62519699696328
1.56259,-8.62638957947696
1.562595,-8.62758357716138
1.5626,-8.62877899207765
1.562605,-8.62997582628615
1.56261,-8.63117408184636
1.562615,-8.63237376081708
1.56262,-8.63357486525617
1.562625,-8.63477739722081
1.56263,-8.63598135876731
1.562635,-8.63718675195104
1.56264,-8.63839357882672
1.562645,-8.63960184144802
1.56265,-8.64081154186789
1.562655,-8.64202268213841
1.56266,-8.64323526431062
1.562665,-8.64444929043482
1.56267,-8.64566476256042
1.562675,-8.6468816827358
1.56268,-8.64810005300857
1.562685,-8.64931987542521
1.56269,-8.65054115203145
1.562695,-8.65176388487205
1.5627,-8.6529880759907
1.562705,-8.6542137274302
1.56271,-8.65544084123241
1.562715,-8.65666941943809
1.56272,-8.65789946408716
1.562725,-8.65913097721832
1.56273,-8.66036396086946
1.562735,-8.6615984170774
1.56274,-8.66283434787777
1.562745,-8.66407175530538
1.56275,-8.66531064139378
1.562755,-8.66655100817562
1.56276,-8.66779285768239
1.562765,-8.66903619194445
1.56277,-8.67028101299117
1.562775,-8.67152732285077
1.56278,-8.67277512355028
1.562785,-8.67402441711576
1.56279,-8.67527520557193
1.562795,-8.67652749094252
1.5628,-8.67778127525013
1.562805,-8.67903656051597
1.56281,-8.68029334876033
1.562815,-8.68155164200212
1.56282,-8.68281144225914
1.562825,-8.68407275154803
1.56283,-8.68533557188403
1.562835,-8.6865999052813
1.56284,-8.6878657537528
1.562845,-8.68913311931002
1.56285,-8.69040200396345
1.562855,-8.69167240972202
1.56286,-8.6929443385936
1.562865,-8.69421779258477
1.56287,-8.69549277370058
1.562875,-8.69676928394503
1.56288,-8.69804732532052
1.562885,-8.69932689982836
1.56289,-8.70060800946838
1.562895,-8.70189065623901
1.5629,-8.70317484213742
1.562905,-8.70446056915933
1.56291,-8.70574783929903
1.562915,-8.7070366545495
1.56292,-8.70832701690216
1.562925,-8.7096189283471
1.56293,-8.71091239087304
1.562935,-8.71220740646701
1.56294,-8.71350397711485
1.562945,-8.71480210480066
1.56295,-8.71610179150726
1.562955,-8.71740303921591
1.56296,-8.71870584990628
1.562965,-8.72001022555659
1.56297,-8.72131616814359
1.562975,-8.7226236796423
1.56298,-8.72393276202634
1.562985,-8.72524341726767
1.56299,-8.72655564733669
1.562995,-8.72786945420232
1.563,-8.72918483983164
1.563005,-8.73050180619036
1.56301,-8.73182035524231
1.563015,-8.73314048894991
1.56302,-8.73446220927384
1.563025,-8.73578551817298
1.56303,-8.73711041760473
1.563035,-8.73843690952473
1.56304,-8.73976499588684
1.563045,-8.74109467864334
1.56305,-8.74242595974459
1.563055,-8.7437588411394
1.56306,-8.74509332477479
1.563065,-8.74642941259586
1.56307,-8.74776710654615
1.563075,-8.74910640856719
1.56308,-8.75044732059891
1.563085,-8.75178984457933
1.56309,-8.75313398244454
1.563095,-8.75447973612897
1.5631,-8.75582710756513
1.563105,-8.75717609868355
1.56311,-8.75852671141304
1.563115,-8.75987894768039
1.56312,-8.76123280941056
1.563125,-8.76258829852659
1.56313,-8.76394541694951
1.563135,-8.76530416659852
1.56314,-8.76666454939068
1.563145,-8.76802656724127
1.56315,-8.76939022206352
1.563155,-8.77075551576856
1.56316,-8.77212245026559
1.563165,-8.77349102746188
1.56317,-8.77486124926243
1.563175,-8.7762331175704
1.56318,-8.77760663428668
1.563185,-8.77898180131027
1.56319,-8.78035862053803
1.563195,-8.78173709386455
1.5632,-8.78311722318255
1.563205,-8.78449901038232
1.56321,-8.78588245735228
1.563215,-8.78726756597857
1.56322,-8.78865433814505
1.563225,-8.79004277573352
1.56323,-8.79143288062357
1.563235,-8.79282465469246
1.56324,-8.79421809981536
1.563245,-8.79561321786501
1.56325,-8.79701001071204
1.563255,-8.79840848022476
1.56326,-8.79980862826913
1.563265,-8.8012104567089
1.56327,-8.80261396740536
1.563275,-8.80401916221758
1.56328,-8.80542604300228
1.563285,-8.80683461161369
1.56329,-8.80824486990377
1.563295,-8.80965681972209
1.5633,-8.81107046291572
1.563305,-8.81248580132942
1.56331,-8.81390283680535
1.563315,-8.81532157118335
1.56332,-8.8167420063008
1.563325,-8.81816414399244
1.56333,-8.8195879860907
1.563335,-8.8210135344253
1.56334,-8.82244079082357
1.563345,-8.82386975711031
1.56335,-8.82530043510758
1.563355,-8.82673282663504
1.56336,-8.8281669335097
1.563365,-8.82960275754592
1.56337,-8.83104030055552
1.563375,-8.83247956434754
1.56338,-8.83392055072849
1.563385,-8.83536326150222
1.56339,-8.83680769846973
1.563395,-8.83825386342953
1.5634,-8.83970175817719
1.563405,-8.84115138450571
1.56341,-8.84260274420533
1.563415,-8.84405583906338
1.56342,-8.84551067086455
1.563425,-8.84696724139071
1.56343,-8.84842555242079
1.563435,-8.84988560573108
1.56344,-8.85134740309483
1.563445,-8.85281094628253
1.56345,-8.85427623706181
1.563455,-8.85574327719727
1.56346,-8.85721206845073
1.563465,-8.85868261258108
1.56347,-8.8601549113441
1.563475,-8.8616289664928
1.56348,-8.86310477977704
1.563485,-8.86458235294378
1.56349,-8.86606168773699
1.563495,-8.86754278589746
1.5635,-8.86902564916311
1.563505,-8.87051027926864
1.56351,-8.8719966779457
1.563515,-8.87348484692297
1.56352,-8.87497478792576
1.563525,-8.87646650267646
1.56353,-8.87795999289427
1.563535,-8.87945526029505
1.56354,-8.88095230659175
1.563545,-8.88245113349378
1.56355,-8.88395174270756
1.563555,-8.88545413593626
1.56356,-8.88695831487965
1.563565,-8.88846428123437
1.56357,-8.88997203669362
1.563575,-8.89148158294735
1.56358,-8.89299292168227
1.563585,-8.89450605458153
1.56359,-8.89602098332508
1.563595,-8.89753770958951
1.5636,-8.89905623504776
1.563605,-8.90057656136963
1.56361,-8.90209869022125
1.563615,-8.90362262326543
1.56362,-8.90514836216155
1.563625,-8.90667590856521
1.56363,-8.90820526412883
1.563635,-8.90973643050102
1.56364,-8.91126940932703
1.563645,-8.91280420224846
1.56365,-8.91434081090322
1.563655,-8.91587923692575
1.56366,-8.9174194819469
1.563665,-8.91896154759359
1.56367,-8.92050543548939
1.563675,-8.92205114725396
1.56368,-8.92359868450333
1.563685,-8.92514804884988
1.56369,-8.92669924190207
1.563695,-8.92825226526474
1.5637,-8.92980712053879
1.563705,-8.9313638093215
1.56371,-8.93292233320621
1.563715,-8.93448269378236
1.56372,-8.93604489263566
1.563725,-8.93760893134786
1.56373,-8.93917481149672
1.563735,-8.9407425346563
1.56374,-8.94231210239639
1.563745,-8.94388351628307
1.56375,-8.94545677787844
1.563755,-8.94703188874031
1.56376,-8.94860885042283
1.563765,-8.95018766447575
1.56377,-8.95176833244498
1.563775,-8.95335085587238
1.56378,-8.95493523629541
1.563785,-8.95652147524767
1.56379,-8.95810957425854
1.563795,-8.95969953485308
1.5638,-8.96129135855243
1.563805,-8.96288504687316
1.56381,-8.96448060132792
1.563815,-8.96607802342495
1.56382,-8.96767731466819
1.563825,-8.96927847655735
1.56383,-8.97088151058773
1.563835,-8.97248641825032
1.56384,-8.97409320103185
1.563845,-8.97570186041447
1.56385,-8.97731239787601
1.563855,-8.97892481488997
1.56386,-8.98053911292513
1.563865,-8.98215529344612
1.56387,-8.98377335791272
1.563875,-8.9853933077805
1.56388,-8.98701514450034
1.563885,-8.98863886951852
1.56389,-8.99026448427683
1.563895,-8.99189199021233
1.5639,-8.99352138875756
1.563905,-8.99515268134037
1.56391,-8.99678586938385
1.563915,-8.99842095430646
1.56392,-9.00005793752205
1.563925,-9.0016968204394
1.56393,-9.00333760446291
1.563935,-9.00498029099181
1.56394,-9.0066248814208
1.563945,-9.00827137713967
1.56395,-9.00991977953317
1.563955,-9.01157008998147
1.56396,-9.01322230985946
1.563965,-9.01487644053743
1.56397,-9.0165324833806
1.563975,-9.01819043974903
1.56398,-9.01985031099805
1.563985,-9.02151209847784
1.56399,-9.02317580353339
1.563995,-9.02484142750492
1.564,-9.02650897172718
1.564005,-9.02817843753011
1.56401,-9.02984982623839
1.564015,-9.03152313917136
1.56402,-9.03319837764349
1.564025,-9.03487554296367
1.56403,-9.03655463643576
1.564035,-9.0382356593584
1.56404,-9.03991861302469
1.564045,-9.0416034987226
1.56405,-9.04329031773472
1.564055,-9.04497907133819
1.56406,-9.04666976080487
1.564065,-9.048362387401
1.56407,-9.05005695238761
1.564075,-9.05175345702017
1.56408,-9.05345190254851
1.564085,-9.05515229021711
1.56409,-9.05685462126482
1.564095,-9.05855889692491
1.5641,-9.06026511842515
1.564105,-9.06197328698744
1.56411,-9.0636834038283
1.564115,-9.06539547015847
1.56412,-9.06710948718284
1.564125,-9.06882545610079
1.56413,-9.07054337810577
1.564135,-9.07226325438553
1.56414,-9.07398508612206
1.564145,-9.07570887449131
1.56415,-9.07743462066351
1.564155,-9.07916232580312
1.56416,-9.08089199106837
1.564165,-9.08262361761184
1.56417,-9.08435720657989
1.564175,-9.08609275911304
1.56418,-9.08783027634577
1.564185,-9.08956975940641
1.56419,-9.09131120941737
1.564195,-9.09305462749472
1.5642,-9.09480001474857
1.564205,-9.09654737228288
1.56421,-9.09829670119523
1.564215,-9.10004800257712
1.56422,-9.1018012775139
1.564225,-9.10355652708437
1.56423,-9.1053137523613
1.564235,-9.10707295441087
1.56424,-9.10883413429309
1.564245,-9.11059729306158
1.56425,-9.11236243176336
1.564255,-9.11412955143923
1.56426,-9.11589865312328
1.564265,-9.11766973784327
1.56427,-9.11944280662047
1.564275,-9.12121786046935
1.56428,-9.12299490039798
1.564285,-9.12477392740783
1.56429,-9.12655494249351
1.564295,-9.12833794664322
1.5643,-9.13012294083818
1.564305,-9.13190992605307
1.56431,-9.13369890325582
1.564315,-9.13548987340732
1.56432,-9.13728283746195
1.564325,-9.13907779636693
1.56433,-9.1408747510628
1.564335,-9.14267370248318
1.56434,-9.14447465155455
1.564345,-9.1462775991966
1.56435,-9.14808254632201
1.564355,-9.14988949383625
1.56436,-9.15169844263793
1.564365,-9.15350939361835
1.56437,-9.15532234766185
1.564375,-9.15713730564559
1.56438,-9.15895426843938
1.564385,-9.16077323690603
1.56439,-9.16259421190088
1.564395,-9.16441719427209
1.5644,-9.16624218486058
1.564405,-9.16806918449971
1.56441,-9.16989819401563
1.564415,-9.17172921422711
1.56442,-9.17356224594524
1.564425,-9.17539728997392
1.56443,-9.17723434710928
1.564435,-9.17907341814009
1.56444,-9.18091450384758
1.564445,-9.18275760500509
1.56445,-9.18460272237868
1.564455,-9.18644985672644
1.56446,-9.18829900879896
1.564465,-9.19015017933907
1.56447,-9.19200336908167
1.564475,-9.19385857875406
1.56448,-9.19571580907562
1.564485,-9.19757506075775
1.56449,-9.1994363345042
1.564495,-9.20129963101051
1.5645,-9.20316495096444
1.564505,-9.20503229504579
1.56451,-9.20690166392604
1.564515,-9.20877305826894
1.56452,-9.21064647872985
1.564525,-9.21252192595621
1.56453,-9.21439940058728
1.564535,-9.21627890325386
1.56454,-9.21816043457878
1.564545,-9.22004399517659
1.56455,-9.22192958565332
1.564555,-9.22381720660687
1.56456,-9.22570685862658
1.564565,-9.22759854229352
1.56457,-9.2294922581804
1.564575,-9.23138800685108
1.56458,-9.23328578886132
1.564585,-9.235185604758
1.56459,-9.23708745507968
1.564595,-9.23899134035614
1.5646,-9.24089726110845
1.564605,-9.24280521784916
1.56461,-9.24471521108199
1.564615,-9.2466272413018
1.56462,-9.24854130899489
1.564625,-9.25045741463847
1.56463,-9.25237555870097
1.564635,-9.25429574164204
1.56464,-9.25621796391214
1.564645,-9.25814222595295
1.56465,-9.26006852819693
1.564655,-9.26199687106771
1.56466,-9.26392725497971
1.564665,-9.26585968033814
1.56467,-9.26779414753914
1.564675,-9.26973065696971
1.56468,-9.27166920900742
1.564685,-9.27360980402074
1.56469,-9.27555244236862
1.564695,-9.27749712440088
1.5647,-9.27944385045786
1.564705,-9.28139262087035
1.56471,-9.28334343595984
1.564715,-9.28529629603815
1.56472,-9.28725120140773
1.564725,-9.28920815236135
1.56473,-9.29116714918212
1.564735,-9.2931281921435
1.56474,-9.29509128150943
1.564745,-9.29705641753375
1.56475,-9.29902360046093
1.564755,-9.30099283052523
1.56476,-9.30296410795134
1.564765,-9.30493743295406
1.56477,-9.30691280573795
1.564775,-9.30889022649799
1.56478,-9.31086969541876
1.564785,-9.31285121267512
1.56479,-9.31483477843168
1.564795,-9.31682039284285
1.5648,-9.31880805605297
1.564805,-9.32079776819626
1.56481,-9.32278952939635
1.564815,-9.32478333976701
1.56482,-9.32677919941123
1.564825,-9.32877710842199
1.56483,-9.33077706688173
1.564835,-9.33277907486223
1.56484,-9.33478313242517
1.564845,-9.33678923962124
1.56485,-9.33879739649092
1.564855,-9.34080760306391
1.56486,-9.3428198593592
1.564865,-9.3448341653851
1.56487,-9.34685052113935
1.564875,-9.34886892660857
1.56488,-9.35088938176882
1.564885,-9.35291188658513
1.56489,-9.35493644101165
1.564895,-9.35696304499175
1.5649,-9.35899169845744
1.564905,-9.36102240132993
1.56491,-9.36305515351944
1.564915,-9.36508995492472
1.56492,-9.36712680543366
1.564925,-9.36916570492274
1.56493,-9.37120665325725
1.564935,-9.37324965029132
1.56494,-9.37529469586742
1.564945,-9.37734178981691
1.56495,-9.37939093195953
1.564955,-9.38144212210366
1.56496,-9.38349536004615
1.564965,-9.38555064557218
1.56497,-9.38760797845543
1.564975,-9.38966735845796
1.56498,-9.39172878532986
1.564985,-9.39379225880992
1.56499,-9.39585777862468
1.564995,-9.39792534448912
1.565,-9.39999495610642
1.565005,-9.40206661316752
1.56501,-9.40414031535169
1.565015,-9.40621606232592
1.56502,-9.40829385374542
1.565025,-9.41037368925318
1.56503,-9.41245556847989
1.565035,-9.4145394910442
1.56504,-9.41662545655264
1.565045,-9.41871346459912
1.56505,-9.42080351476553
1.565055,-9.42289560662108
1.56506,-9.42498973972284
1.565065,-9.42708591361533
1.56507,-9.42918412783035
1.565075,-9.43128438188743
1.56508,-9.43338667529314
1.565085,-9.43549100754175
1.56509,-9.43759737811467
1.565095,-9.4397057864804
1.5651,-9.44181623209484
1.565105,-9.44392871440104
1.56511,-9.4460432328289
1.565115,-9.44815978679579
1.56512,-9.45027837570562
1.565125,-9.45239899894958
1.56513,-9.45452165590575
1.565135,-9.45664634593883
1.56514,-9.45877306840063
1.565145,-9.4609018226294
1.56515,-9.46303260795043
1.565155,-9.46516542367557
1.56516,-9.4673002691031
1.565165,-9.46943714351807
1.56517,-9.47157604619208
1.565175,-9.47371697638293
1.56518,-9.47585993333518
1.565185,-9.47800491627943
1.56519,-9.48015192443284
1.565195,-9.48230095699882
1.5652,-9.4844520131668
1.565205,-9.48660509211261
1.56521,-9.48876019299803
1.565215,-9.49091731497103
1.56522,-9.49307645716559
1.565225,-9.49523761870148
1.56523,-9.49740079868458
1.565235,-9.49956599620665
1.56524,-9.50173321034503
1.565245,-9.50390244016313
1.56525,-9.50607368470975
1.565255,-9.50824694301959
1.56526,-9.51042221411297
1.565265,-9.51259949699551
1.56527,-9.51477879065865
1.565275,-9.51696009407898
1.56528,-9.51914340621872
1.565285,-9.52132872602543
1.56529,-9.52351605243174
1.565295,-9.52570538435574
1.5653,-9.52789672070073
1.565305,-9.5300900603549
1.56531,-9.53228540219187
1.565315,-9.53448274506988
1.56532,-9.53668208783249
1.565325,-9.53888342930813
1.56533,-9.54108676830988
1.565335,-9.54329210363595
1.56534,-9.54549943406899
1.565345,-9.54770875837662
1.56535,-9.54992007531109
1.565355,-9.55213338360902
1.56536,-9.55434868199182
1.565365,-9.55656596916543
1.56537,-9.55878524381986
1.565375,-9.56100650462996
1.56538,-9.56322975025454
1.565385,-9.56545497933692
1.56539,-9.56768219050464
1.565395,-9.56991138236918
1.5654,-9.57214255352646
1.565405,-9.57437570255604
1.56541,-9.57661082802181
1.565415,-9.57884792847159
1.56542,-9.58108700243682
1.565425,-9.58332804843303
1.56543,-9.58557106495956
1.565435,-9.58781605049909
1.56544,-9.59006300351843
1.565445,-9.59231192246761
1.56545,-9.59456280578046
1.565455,-9.59681565187434
1.56546,-9.59907045914969
1.565465,-9.60132722599074
1.56547,-9.60358595076472
1.565475,-9.60584663182235
1.56548,-9.60810926749758
1.565485,-9.61037385610717
1.56549,-9.6126403959513
1.565495,-9.61490888531319
1.5655,-9.61717932245879
1.565505,-9.6194517056372
1.56551,-9.62172603308015
1.565515,-9.62400230300243
1.56552,-9.62628051360146
1.565525,-9.62856066305721
1.56553,-9.63084274953254
1.565535,-9.63312677117262
1.56554,-9.63541272610525
1.565545,-9.63770061244079
1.56555,-9.63999042827174
1.565555,-9.64228217167306
1.56556,-9.6445758407021
1.565565,-9.64687143339818
1.56557,-9.64916894778298
1.565575,-9.65146838186005
1.56558,-9.65376973361524
1.565585,-9.65607300101622
1.56559,-9.65837818201247
1.565595,-9.66068527453566
1.5656,-9.66299427649876
1.565605,-9.66530518579691
1.56561,-9.66761800030676
1.565615,-9.66993271788643
1.56562,-9.67224933637583
1.565625,-9.67456785359626
1.56563,-9.67688826735028
1.565635,-9.67921057542218
1.56564,-9.68153477557709
1.565645,-9.68386086556179
1.56565,-9.68618884310407
1.565655,-9.68851870591276
1.56566,-9.69085045167784
1.565665,-9.69318407807038
1.56567,-9.69551958274215
1.565675,-9.69785696332601
1.56568,-9.70019621743544
1.565685,-9.70253734266475
1.56569,-9.70488033658911
1.565695,-9.70722519676388
1.5657,-9.70957192072549
1.565705,-9.71192050599034
1.56571,-9.7142709500557
1.565715,-9.71662325039902
1.56572,-9.718977404478
1.565725,-9.72133340973062
1.56573,-9.72369126357525
1.565735,-9.72605096340992
1.56574,-9.72841250661322
1.565745,-9.73077589054323
1.56575,-9.73314111253836
1.565755,-9.73550816991672
1.56576,-9.73787705997611
1.565765,-9.74024777999425
1.56577,-9.74262032722832
1.565775,-9.74499469891527
1.56578,-9.74737089227155
1.565785,-9.74974890449296
1.56579,-9.75212873275479
1.565795,-9.75451037421184
1.5658,-9.75689382599776
1.565805,-9.75927908522591
1.56581,-9.76166614898834
1.565815,-9.76405501435641
1.56582,-9.76644567838065
1.565825,-9.76883813809008
1.56583,-9.77123239049311
1.565835,-9.77362843257654
1.56584,-9.77602626130611
1.565845,-9.77842587362642
1.56585,-9.78082726646028
1.565855,-9.7832304367093
1.56586,-9.78563538125371
1.565865,-9.78804209695172
1.56587,-9.79045058064041
1.565875,-9.79286082913467
1.56588,-9.79527283922786
1.565885,-9.7976866076916
1.56589,-9.80010213127525
1.565895,-9.80251940670651
1.5659,-9.80493843069069
1.565905,-9.80735919991134
1.56591,-9.80978171102969
1.565915,-9.81220596068447
1.56592,-9.81463194549245
1.565925,-9.81705966204791
1.56593,-9.81948910692241
1.565935,-9.82192027666535
1.56594,-9.82435316780324
1.565945,-9.82678777684011
1.56595,-9.82922410025722
1.565955,-9.83166213451295
1.56596,-9.83410187604295
1.565965,-9.8365433212597
1.56597,-9.83898646655289
1.565975,-9.8414313082891
1.56598,-9.84387784281165
1.565985,-9.84632606644074
1.56599,-9.84877597547336
1.565995,-9.85122756618282
1.566,-9.85368083481953
1.566005,-9.85613577760987
1.56601,-9.858592390757
1.566015,-9.86105067044043
1.56602,-9.86351061281569
1.566025,-9.865972214015
1.56603,-9.86843547014626
1.566035,-9.87090037729377
1.56604,-9.87336693151785
1.566045,-9.8758351288545
1.56605,-9.87830496531587
1.566055,-9.88077643688988
1.56606,-9.88324953954005
1.566065,-9.88572426920578
1.56607,-9.88820062180178
1.566075,-9.89067859321853
1.56608,-9.89315817932198
1.566085,-9.89563937595321
1.56609,-9.89812217892894
1.566095,-9.90060658404076
1.5661,-9.90309258705584
1.566105,-9.90558018371629
1.56611,-9.90806936973904
1.566115,-9.91056014081627
1.56612,-9.91305249261501
1.566125,-9.91554642077688
1.56613,-9.91804192091857
1.566135,-9.9205389886311
1.56614,-9.92303761948037
1.566145,-9.9255378090068
1.56615,-9.92803955272501
1.566155,-9.93054284612436
1.56616,-9.93304768466817
1.566165,-9.93555406379428
1.56617,-9.93806197891469
1.566175,-9.94057142541524
1.56618,-9.94308239865608
1.566185,-9.94559489397129
1.56619,-9.94810890666859
1.566195,-9.95062443202985
1.5662,-9.95314146531034
1.566205,-9.95566000173927
1.56621,-9.95818003651942
1.566215,-9.96070156482686
1.56622,-9.96322458181143
1.566225,-9.96574908259603
1.56623,-9.96827506227711
1.566235,-9.97080251592435
1.56624,-9.97333143858035
1.566245,-9.97586182526104
1.56625,-9.97839367095538
1.566255,-9.98092697062499
1.56626,-9.98346171920473
1.566265,-9.9859979116019
1.56627,-9.98853554269684
1.566275,-9.9910746073424
1.56628,-9.99361510036387
1.566285,-9.99615701655937
1.56629,-9.99870035069909
1.566295,-10.0012450975259
1.5663,-10.0037912517548
1.566305,-10.0063388080729
1.56631,-10.0088877611397
1.566315,-10.0114381055867
1.56632,-10.0139898360171
1.566325,-10.0165429470065
1.56633,-10.0190974331019
1.566335,-10.0216532888224
1.56634,-10.0242105086587
1.566345,-10.0267690870731
1.56635,-10.0293290184994
1.566355,-10.0318902973429
1.56636,-10.0344529179804
1.566365,-10.0370168747602
1.56637,-10.0395821620013
1.566375,-10.0421487739945
1.56638,-10.0447167050015
1.566385,-10.0472859492547
1.56639,-10.0498565009581
1.566395,-10.0524283542861
1.5664,-10.055001503384
1.566405,-10.0575759423682
1.56641,-10.0601516653253
1.566415,-10.0627286663127
1.56642,-10.0653069393586
1.566425,-10.0678864784612
1.56643,-10.0704672775893
1.566435,-10.0730493306821
1.56644,-10.0756326316487
1.566445,-10.0782171743689
1.56645,-10.0808029526921
1.566455,-10.083389960438
1.56646,-10.0859781913961
1.566465,-10.0885676393257
1.56647,-10.0911582979564
1.566475,-10.0937501609867
1.56648,-10.0963432220853
1.566485,-10.0989374748907
1.56649,-10.1015329130102
1.566495,-10.1041295300211
1.5665,-10.1067273194698
1.566505,-10.109326274872
1.56651,-10.1119263897129
1.566515,-10.1145276574464
1.56652,-10.1171300714958
1.566525,-10.1197336252531
1.56653,-10.1223383120796
1.566535,-10.1249441253053
1.56654,-10.1275510582287
1.566545,-10.1301591041174
1.56655,-10.1327682562075
1.566555,-10.1353785077035
1.56656,-10.1379898517786
1.566565,-10.1406022815743
1.56657,-10.1432157902005
1.566575,-10.1458303707354
1.56658,-10.1484460162253
1.566585,-10.1510627196848
1.56659,-10.1536804740962
1.566595,-10.1562992724101
1.5666,-10.1589191075452
1.566605,-10.1615399723874
1.56661,-10.164161859791
1.566615,-10.1667847625777
1.56662,-10.1694086735367
1.566625,-10.1720335854253
1.56663,-10.1746594909674
1.566635,-10.1772863828552
1.56664,-10.1799142537478
1.566645,-10.1825430962715
1.56665,-10.1851729030201
1.566655,-10.1878036665542
1.56666,-10.1904353794017
1.566665,-10.1930680340575
1.56667,-10.1957016229831
1.566675,-10.1983361386073
1.56668,-10.2009715733254
1.566685,-10.2036079194994
1.56669,-10.2062451694581
1.566695,-10.2088833154965
1.5667,-10.2115223498766
1.566705,-10.2141622648266
1.56671,-10.2168030525409
1.566715,-10.2194447051804
1.56672,-10.2220872148722
1.566725,-10.2247305737094
1.56673,-10.2273747737514
1.566735,-10.2300198070234
1.56674,-10.2326656655167
1.566745,-10.2353123411885
1.56675,-10.2379598259615
1.566755,-10.2406081117247
1.56676,-10.2432571903321
1.566765,-10.2459070536037
1.56677,-10.2485576933252
1.566775,-10.2512091012474
1.56678,-10.2538612690866
1.566785,-10.2565141885245
1.56679,-10.2591678512081
1.566795,-10.2618222487496
1.5668,-10.2644773727261
1.566805,-10.26713321468
1.56681,-10.2697897661188
1.566815,-10.2724470185146
1.56682,-10.2751049633048
1.566825,-10.2777635918909
1.56683,-10.2804228956399
1.566835,-10.2830828658833
1.56684,-10.2857434939167
1.566845,-10.2884047710009
1.56685,-10.2910666883607
1.566855,-10.2937292371856
1.56686,-10.2963924086293
1.566865,-10.2990561938099
1.56687,-10.3017205838095
1.566875,-10.3043855696746
1.56688,-10.3070511424157
1.566885,-10.3097172930074
1.56689,-10.312384012388
1.566895,-10.31505129146
1.5669,-10.3177191210898
1.566905,-10.3203874921072
1.56691,-10.323056395306
1.566915,-10.3257258214436
1.56692,-10.3283957612409
1.566925,-10.3310662053826
1.56693,-10.3337371445166
1.566935,-10.3364085692542
1.56694,-10.3390804701704
1.566945,-10.341752837803
1.56695,-10.3444256626535
1.566955,-10.3470989351861
1.56696,-10.3497726458284
1.566965,-10.3524467849713
1.56697,-10.3551213429681
1.566975,-10.3577963101355
1.56698,-10.3604716767528
1.566985,-10.3631474330622
1.56699,-10.365823569269
1.566995,-10.3685000755406
1.567,-10.3711769420074
1.567005,-10.3738541587626
1.56701,-10.3765317158613
1.567015,-10.3792096033217
1.56702,-10.3818878111241
1.567025,-10.3845663292113
1.56703,-10.3872451474884
1.567035,-10.3899242558225
1.56704,-10.3926036440434
1.567045,-10.3952833019425
1.56705,-10.3979632192738
1.567055,-10.400643385753
1.56706,-10.4033237910579
1.567065,-10.4060044248282
1.56707,-10.4086852766657
1.567075,-10.4113663361337
1.56708,-10.4140475927575
1.567085,-10.4167290360239
1.56709,-10.4194106553817
1.567095,-10.4220924402412
1.5671,-10.4247743799742
1.567105,-10.427456463914
1.56711,-10.4301386813556
1.567115,-10.4328210215552
1.56712,-10.4355034737306
1.567125,-10.4381860270606
1.56713,-10.4408686706856
1.567135,-10.4435513937073
1.56714,-10.4462341851881
1.567145,-10.4489170341522
1.56715,-10.4515999295844
1.567155,-10.4542828604307
1.56716,-10.4569658155982
1.567165,-10.459648783955
1.56717,-10.4623317543298
1.567175,-10.4650147155127
1.56718,-10.4676976562541
1.567185,-10.4703805652656
1.56719,-10.4730634312193
1.567195,-10.475746242748
1.5672,-10.4784289884454
1.567205,-10.4811116568656
1.56721,-10.4837942365236
1.567215,-10.4864767158942
1.56722,-10.4891590834136
1.567225,-10.4918413274781
1.56723,-10.4945234364442
1.567235,-10.497205398629
1.56724,-10.4998872023102
1.567245,-10.5025688357252
1.56725,-10.5052502870725
1.567255,-10.5079315445099
1.56726,-10.510612596156
1.567265,-10.5132934300897
1.56727,-10.5159740343496
1.567275,-10.5186543969347
1.56728,-10.5213345058038
1.567285,-10.524014348876
1.56729,-10.5266939140304
1.567295,-10.5293731891058
1.5673,-10.5320521619012
1.567305,-10.5347308201755
1.56731,-10.5374091516473
1.567315,-10.5400871439953
1.56732,-10.5427647848578
1.567325,-10.5454420618329
1.56733,-10.5481189624788
1.567335,-10.5507954743129
1.56734,-10.5534715848128
1.567345,-10.5561472814155
1.56735,-10.5588225515178
1.567355,-10.5614973824761
1.56736,-10.5641717616063
1.567365,-10.5668456761841
1.56737,-10.5695191134446
1.567375,-10.5721920605825
1.56738,-10.5748645047522
1.567385,-10.5775364330672
1.56739,-10.5802078326007
1.567395,-10.5828786903856
1.5674,-10.5855489934139
1.567405,-10.5882187286371
1.56741,-10.5908878829662
1.567415,-10.5935564432715
1.56742,-10.5962243963828
1.567425,-10.5988917290891
1.56743,-10.6015584281388
1.567435,-10.6042244802398
1.56744,-10.606889872059
1.567445,-10.6095545902229
1.56745,-10.612218621317
1.567455,-10.6148819518863
1.56746,-10.6175445684351
1.567465,-10.6202064574268
1.56747,-10.6228676052841
1.567475,-10.625527998389
1.56748,-10.6281876230827
1.567485,-10.6308464656657
1.56749,-10.6335045123974
1.567495,-10.6361617494968
1.5675,-10.6388181631421
1.567505,-10.6414737394703
1.56751,-10.6441284645782
1.567515,-10.6467823245211
1.56752,-10.6494353053141
1.567525,-10.6520873929314
1.56753,-10.654738573306
1.567535,-10.6573888323306
1.56754,-10.6600381558567
1.567545,-10.6626865296952
1.56755,-10.6653339396163
1.567555,-10.6679803713492
1.56756,-10.6706258105824
1.567565,-10.6732702429638
1.56757,-10.6759136541
1.567575,-10.6785560295576
1.56758,-10.6811973548617
1.567585,-10.6838376154971
1.56759,-10.6864767969078
1.567595,-10.689114884497
1.5676,-10.6917518636271
1.567605,-10.69438771962
1.56761,-10.6970224377567
1.567615,-10.6996560032778
1.56762,-10.7022884013829
1.567625,-10.7049196172311
1.56763,-10.7075496359411
1.567635,-10.7101784425906
1.56764,-10.712806022217
1.567645,-10.7154323598169
1.56765,-10.7180574403465
1.567655,-10.7206812487216
1.56766,-10.7233037698171
1.567665,-10.7259249884679
1.56767,-10.7285448894678
1.567675,-10.7311634575709
1.56768,-10.7337806774905
1.567685,-10.7363965338994
1.56769,-10.7390110114302
1.567695,-10.7416240946755
1.5677,-10.7442357681869
1.567705,-10.7468460164765
1.56771,-10.7494548240154
1.567715,-10.7520621752352
1.56772,-10.754668054527
1.567725,-10.7572724462416
1.56773,-10.7598753346903
1.567735,-10.7624767041436
1.56774,-10.7650765388324
1.567745,-10.7676748229478
1.56775,-10.7702715406406
1.567755,-10.7728666760217
1.56776,-10.7754602131626
1.567765,-10.7780521360943
1.56777,-10.7806424288087
1.567775,-10.7832310752576
1.56778,-10.7858180593531
1.567785,-10.788403364968
1.56779,-10.7909869759351
1.567795,-10.793568876048
1.5678,-10.7961490490607
1.567805,-10.7987274786878
1.56781,-10.8013041486044
1.567815,-10.8038790424465
1.56782,-10.8064521438107
1.567825,-10.8090234362545
1.56783,-10.8115929032959
1.567835,-10.8141605284145
1.56784,-10.8167262950501
1.567845,-10.8192901866041
1.56785,-10.8218521864388
1.567855,-10.8244122778774
1.56786,-10.8269704442049
1.567865,-10.8295266686669
1.56787,-10.832080934471
1.567875,-10.8346332247858
1.56788,-10.8371835227414
1.567885,-10.8397318114297
1.56789,-10.8422780739043
1.567895,-10.8448222931799
1.5679,-10.8473644522338
1.567905,-10.8499045340044
1.56791,-10.8524425213925
1.567915,-10.8549783972609
1.56792,-10.8575121444342
1.567925,-10.8600437456995
1.56793,-10.862573183806
1.567935,-10.865100441465
1.56794,-10.8676255013506
1.567945,-10.8701483460992
1.56795,-10.8726689583098
1.567955,-10.8751873205441
1.56796,-10.8777034153266
1.567965,-10.8802172251445
1.56797,-10.8827287324481
1.567975,-10.8852379196507
1.56798,-10.8877447691287
1.567985,-10.8902492632217
1.56799,-10.8927513842326
1.567995,-10.895251114428
1.568,-10.8977484360375
1.568005,-10.9002433312549
1.56801,-10.9027357822372
1.568015,-10.9052257711055
1.56802,-10.9077132799448
1.568025,-10.9101982908042
1.56803,-10.9126807856967
1.568035,-10.9151607465997
1.56804,-10.9176381554551
1.568045,-10.9201129941691
1.56805,-10.9225852446123
1.568055,-10.9250548886204
1.56806,-10.9275219079938
1.568065,-10.9299862844974
1.56807,-10.9324479998618
1.568075,-10.9349070357822
1.56808,-10.9373633739195
1.568085,-10.9398169958998
1.56809,-10.9422678833147
1.568095,-10.9447160177217
1.5681,-10.9471613806436
1.568105,-10.9496039535696
1.56811,-10.9520437179547
1.568115,-10.9544806552202
1.56812,-10.9569147467534
1.568125,-10.9593459739085
1.56813,-10.9617743180058
1.568135,-10.9641997603327
1.56814,-10.9666222821431
1.568145,-10.969041864658
1.56815,-10.9714584890658
1.568155,-10.9738721365217
1.56816,-10.9762827881487
1.568165,-10.978690425037
1.56817,-10.9810950282448
1.568175,-10.983496578798
1.56818,-10.9858950576904
1.568185,-10.9882904458842
1.56819,-10.9906827243098
1.568195,-10.9930718738659
1.5682,-10.9954578754199
1.568205,-10.9978407098081
1.56821,-11.0002203578355
1.568215,-11.0025968002763
1.56822,-11.0049700178739
1.568225,-11.0073399913413
1.56823,-11.0097067013607
1.568235,-11.0120701285843
1.56824,-11.0144302536342
1.568245,-11.0167870571023
1.56825,-11.0191405195512
1.568255,-11.0214906215136
1.56826,-11.0238373434928
1.568265,-11.0261806659629
1.56827,-11.028520569369
1.568275,-11.0308570341272
1.56828,-11.033190040625
1.568285,-11.0355195692213
1.56829,-11.0378456002469
1.568295,-11.0401681140039
1.5683,-11.0424870907669
1.568305,-11.0448025107826
1.56831,-11.0471143542702
1.568315,-11.0494226014211
1.56832,-11.0517272324001
1.568325,-11.0540282273445
1.56833,-11.0563255663649
1.568335,-11.0586192295452
1.56834,-11.0609091969431
1.568345,-11.06319544859
1.56835,-11.065477964491
1.568355,-11.0677567246258
1.56836,-11.0700317089481
1.568365,-11.0723028973864
1.56837,-11.0745702698441
1.568375,-11.0768338061992
1.56838,-11.0790934863052
1.568385,-11.0813492899912
1.56839,-11.0836011970614
1.568395,-11.0858491872965
1.5684,-11.0880932404527
1.568405,-11.0903333362628
1.56841,-11.0925694544362
1.568415,-11.0948015746586
1.56842,-11.0970296765933
1.568425,-11.0992537398802
1.56843,-11.1014737441369
1.568435,-11.1036896689586
1.56844,-11.1059014939183
1.568445,-11.1081091985672
1.56845,-11.1103127624349
1.568455,-11.1125121650292
1.56846,-11.1147073858371
1.568465,-11.1168984043245
1.56847,-11.1190851999366
1.568475,-11.1212677520981
1.56848,-11.1234460402135
1.568485,-11.1256200436673
1.56849,-11.1277897418242
1.568495,-11.1299551140294
1.5685,-11.1321161396091
1.568505,-11.1342727978702
1.56851,-11.1364250681011
1.568515,-11.1385729295715
1.56852,-11.140716361533
1.568525,-11.1428553432192
1.56853,-11.144989853846
1.568535,-11.1471198726118
1.56854,-11.149245378698
1.568545,-11.1513663512687
1.56855,-11.1534827694718
1.568555,-11.1555946124383
1.56856,-11.1577018592835
1.568565,-11.1598044891069
1.56857,-11.1619024809918
1.568575,-11.1639958140069
1.56858,-11.1660844672056
1.568585,-11.1681684196264
1.56859,-11.1702476502935
1.568595,-11.1723221382169
1.5686,-11.1743918623925
1.568605,-11.1764568018029
1.56861,-11.178516935417
1.568615,-11.180572242191
1.56862,-11.1826227010679
1.568625,-11.1846682909786
1.56863,-11.1867089908417
1.568635,-11.1887447795638
1.56864,-11.1907756360399
1.568645,-11.192801539154
1.56865,-11.1948224677786
1.568655,-11.1968384007759
1.56866,-11.1988493169974
1.568665,-11.2008551952847
1.56867,-11.2028560144697
1.568675,-11.2048517533743
1.56868,-11.2068423908118
1.568685,-11.2088279055863
1.56869,-11.2108082764933
1.568695,-11.2127834823203
1.5687,-11.2147535018466
1.568705,-11.2167183138439
1.56871,-11.2186778970767
1.568715,-11.2206322303025
1.56872,-11.222581292272
1.568725,-11.2245250617296
1.56873,-11.2264635174137
1.568735,-11.2283966380571
1.56874,-11.2303244023869
1.568745,-11.2322467891254
1.56875,-11.2341637769902
1.568755,-11.2360753446943
1.56876,-11.2379814709469
1.568765,-11.2398821344531
1.56877,-11.2417773139148
1.568775,-11.2436669880312
1.56878,-11.245551135498
1.568785,-11.2474297350093
1.56879,-11.2493027652566
1.568795,-11.2511702049298
1.5688,-11.2530320327178
1.568805,-11.2548882273081
1.56881,-11.2567387673876
1.568815,-11.258583631643
1.56882,-11.2604227987609
1.568825,-11.2622562474284
1.56883,-11.2640839563332
1.568835,-11.2659059041643
1.56884,-11.2677220696119
1.568845,-11.2695324313681
1.56885,-11.2713369681272
1.568855,-11.2731356585858
1.56886,-11.2749284814436
1.568865,-11.2767154154037
1.56887,-11.2784964391723
1.568875,-11.2802715314599
1.56888,-11.2820406709813
1.568885,-11.283803836456
1.56889,-11.2855610066084
1.568895,-11.2873121601685
1.5689,-11.289057275872
1.568905,-11.2907963324611
1.56891,-11.2925293086839
1.568915,-11.2942561832962
1.56892,-11.2959769350604
1.568925,-11.2976915427471
1.56893,-11.2993999851348
1.568935,-11.3011022410102
1.56894,-11.3027982891692
1.568945,-11.3044881084167
1.56895,-11.3061716775672
1.568955,-11.3078489754453
1.56896,-11.3095199808856
1.568965,-11.3111846727339
1.56897,-11.312843029847
1.568975,-11.3144950310929
1.56898,-11.3161406553521
1.568985,-11.3177798815169
1.56899,-11.3194126884926
1.568995,-11.3210390551975
1.569,-11.3226589605633
1.569005,-11.3242723835357
1.56901,-11.3258793030748
1.569015,-11.3274796981551
1.56902,-11.3290735477666
1.569025,-11.3306608309142
1.56903,-11.3322415266193
1.569035,-11.3338156139192
1.56904,-11.3353830718681
1.569045,-11.3369438795372
1.56905,-11.3384980160153
1.569055,-11.340045460409
1.56906,-11.3415861918434
1.569065,-11.3431201894621
1.56907,-11.3446474324281
1.569075,-11.3461678999239
1.56908,-11.3476815711517
1.569085,-11.3491884253346
1.56909,-11.3506884417159
1.569095,-11.3521815995606
1.5691,-11.3536678781551
1.569105,-11.355147256808
1.56911,-11.3566197148502
1.569115,-11.3580852316355
1.56912,-11.3595437865411
1.569125,-11.360995358968
1.56913,-11.3624399283411
1.569135,-11.3638774741101
1.56914,-11.3653079757496
1.569145,-11.3667314127595
1.56915,-11.3681477646658
1.569155,-11.3695570110205
1.56916,-11.3709591314024
1.569165,-11.3723541054177
1.56917,-11.3737419126995
1.569175,-11.3751225329096
1.56918,-11.3764959457376
1.569185,-11.3778621309023
1.56919,-11.3792210681518
1.569195,-11.3805727372635
1.5692,-11.3819171180452
1.569205,-11.3832541903355
1.56921,-11.3845839340034
1.569215,-11.3859063289499
1.56922,-11.3872213551074
1.569225,-11.3885289924409
1.56923,-11.389829220948
1.569235,-11.3911220206596
1.56924,-11.3924073716399
1.569245,-11.3936852539874
1.56925,-11.394955647835
1.569255,-11.3962185333506
1.56926,-11.3974738907371
1.569265,-11.3987217002336
1.56927,-11.3999619421153
1.569275,-11.4011945966939
1.56928,-11.4024196443184
1.569285,-11.4036370653752
1.56929,-11.4048468402888
1.569295,-11.406048949522
1.5693,-11.4072433735766
1.569305,-11.4084300929936
1.56931,-11.4096090883538
1.569315,-11.4107803402781
1.56932,-11.4119438294282
1.569325,-11.4130995365067
1.56933,-11.4142474422577
1.569335,-11.4153875274676
1.56934,-11.4165197729647
1.569345,-11.4176441596204
1.56935,-11.4187606683494
1.569355,-11.4198692801102
1.56936,-11.4209699759052
1.569365,-11.4220627367816
1.56937,-11.4231475438317
1.569375,-11.4242243781931
1.56938,-11.4252932210496
1.569385,-11.4263540536312
1.56939,-11.4274068572149
1.569395,-11.4284516131246
1.5694,-11.4294883027325
1.569405,-11.4305169074584
1.56941,-11.4315374087711
1.569415,-11.4325497881881
1.56942,-11.4335540272768
1.569425,-11.4345501076542
1.56943,-11.4355380109877
1.569435,-11.4365177189957
1.56944,-11.4374892134478
1.569445,-11.4384524761652
1.56945,-11.4394074890213
1.569455,-11.4403542339421
1.56946,-11.4412926929066
1.569465,-11.4422228479473
1.56947,-11.4431446811505
1.569475,-11.4440581746571
1.56948,-11.4449633106625
1.569485,-11.4458600714174
1.56949,-11.4467484392283
1.569495,-11.4476283964577
1.5695,-11.4484999255246
1.569505,-11.4493630089051
1.56951,-11.4502176291327
1.569515,-11.4510637687986
1.56952,-11.4519014105525
1.569525,-11.4527305371027
1.56953,-11.4535511312166
1.569535,-11.4543631757214
1.56954,-11.4551666535042
1.569545,-11.4559615475125
1.56955,-11.4567478407549
1.569555,-11.4575255163011
1.56956,-11.4582945572828
1.569565,-11.4590549468936
1.56957,-11.45980666839
1.569575,-11.4605497050914
1.56958,-11.4612840403808
1.569585,-11.4620096577049
1.56959,-11.4627265405748
1.569595,-11.4634346725666
1.5696,-11.4641340373213
1.569605,-11.4648246185457
1.56961,-11.4655064000125
1.569615,-11.4661793655608
1.56962,-11.4668434990968
1.569625,-11.4674987845939
1.56963,-11.4681452060931
1.569635,-11.4687827477037
1.56964,-11.4694113936035
1.569645,-11.4700311280394
1.56965,-11.4706419353273
1.569655,-11.4712437998533
1.56966,-11.4718367060737
1.569665,-11.4724206385151
1.56967,-11.4729955817754
1.569675,-11.473561520524
1.56968,-11.4741184395019
1.569685,-11.4746663235227
1.56969,-11.4752051574725
1.569695,-11.4757349263103
1.5697,-11.476255615069
1.569705,-11.476767208855
1.56971,-11.4772696928492
1.569715,-11.4777630523072
1.56972,-11.4782472725594
1.569725,-11.4787223390122
1.56973,-11.4791882371474
1.569735,-11.4796449525234
1.56974,-11.480092470775
1.569745,-11.4805307776143
1.56975,-11.4809598588306
1.569755,-11.4813797002914
1.56976,-11.4817902879422
1.569765,-11.4821916078069
1.56977,-11.4825836459889
1.569775,-11.4829663886707
1.56978,-11.4833398221144
1.569785,-11.4837039326625
1.56979,-11.484058706738
1.569795,-11.4844041308447
1.5698,-11.4847401915677
1.569805,-11.4850668755739
1.56981,-11.4853841696118
1.569815,-11.4856920605128
1.56982,-11.4859905351907
1.569825,-11.4862795806426
1.56983,-11.4865591839489
1.569835,-11.4868293322741
1.56984,-11.4870900128666
1.569845,-11.4873412130598
1.56985,-11.4875829202714
1.569855,-11.4878151220051
1.56986,-11.4880378058496
1.569865,-11.48825095948
1.56987,-11.4884545706574
1.569875,-11.48864862723
1.56988,-11.4888331171325
1.569885,-11.4890080283875
1.56989,-11.4891733491049
1.569895,-11.4893290674829
1.5699,-11.4894751718078
1.569905,-11.489611650455
1.56991,-11.4897384918887
1.569915,-11.4898556846625
1.56992,-11.4899632174198
1.569925,-11.490061078894
1.56993,-11.4901492579087
1.569935,-11.4902277433785
1.56994,-11.4902965243088
1.569945,-11.4903555897964
1.56995,-11.4904049290296
1.569955,-11.4904445312888
1.56996,-11.4904743859466
1.569965,-11.4904944824682
1.56997,-11.4905048104117
1.569975,-11.4905053594284
1.56998,-11.4904961192629
1.569985,-11.4904770797537
1.56999,-11.4904482308335
1.569995,-11.4904095625292
1.57,-11.4903610649624
1.570005,-11.4903027283497
1.57001,-11.490234543003
1.570015,-11.4901564993296
1.57002,-11.4900685878327
1.570025,-11.4899707991115
1.57003,-11.4898631238616
1.570035,-11.4897455528753
1.57004,-11.4896180770418
1.570045,-11.4894806873474
1.57005,-11.4893333748759
1.570055,-11.4891761308089
1.57006,-11.4890089464258
1.570065,-11.4888318131044
1.57007,-11.4886447223209
1.570075,-11.4884476656502
1.57008,-11.4882406347663
1.570085,-11.4880236214424
1.57009,-11.4877966175512
1.570095,-11.4875596150651
1.5701,-11.4873126060566
1.570105,-11.4870555826982
1.57011,-11.486788537263
1.570115,-11.4865114621247
1.57012,-11.486224349758
1.570125,-11.4859271927386
1.57013,-11.4856199837437
1.570135,-11.4853027155519
1.57014,-11.4849753810438
1.570145,-11.4846379732019
1.57015,-11.4842904851108
1.570155,-11.4839329099579
1.57016,-11.4835652410327
1.570165,-11.4831874717281
1.57017,-11.4827995955397
1.570175,-11.4824016060663
1.57018,-11.4819934970104
1.570185,-11.4815752621779
1.57019,-11.4811468954787
1.570195,-11.4807083909264
1.5702,-11.4802597426392
1.570205,-11.4798009448392
1.57021,-11.4793319918534
1.570215,-11.4788528781134
1.57022,-11.4783635981557
1.570225,-11.4778641466217
1.57023,-11.4773545182581
1.570235,-11.4768347079172
1.57024,-11.4763047105565
1.570245,-11.4757645212393
1.57025,-11.4752141351349
1.570255,-11.4746535475184
1.57026,-11.4740827537711
1.570265,-11.4735017493807
1.57027,-11.4729105299409
1.570275,-11.4723090911526
1.57028,-11.4716974288228
1.570285,-11.4710755388657
1.57029,-11.4704434173023
1.570295,-11.4698010602606
1.5703,-11.469148463976
1.570305,-11.468485624791
1.57031,-11.4678125391556
1.570315,-11.4671292036275
1.57032,-11.4664356148716
1.570325,-11.4657317696611
1.57033,-11.4650176648766
1.570335,-11.464293297507
1.57034,-11.4635586646489
1.570345,-11.4628137635074
1.57035,-11.4620585913954
1.570355,-11.4612931457345
1.57036,-11.4605174240544
1.570365,-11.4597314239935
1.57037,-11.4589351432987
1.570375,-11.4581285798253
1.57038,-11.4573117315375
1.570385,-11.4564845965082
1.57039,-11.455647172919
1.570395,-11.4547994590607
1.5704,-11.4539414533326
1.570405,-11.4530731542433
1.57041,-11.4521945604103
1.570415,-11.4513056705602
1.57042,-11.4504064835287
1.570425,-11.4494969982606
1.57043,-11.4485772138101
1.570435,-11.4476471293403
1.57044,-11.4467067441239
1.570445,-11.4457560575428
1.57045,-11.4447950690879
1.570455,-11.4438237783598
1.57046,-11.4428421850683
1.570465,-11.4418502890326
1.57047,-11.4408480901811
1.570475,-11.4398355885517
1.57048,-11.4388127842917
1.570485,-11.4377796776578
1.57049,-11.4367362690158
1.570495,-11.4356825588413
1.5705,-11.4346185477188
1.570505,-11.4335442363424
1.57051,-11.4324596255154
1.570515,-11.4313647161507
1.57052,-11.4302595092699
1.570525,-11.4291440060045
1.57053,-11.4280182075946
1.570535,-11.42688211539
1.57054,-11.4257357308494
1.570545,-11.4245790555405
1.57055,-11.4234120911403
1.570555,-11.4222348394347
1.57056,-11.4210473023186
1.570565,-11.4198494817958
1.57057,-11.4186413799788
1.570575,-11.4174229990893
1.57058,-11.4161943414572
1.570585,-11.4149554095216
1.57059,-11.4137062058297
1.570595,-11.4124467330376
1.5706,-11.4111769939096
1.570605,-11.4098969913186
1.57061,-11.4086067282455
1.570615,-11.4073062077797
1.57062,-11.4059954331184
1.570625,-11.4046744075671
1.57063,-11.4033431345391
1.570635,-11.4020016175553
1.57064,-11.4006498602447
1.570645,-11.3992878663436
1.57065,-11.3979156396961
1.570655,-11.3965331842534
1.57066,-11.3951405040741
1.570665,-11.3937376033241
1.57067,-11.392324486276
1.570675,-11.3909011573095
1.57068,-11.3894676209112
1.570685,-11.3880238816742
1.57069,-11.3865699442981
1.570695,-11.385105813589
1.5707,-11.383631494459
1.570705,-11.3821469919267
1.57071,-11.3806523111162
1.570715,-11.3791474572576
1.57072,-11.3776324356867
1.570725,-11.3761072518448
1.57073,-11.3745719112784
1.570735,-11.3730264196392
1.57074,-11.3714707826839
1.570745,-11.3699050062741
1.57075,-11.3683290963761
1.570755,-11.3667430590605
1.57076,-11.3651469005023
1.570765,-11.3635406269808
1.57077,-11.3619242448789
1.570775,-11.3602977606836
1.57078,-11.3586611809851
1.570785,-11.3570145124775
1.57079,-11.3553577619576
1.570795,-11.3536909363253
1.5708,-11.3520140425835
1.570805,-11.3503270878373
1.57081,-11.3486300792946
1.570815,-11.346923024265
1.57082,-11.3452059301606
1.570825,-11.3434788044947
1.57083,-11.3417416548824
1.570835,-11.3399944890401
1.57084,-11.338237314785
1.570845,-11.3364701400355
1.57085,-11.3346929728104
1.570855,-11.3329058212288
1.57086,-11.3311086935103
1.570865,-11.329301597974
1.57087,-11.3274845430387
1.570875,-11.3256575372231
1.57088,-11.3238205891444
1.570885,-11.3219737075192
1.57089,-11.3201169011626
1.570895,-11.3182501789881
1.5709,-11.3163735500073
1.570905,-11.31448702333
1.57091,-11.3125906081632
1.570915,-11.3106843138116
1.57092,-11.3087681496769
1.570925,-11.3068421252576
1.57093,-11.3049062501489
1.570935,-11.302960534042
1.57094,-11.3010049867246
1.570945,-11.2990396180795
1.57095,-11.2970644380854
1.570955,-11.2950794568161
1.57096,-11.29308468444
1.570965,-11.2910801312206
1.57097,-11.2890658075151
1.570975,-11.287041723775
1.57098,-11.2850078905456
1.570985,-11.2829643184653
1.57099,-11.2809110182659
1.570995,-11.2788480007718
1.571,-11.2767752768998
1.571005,-11.2746928576592
1.57101,-11.2726007541509
1.571015,-11.2704989775673
1.57102,-11.2683875391924
1.571025,-11.2662664504005
1.57103,-11.2641357226573
1.571035,-11.261995367518
1.57104,-11.2598453966281
1.571045,-11.2576858217228
1.57105,-11.2555166546264
1.571055,-11.2533379072524
1.57106,-11.2511495916026
1.571065,-11.2489517197673
1.57107,-11.2467443039247
1.571075,-11.2445273563408
1.57108,-11.2423008893683
1.571085,-11.2400649154476
1.57109,-11.2378194471052
1.571095,-11.2355644969539
1.5711,-11.2333000776924
1.571105,-11.2310262021049
1.57111,-11.228742883061
1.571115,-11.2264501335148
1.57112,-11.2241479665052
1.571125,-11.2218363951549
1.57113,-11.2195154326704
1.571135,-11.2171850923419
1.57114,-11.2148453875422
1.571145,-11.2124963317269
1.57115,-11.210137938434
1.571155,-11.2077702212833
1.57116,-11.2053931939763
1.571165,-11.2030068702954
1.57117,-11.2006112641039
1.571175,-11.1982063893457
1.57118,-11.1957922600445
1.571185,-11.1933688903038
1.57119,-11.1909362943064
1.571195,-11.1884944863137
1.5712,-11.1860434806661
1.571205,-11.1835832917817
1.57121,-11.1811139341566
1.571215,-11.1786354223641
1.57122,-11.1761477710545
1.571225,-11.1736509949548
1.57123,-11.1711451088679
1.571235,-11.1686301276725
1.57124,-11.1661060663231
1.571245,-11.1635729398487
1.57125,-11.1610307633532
1.571255,-11.1584795520144
1.57126,-11.1559193210841
1.571265,-11.1533500858874
1.57127,-11.1507718618224
1.571275,-11.1481846643596
1.57128,-11.1455885090421
1.571285,-11.1429834114842
1.57129,-11.140369387372
1.571295,-11.1377464524624
1.5713,-11.1351146225824
1.571305,-11.1324739136298
1.57131,-11.1298243415717
1.571315,-11.1271659224446
1.57132,-11.1244986723537
1.571325,-11.1218226074728
1.57133,-11.1191377440438
1.571335,-11.1164440983761
1.57134,-11.1137416868462
1.571345,-11.1110305258976
1.57135,-11.1083106320399
1.571355,-11.1055820218489
1.57136,-11.1028447119657
1.571365,-11.1000987190964
1.57137,-11.0973440600121
1.571375,-11.0945807515478
1.57138,-11.0918088106025
1.571385,-11.0890282541385
1.57139,-11.0862390991808
1.571395,-11.0834413628175
1.5714,-11.0806350621983
1.571405,-11.0778202145345
1.57141,-11.0749968370992
1.571415,-11.0721649472255
1.57142,-11.0693245623076
1.571425,-11.0664756997992
1.57143,-11.0636183772134
1.571435,-11.0607526121228
1.57144,-11.0578784221581
1.571445,-11.0549958250087
1.57145,-11.0521048384214
1.571455,-11.0492054802003
1.57146,-11.0462977682067
1.571465,-11.043381720358
1.57147,-11.0404573546276
1.571475,-11.0375246890448
1.57148,-11.0345837416937
1.571485,-11.0316345307132
1.57149,-11.0286770742966
1.571495,-11.0257113906906
1.5715,-11.0227374981956
1.571505,-11.0197554151648
1.57151,-11.016765160004
1.571515,-11.013766751171
1.57152,-11.0107602071748
1.571525,-11.0077455465764
1.57153,-11.0047227879868
1.571535,-11.0016919500673
1.57154,-10.9986530515295
1.571545,-10.995606111134
1.57155,-10.9925511476906
1.571555,-10.9894881800573
1.57156,-10.9864172271404
1.571565,-10.9833383078938
1.57157,-10.9802514413185
1.571575,-10.9771566464623
1.57158,-10.9740539424192
1.571585,-10.970943348329
1.57159,-10.9678248833772
1.571595,-10.9646985667939
1.5716,-10.961564417854
1.571605,-10.9584224558763
1.57161,-10.9552727002232
1.571615,-10.9521151703006
1.57162,-10.9489498855568
1.571625,-10.9457768654824
1.57163,-10.9425961296103
1.571635,-10.9394076975144
1.57164,-10.9362115888095
1.571645,-10.9330078231514
1.57165,-10.9297964202355
1.571655,-10.9265773997973
1.57166,-10.9233507816113
1.571665,-10.9201165854906
1.57167,-10.916874831287
1.571675,-10.9136255388898
1.57168,-10.9103687282263
1.571685,-10.9071044192602
1.57169,-10.9038326319921
1.571695,-10.9005533864588
1.5717,-10.8972667027326
1.571705,-10.8939726009211
1.57171,-10.8906711011669
1.571715,-10.8873622236468
1.57172,-10.8840459885718
1.571725,-10.8807224161861
1.57173,-10.8773915267669
1.571735,-10.8740533406247
1.57174,-10.8707078781015
1.571745,-10.8673551595715
1.57175,-10.8639952054401
1.571755,-10.8606280361434
1.57176,-10.8572536721484
1.571765,-10.853872133952
1.57177,-10.8504834420804
1.571775,-10.8470876170896
1.57178,-10.8436846795637
1.571785,-10.8402746501157
1.57179,-10.8368575493861
1.571795,-10.8334333980429
1.5718,-10.8300022167815
1.571805,-10.8265640263235
1.57181,-10.8231188474172
1.571815,-10.819666700836
1.57182,-10.8162076073791
1.571825,-10.8127415878706
1.57183,-10.809268663159
1.571835,-10.8057888541168
1.57184,-10.8023021816405
1.571845,-10.7988086666493
1.57185,-10.7953083300859
1.571855,-10.7918011929149
1.57186,-10.7882872761229
1.571865,-10.7847666007183
1.57187,-10.7812391877305
1.571875,-10.7777050582097
1.57188,-10.7741642332266
1.571885,-10.7706167338713
1.57189,-10.7670625812541
1.571895,-10.7635017965038
1.5719,-10.759934400768
1.571905,-10.756360415213
1.57191,-10.7527798610223
1.571915,-10.7491927593976
1.57192,-10.7455991315571
1.571925,-10.7419989987356
1.57193,-10.7383923821847
1.571935,-10.7347793031712
1.57194,-10.7311597829779
1.571945,-10.7275338429023
1.57195,-10.7239015042564
1.571955,-10.720262788367
1.57196,-10.7166177165742
1.571965,-10.7129663102318
1.57197,-10.7093085907067
1.571975,-10.7056445793783
1.57198,-10.7019742976383
1.571985,-10.6982977668906
1.57199,-10.6946150085499
1.571995,-10.6909260440427
1.572,-10.6872308948056
1.572005,-10.6835295822864
1.57201,-10.6798221279419
1.572015,-10.6761085532387
1.57202,-10.672388879653
1.572025,-10.6686631286694
1.57203,-10.6649313217808
1.572035,-10.6611934804887
1.57204,-10.6574496263015
1.572045,-10.6536997807357
1.57205,-10.6499439653138
1.572055,-10.6461822015655
1.57206,-10.6424145110265
1.572065,-10.6386409152379
1.57207,-10.6348614357469
1.572075,-10.6310760941052
1.57208,-10.6272849118691
1.572085,-10.6234879105999
1.57209,-10.6196851118621
1.572095,-10.6158765372239
1.5721,-10.6120622082573
1.572105,-10.6082421465363
1.57211,-10.6044163736381
1.572115,-10.6005849111418
1.57212,-10.596747780628
1.572125,-10.5929050036792
1.57213,-10.5890566018786
1.572135,-10.5852025968103
1.57214,-10.5813430100589
1.572145,-10.5774778632085
1.57215,-10.5736071778436
1.572155,-10.5697309755475
1.57216,-10.5658492779024
1.572165,-10.5619621064898
1.57217,-10.5580694828885
1.572175,-10.5541714286764
1.57218,-10.5502679654281
1.572185,-10.5463591147157
1.57219,-10.5424448981086
1.572195,-10.5385253371723
1.5722,-10.5346004534689
1.572205,-10.5306702685565
1.57221,-10.5267348039882
1.572215,-10.5227940813133
1.57222,-10.5188481220753
1.572225,-10.5148969478126
1.57223,-10.510940580058
1.572235,-10.5069790403381
1.57224,-10.5030123501733
1.572245,-10.4990405310772
1.57225,-10.4950636045564
1.572255,-10.4910815921105
1.57226,-10.4870945152309
1.572265,-10.4831023954018
1.57227,-10.4791052540986
1.572275,-10.4751031127884
1.57228,-10.4710959929293
1.572285,-10.4670839159704
1.57229,-10.463066903351
1.572295,-10.4590449765012
1.5723,-10.4550181568404
1.572305,-10.450986465778
1.57231,-10.4469499247126
1.572315,-10.4429085550317
1.57232,-10.4388623781117
1.572325,-10.4348114153174
1.57233,-10.4307556880017
1.572335,-10.4266952175054
1.57234,-10.4226300251565
1.572345,-10.4185601322709
1.57235,-10.414485560151
1.572355,-10.4104063300858
1.57236,-10.4063224633513
1.572365,-10.4022339812088
1.57237,-10.3981409049065
1.572375,-10.394043255677
1.57238,-10.3899410547388
1.572385,-10.3858343232957
1.57239,-10.3817230825356
1.572395,-10.3776073536311
1.5724,-10.3734871577394
1.572405,-10.3693625160007
1.57241,-10.3652334495399
1.572415,-10.3610999794648
1.57242,-10.3569621268659
1.572425,-10.3528199128174
1.57243,-10.3486733583754
1.572435,-10.3445224845791
1.57244,-10.3403673124489
1.572445,-10.3362078629874
1.57245,-10.3320441571792
1.572455,-10.3278762159897
1.57246,-10.3237040603651
1.572465,-10.3195277112333
1.57247,-10.315347189502
1.572475,-10.3111625160599
1.57248,-10.3069737117749
1.572485,-10.3027807974954
1.57249,-10.2985837940492
1.572495,-10.2943827222434
1.5725,-10.2901776028646
1.572505,-10.2859684566776
1.57251,-10.281755304426
1.572515,-10.2775381668324
1.57252,-10.273317064597
1.572525,-10.2690920183981
1.57253,-10.2648630488916
1.572535,-10.260630176711
1.57254,-10.2563934224673
1.572545,-10.2521528067481
1.57255,-10.2479083501178
1.572555,-10.2436600731181
1.57256,-10.2394079962661
1.572565,-10.2351521400558
1.57257,-10.2308925249567
1.572575,-10.2266291714142
1.57258,-10.2223620998493
1.572585,-10.2180913306581
1.57259,-10.2138168842118
1.572595,-10.2095387808568
1.5726,-10.2052570409136
1.572605,-10.2009716846779
1.57261,-10.1966827324191
1.572615,-10.1923902043806
1.57262,-10.1880941207802
1.572625,-10.1837945018089
1.57263,-10.1794913676315
1.572635,-10.1751847383859
1.57264,-10.1708746341827
1.572645,-10.1665610751063
1.57265,-10.162244081213
1.572655,-10.1579236725318
1.57266,-10.1535998690643
1.572665,-10.1492726907837
1.57267,-10.1449421576359
1.572675,-10.1406082895379
1.57268,-10.1362711063783
1.572685,-10.1319306280177
1.57269,-10.1275868742873
1.572695,-10.1232398649897
1.5727,-10.1188896198983
1.572705,-10.1145361587569
1.57271,-10.1101795012804
1.572715,-10.1058196671537
1.57272,-10.1014566760316
1.572725,-10.0970905475397
1.57273,-10.0927213012726
1.572735,-10.0883489567953
1.57274,-10.0839735336419
1.572745,-10.0795950513158
1.57275,-10.07521352929
1.572755,-10.0708289870062
1.57276,-10.0664414438751
1.572765,-10.0620509192764
1.57277,-10.0576574325576
1.572775,-10.0532610030357
1.57278,-10.0488616499951
1.572785,-10.0444593926885
1.57279,-10.0400542503371
1.572795,-10.0356462421291
1.5728,-10.0312353872212
1.572805,-10.0268217047371
1.57281,-10.022405213768
1.572815,-10.0179859333726
1.57282,-10.0135638825762
1.572825,-10.0091390803719
1.57283,-10.0047115457188
1.572835,-10.000281297543
1.57284,-9.99584835473742
1.572845,-9.99141273616125
1.57285,-9.98697446063975
1.572855,-9.98253354696489
1.57286,-9.97809001389406
1.572865,-9.97364388015115
1.57287,-9.96919516442558
1.572875,-9.96474388537226
1.57288,-9.96029006161216
1.572885,-9.95583371173108
1.57289,-9.95137485428068
1.572895,-9.94691350777756
1.5729,-9.94244969070319
1.572905,-9.93798342150454
1.57291,-9.93351471859288
1.572915,-9.92904360034446
1.57292,-9.92457008510037
1.572925,-9.9200941911657
1.57293,-9.91561593681046
1.572935,-9.91113534026875
1.57294,-9.9066524197386
1.572945,-9.90216719338271
1.57295,-9.89767967932703
1.572955,-9.89318989566227
1.57296,-9.88869786044223
1.572965,-9.88420359168435
1.57297,-9.87970710737041
1.572975,-9.87520842544494
1.57298,-9.87070756381588
1.572985,-9.86620454035515
1.57299,-9.86169937289704
1.572995,-9.85719207923958
1.573,-9.85268267714356
1.573005,-9.8481711843325
1.57301,-9.84365761849322
1.573015,-9.83914199727492
1.57302,-9.83462433828985
1.573025,-9.83010465911239
1.57303,-9.82558297727967
1.573035,-9.82105931029147
1.57304,-9.81653367560947
1.573045,-9.81200609065781
1.57305,-9.807476572823
1.573055,-9.80294513945337
1.57306,-9.79841180785965
1.573065,-9.79387659531407
1.57307,-9.78933951905098
1.573075,-9.78480059626673
1.57308,-9.78025984411907
1.573085,-9.77571727972778
1.57309,-9.77117292017405
1.573095,-9.76662678250041
1.5731,-9.76207888371133
1.573105,-9.75752924077247
1.57311,-9.7529778706105
1.573115,-9.74842479011417
1.57312,-9.74387001613252
1.573125,-9.73931356547671
1.57313,-9.73475545491819
1.573135,-9.7301957011898
1.57314,-9.72563432098552
1.573145,-9.7210713309601
1.57315,-9.71650674772888
1.573155,-9.7119405878688
1.57316,-9.70737286791662
1.573165,-9.70280360437081
1.57317,-9.69823281368969
1.573175,-9.69366051229253
1.57318,-9.68908671655935
1.573185,-9.68451144283038
1.57319,-9.67993470740664
1.573195,-9.67535652654946
1.5732,-9.67077691648022
1.573205,-9.6661958933814
1.57321,-9.66161347339529
1.573215,-9.65702967262424
1.57322,-9.6524445071316
1.573225,-9.64785799293999
1.57323,-9.64327014603305
1.573235,-9.63868098235407
1.57324,-9.63409051780619
1.573245,-9.62949876825338
1.57325,-9.6249057495187
1.573255,-9.62031147738606
1.57326,-9.61571596759885
1.573265,-9.61111923586015
1.57327,-9.60652129783373
1.573275,-9.60192216914242
1.57328,-9.59732186536916
1.573285,-9.59272040205715
1.57329,-9.58811779470851
1.573295,-9.58351405878602
1.5733,-9.5789092097117
1.573305,-9.57430326286707
1.57331,-9.56969623359404
1.573315,-9.56508813719357
1.57332,-9.5604789889267
1.573325,-9.55586880401382
1.57333,-9.55125759763496
1.573335,-9.54664538493
1.57334,-9.54203218099817
1.573345,-9.53741800089818
1.57335,-9.53280285964885
1.573355,-9.52818677222767
1.57336,-9.52356975357255
1.573365,-9.51895181858043
1.57337,-9.51433298210752
1.573375,-9.50971325897024
1.57338,-9.50509266394379
1.573385,-9.50047121176357
1.57339,-9.49584891712373
1.573395,-9.49122579467812
1.5734,-9.48660185904047
1.573405,-9.48197712478345
1.57341,-9.4773516064393
1.573415,-9.47272531849995
1.57342,-9.46809827541633
1.573425,-9.46347049159943
1.57343,-9.45884198141918
1.573435,-9.45421275920502
1.57344,-9.4495828392461
1.573445,-9.4449522357906
1.57345,-9.44032096304672
1.573455,-9.43568903518162
1.57346,-9.431056466322
1.573465,-9.42642327055427
1.57347,-9.42178946192407
1.573475,-9.41715505443639
1.57348,-9.41252006205624
1.573485,-9.40788449870743
1.57349,-9.40324837827393
1.573495,-9.39861171459873
1.5735,-9.39397452148441
1.573505,-9.38933681269332
1.57351,-9.38469860194693
1.573515,-9.38005990292685
1.57352,-9.37542072927375
1.573525,-9.37078109458786
1.57353,-9.36614101242953
1.573535,-9.36150049631818
1.57354,-9.35685955973287
1.573545,-9.3522182161128
1.57355,-9.34757647885613
1.573555,-9.34293436132148
1.57356,-9.33829187682636
1.573565,-9.33364903864828
1.57357,-9.32900586002489
1.573575,-9.32436235415289
1.57358,-9.31971853418944
1.573585,-9.31507441325098
1.57359,-9.31043000441379
1.573595,-9.30578532071443
1.5736,-9.30114037514888
1.573605,-9.29649518067297
1.57361,-9.29184975020292
1.573615,-9.28720409661425
1.57362,-9.28255823274311
1.573625,-9.2779121713851
1.57363,-9.27326592529585
1.573635,-9.26861950719154
1.57364,-9.26397292974774
1.573645,-9.25932620560079
1.57365,-9.25467934734665
1.573655,-9.25003236754144
1.57366,-9.24538527870198
1.573665,-9.24073809330471
1.57367,-9.23609082378657
1.573675,-9.23144348254505
1.57368,-9.22679608193735
1.573685,-9.2221486342817
1.57369,-9.2175011518562
1.573695,-9.21285364689941
1.5737,-9.20820613161078
1.573705,-9.20355861814962
1.57371,-9.19891111863644
1.573715,-9.19426364515177
1.57372,-9.18961620973671
1.573725,-9.18496882439369
1.57373,-9.18032150108509
1.573735,-9.17567425173411
1.57374,-9.17102708822516
1.573745,-9.1663800224028
1.57375,-9.16173306607308
1.573755,-9.15708623100242
1.57376,-9.15243952891807
1.573765,-9.14779297150899
1.57377,-9.14314657042424
1.573775,-9.13850033727461
1.57378,-9.13385428363154
1.573785,-9.12920842102748
1.57379,-9.12456276095678
1.573795,-9.1199173148743
1.5738,-9.11527209419622
1.573805,-9.1106271103005
1.57381,-9.10598237452576
1.573815,-9.10133789817285
1.57382,-9.09669369250338
1.573825,-9.09204976874051
1.57383,-9.08740613806943
1.573835,-9.08276281163619
1.57384,-9.07811980054934
1.573845,-9.07347711587839
1.57385,-9.06883476865469
1.573855,-9.06419276987174
1.57386,-9.05955113048465
1.573865,-9.05490986141013
1.57387,-9.05026897352736
1.573875,-9.04562847767704
1.57388,-9.04098838466236
1.573885,-9.03634870524814
1.57389,-9.03170945016128
1.573895,-9.0270706300916
1.5739,-9.02243225569043
1.573905,-9.01779433757138
1.57391,-9.01315688631114
1.573915,-9.00851991244795
1.57392,-9.00388342648309
1.573925,-8.99924743888015
1.57393,-8.99461196006502
1.573935,-8.98997700042672
1.57394,-8.98534257031652
1.573945,-8.98070868004884
1.57395,-8.97607533990039
1.573955,-8.97144256011097
1.57396,-8.96681035088346
1.573965,-8.96217872238351
1.57397,-8.95754768473957
1.573975,-8.95291724804363
1.57398,-8.9482874223504
1.573985,-8.94365821767822
1.57399,-8.93902964400816
1.573995,-8.93440171128484
1.574,-8.92977442941644
1.574005,-8.92514780827421
1.57401,-8.92052185769323
1.574015,-8.91589658747196
1.57402,-8.91127200737222
1.574025,-8.90664812711998
1.57403,-8.9020249564047
1.574035,-8.89740250487931
1.57404,-8.89278078216139
1.574045,-8.88815979783149
1.57405,-8.88353956143505
1.574055,-8.8789200824808
1.57406,-8.87430137044186
1.574065,-8.86968343475566
1.57407,-8.86506628482356
1.574075,-8.86044993001153
1.57408,-8.8558343796497
1.574085,-8.85121964303233
1.57409,-8.84660572941895
1.574095,-8.8419926480328
1.5741,-8.83738040806211
1.574105,-8.83276901865988
1.57411,-8.82815848894357
1.574115,-8.82354882799573
1.57412,-8.81894004486365
1.574125,-8.81433214855918
1.57413,-8.80972514805996
1.574135,-8.805119052308
1.57414,-8.80051387021084
1.574145,-8.79590961064108
1.57415,-8.79130628243626
1.574155,-8.78670389440003
1.57416,-8.78210245530065
1.574165,-8.77750197387206
1.57417,-8.77290245881425
1.574175,-8.76830391879189
1.57418,-8.76370636243629
1.574185,-8.75910979834368
1.57419,-8.75451423507635
1.574195,-8.74991968116292
1.5742,-8.74532614509706
1.574205,-8.74073363533935
1.57421,-8.73614216031594
1.574215,-8.73155172841888
1.57422,-8.72696234800716
1.574225,-8.72237402740556
1.57423,-8.71778677490498
1.574235,-8.71320059876344
1.57424,-8.70861550720482
1.574245,-8.70403150841994
1.57425,-8.69944861056602
1.574255,-8.69486682176696
1.57426,-8.69028615011369
1.574265,-8.68570660366355
1.57427,-8.68112819044142
1.574275,-8.67655091843846
1.57428,-8.67197479561309
1.574285,-8.66739982989126
1.57429,-8.66282602916571
1.574295,-8.65825340129618
1.5743,-8.65368195411048
1.574305,-8.64911169540307
1.57431,-8.64454263293663
1.574315,-8.63997477444064
1.57432,-8.63540812761243
1.574325,-8.63084270011744
1.57433,-8.62627849958827
1.574335,-8.62171553362576
1.57434,-8.61715380979843
1.574345,-8.61259333564265
1.57435,-8.60803411866334
1.574355,-8.60347616633311
1.57436,-8.59891948609255
1.574365,-8.59436408535119
1.57437,-8.5898099714862
1.574375,-8.58525715184375
1.57438,-8.58070563373814
1.574385,-8.57615542445193
1.57439,-8.57160653123703
1.574395,-8.56705896131334
1.5744,-8.56251272187014
1.574405,-8.55796782006507
1.57441,-8.55342426302468
1.574415,-8.54888205784508
1.57442,-8.5443412115907
1.574425,-8.53980173129531
1.57443,-8.53526362396232
1.574435,-8.53072689656376
1.57444,-8.52619155604164
1.574445,-8.5216576093069
1.57445,-8.51712506324001
1.574455,-8.51259392469152
1.57446,-8.50806420048075
1.574465,-8.50353589739764
1.57447,-8.49900902220131
1.574475,-8.49448358162077
1.57448,-8.48995958235542
1.574485,-8.48543703107421
1.57449,-8.48091593441614
1.574495,-8.47639629899086
1.5745,-8.4718781313776
1.574505,-8.46736143812651
1.57451,-8.46284622575766
1.574515,-8.45833250076155
1.57452,-8.45382026959967
1.574525,-8.44930953870348
1.57453,-8.44480031447573
1.574535,-8.44029260328944
1.57454,-8.43578641148844
1.574545,-8.43128174538791
1.57455,-8.42677861127354
1.574555,-8.42227701540202
1.57456,-8.41777696400165
1.574565,-8.41327846327127
1.57457,-8.40878151938159
1.574575,-8.40428613847419
1.57458,-8.39979232666204
1.574585,-8.39530009003007
1.57459,-8.39080943463413
1.574595,-8.38632036650229
1.5746,-8.38183289163389
1.574605,-8.377347016
1.57461,-8.37286274554403
1.574615,-8.36838008618081
1.57462,-8.36389904379709
1.574625,-8.35941962425241
1.57463,-8.35494183337755
1.574635,-8.35046567697623
1.57464,-8.34599116082398
1.574645,-8.34151829066865
1.57465,-8.33704707223106
1.574655,-8.332577511204
1.57466,-8.32810961325286
1.574665,-8.32364338401608
1.57467,-8.31917882910441
1.574675,-8.31471595410182
1.57468,-8.31025476456473
1.574685,-8.30579526602251
1.57469,-8.30133746397802
1.574695,-8.2968813639065
1.5747,-8.29242697125722
1.574705,-8.28797429145197
1.57471,-8.28352332988594
1.574715,-8.27907409192816
1.57472,-8.27462658292065
1.574725,-8.27018080817889
1.57473,-8.26573677299263
1.574735,-8.26129448262447
1.57474,-8.25685394231143
1.574745,-8.25241515726383
1.57475,-8.24797813266608
1.574755,-8.24354287367682
1.57476,-8.23910938542818
1.574765,-8.23467767302698
1.57477,-8.23024774155372
1.574775,-8.22581959606338
1.57478,-8.22139324158548
1.574785,-8.21696868312356
1.57479,-8.21254592565556
1.574795,-8.20812497413464
1.5748,-8.20370583348776
1.574805,-8.19928850861713
1.57481,-8.19487300439955
1.574815,-8.19045932568636
1.57482,-8.18604747730438
1.574825,-8.18163746405471
1.57483,-8.17722929071432
1.574835,-8.17282296203461
1.57484,-8.1684184827422
1.574845,-8.16401585753961
1.57485,-8.15961509110405
1.574855,-8.15521618808811
1.57486,-8.15081915312054
1.574865,-8.14642399080481
1.57487,-8.14203070572062
1.574875,-8.13763930242309
1.57488,-8.13324978544284
1.574885,-8.12886215928707
1.57489,-8.12447642843804
1.574895,-8.12009259735458
1.5749,-8.11571067047135
1.574905,-8.1113306521989
1.57491,-8.10695254692438
1.574915,-8.10257635901102
1.57492,-8.09820209279805
1.574925,-8.09382975260183
1.57493,-8.0894593427143
1.574935,-8.08509086740485
1.57494,-8.08072433091877
1.574945,-8.07635973747805
1.57495,-8.07199709128208
1.574955,-8.06763639650619
1.57496,-8.06327765730346
1.574965,-8.05892087780321
1.57497,-8.05456606211206
1.574975,-8.05021321431388
1.57498,-8.04586233846955
1.574985,-8.04151343861689
1.57499,-8.03716651877175
1.574995,-8.03282158292649
1.575,-8.02847863505175
1.575005,-8.02413767909499
1.57501,-8.01979871898165
1.575015,-8.01546175861423
1.57502,-8.01112680187415
1.575025,-8.00679385261941
1.57503,-8.00246291468645
1.575035,-7.99813399188934
1.57504,-7.99380708802013
1.575045,-7.98948220684953
1.57505,-7.98515935212576
1.575055,-7.98083852757526
1.57506,-7.976519736903
1.575065,-7.97220298379197
1.57507,-7.96788827190358
1.575075,-7.9635756048783
1.57508,-7.9592649863345
1.575085,-7.95495641986917
1.57509,-7.95064990905827
1.575095,-7.94634545745585
1.5751,-7.94204306859585
1.575105,-7.93774274599046
1.57511,-7.93344449313033
1.575115,-7.92914831348603
1.57512,-7.924854210506
1.575125,-7.92056218761943
1.57513,-7.91627224823352
1.575135,-7.91198439573489
1.57514,-7.90769863348979
1.575145,-7.90341496484324
1.57515,-7.89913339312096
1.575155,-7.89485392162694
1.57516,-7.89057655364542
1.575165,-7.88630129243996
1.57517,-7.8820281412537
1.575175,-7.87775710331076
1.57518,-7.87348818181349
1.575185,-7.86922137994518
1.57519,-7.8649567008688
1.575195,-7.86069414772724
1.5752,-7.85643372364349
1.575205,-7.85217543172132
1.57521,-7.84791927504412
1.575215,-7.84366525667562
1.57522,-7.83941337966005
1.575225,-7.83516364702206
1.57523,-7.83091606176698
1.575235,-7.82667062688051
1.57524,-7.82242734532903
1.575245,-7.8181862200594
1.57525,-7.81394725399927
1.575255,-7.8097104500577
1.57526,-7.80547581112387
1.575265,-7.80124334006834
1.57527,-7.79701303974256
1.575275,-7.79278491297858
1.57528,-7.78855896259075
1.575285,-7.78433519137347
1.57529,-7.7801136021028
1.575295,-7.77589419753645
1.5753,-7.77167698041243
1.575305,-7.76746195345186
1.57531,-7.76324911935617
1.575315,-7.7590384808085
1.57532,-7.75483004047375
1.575325,-7.75062380099884
1.57533,-7.74641976501138
1.575335,-7.74221793512244
1.57534,-7.73801831392375
1.575345,-7.73382090398914
1.57535,-7.72962570787462
1.575355,-7.72543272811804
1.57536,-7.72124196724016
1.575365,-7.71705342774285
1.57537,-7.71286711211084
1.575375,-7.70868302281084
1.57538,-7.7045011622918
1.575385,-7.7003215329861
1.57539,-7.69614413730755
1.575395,-7.6919689776527
1.5754,-7.6877960564008
1.575405,-7.68362537591363
1.57541,-7.67945693853642
1.575415,-7.67529074659616
1.57542,-7.67112680240311
1.575425,-7.66696510825071
1.57543,-7.66280566641434
1.575435,-7.65864847915402
1.57544,-7.65449354871163
1.575445,-7.65034087731238
1.57545,-7.64619046716477
1.575455,-7.64204232046073
1.57546,-7.63789643937503
1.575465,-7.63375282606656
1.57547,-7.62961148267689
1.575475,-7.6254724113315
1.57548,-7.62133561413927
1.575485,-7.61720109319224
1.57549,-7.61306885056714
1.575495,-7.60893888832365
1.5755,-7.60481120850537
1.575505,-7.60068581313961
1.57551,-7.59656270423738
1.575515,-7.59244188379465
1.57552,-7.58832335379025
1.575525,-7.58420711618762
1.57553,-7.58009317293416
1.575535,-7.57598152596101
1.57554,-7.57187217718454
1.575545,-7.56776512850467
1.57555,-7.56366038180581
1.575555,-7.55955793895659
1.57556,-7.55545780180997
1.575565,-7.55135997220438
1.57557,-7.54726445196169
1.575575,-7.54317124288892
1.57558,-7.53908034677765
1.575585,-7.534991765404
1.57559,-7.53090550052875
1.575595,-7.52682155389847
1.5756,-7.52273992724366
1.575605,-7.51866062227988
1.57561,-7.51458364070781
1.575615,-7.51050898421307
1.57562,-7.50643665446691
1.575625,-7.5023666531252
1.57563,-7.49829898182912
1.575635,-7.49423364220503
1.57564,-7.49017063586439
1.575645,-7.48610996440508
1.57565,-7.48205162940924
1.575655,-7.47799563244507
1.57566,-7.47394197506612
1.575665,-7.469890658811
1.57567,-7.46584168520547
1.575675,-7.46179505575945
1.57568,-7.45775077196915
1.575685,-7.45370883531671
1.57569,-7.44966924726956
1.575695,-7.44563200928215
1.5757,-7.44159712279387
1.575705,-7.43756458923013
1.57571,-7.43353441000309
1.575715,-7.42950658651031
1.57572,-7.42548112013549
1.575725,-7.42145801224954
1.57573,-7.41743726420849
1.575735,-7.41341887735522
1.57574,-7.40940285301887
1.575745,-7.40538919251438
1.57575,-7.40137789714473
1.575755,-7.39736896819784
1.57576,-7.39336240694877
1.575765,-7.38935821465931
1.57577,-7.38535639257736
1.575775,-7.38135694193866
1.57578,-7.37735986396457
1.575785,-7.37336515986384
1.57579,-7.36937283083177
1.575795,-7.3653828780506
1.5758,-7.36139530269021
1.575805,-7.35741010590637
1.57581,-7.35342728884288
1.575815,-7.34944685262982
1.57582,-7.34546879838524
1.575825,-7.34149312721344
1.57583,-7.33751984020707
1.575835,-7.33354893844538
1.57584,-7.32958042299498
1.575845,-7.32561429491015
1.57585,-7.32165055523205
1.575855,-7.31768920499045
1.57586,-7.31373024520153
1.575865,-7.30977367686963
1.57587,-7.30581950098646
1.575875,-7.30186771853139
1.57588,-7.29791833047207
1.575885,-7.29397133776338
1.57589,-7.29002674134802
1.575895,-7.28608454215684
1.5759,-7.28214474110805
1.575905,-7.27820733910893
1.57591,-7.27427233705366
1.575915,-7.27033973582504
1.57592,-7.26640953629368
1.575925,-7.26248173931835
1.57593,-7.25855634574656
1.575935,-7.25463335641349
1.57594,-7.25071277214265
1.575945,-7.24679459374612
1.57595,-7.24287882202408
1.575955,-7.23896545776516
1.57596,-7.23505450174698
1.575965,-7.23114595473512
1.57597,-7.22723981748375
1.575975,-7.22333609073588
1.57598,-7.21943477522264
1.575985,-7.21553587166494
1.57599,-7.21163938077131
1.575995,-7.20774530323964
1.576,-7.20385363975635
1.576005,-7.19996439099674
1.57601,-7.19607755762556
1.576015,-7.19219314029596
1.57602,-7.18831113965012
1.576025,-7.18443155631949
1.57603,-7.1805543909241
1.576035,-7.17667964407419
1.57604,-7.17280731636806
1.576045,-7.16893740839367
1.57605,-7.16506992072849
1.576055,-7.16120485393834
1.57606,-7.15734220857987
1.576065,-7.15348198519806
1.57607,-7.14962418432742
1.576075,-7.14576880649224
1.57608,-7.141915852206
1.576085,-7.1380653219718
1.57609,-7.13421721628282
1.576095,-7.13037153562138
1.5761,-7.12652828045946
1.576105,-7.12268745125891
1.57611,-7.11884904847132
1.576115,-7.11501307253825
1.57612,-7.11117952389096
1.576125,-7.10734840295059
1.57613,-7.10351971012809
1.576135,-7.09969344582437
1.57614,-7.09586961043088
1.576145,-7.0920482043286
1.57615,-7.08822922788859
1.576155,-7.08441268147219
1.57616,-7.08059856543089
1.576165,-7.07678688010654
1.57617,-7.07297762583112
1.576175,-7.06917080292687
1.57618,-7.06536641170626
1.576185,-7.06156445247211
1.57619,-7.05776492551821
1.576195,-7.0539678311281
1.5762,-7.05017316957623
1.576205,-7.04638094112745
1.57621,-7.04259114603703
1.576215,-7.03880378455087
1.57622,-7.03501885690601
1.576225,-7.03123636332956
1.57623,-7.02745630403983
1.576235,-7.02367867924527
1.57624,-7.01990348914552
1.576245,-7.01613073393157
1.57625,-7.01236041378437
1.576255,-7.0085925288762
1.57626,-7.00482707937039
1.576265,-7.00106406542089
1.57627,-6.99730348717332
1.576275,-6.99354534476385
1.57628,-6.98978963831977
1.576285,-6.98603636795959
1.57629,-6.98228553379292
1.576295,-6.97853713592121
1.5763,-6.97479117443626
1.576305,-6.97104764942166
1.57631,-6.9673065609521
1.576315,-6.96356790909346
1.57632,-6.95983169390396
1.576325,-6.95609791543233
1.57633,-6.9523665737189
1.576335,-6.94863766879566
1.57634,-6.94491120068623
1.576345,-6.94118716940547
1.57635,-6.93746557496046
1.576355,-6.93374641734931
1.57636,-6.9300296965622
1.576365,-6.9263154125809
1.57637,-6.92260356537853
1.576375,-6.91889415492095
1.57638,-6.91518718116518
1.576385,-6.91148264406021
1.57639,-6.90778054354684
1.576395,-6.90408087955764
1.5764,-6.90038365201807
1.576405,-6.89668886084469
1.57641,-6.89299650594621
1.576415,-6.88930658722356
1.57642,-6.88561910456964
1.576425,-6.88193405787012
1.57643,-6.87825144700196
1.576435,-6.8745712718347
1.57644,-6.87089353223027
1.576445,-6.86721822804247
1.57645,-6.86354535911808
1.576455,-6.85987492529553
1.57646,-6.85620692640606
1.576465,-6.85254136227318
1.57647,-6.8488782327127
1.576475,-6.84521753753278
1.57648,-6.84155927653501
1.576485,-6.83790344951247
1.57649,-6.83425005625134
1.576495,-6.83059909653027
1.5765,-6.82695057012018
1.576505,-6.82330447678556
1.57651,-6.81966081628295
1.576515,-6.81601958836175
1.57652,-6.81238079276404
1.576525,-6.80874442922453
1.57653,-6.80511049747168
1.576535,-6.8014789972258
1.57654,-6.79784992820059
1.576545,-6.79422329010256
1.57655,-6.79059908263081
1.576555,-6.7869773054783
1.57656,-6.7833579583304
1.576565,-6.77974104086552
1.57657,-6.77612655275542
1.576575,-6.77251449366484
1.57658,-6.7689048632513
1.576585,-6.76529766116636
1.57659,-6.7616928870542
1.576595,-6.75809054055221
1.5766,-6.7544906212913
1.576605,-6.7508931288952
1.57661,-6.74729806298196
1.576615,-6.74370542316211
1.57662,-6.74011520903973
1.576625,-6.7365274202124
1.57663,-6.73294205627106
1.576635,-6.72935911680062
1.57664,-6.72577860137902
1.576645,-6.72220050957771
1.57665,-6.71862484096199
1.576655,-6.71505159509037
1.57666,-6.71148077151561
1.576665,-6.70791236978354
1.57667,-6.704346389434
1.576675,-6.70078283000034
1.57668,-6.69722169100964
1.576685,-6.69366297198326
1.57669,-6.69010667243586
1.576695,-6.68655279187593
1.5767,-6.68300132980609
1.576705,-6.67945228572269
1.57671,-6.67590565911555
1.576715,-6.67236144946977
1.57672,-6.66881965626306
1.576725,-6.66528027896763
1.57673,-6.66174331704988
1.576735,-6.65820876996972
1.57674,-6.65467663718218
1.576745,-6.65114691813539
1.57675,-6.64761961227214
1.576755,-6.64409471902911
1.57676,-6.64057223783722
1.576765,-6.63705216812207
1.57677,-6.63353450930305
1.576775,-6.63001926079392
1.57678,-6.62650642200254
1.576785,-6.62299599233145
1.57679,-6.61948797117755
1.576795,-6.61598235793212
1.5768,-6.61247915198039
1.576805,-6.60897835270275
1.57681,-6.6054799594732
1.576815,-6.60198397166121
1.57682,-6.59849038863018
1.576825,-6.59499920973802
1.57683,-6.5915104343375
1.576835,-6.58802406177571
1.57684,-6.58454009139439
1.576845,-6.5810585225304
1.57685,-6.57757935451481
1.576855,-6.57410258667336
1.57686,-6.57062821832681
1.576865,-6.56715624879014
1.57687,-6.5636866773741
1.576875,-6.5602195033833
1.57688,-6.55675472611762
1.576885,-6.55329234487159
1.57689,-6.5498323589346
1.576895,-6.54637476759143
1.5769,-6.54291957012132
1.576905,-6.53946676579847
1.57691,-6.53601635389216
1.576915,-6.53256833366668
1.57692,-6.52912270438149
1.576925,-6.52567946529109
1.57693,-6.52223861564457
1.576935,-6.51880015468686
1.57694,-6.51536408165706
1.576945,-6.51193039579072
1.57695,-6.50849909631763
1.576955,-6.50507018246288
1.57696,-6.50164365344704
1.576965,-6.49821950848569
1.57697,-6.49479774678966
1.576975,-6.49137836756559
1.57698,-6.48796137001492
1.576985,-6.48454675333446
1.57699,-6.48113451671662
1.576995,-6.47772465934872
1.577,-6.47431718041444
1.577005,-6.47091207909197
1.57701,-6.46750935455527
1.577015,-6.46410900597407
1.57702,-6.46071103251274
1.577025,-6.45731543333251
1.57703,-6.45392220758918
1.577035,-6.45053135443427
1.57704,-6.44714287301512
1.577045,-6.44375676247423
1.57705,-6.44037302195066
1.577055,-6.43699165057823
1.57706,-6.43361264748676
1.577065,-6.43023601180204
1.57707,-6.42686174264476
1.577075,-6.42348983913265
1.57708,-6.42012030037829
1.577085,-6.41675312549016
1.57709,-6.4133883135728
1.577095,-6.41002586372636
1.5771,-6.40666577504673
1.577105,-6.40330804662662
1.57711,-6.39995267755336
1.577115,-6.39659966691104
1.57712,-6.39324901377944
1.577125,-6.38990071723397
1.57713,-6.38655477634698
1.577135,-6.38321119018588
1.57714,-6.37986995781446
1.577145,-6.37653107829271
1.57715,-6.37319455067632
1.577155,-6.36986037401766
1.57716,-6.36652854736477
1.577165,-6.36319906976181
1.57717,-6.35987194024923
1.577175,-6.35654715786352
1.57718,-6.35322472163798
1.577185,-6.34990463060129
1.57719,-6.34658688377887
1.577195,-6.34327148019213
1.5772,-6.33995841885867
1.577205,-6.3366476987932
1.57721,-6.33333931900593
1.577215,-6.33003327850354
1.57722,-6.32672957628929
1.577225,-6.3234282113626
1.57723,-6.32012918271919
1.577235,-6.31683248935197
1.57724,-6.31353813024953
1.577245,-6.31024610439698
1.57725,-6.30695641077608
1.577255,-6.30366904836495
1.57726,-6.30038401613879
1.577265,-6.29710131306856
1.57727,-6.29382093812211
1.577275,-6.29054289026397
1.57728,-6.28726716845494
1.577285,-6.283993771653
1.57729,-6.28072269881229
1.577295,-6.27745394888364
1.5773,-6.27418752081462
1.577305,-6.27092341354942
1.57731,-6.26766162602947
1.577315,-6.26440215719215
1.57732,-6.26114500597192
1.577325,-6.25789017130013
1.57733,-6.25463765210479
1.577335,-6.25138744731036
1.57734,-6.24813955583894
1.577345,-6.24489397660887
1.57735,-6.24165070853548
1.577355,-6.23840975053084
1.57736,-6.23517110150384
1.577365,-6.23193476036102
1.57737,-6.22870072600498
1.577375,-6.2254689973357
1.57738,-6.22223957325001
1.577385,-6.21901245264139
1.57739,-6.2157876344011
1.577395,-6.21256511741687
1.5774,-6.20934490057354
1.577405,-6.20612698275293
1.57741,-6.20291136283379
1.577415,-6.19969803969274
1.57742,-6.19648701220274
1.577425,-6.19327827923384
1.57743,-6.19007183965382
1.577435,-6.1868676923268
1.57744,-6.18366583611498
1.577445,-6.18046626987719
1.57745,-6.17726899246957
1.577455,-6.17407400274538
1.57746,-6.17088129955522
1.577465,-6.16769088174684
1.57747,-6.16450274816569
1.577475,-6.1613168976541
1.57748,-6.15813332905177
1.577485,-6.15495204119565
1.57749,-6.15177303291989
1.577495,-6.14859630305679
1.5775,-6.14542185043511
1.577505,-6.14224967388146
1.57751,-6.13907977221972
1.577515,-6.13591214427088
1.57752,-6.13274678885412
1.577525,-6.12958370478553
1.57753,-6.12642289087866
1.577535,-6.12326434594476
1.57754,-6.12010806879214
1.577545,-6.11695405822751
1.57755,-6.11380231305433
1.577555,-6.11065283207371
1.57756,-6.10750561408445
1.577565,-6.10436065788278
1.57757,-6.10121796226301
1.577575,-6.09807752601657
1.57758,-6.09493934793254
1.577585,-6.09180342679785
1.57759,-6.08866976139696
1.577595,-6.08553835051168
1.5776,-6.08240919292227
1.577605,-6.07928228740613
1.57761,-6.07615763273838
1.577615,-6.07303522769209
1.57762,-6.06991507103762
1.577625,-6.06679716154397
1.57763,-6.06368149797704
1.577635,-6.06056807910095
1.57764,-6.0574569036775
1.577645,-6.05434797046588
1.57765,-6.05124127822431
1.577655,-6.04813682570766
1.57766,-6.04503461166907
1.577665,-6.04193463485969
1.57767,-6.0388368940281
1.577675,-6.03574138792167
1.57768,-6.0326481152848
1.577685,-6.02955707486026
1.57769,-6.02646826538856
1.577695,-6.02338168560813
1.5777,-6.02029733425584
1.577705,-6.01721521006611
1.57771,-6.01413531177133
1.577715,-6.01105763810215
1.57772,-6.00798218778702
1.577725,-6.00490895955244
1.57773,-6.00183795212347
1.577735,-5.99876916422241
1.57774,-5.99570259457039
1.577745,-5.99263824188597
1.57775,-5.98957610488627
1.577755,-5.98651618228651
1.57776,-5.98345847280007
1.577765,-5.98040297513803
1.57777,-5.97734968801027
1.577775,-5.97429861012401
1.57778,-5.97124974018591
1.577785,-5.96820307689959
1.57779,-5.96515861896769
1.577795,-5.96211636509047
1.5778,-5.95907631396685
1.577805,-5.956038464294
1.57781,-5.95300281476733
1.577815,-5.94996936408015
1.57782,-5.94693811092465
1.577825,-5.94390905399052
1.57783,-5.940882191967
1.577835,-5.9378575235404
1.57784,-5.93483504739623
1.577845,-5.9318147622177
1.57785,-5.92879666668693
1.577855,-5.92578075948397
1.57786,-5.92276703928783
1.577865,-5.91975550477546
1.57787,-5.91674615462224
1.577875,-5.9137389875022
1.57788,-5.91073400208737
1.577885,-5.90773119704908
1.57789,-5.90473057105628
1.577895,-5.90173212277683
1.5779,-5.89873585087683
1.577905,-5.89574175402093
1.57791,-5.89274983087266
1.577915,-5.8897600800937
1.57792,-5.88677250034423
1.577925,-5.88378709028309
1.57793,-5.88080384856768
1.577935,-5.87782277385409
1.57794,-5.87484386479684
1.577945,-5.87186712004911
1.57795,-5.86889253826251
1.577955,-5.86592011808732
1.57796,-5.86294985817283
1.577965,-5.85998175716657
1.57797,-5.85701581371471
1.577975,-5.85405202646229
1.57798,-5.85109039405281
1.577985,-5.84813091512836
1.57799,-5.84517358833045
1.577995,-5.84221841229856
1.578,-5.83926538567099
1.578005,-5.83631450708497
1.57801,-5.83336577517608
1.578015,-5.83041918857945
1.57802,-5.82747474592814
1.578025,-5.82453244585433
1.57803,-5.82159228698902
1.578035,-5.81865426796176
1.57804,-5.81571838740138
1.578045,-5.8127846439351
1.57805,-5.809853036189
1.578055,-5.80692356278818
1.57806,-5.80399622235617
1.578065,-5.8010710135161
1.57807,-5.79814793488941
1.578075,-5.79522698509655
1.57808,-5.79230816275675
1.578085,-5.78939146648834
1.57809,-5.78647689490815
1.578095,-5.78356444663263
1.5781,-5.78065412027665
1.578105,-5.77774591445415
1.57811,-5.77483982777787
1.578115,-5.77193585885954
1.57812,-5.76903400631025
1.578125,-5.76613426873956
1.57813,-5.76323664475634
1.578135,-5.76034113296832
1.57814,-5.75744773198198
1.578145,-5.75455644040349
1.57815,-5.75166725683766
1.578155,-5.74878017988801
1.57816,-5.74589520815765
1.578165,-5.74301234024831
1.57817,-5.7401315747613
1.578175,-5.73725291029652
1.57818,-5.73437634545321
1.578185,-5.73150187882965
1.57819,-5.72862950902291
1.578195,-5.72575923462986
1.5782,-5.72289105424601
1.578205,-5.72002496646609
1.57821,-5.71716096988387
1.578215,-5.71429906309238
1.57822,-5.7114392446837
1.578225,-5.70858151324959
1.57823,-5.70572586738029
1.578235,-5.7028723056656
1.57824,-5.70002082669434
1.578245,-5.69717142905443
1.57825,-5.6943241113337
1.578255,-5.69147887211852
1.57826,-5.68863570999457
1.578265,-5.68579462354687
1.57827,-5.68295561135961
1.578275,-5.68011867201672
1.57828,-5.67728380410062
1.578285,-5.67445100619366
1.57829,-5.67162027687704
1.578295,-5.6687916147312
1.5783,-5.6659650183366
1.578305,-5.6631404862723
1.57831,-5.66031801711682
1.578315,-5.65749760944805
1.57832,-5.65467926184316
1.578325,-5.65186297287914
1.57833,-5.64904874113164
1.578335,-5.64623656517598
1.57834,-5.64342644358693
1.578345,-5.64061837493856
1.57835,-5.63781235780391
1.578355,-5.63500839075653
1.57836,-5.63220647236825
1.578365,-5.62940660121073
1.57837,-5.62660877585514
1.578375,-5.62381299487178
1.57838,-5.62101925683089
1.578385,-5.61822756030165
1.57839,-5.61543790385298
1.578395,-5.61265028605307
1.5784,-5.60986470546959
1.578405,-5.60708116067015
1.57841,-5.60429965022117
1.578415,-5.60152017268886
1.57842,-5.59874272663901
1.578425,-5.59596731063655
1.57843,-5.59319392324668
1.578435,-5.59042256303344
1.57844,-5.58765322856053
1.578445,-5.58488591839124
1.57845,-5.58212063108833
1.578455,-5.5793573652145
1.57846,-5.57659611933162
1.578465,-5.57383689200122
1.57847,-5.57107968178421
1.578475,-5.56832448724159
1.57848,-5.56557130693322
1.578485,-5.56282013941939
1.57849,-5.56007098325947
1.578495,-5.55732383701245
1.5785,-5.55457869923715
1.578505,-5.5518355684917
1.57851,-5.54909444333427
1.578515,-5.54635532232256
1.57852,-5.54361820401363
1.578525,-5.54088308696441
1.57853,-5.53814996973135
1.578535,-5.535418850871
1.57854,-5.53268972893917
1.578545,-5.52996260249137
1.57855,-5.52723747008298
1.578555,-5.5245143302687
1.57856,-5.52179318160371
1.578565,-5.5190740226422
1.57857,-5.51635685193811
1.578575,-5.51364166804557
1.57858,-5.51092846951776
1.578585,-5.50821725490838
1.57859,-5.50550802277039
1.578595,-5.50280077165649
1.5786,-5.50009550011935
1.578605,-5.4973922067112
1.57861,-5.49469088998404
1.578615,-5.49199154849004
1.57862,-5.48929418078076
1.578625,-5.48659878540756
1.57863,-5.48390536092178
1.578635,-5.48121390587428
1.57864,-5.47852441881613
1.578645,-5.47583689829808
1.57865,-5.47315134287036
1.578655,-5.47046775108358
1.57866,-5.46778612148744
1.578665,-5.46510645263261
1.57867,-5.46242874306848
1.578675,-5.45975299134502
1.57868,-5.45707919601164
1.578685,-5.45440735561758
1.57869,-5.45173746871261
1.578695,-5.44906953384566
1.5787,-5.4464035495659
1.578705,-5.44373951442218
1.57871,-5.44107742696329
1.578715,-5.43841728573827
1.57872,-5.43575908929571
1.578725,-5.4331028361841
1.57873,-5.43044852495206
1.578735,-5.42779615414793
1.57874,-5.42514572231999
1.578745,-5.42249722801683
1.57875,-5.41985066978662
1.578755,-5.41720604617748
1.57876,-5.41456335573756
1.578765,-5.411922597015
1.57877,-5.40928376855798
1.578775,-5.40664686891466
1.57878,-5.40401189663282
1.578785,-5.40137885026075
1.57879,-5.39874772834604
1.578795,-5.39611852943724
1.5788,-5.39349125208219
1.578805,-5.39086589482883
1.57881,-5.38824245622529
1.578815,-5.38562093481936
1.57882,-5.38300132915958
1.578825,-5.38038363779377
1.57883,-5.37776785927019
1.578835,-5.37515399213693
1.57884,-5.37254203494231
1.578845,-5.36993198623435
1.57885,-5.36732384456182
1.578855,-5.36471760847288
1.57886,-5.36211327651597
1.578865,-5.35951084723982
1.57887,-5.35691031919261
1.578875,-5.35431169092356
1.57888,-5.35171496098128
1.578885,-5.34912012791457
1.57889,-5.3465271902725
1.578895,-5.34393614660385
1.5789,-5.3413469954583
1.578905,-5.33875973538485
1.57891,-5.33617436493293
1.578915,-5.33359088265227
1.57892,-5.33100928709209
1.578925,-5.32842957680272
1.57893,-5.32585175033394
1.578935,-5.32327580623574
1.57894,-5.32070174305845
1.578945,-5.31812955935217
1.57895,-5.31555925366791
1.578955,-5.3129908245561
1.57896,-5.31042427056762
1.578965,-5.30785959025359
1.57897,-5.30529678216526
1.578975,-5.30273584485374
1.57898,-5.30017677687109
1.578985,-5.29761957676881
1.57899,-5.29506424309889
1.578995,-5.29251077441367
1.579,-5.28995916926512
1.579005,-5.28740942620633
1.57901,-5.28486154378994
1.579015,-5.28231552056892
1.57902,-5.27977135509656
1.579025,-5.27722904592611
1.57903,-5.27468859161162
1.579035,-5.27214999070694
1.57904,-5.26961324176627
1.579045,-5.26707834334396
1.57905,-5.2645452939945
1.579055,-5.26201409227338
1.57906,-5.25948473673535
1.579065,-5.25695722593603
1.57907,-5.25443155843117
1.579075,-5.25190773277651
1.57908,-5.24938574752866
1.579085,-5.2468656012441
1.57909,-5.24434729247968
1.579095,-5.24183081979243
1.5791,-5.23931618173987
1.579105,-5.23680337687945
1.57911,-5.23429240376957
1.579115,-5.23178326096845
1.57912,-5.22927594703473
1.579125,-5.22677046052728
1.57913,-5.2242668000052
1.579135,-5.22176496402852
1.57914,-5.21926495115698
1.579145,-5.21676675995075
1.57915,-5.21427038897041
1.579155,-5.2117758367768
1.57916,-5.20928310193152
1.579165,-5.20679218299593
1.57917,-5.204303078532
1.579175,-5.20181578710211
1.57918,-5.19933030726878
1.579185,-5.19684663759529
1.57919,-5.19436477664487
1.579195,-5.19188472298138
1.5792,-5.18940647516897
1.579205,-5.18693003177188
1.57921,-5.18445539135537
1.579215,-5.18198255248464
1.57922,-5.17951151372537
1.579225,-5.17704227364352
1.57923,-5.17457483080555
1.579235,-5.17210918377826
1.57924,-5.16964533112924
1.579245,-5.16718327142591
1.57925,-5.16472300323634
1.579255,-5.16226452512913
1.57926,-5.15980783567292
1.579265,-5.15735293343747
1.57927,-5.15489981699238
1.579275,-5.15244848490774
1.57928,-5.14999893575417
1.579285,-5.14755116810265
1.57929,-5.14510518052499
1.579295,-5.1426609715929
1.5793,-5.14021853987874
1.579305,-5.13777788395542
1.57931,-5.13533900239599
1.579315,-5.13290189377459
1.57932,-5.13046655666526
1.579325,-5.12803298964257
1.57933,-5.12560119128165
1.579335,-5.123171160158
1.57934,-5.12074289484796
1.579345,-5.11831639392797
1.57935,-5.11589165597507
1.579355,-5.11346867956668
1.57936,-5.11104746328077
1.579365,-5.10862800569576
1.57937,-5.10621030539086
1.579375,-5.10379436094547
1.57938,-5.10138017093954
1.579385,-5.09896773395347
1.57939,-5.09655704856804
1.579395,-5.09414811336518
1.5794,-5.09174092692661
1.579405,-5.08933548783493
1.57941,-5.08693179467308
1.579415,-5.08452984602451
1.57942,-5.08212964047363
1.579425,-5.07973117660479
1.57943,-5.0773344530031
1.579435,-5.0749394682543
1.57944,-5.07254622094433
1.579445,-5.07015470966034
1.57945,-5.06776493298936
1.579455,-5.06537688951927
1.57946,-5.06299057783844
1.579465,-5.06060599653545
1.57947,-5.05822314420035
1.579475,-5.05584201942282
1.57948,-5.05346262079344
1.579485,-5.05108494690344
1.57949,-5.04870899634444
1.579495,-5.04633476770863
1.5795,-5.0439622595891
1.579505,-5.04159147057918
1.57951,-5.03922239927278
1.579515,-5.03685504426455
1.57952,-5.03448940414948
1.579525,-5.03212547752346
1.57953,-5.0297632629829
1.579535,-5.02740275912446
1.57954,-5.02504396454588
1.579545,-5.02268687784494
1.57955,-5.02033149762065
1.579555,-5.01797782247222
1.57956,-5.01562585099947
1.579565,-5.01327558180298
1.57957,-5.0109270134836
1.579575,-5.00858014464347
1.57958,-5.00623497388467
1.579585,-5.00389149981023
1.57959,-5.00154972102362
1.579595,-4.99920963612911
1.5796,-4.99687124373127
1.579605,-4.99453454243593
1.57961,-4.9921995308489
1.579615,-4.98986620757696
1.57962,-4.98753457122734
1.579625,-4.98520462040792
1.57963,-4.98287635372755
1.579635,-4.98054976979536
1.57964,-4.97822486722117
1.579645,-4.97590164461556
1.57965,-4.97358010058947
1.579655,-4.97126023375512
1.57966,-4.96894204272472
1.579665,-4.9666255261115
1.57967,-4.96431068252914
1.579675,-4.96199751059201
1.57968,-4.95968600891544
1.579685,-4.95737617611513
1.57969,-4.95506801080741
1.579695,-4.95276151160946
1.5797,-4.95045667713881
1.579705,-4.94815350601429
1.57971,-4.94585199685479
1.579715,-4.94355214828016
1.57972,-4.94125395891079
1.579725,-4.93895742736793
1.57973,-4.93666255227315
1.579735,-4.93436933224937
1.57974,-4.93207776591956
1.579745,-4.92978785190762
1.57975,-4.92749958883828
1.579755,-4.92521297533644
1.57976,-4.92292801002862
1.579765,-4.92064469154109
1.57977,-4.9183630185014
1.579775,-4.91608298953761
1.57978,-4.91380460327827
1.579785,-4.91152785835326
1.57979,-4.90925275339253
1.579795,-4.90697928702706
1.5798,-4.90470745788841
1.579805,-4.9024372646088
1.57981,-4.90016870582152
1.579815,-4.89790178016019
1.57982,-4.89563648625944
1.579825,-4.89337282275423
1.57983,-4.8911107882805
1.579835,-4.88885038147522
1.57984,-4.88659160097553
1.579845,-4.88433444541962
1.57985,-4.88207891344625
1.579855,-4.87982500369508
1.57986,-4.87757271480618
1.579865,-4.87532204542091
1.57987,-4.87307299418098
1.579875,-4.87082555972891
1.57988,-4.8685797407079
1.579885,-4.86633553576187
1.57989,-4.86409294353582
1.579895,-4.86185196267517
1.5799,-4.8596125918261
1.579905,-4.85737482963562
1.57991,-4.8551386747514
1.579915,-4.85290412582226
1.57992,-4.85067118149725
1.579925,-4.84843984042646
1.57993,-4.84621010126061
1.579935,-4.84398196265109
1.57994,-4.84175542325058
1.579945,-4.83953048171202
1.57995,-4.83730713668916
1.579955,-4.83508538683668
1.57996,-4.83286523080974
1.579965,-4.8306466672648
1.57997,-4.82842969485868
1.579975,-4.8262143122491
1.57998,-4.82400051809443
1.579985,-4.82178831105403
1.57999,-4.81957768978765
1.579995,-4.81736865295644
1.58,-4.8151611992219
1.580005,-4.81295532724642
1.58001,-4.81075103569305
1.580015,-4.80854832322568
1.58002,-4.80634718850927
1.580025,-4.80414763020918
1.58003,-4.8019496469918
1.580035,-4.79975323752425
1.58004,-4.79755840047419
1.580045,-4.79536513451063
1.58005,-4.79317343830297
1.580055,-4.7909833105215
1.58006,-4.78879474983725
1.580065,-4.78660775492195
1.58007,-4.78442232444867
1.580075,-4.78223845709076
1.58008,-4.78005615152245
1.580085,-4.77787540641883
1.58009,-4.77569622045576
1.580095,-4.77351859231026
1.5801,-4.77134252065966
1.580105,-4.76916800418228
1.58011,-4.76699504155737
1.580115,-4.76482363146491
1.58012,-4.76265377258545
1.580125,-4.76048546360093
1.58013,-4.75831870319368
1.580135,-4.75615349004696
1.58014,-4.75398982284476
1.580145,-4.75182770027182
1.58015,-4.74966712101424
1.580155,-4.74750808375839
1.58016,-4.74535058719158
1.580165,-4.74319463000199
1.58017,-4.74104021087858
1.580175,-4.73888732851148
1.58018,-4.73673598159117
1.580185,-4.73458616880915
1.58019,-4.73243788885785
1.580195,-4.7302911404303
1.5802,-4.72814592222067
1.580205,-4.72600223292388
1.58021,-4.72386007123547
1.580215,-4.72171943585199
1.58022,-4.71958032547072
1.580225,-4.71744273879017
1.58023,-4.71530667450917
1.580235,-4.71317213132763
1.58024,-4.71103910794636
1.580245,-4.70890760306686
1.58025,-4.70677761539151
1.580255,-4.70464914362388
1.58026,-4.70252218646788
1.580265,-4.70039674262849
1.58027,-4.69827281081162
1.580275,-4.69615038972372
1.58028,-4.6940294780727
1.580285,-4.69191007456681
1.58029,-4.68979217791521
1.580295,-4.68767578682801
1.5803,-4.68556090001609
1.580305,-4.68344751619149
1.58031,-4.68133563406681
1.580315,-4.67922525235558
1.58032,-4.67711636977205
1.580325,-4.67500898503155
1.58033,-4.67290309685036
1.580335,-4.67079870394529
1.58034,-4.66869580503428
1.580345,-4.66659439883597
1.58035,-4.66449448407
1.580355,-4.66239605945669
1.58036,-4.66029912371748
1.580365,-4.65820367557464
1.58037,-4.65610971375107
1.580375,-4.65401723697071
1.58038,-4.65192624395827
1.580385,-4.64983673343964
1.58039,-4.64774870414129
1.580395,-4.64566215479056
1.5804,-4.64357708411583
1.580405,-4.6414934908461
1.58041,-4.63941137371158
1.580415,-4.63733073144325
1.58042,-4.63525156277277
1.580425,-4.63317386643282
1.58043,-4.63109764115688
1.580435,-4.62902288567962
1.58044,-4.62694959873628
1.580445,-4.62487777906299
1.58045,-4.62280742539691
1.580455,-4.6207385364758
1.58046,-4.61867111103887
1.580465,-4.61660514782565
1.58047,-4.61454064557683
1.580475,-4.61247760303392
1.58048,-4.61041601893919
1.580485,-4.60835589203598
1.58049,-4.60629722106856
1.580495,-4.60424000478206
1.5805,-4.60218424192229
1.580505,-4.6001299312361
1.58051,-4.59807707147116
1.580515,-4.59602566137632
1.58052,-4.59397569970102
1.580525,-4.59192718519562
1.58053,-4.5898801166115
1.580535,-4.58783449270065
1.58054,-4.58579031221653
1.580545,-4.58374757391293
1.58055,-4.58170627654482
1.580555,-4.57966641886791
1.58056,-4.57762799963883
1.580565,-4.57559101761538
1.58057,-4.57355547155597
1.580575,-4.57152136021993
1.58058,-4.56948868236762
1.580585,-4.56745743676002
1.58059,-4.56542762215956
1.580595,-4.56339923732904
1.5806,-4.56137228103241
1.580605,-4.55934675203442
1.58061,-4.55732264910083
1.580615,-4.55529997099803
1.58062,-4.55327871649391
1.580625,-4.55125888435666
1.58063,-4.54924047335567
1.580635,-4.54722348226112
1.58064,-4.54520790984406
1.580645,-4.54319375487675
1.58065,-4.541181016132
1.580655,-4.53916969238382
1.58066,-4.53715978240677
1.580665,-4.5351512849766
1.58067,-4.53314419886996
1.580675,-4.53113852286435
1.58068,-4.5291342557382
1.580685,-4.52713139627075
1.58069,-4.52512994324216
1.580695,-4.5231298954338
1.5807,-4.52113125162764
1.580705,-4.51913401060659
1.58071,-4.51713817115462
1.580715,-4.51514373205629
1.58072,-4.5131506920977
1.580725,-4.51115905006524
1.58073,-4.50916880474646
1.580735,-4.50717995492996
1.58074,-4.50519249940491
1.580745,-4.50320643696161
1.58075,-4.50122176639153
1.580755,-4.49923848648659
1.58076,-4.49725659603991
1.580765,-4.49527609384538
1.58077,-4.4932969786978
1.580775,-4.49131924939318
1.58078,-4.4893429047281
1.580785,-4.48736794350034
1.58079,-4.48539436450824
1.580795,-4.48342216655127
1.5808,-4.48145134843011
1.580805,-4.47948190894587
1.58081,-4.47751384690085
1.580815,-4.47554716109815
1.58082,-4.4735818503417
1.580825,-4.47161791343692
1.58083,-4.46965534918938
1.580835,-4.46769415640608
1.58084,-4.46573433389478
1.580845,-4.46377588046397
1.58085,-4.4618187949236
1.580855,-4.45986307608401
1.58086,-4.45790872275667
1.580865,-4.45595573375402
1.58087,-4.45400410788937
1.580875,-4.45205384397676
1.58088,-4.45010494083169
1.580885,-4.44815739727004
1.58089,-4.44621121210882
1.580895,-4.44426638416604
1.5809,-4.44232291226042
1.580905,-4.44038079521195
1.58091,-4.43844003184128
1.580915,-4.43650062096999
1.58092,-4.43456256142063
1.580925,-4.43262585201664
1.58093,-4.43069049158272
1.580935,-4.42875647894399
1.58094,-4.42682381292675
1.580945,-4.42489249235826
1.58095,-4.42296251606652
1.580955,-4.42103388288079
1.58096,-4.41910659163099
1.580965,-4.41718064114797
1.58097,-4.41525603026358
1.580975,-4.41333275781052
1.58098,-4.41141082262275
1.580985,-4.40949022353472
1.58099,-4.40757095938198
1.580995,-4.40565302900109
1.581,-4.40373643122947
1.581005,-4.40182116490526
1.58101,-4.39990722886801
1.581015,-4.39799462195785
1.58102,-4.39608334301594
1.581025,-4.39417339088426
1.58103,-4.39226476440569
1.581035,-4.39035746242448
1.58104,-4.38845148378536
1.581045,-4.38654682733405
1.58105,-4.38464349191727
1.581055,-4.3827414763826
1.58106,-4.38084077957889
1.581065,-4.37894140035546
1.58107,-4.37704333756273
1.581075,-4.37514659005216
1.58108,-4.37325115667591
1.581085,-4.37135703628741
1.58109,-4.36946422774071
1.581095,-4.36757272989096
1.5811,-4.36568254159419
1.581105,-4.3637936617073
1.58111,-4.36190608908804
1.581115,-4.36001982259556
1.58112,-4.35813486108943
1.581125,-4.35625120343038
1.58113,-4.35436884848005
1.581135,-4.35248779510078
1.58114,-4.3506080421563
1.581145,-4.34872958851098
1.58115,-4.34685243303013
1.581155,-4.34497657457999
1.58116,-4.34310201202762
1.581165,-4.34122874424148
1.58117,-4.33935677009044
1.581175,-4.33748608844458
1.58118,-4.33561669817482
1.581185,-4.33374859815283
1.58119,-4.33188178725166
1.581195,-4.33001626434498
1.5812,-4.32815202830737
1.581205,-4.32628907801449
1.58121,-4.32442741234274
1.581215,-4.32256703016975
1.58122,-4.32070793037377
1.581225,-4.31885011183419
1.58123,-4.31699357343119
1.581235,-4.315138314046
1.58124,-4.3132843325606
1.581245,-4.31143162785816
1.58125,-4.30958019882273
1.581255,-4.30773004433905
1.58126,-4.30588116329297
1.581265,-4.30403355457117
1.58127,-4.30218721706156
1.581275,-4.30034214965268
1.58128,-4.29849835123408
1.581285,-4.29665582069613
1.58129,-4.29481455693029
1.581295,-4.29297455882905
1.5813,-4.29113582528555
1.581305,-4.28929835519405
1.58131,-4.28746214744963
1.581315,-4.28562720094828
1.58132,-4.28379351458719
1.581325,-4.28196108726422
1.58133,-4.28012991787822
1.581335,-4.27830000532892
1.58134,-4.27647134851689
1.581345,-4.27464394634409
1.58135,-4.2728177977129
1.581355,-4.27099290152688
1.58136,-4.2691692566904
1.581365,-4.26734686210888
1.58137,-4.2655257166884
1.581375,-4.2637058193365
1.58138,-4.26188716896113
1.581385,-4.26006976447142
1.58139,-4.25825360477737
1.581395,-4.25643868878964
1.5814,-4.25462501542053
1.581405,-4.2528125835825
1.58141,-4.25100139218945
1.581415,-4.24919144015589
1.58142,-4.24738272639725
1.581425,-4.24557524983032
1.58143,-4.24376900937234
1.581435,-4.24196400394171
1.58144,-4.24016023245762
1.581445,-4.23835769384022
1.58145,-4.23655638701079
1.581455,-4.23475631089133
1.58146,-4.23295746440474
1.581465,-4.23115984647497
1.58147,-4.22936345602666
1.581475,-4.22756829198585
1.58148,-4.22577435327904
1.581485,-4.22398163883387
1.58149,-4.2221901475788
1.581495,-4.22039987844332
1.5815,-4.21861083035763
1.581505,-4.21682300225331
1.58151,-4.21503639306239
1.581515,-4.21325100171807
1.58152,-4.21146682715432
1.581525,-4.20968386830609
1.58153,-4.20790212410945
1.581535,-4.20612159350116
1.58154,-4.20434227541891
1.581545,-4.20256416880142
1.58155,-4.2007872725881
1.581555,-4.19901158571976
1.58156,-4.19723710713766
1.581565,-4.19546383578419
1.58157,-4.19369177060257
1.581575,-4.19192091053694
1.58158,-4.19015125453258
1.581585,-4.18838280153547
1.58159,-4.18661555049249
1.581595,-4.18484950035151
1.5816,-4.18308465006132
1.581605,-4.18132099857169
1.58161,-4.17955854483324
1.581615,-4.17779728779751
1.58162,-4.1760372264169
1.581625,-4.17427835964485
1.58163,-4.17252068643547
1.581635,-4.17076420574428
1.58164,-4.16900891652722
1.581645,-4.1672548177414
1.58165,-4.16550190834471
1.581655,-4.16375018729597
1.58166,-4.16199965355516
1.581665,-4.16025030608285
1.58167,-4.15850214384079
1.581675,-4.15675516579134
1.58168,-4.15500937089793
1.581685,-4.15326475812518
1.58169,-4.15152132643818
1.581695,-4.14977907480318
1.5817,-4.14803800218722
1.581705,-4.14629810755826
1.58171,-4.1445593898854
1.581715,-4.14282184813836
1.58172,-4.14108548128802
1.581725,-4.13935028830586
1.58173,-4.13761626816443
1.581735,-4.13588341983749
1.58174,-4.13415174229922
1.581745,-4.132421234525
1.58175,-4.13069189549097
1.581755,-4.12896372417427
1.58176,-4.12723671955287
1.581765,-4.12551088060592
1.58177,-4.12378620631312
1.581775,-4.12206269565527
1.58178,-4.12034034761398
1.581785,-4.1186191611717
1.58179,-4.11689913531225
1.581795,-4.11518026901973
1.5818,-4.11346256127954
1.581805,-4.11174601107788
1.58181,-4.11003061740167
1.581815,-4.10831637923915
1.58182,-4.10660329557923
1.581825,-4.10489136541155
1.58183,-4.10318058772693
1.581835,-4.1014709615169
1.58184,-4.09976248577414
1.581845,-4.09805515949196
1.58185,-4.09634898166475
1.581855,-4.09464395128774
1.58186,-4.09294006735701
1.581865,-4.09123732886953
1.58187,-4.08953573482341
1.581875,-4.08783528421736
1.58188,-4.08613597605119
1.581885,-4.08443780932552
1.58189,-4.0827407830417
1.581895,-4.08104489620242
1.5819,-4.07935014781094
1.581905,-4.07765653687148
1.58191,-4.07596406238912
1.581915,-4.07427272336981
1.58192,-4.07258251882066
1.581925,-4.07089344774936
1.58193,-4.06920550916469
1.581935,-4.06751870207626
1.58194,-4.06583302549437
1.581945,-4.06414847843068
1.58195,-4.06246505989742
1.581955,-4.06078276890776
1.58196,-4.05910160447574
1.581965,-4.0574215656162
1.58197,-4.0557426513453
1.581975,-4.05406486067968
1.58198,-4.05238819263694
1.581985,-4.05071264623561
1.58199,-4.04903822049518
1.581995,-4.04736491443586
1.582,-4.04569272707904
1.582005,-4.04402165744669
1.58201,-4.04235170456186
1.582015,-4.04068286744845
1.58202,-4.03901514513097
1.582025,-4.03734853663549
1.58203,-4.03568304098832
1.582035,-4.03401865721689
1.58204,-4.03235538434958
1.582045,-4.03069322141547
1.58205,-4.02903216744482
1.582055,-4.02737222146849
1.58206,-4.0257133825184
1.582065,-4.02405564962727
1.58207,-4.02239902182858
1.582075,-4.02074349815705
1.58208,-4.01908907764803
1.582085,-4.01743575933771
1.58209,-4.01578354226334
1.582095,-4.01413242546281
1.5821,-4.01248240797523
1.582105,-4.01083348884028
1.58211,-4.0091856670987
1.582115,-4.00753894179198
1.58212,-4.00589331196262
1.582125,-4.00424877665382
1.58213,-4.00260533490996
1.582135,-4.00096298577598
1.58214,-3.9993217282979
1.582145,-3.99768156152249
1.58215,-3.99604248449738
1.582155,-3.99440449627139
1.58216,-3.99276759589381
1.582165,-3.99113178241495
1.58217,-3.98949705488608
1.582175,-3.98786341235911
1.58218,-3.98623085388727
1.582185,-3.98459937852422
1.58219,-3.9829689853247
1.582195,-3.9813396733443
1.5822,-3.97971144163926
1.582205,-3.97808428926713
1.58221,-3.97645821528605
1.582215,-3.97483321875499
1.58222,-3.97320929873393
1.582225,-3.97158645428351
1.58223,-3.96996468446565
1.582235,-3.96834398834277
1.58224,-3.96672436497816
1.582245,-3.96510581343623
1.58225,-3.963488332782
1.582255,-3.96187192208136
1.58226,-3.96025658040144
1.582265,-3.95864230680979
1.58227,-3.95702910037507
1.582275,-3.95541696016666
1.58228,-3.95380588525483
1.582285,-3.95219587471098
1.58229,-3.95058692760691
1.582295,-3.94897904301571
1.5823,-3.94737222001102
1.582305,-3.94576645766736
1.58231,-3.9441617550605
1.582315,-3.94255811126659
1.58232,-3.94095552536292
1.582325,-3.93935399642748
1.58233,-3.93775352353913
1.582335,-3.93615410577784
1.58234,-3.93455574222416
1.582345,-3.93295843195955
1.58235,-3.9313621740664
1.582355,-3.92976696762775
1.58236,-3.92817281172794
1.582365,-3.92657970545172
1.58237,-3.92498764788491
1.582375,-3.92339663811408
1.58238,-3.92180667522675
1.582385,-3.92021775831114
1.58239,-3.91862988645655
1.582395,-3.91704305875305
1.5824,-3.91545727429136
1.582405,-3.91387253216338
1.58241,-3.91228883146141
1.582415,-3.91070617127928
1.58242,-3.90912455071097
1.582425,-3.9075439688518
1.58243,-3.90596442479756
1.582435,-3.90438591764513
1.58244,-3.90280844649224
1.582445,-3.90123201043745
1.58245,-3.89965660857996
1.582455,-3.89808224002014
1.58246,-3.89650890385876
1.582465,-3.89493659919811
1.58247,-3.89336532514063
1.582475,-3.89179508079003
1.58248,-3.89022586525071
1.582485,-3.88865767762779
1.58249,-3.88709051702763
1.582495,-3.88552438255701
1.5825,-3.88395927332378
1.582505,-3.88239518843651
1.58251,-3.8808321270047
1.582515,-3.8792700881385
1.58252,-3.87770907094931
1.582525,-3.87614907454895
1.58253,-3.87459009805029
1.582535,-3.87303214056691
1.58254,-3.87147520121325
1.582545,-3.86991927910479
1.58255,-3.86836437335762
1.582555,-3.86681048308868
1.58256,-3.86525760741578
1.582565,-3.86370574545758
1.58257,-3.86215489633362
1.582575,-3.86060505916422
1.58258,-3.85905623307051
1.582585,-3.85750841717442
1.58259,-3.85596161059871
1.582595,-3.85441581246717
1.5826,-3.85287102190422
1.582605,-3.85132723803508
1.58261,-3.84978445998594
1.582615,-3.8482426868837
1.58262,-3.84670191785601
1.582625,-3.84516215203174
1.58263,-3.84362338854021
1.582635,-3.84208562651162
1.58264,-3.8405488650771
1.582645,-3.83901310336837
1.58265,-3.83747834051844
1.582655,-3.83594457566067
1.58266,-3.83441180792944
1.582665,-3.83288003646003
1.58267,-3.83134926038819
1.582675,-3.82981947885106
1.58268,-3.82829069098618
1.582685,-3.82676289593196
1.58269,-3.82523609282774
1.582695,-3.82371028081345
1.5827,-3.82218545903024
1.582705,-3.82066162661977
1.58271,-3.81913878272459
1.582715,-3.81761692648803
1.58272,-3.81609605705421
1.582725,-3.81457617356827
1.58273,-3.81305727517593
1.582735,-3.81153936102386
1.58274,-3.81002243025948
1.582745,-3.808506482031
1.58275,-3.80699151548741
1.582755,-3.80547752977875
1.58276,-3.80396452405558
1.582765,-3.80245249746944
1.58277,-3.80094144917263
1.582775,-3.7994313783181
1.58278,-3.79792228406002
1.582785,-3.79641416555294
1.58279,-3.7949070219524
1.582795,-3.79340085241479
1.5828,-3.79189565609712
1.582805,-3.7903914321575
1.58281,-3.78888817975458
1.582815,-3.78738589804795
1.58282,-3.78588458619797
1.582825,-3.78438424336562
1.58283,-3.78288486871314
1.582835,-3.78138646140312
1.58284,-3.77988902059912
1.582845,-3.77839254546555
1.58285,-3.77689703516746
1.582855,-3.77540248887096
1.58286,-3.77390890574271
1.582865,-3.77241628495031
1.58287,-3.7709246256621
1.582875,-3.76943392704719
1.58288,-3.7679441882754
1.582885,-3.76645540851775
1.58289,-3.76496758694564
1.582895,-3.76348072273135
1.5829,-3.76199481504801
1.582905,-3.76050986306947
1.58291,-3.75902586597064
1.582915,-3.75754282292686
1.58292,-3.75606073311441
1.582925,-3.75457959571043
1.58293,-3.75309940989268
1.582935,-3.75162017483996
1.58294,-3.75014188973162
1.582945,-3.74866455374793
1.58295,-3.74718816606992
1.582955,-3.74571272587924
1.58296,-3.74423823235868
1.582965,-3.74276468469157
1.58297,-3.74129208206202
1.582975,-3.73982042365503
1.58298,-3.73834970865622
1.582985,-3.73687993625227
1.58299,-3.73541110563035
1.582995,-3.73394321597861
1.583,-3.73247626648589
1.583005,-3.73101025634179
1.58301,-3.72954518473662
1.583015,-3.72808105086184
1.58302,-3.72661785390926
1.583025,-3.7251555930717
1.58303,-3.72369426754269
1.583035,-3.72223387651638
1.58304,-3.72077441918806
1.583045,-3.71931589475355
1.58305,-3.71785830240942
1.583055,-3.71640164135315
1.58306,-3.71494591078281
1.583065,-3.71349110989751
1.58307,-3.71203723789688
1.583075,-3.71058429398148
1.58308,-3.70913227735253
1.583085,-3.70768118721203
1.58309,-3.70623102276298
1.583095,-3.70478178320878
1.5831,-3.70333346775392
1.583105,-3.70188607560343
1.58311,-3.7004396059631
1.583115,-3.69899405803984
1.58312,-3.69754943104091
1.583125,-3.69610572417455
1.58313,-3.69466293664973
1.583135,-3.6932210676761
1.58314,-3.69178011646406
1.583145,-3.69034008222509
1.58315,-3.68890096417106
1.583155,-3.68746276151478
1.58316,-3.68602547346974
1.583165,-3.68458909925018
1.58317,-3.68315363807136
1.583175,-3.68171908914888
1.58318,-3.68028545169947
1.583185,-3.67885272494037
1.58319,-3.67742090808955
1.583195,-3.67599000036612
1.5832,-3.67456000098952
1.583205,-3.67313090918016
1.58321,-3.67170272415911
1.583215,-3.67027544514819
1.58322,-3.66884907137016
1.583225,-3.66742360204835
1.58323,-3.6659990364069
1.583235,-3.66457537367057
1.58324,-3.66315261306516
1.583245,-3.66173075381679
1.58325,-3.66030979515295
1.583255,-3.65888973630132
1.58326,-3.65747057649053
1.583265,-3.65605231495002
1.58327,-3.65463495090976
1.583275,-3.65321848360087
1.58328,-3.65180291225484
1.583285,-3.65038823610407
1.58329,-3.64897445438163
1.583295,-3.64756156632133
1.5833,-3.64614957115792
1.583305,-3.6447384681267
1.58331,-3.6433282564637
1.583315,-3.6419189354058
1.58332,-3.64051050419044
1.583325,-3.63910296205616
1.58333,-3.63769630824188
1.583335,-3.63629054198744
1.58334,-3.63488566253331
1.583345,-3.63348166912073
1.58335,-3.63207856099185
1.583355,-3.63067633738935
1.58336,-3.62927499755669
1.583365,-3.62787454073813
1.58337,-3.62647496617856
1.583375,-3.62507627312364
1.58338,-3.62367846081992
1.583385,-3.62228152851452
1.58339,-3.62088547545528
1.583395,-3.61949030089087
1.5834,-3.61809600407049
1.583405,-3.61670258424446
1.58341,-3.61531004066347
1.583415,-3.6139183725791
1.58342,-3.61252757924357
1.583425,-3.61113765990984
1.58343,-3.60974861383178
1.583435,-3.60836044026381
1.58344,-3.60697313846105
1.583445,-3.60558670767946
1.58345,-3.60420114717554
1.583455,-3.60281645620687
1.58346,-3.60143263403141
1.583465,-3.60004967990795
1.58347,-3.59866759309613
1.583475,-3.59728637285595
1.58348,-3.59590601844867
1.583485,-3.5945265291359
1.58349,-3.59314790418
1.583495,-3.59177014284415
1.5835,-3.59039324439215
1.583505,-3.58901720808854
1.58351,-3.58764203319874
1.583515,-3.58626771898872
1.58352,-3.58489426472514
1.583525,-3.5835216696755
1.58353,-3.5821499331078
1.583535,-3.58077905429111
1.58354,-3.57940903249497
1.583545,-3.57803986698966
1.58355,-3.57667155704615
1.583555,-3.57530410193612
1.58356,-3.57393750093214
1.583565,-3.5725717533073
1.58357,-3.57120685833543
1.583575,-3.56984281529107
1.58358,-3.5684796234495
1.583585,-3.56711728208675
1.58359,-3.56575579047951
1.583595,-3.56439514790519
1.5836,-3.56303535364183
1.583605,-3.56167640696819
1.58361,-3.56031830716393
1.583615,-3.55896105350919
1.58362,-3.55760464528496
1.583625,-3.55624908177275
1.58363,-3.55489436225497
1.583635,-3.55354048601456
1.58364,-3.5521874523354
1.583645,-3.55083526050188
1.58365,-3.54948390979907
1.583655,-3.54813339951282
1.58366,-3.54678372892961
1.583665,-3.54543489733686
1.58367,-3.54408690402236
1.583675,-3.54273974827479
1.58368,-3.54139342938341
1.583685,-3.54004794663817
1.58369,-3.53870329932999
1.583695,-3.53735948675021
1.5837,-3.53601650819087
1.583705,-3.53467436294478
1.58371,-3.53333305030542
1.583715,-3.53199256956703
1.58372,-3.53065292002447
1.583725,-3.5293141009733
1.58373,-3.52797611170975
1.583735,-3.52663895153066
1.58374,-3.52530261973389
1.583745,-3.52396711561768
1.58375,-3.52263243848099
1.583755,-3.52129858762351
1.58376,-3.51996556234568
1.583765,-3.51863336194847
1.58377,-3.51730198573377
1.583775,-3.51597143300399
1.58378,-3.51464170306219
1.583785,-3.51331279521219
1.58379,-3.51198470875843
1.583795,-3.51065744300626
1.5838,-3.50933099726141
1.583805,-3.5080053708304
1.58381,-3.5066805630205
1.583815,-3.50535657313951
1.58382,-3.50403340049616
1.583825,-3.50271104439957
1.58383,-3.50138950415975
1.583835,-3.50006877908731
1.58384,-3.49874886849338
1.583845,-3.49742977169011
1.58385,-3.49611148799009
1.583855,-3.49479401670664
1.58386,-3.49347735715368
1.583865,-3.4921615086458
1.58387,-3.49084647049854
1.583875,-3.48953224202778
1.58388,-3.48821882255024
1.583885,-3.48690621138326
1.58389,-3.48559440784482
1.583895,-3.48428341125351
1.5839,-3.48297322092892
1.583905,-3.48166383619098
1.58391,-3.48035525636033
1.583915,-3.47904748075835
1.58392,-3.477740508707
1.583925,-3.47643433952916
1.58393,-3.47512897254802
1.583935,-3.47382440708773
1.58394,-3.47252064247289
1.583945,-3.47121767802876
1.58395,-3.46991551308158
1.583955,-3.46861414695794
1.58396,-3.46731357898513
1.583965,-3.46601380849115
1.58397,-3.46471483480462
1.583975,-3.46341665725499
1.58398,-3.4621192751722
1.583985,-3.46082268788689
1.58399,-3.45952689473031
1.583995,-3.45823189503442
1.584,-3.45693768813177
1.584005,-3.45564427335578
1.58401,-3.45435165004032
1.584015,-3.45305981751997
1.58402,-3.45176877512988
1.584025,-3.45047852220597
1.58403,-3.44918905808487
1.584035,-3.4479003821037
1.58404,-3.44661249360033
1.584045,-3.44532539191323
1.58405,-3.44403907638148
1.584055,-3.44275354634508
1.58406,-3.44146880114432
1.584065,-3.44018484012031
1.58407,-3.43890166261483
1.584075,-3.43761926797015
1.58408,-3.43633765552952
1.584085,-3.4350568246365
1.58409,-3.43377677463546
1.584095,-3.43249750487138
1.5841,-3.4312190146897
1.584105,-3.429941303437
1.58411,-3.42866437046
1.584115,-3.42738821510627
1.58412,-3.42611283672404
1.584125,-3.42483823466209
1.58413,-3.42356440826987
1.584135,-3.42229135689762
1.58414,-3.42101907989606
1.584145,-3.41974757661653
1.58415,-3.41847684641112
1.584155,-3.4172068886324
1.58416,-3.41593770263378
1.584165,-3.41466928776925
1.58417,-3.41340164339327
1.584175,-3.41213476886117
1.58418,-3.41086866352863
1.584185,-3.40960332675233
1.58419,-3.40833875788933
1.584195,-3.40707495629736
1.5842,-3.40581192133483
1.584205,-3.40454965236064
1.58421,-3.40328814873466
1.584215,-3.40202740981704
1.58422,-3.40076743496873
1.584225,-3.39950822355122
1.58423,-3.39824977492666
1.584235,-3.39699208845796
1.58424,-3.3957351635085
1.584245,-3.3944789994423
1.58425,-3.39322359562408
1.584255,-3.3919689514191
1.58426,-3.39071506619326
1.584265,-3.38946193931322
1.58427,-3.38820957014614
1.584275,-3.38695795805976
1.58428,-3.38570710242257
1.584285,-3.38445700260348
1.58429,-3.38320765797237
1.584295,-3.3819590678994
1.5843,-3.38071123175554
1.584305,-3.37946414891226
1.58431,-3.37821781874168
1.584315,-3.3769722406167
1.58432,-3.37572741391066
1.584325,-3.37448333799753
1.58433,-3.37324001225196
1.584335,-3.37199743604906
1.58434,-3.37075560876492
1.584345,-3.36951452977587
1.58435,-3.36827419845903
1.584355,-3.36703461419206
1.58436,-3.36579577635323
1.584365,-3.36455768432159
1.58437,-3.36332033747663
1.584375,-3.36208373519847
1.58438,-3.36084787686789
1.584385,-3.35961276186624
1.58439,-3.35837838957544
1.584395,-3.3571447593782
1.5844,-3.35591187065766
1.584405,-3.35467972279768
1.58441,-3.35344831518256
1.584415,-3.35221764719732
1.58442,-3.35098771822775
1.584425,-3.34975852765996
1.58443,-3.34853007488081
1.584435,-3.34730235927772
1.58444,-3.34607538023869
1.584445,-3.34484913715248
1.58445,-3.34362362940831
1.584455,-3.34239885639599
1.58446,-3.34117481750598
1.584465,-3.33995151212931
1.58447,-3.33872893965771
1.584475,-3.33750709948341
1.58448,-3.33628599099928
1.584485,-3.33506561359872
1.58449,-3.33384596667575
1.584495,-3.33262704962513
1.5845,-3.33140886184208
1.584505,-3.33019140272239
1.58451,-3.3289746716625
1.584515,-3.32775866805953
1.58452,-3.32654339131088
1.584525,-3.32532884081504
1.58453,-3.32411501597074
1.584535,-3.32290191617733
1.58454,-3.32168954083487
1.584545,-3.32047788934381
1.58455,-3.3192669611055
1.584555,-3.31805675552168
1.58456,-3.3168472719947
1.584565,-3.31563850992748
1.58457,-3.31443046872351
1.584575,-3.31322314778705
1.58458,-3.31201654652273
1.584585,-3.31081066433588
1.58459,-3.30960550063241
1.584595,-3.30840105481866
1.5846,-3.30719732630189
1.584605,-3.30599431448964
1.58461,-3.30479201879011
1.584615,-3.30359043861217
1.58462,-3.30238957336514
1.584625,-3.3011894224591
1.58463,-3.29998998530459
1.584635,-3.29879126131268
1.58464,-3.29759324989512
1.584645,-3.29639595046423
1.58465,-3.29519936243282
1.584655,-3.29400348521446
1.58466,-3.29280831822312
1.584665,-3.29161386087348
1.58467,-3.29042011258062
1.584675,-3.2892270727603
1.58468,-3.28803474082905
1.584685,-3.28684311620363
1.58469,-3.28565219830157
1.584695,-3.28446198654095
1.5847,-3.28327248034036
1.584705,-3.28208367911911
1.58471,-3.28089558229692
1.584715,-3.27970818929419
1.58472,-3.27852149953186
1.584725,-3.27733551243129
1.58473,-3.27615022741473
1.584735,-3.27496564390478
1.58474,-3.27378176132465
1.584745,-3.27259857909807
1.58475,-3.27141609664941
1.584755,-3.27023431340352
1.58476,-3.26905322878607
1.584765,-3.26787284222296
1.58477,-3.26669315314082
1.584775,-3.26551416096686
1.58478,-3.26433586512876
1.584785,-3.26315826505494
1.58479,-3.26198136017418
1.584795,-3.26080514991598
1.5848,-3.25962963371031
1.584805,-3.25845481098762
1.58481,-3.25728068117919
1.584815,-3.25610724371666
1.58482,-3.25493449803227
1.584825,-3.25376244355878
1.58483,-3.25259107972947
1.584835,-3.25142040597846
1.58484,-3.2502504217401
1.584845,-3.24908112644946
1.58485,-3.24791251954214
1.584855,-3.24674460045415
1.58486,-3.24557736862236
1.584865,-3.244410823484
1.58487,-3.24324496447685
1.584875,-3.24207979103926
1.58488,-3.24091530261014
1.584885,-3.23975149862891
1.58489,-3.23858837853572
1.584895,-3.23742594177112
1.5849,-3.23626418777621
1.584905,-3.23510311599264
1.58491,-3.23394272586256
1.584915,-3.23278301682893
1.58492,-3.23162398833497
1.584925,-3.23046563982459
1.58493,-3.22930797074221
1.584935,-3.22815098053263
1.58494,-3.22699466864166
1.584945,-3.22583903451519
1.58495,-3.22468407759982
1.584955,-3.22352979734276
1.58496,-3.22237619319157
1.584965,-3.2212232645947
1.58497,-3.22007101100085
1.584975,-3.2189194318593
1.58498,-3.21776852661993
1.584985,-3.21661829473311
1.58499,-3.2154687356499
1.584995,-3.21431984882176
1.585,-3.21317163370068
1.585005,-3.21202408973927
1.58501,-3.21087721639065
1.585015,-3.20973101310834
1.58502,-3.20858547934669
1.585025,-3.20744061456038
1.58503,-3.20629641820464
1.585035,-3.20515288973531
1.58504,-3.20401002860858
1.585045,-3.20286783428155
1.58505,-3.20172630621148
1.585055,-3.20058544385636
1.58506,-3.19944524667465
1.585065,-3.19830571412521
1.58507,-3.19716684566783
1.585075,-3.19602864076245
1.58508,-3.19489109886965
1.585085,-3.1937542194506
1.58509,-3.19261800196684
1.585095,-3.19148244588078
1.5851,-3.19034755065499
1.585105,-3.18921331575278
1.58511,-3.18807974063788
1.585115,-3.18694682477456
1.58512,-3.18581456762776
1.585125,-3.1846829686628
1.58513,-3.18355202734552
1.585135,-3.18242174314239
1.58514,-3.18129211552032
1.585145,-3.18016314394662
1.58515,-3.17903482788955
1.585155,-3.17790716681742
1.58516,-3.17678016019936
1.585165,-3.17565380750482
1.58517,-3.17452810820392
1.585175,-3.17340306176731
1.58518,-3.17227866766602
1.585185,-3.17115492537176
1.58519,-3.17003183435661
1.585195,-3.16890939409322
1.5852,-3.16778760405489
1.585205,-3.16666646371529
1.58521,-3.16554597254862
1.585215,-3.16442613002965
1.58522,-3.16330693563353
1.585225,-3.16218838883623
1.58523,-3.16107048911392
1.585235,-3.15995323594344
1.58524,-3.15883662880208
1.585245,-3.15772066716764
1.58525,-3.15660535051857
1.585255,-3.15549067833366
1.58526,-3.15437665009236
1.585265,-3.15326326527443
1.58527,-3.15215052336039
1.585275,-3.15103842383095
1.58528,-3.14992696616779
1.585285,-3.14881614985265
1.58529,-3.14770597436803
1.585295,-3.14659643919689
1.5853,-3.14548754382254
1.585305,-3.14437928772915
1.58531,-3.14327167040106
1.585315,-3.14216469132328
1.58532,-3.14105834998125
1.585325,-3.13995264586091
1.58533,-3.13884757844888
1.585335,-3.13774314723208
1.58534,-3.13663935169799
1.585345,-3.13553619133465
1.58535,-3.13443366563043
1.585355,-3.1333317740745
1.58536,-3.13223051615636
1.585365,-3.1311298913659
1.58537,-3.1300298991937
1.585375,-3.1289305391307
1.58538,-3.12783181066851
1.585385,-3.1267337132991
1.58539,-3.12563624651495
1.585395,-3.12453940980908
1.5854,-3.12344320267497
1.585405,-3.12234762460656
1.58541,-3.12125267509848
1.585415,-3.12015835364563
1.58542,-3.11906465974353
1.585425,-3.11797159288817
1.58543,-3.1168791525759
1.585435,-3.11578733830389
1.58544,-3.11469614956948
1.585445,-3.11360558587067
1.58545,-3.11251564670586
1.585455,-3.11142633157391
1.58546,-3.11033763997447
1.585465,-3.10924957140735
1.58547,-3.10816212537294
1.585475,-3.10707530137219
1.58548,-3.10598909890636
1.585485,-3.10490351747753
1.58549,-3.10381855658795
1.585495,-3.10273421574048
1.5855,-3.10165049443849
1.585505,-3.10056739218583
1.58551,-3.0994849084867
1.585515,-3.09840304284608
1.58552,-3.09732179476916
1.585525,-3.0962411637617
1.58553,-3.09516114933
1.585535,-3.09408175098073
1.58554,-3.09300296822123
1.585545,-3.09192480055915
1.58555,-3.09084724750267
1.585555,-3.08977030856044
1.58556,-3.08869398324159
1.585565,-3.0876182710559
1.58557,-3.08654317151337
1.585575,-3.08546868412458
1.58558,-3.08439480840067
1.585585,-3.08332154385309
1.58559,-3.08224888999401
1.585595,-3.08117684633587
1.5856,-3.08010541239165
1.585605,-3.07903458767478
1.58561,-3.07796437169918
1.585615,-3.07689476397942
1.58562,-3.07582576403027
1.585625,-3.07475737136709
1.58563,-3.07368958550576
1.585635,-3.0726224059626
1.58564,-3.07155583225427
1.585645,-3.0704898638982
1.58565,-3.06942450041206
1.585655,-3.06835974131407
1.58566,-3.06729558612286
1.585665,-3.0662320343575
1.58567,-3.06516908553781
1.585675,-3.06410673918378
1.58568,-3.06304499481594
1.585685,-3.06198385195531
1.58569,-3.06092331012334
1.585695,-3.05986336884216
1.5857,-3.05880402763407
1.585705,-3.05774528602196
1.58571,-3.05668714352925
1.585715,-3.05562959967968
1.58572,-3.05457265399765
1.585725,-3.05351630600785
1.58573,-3.05246055523555
1.585735,-3.05140540120642
1.58574,-3.05035084344651
1.585745,-3.04929688148259
1.58575,-3.04824351484167
1.585755,-3.04719074305132
1.58576,-3.04613856563948
1.585765,-3.04508698213463
1.58577,-3.04403599206564
1.585775,-3.04298559496201
1.58578,-3.04193579035355
1.585785,-3.04088657777055
1.58579,-3.03983795674374
1.585795,-3.03878992680426
1.5858,-3.03774248748397
1.585805,-3.03669563831493
1.58581,-3.03564937882966
1.585815,-3.03460370856131
1.58582,-3.03355862704325
1.585825,-3.03251413380956
1.58583,-3.03147022839464
1.585835,-3.03042691033334
1.58584,-3.02938417916091
1.585845,-3.02834203441317
1.58585,-3.02730047562642
1.585855,-3.02625950233725
1.58586,-3.02521911408285
1.585865,-3.02417931040078
1.58587,-3.02314009082895
1.585875,-3.02210145490609
1.58588,-3.02106340217099
1.585885,-3.02002593216304
1.58589,-3.0189890444221
1.585895,-3.01795273848843
1.5859,-3.01691701390272
1.585905,-3.01588187020628
1.58591,-3.01484730694061
1.585915,-3.01381332364789
1.58592,-3.01277991987056
1.585925,-3.01174709515151
1.58593,-3.01071484903434
1.585935,-3.00968318106279
1.58594,-3.00865209078121
1.585945,-3.00762157773433
1.58595,-3.0065916414672
1.585955,-3.0055622815257
1.58596,-3.00453349745576
1.585965,-3.0035052888039
1.58597,-3.00247765511711
1.585975,-3.00145059594267
1.58598,-3.00042411082863
1.585985,-2.99939819932313
1.58599,-2.99837286097495
1.585995,-2.99734809533319
1.586,-2.99632390194743
1.586005,-2.99530028036784
1.58601,-2.99427723014476
1.586015,-2.9932547508292
1.58602,-2.99223284197245
1.586025,-2.99121150312628
1.58603,-2.99019073384289
1.586035,-2.98917053367503
1.58604,-2.98815090217577
1.586045,-2.9871318388986
1.58605,-2.98611334339751
1.586055,-2.9850954152268
1.58606,-2.98407805394146
1.586065,-2.98306125909667
1.58607,-2.98204503024814
1.586075,-2.98102936695196
1.58608,-2.98001426876467
1.586085,-2.97899973524336
1.58609,-2.9779857659454
1.586095,-2.97697236042861
1.5861,-2.97595951825132
1.586105,-2.97494723897212
1.58611,-2.97393552215033
1.586115,-2.97292436734544
1.58612,-2.97191377411738
1.586125,-2.97090374202668
1.58613,-2.969894270634
1.586135,-2.96888535950087
1.58614,-2.96787700818882
1.586145,-2.96686921626008
1.58615,-2.96586198327709
1.586155,-2.96485530880294
1.58616,-2.96384919240085
1.586165,-2.9628436336349
1.58617,-2.96183863206915
1.586175,-2.96083418726836
1.58618,-2.95983029879761
1.586185,-2.95882696622232
1.58619,-2.9578241891086
1.586195,-2.9568219670227
1.5862,-2.95582029953145
1.586205,-2.95481918620199
1.58621,-2.95381862660193
1.586215,-2.9528186202994
1.58622,-2.95181916686284
1.586225,-2.95082026586107
1.58623,-2.94982191686343
1.586235,-2.94882411943954
1.58624,-2.94782687315969
1.586245,-2.94683017759433
1.58625,-2.94583403231444
1.586255,-2.94483843689139
1.58626,-2.943843390897
1.586265,-2.94284889390337
1.58627,-2.94185494548327
1.586275,-2.94086154520974
1.58628,-2.93986869265611
1.586285,-2.93887638739634
1.58629,-2.93788462900462
1.586295,-2.93689341705575
1.5863,-2.9359027511248
1.586305,-2.93491263078726
1.58631,-2.93392305561906
1.586315,-2.93293402519646
1.58632,-2.93194553909636
1.586325,-2.93095759689582
1.58633,-2.92997019817241
1.586335,-2.92898334250413
1.58634,-2.92799702946929
1.586345,-2.92701125864679
1.58635,-2.92602602961579
1.586355,-2.92504134195587
1.58636,-2.92405719524706
1.586365,-2.92307358906969
1.58637,-2.92209052300472
1.586375,-2.92110799663336
1.58638,-2.92012600953715
1.586385,-2.91914456129821
1.58639,-2.91816365149898
1.586395,-2.91718327972219
1.5864,-2.91620344555127
1.586405,-2.91522414856977
1.58641,-2.91424538836174
1.586415,-2.91326716451168
1.58642,-2.91228947660438
1.586425,-2.91131232422518
1.58643,-2.91033570695974
1.586435,-2.90935962439406
1.58644,-2.90838407611462
1.586445,-2.90740906170823
1.58645,-2.90643458076229
1.586455,-2.90546063286436
1.58646,-2.90448721760253
1.586465,-2.90351433456521
1.58647,-2.9025419833412
1.586475,-2.9015701635199
1.58648,-2.90059887469089
1.586485,-2.89962811644418
1.58649,-2.89865788837024
1.586495,-2.89768819005981
1.5865,-2.89671902110423
1.586505,-2.89575038109509
1.58651,-2.89478226962442
1.586515,-2.89381468628458
1.58652,-2.89284763066838
1.586525,-2.891881102369
1.58653,-2.89091510098008
1.586535,-2.88994962609558
1.58654,-2.88898467730987
1.586545,-2.88802025421768
1.58655,-2.8870563564141
1.586555,-2.88609298349483
1.58656,-2.88513013505574
1.586565,-2.88416781069312
1.58657,-2.88320601000366
1.586575,-2.88224473258444
1.58658,-2.88128397803308
1.586585,-2.88032374594735
1.58659,-2.8793640359255
1.586595,-2.87840484756623
1.5866,-2.87744618046849
1.586605,-2.87648803423181
1.58661,-2.87553040845593
1.586615,-2.87457330274107
1.58662,-2.87361671668781
1.586625,-2.872660649897
1.58663,-2.87170510197012
1.586635,-2.87075007250888
1.58664,-2.86979556111537
1.586645,-2.86884156739206
1.58665,-2.86788809094183
1.586655,-2.8669351313679
1.58666,-2.86598268827405
1.586665,-2.86503076126418
1.58667,-2.86407934994272
1.586675,-2.86312845391446
1.58668,-2.86217807278451
1.586685,-2.86122820615848
1.58669,-2.86027885364231
1.586695,-2.85933001484224
1.5867,-2.85838168936495
1.586705,-2.85743387681746
1.58671,-2.85648657680733
1.586715,-2.85553978894228
1.58672,-2.85459351283049
1.586725,-2.85364774808056
1.58673,-2.85270249430133
1.586735,-2.85175775110228
1.58674,-2.85081351809302
1.586745,-2.8498697948836
1.58675,-2.84892658108445
1.586755,-2.84798387630635
1.58676,-2.84704168016062
1.586765,-2.84609999225868
1.58677,-2.84515881221257
1.586775,-2.84421813963452
1.58678,-2.84327797413721
1.586785,-2.84233831533366
1.58679,-2.84139916283738
1.586795,-2.84046051626212
1.5868,-2.83952237522205
1.586805,-2.83858473933167
1.58681,-2.8376476082058
1.586815,-2.83671098145988
1.58682,-2.83577485870945
1.586825,-2.83483923957054
1.58683,-2.83390412365954
1.586835,-2.83296951059304
1.58684,-2.83203539998838
1.586845,-2.83110179146292
1.58685,-2.83016868463449
1.586855,-2.82923607912133
1.58686,-2.82830397454192
1.586865,-2.82737237051535
1.58687,-2.82644126666083
1.586875,-2.82551066259806
1.58688,-2.82458055794708
1.586885,-2.82365095232818
1.58689,-2.82272184536225
1.586895,-2.82179323667037
1.5869,-2.820865125874
1.586905,-2.81993751259501
1.58691,-2.81901039645559
1.586915,-2.81808377707827
1.58692,-2.81715765408607
1.586925,-2.81623202710225
1.58693,-2.81530689575047
1.586935,-2.81438225965466
1.58694,-2.81345811843923
1.586945,-2.81253447172898
1.58695,-2.81161131914893
1.586955,-2.81068866032455
1.58696,-2.80976649488161
1.586965,-2.80884482244625
1.58697,-2.80792364264508
1.586975,-2.80700295510493
1.58698,-2.80608275945303
1.586985,-2.80516305531696
1.58699,-2.8042438423246
1.586995,-2.80332512010439
1.587,-2.80240688828489
1.587005,-2.80148914649515
1.58701,-2.80057189436448
1.587015,-2.79965513152264
1.58702,-2.79873885759959
1.587025,-2.79782307222593
1.58703,-2.79690777503236
1.587035,-2.79599296564994
1.58704,-2.79507864371025
1.587045,-2.79416480884495
1.58705,-2.79325146068645
1.587055,-2.79233859886712
1.58706,-2.79142622301994
1.587065,-2.79051433277804
1.58707,-2.78960292777504
1.587075,-2.7886920076449
1.58708,-2.78778157202192
1.587085,-2.78687162054064
1.58709,-2.78596215283613
1.587095,-2.78505316854356
1.5871,-2.78414466729882
1.587105,-2.78323664873775
1.58711,-2.78232911249681
1.587115,-2.78142205821268
1.58712,-2.78051548552234
1.587125,-2.77960939406334
1.58713,-2.77870378347334
1.587135,-2.77779865339045
1.58714,-2.77689400345309
1.587145,-2.77598983330005
1.58715,-2.77508614257038
1.587155,-2.77418293090369
1.58716,-2.7732801979397
1.587165,-2.77237794331859
1.58717,-2.77147616668083
1.587175,-2.77057486766722
1.58718,-2.76967404591903
1.587185,-2.76877370107774
1.58719,-2.7678738327852
1.587195,-2.76697444068358
1.5872,-2.76607552441544
1.587205,-2.76517708362368
1.58721,-2.76427911795152
1.587215,-2.76338162704252
1.58722,-2.76248461054055
1.587225,-2.7615880680898
1.58723,-2.76069199933494
1.587235,-2.75979640392085
1.58724,-2.75890128149274
1.587245,-2.75800663169622
1.58725,-2.75711245417713
1.587255,-2.75621874858184
1.58726,-2.75532551455694
1.587265,-2.75443275174926
1.58727,-2.75354045980613
1.587275,-2.75264863837514
1.58728,-2.75175728710413
1.587285,-2.75086640564152
1.58729,-2.74997599363581
1.587295,-2.74908605073596
1.5873,-2.7481965765912
1.587305,-2.74730757085107
1.58731,-2.74641903316565
1.587315,-2.74553096318513
1.58732,-2.74464336056008
1.587325,-2.74375622494144
1.58733,-2.74286955598038
1.587335,-2.7419833533286
1.58734,-2.74109761663802
1.587345,-2.74021234556077
1.58735,-2.7393275397495
1.587355,-2.73844319885705
1.58736,-2.73755932253672
1.587365,-2.73667591044206
1.58737,-2.73579296222691
1.587375,-2.73491047754548
1.58738,-2.73402845605229
1.587385,-2.73314689740231
1.58739,-2.73226580125066
1.587395,-2.73138516725288
1.5874,-2.73050499506478
1.587405,-2.72962528434253
1.58741,-2.72874603474259
1.587415,-2.72786724592191
1.58742,-2.72698891753754
1.587425,-2.72611104924694
1.58743,-2.72523364070794
1.587435,-2.72435669157859
1.58744,-2.72348020151741
1.587445,-2.72260417018315
1.58745,-2.72172859723484
1.587455,-2.72085348233189
1.58746,-2.719978825134
1.587465,-2.71910462530133
1.58747,-2.71823088249416
1.587475,-2.71735759637318
1.58748,-2.71648476659943
1.587485,-2.71561239283418
1.58749,-2.71474047473916
1.587495,-2.71386901197627
1.5875,-2.71299800420784
1.587505,-2.71212745109647
1.58751,-2.71125735230499
1.587515,-2.71038770749679
1.58752,-2.70951851633533
1.587525,-2.7086497784845
1.58753,-2.70778149360851
1.587535,-2.70691366137187
1.58754,-2.70604628143932
1.587545,-2.70517935347611
1.58755,-2.70431287714767
1.587555,-2.70344685211977
1.58756,-2.70258127805846
1.587565,-2.70171615463008
1.58757,-2.7008514815015
1.587575,-2.69998725833965
1.58758,-2.69912348481191
1.587585,-2.69826016058592
1.58759,-2.69739728532957
1.587595,-2.69653485871124
1.5876,-2.69567288039951
1.587605,-2.69481135006327
1.58761,-2.69395026737172
1.587615,-2.6930896319943
1.58762,-2.69222944360101
1.587625,-2.69136970186194
1.58763,-2.69051040644751
1.587635,-2.68965155702849
1.58764,-2.68879315327591
1.587645,-2.68793519486127
1.58765,-2.68707768145621
1.587655,-2.68622061273274
1.58766,-2.68536398836314
1.587665,-2.68450780802003
1.58767,-2.6836520713763
1.587675,-2.68279677810528
1.58768,-2.68194192788047
1.587685,-2.68108752037571
1.58769,-2.68023355526513
1.587695,-2.67938003222313
1.5877,-2.67852695092461
1.587705,-2.67767431104456
1.58771,-2.67682211225838
1.587715,-2.67597035424174
1.58772,-2.67511903667054
1.587725,-2.67426815922117
1.58773,-2.6734177215702
1.587735,-2.67256772339449
1.58774,-2.67171816437127
1.587745,-2.67086904417797
1.58775,-2.67002036249244
1.587755,-2.66917211899283
1.58776,-2.66832431335747
1.587765,-2.66747694526506
1.58777,-2.66663001439464
1.587775,-2.66578352042544
1.58778,-2.66493746303719
1.587785,-2.66409184190975
1.58779,-2.66324665672326
1.587795,-2.66240190715832
1.5878,-2.66155759289561
1.587805,-2.66071371361635
1.58781,-2.65987026900191
1.587815,-2.65902725873396
1.58782,-2.65818468249454
1.587825,-2.65734253996583
1.58783,-2.65650083083058
1.587835,-2.65565955477162
1.58784,-2.65481871147207
1.587845,-2.6539783006155
1.58785,-2.65313832188557
1.587855,-2.65229877496647
1.58786,-2.65145965954253
1.587865,-2.6506209752984
1.58787,-2.64978272191904
1.587875,-2.64894489908963
1.58788,-2.64810750649585
1.587885,-2.64727054382346
1.58789,-2.64643401075861
1.587895,-2.6455979069877
1.5879,-2.64476223219748
1.587905,-2.64392698607489
1.58791,-2.64309216830729
1.587915,-2.64225777858232
1.58792,-2.64142381658775
1.587925,-2.64059028201186
1.58793,-2.63975717454297
1.587935,-2.63892449387003
1.58794,-2.63809223968198
1.587945,-2.63726041166815
1.58795,-2.6364290095182
1.587955,-2.63559803292195
1.58796,-2.63476748156976
1.587965,-2.63393735515203
1.58797,-2.63310765335957
1.587975,-2.63227837588343
1.58798,-2.63144952241492
1.587985,-2.63062109264578
1.58799,-2.62979308626792
1.587995,-2.62896550297351
1.588,-2.6281383424551
1.588005,-2.62731160440539
1.58801,-2.6264852885176
1.588015,-2.62565939448501
1.58802,-2.62483392200129
1.588025,-2.62400887076034
1.58803,-2.62318424045642
1.588035,-2.62236003078393
1.58804,-2.6215362414378
1.588045,-2.62071287211303
1.58805,-2.61988992250498
1.588055,-2.61906739230927
1.58806,-2.61824528122176
1.588065,-2.61742358893882
1.58807,-2.61660231515679
1.588075,-2.61578145957251
1.58808,-2.61496102188297
1.588085,-2.6141410017855
1.58809,-2.61332139897775
1.588095,-2.6125022131576
1.5881,-2.61168344402324
1.588105,-2.61086509127307
1.58811,-2.6100471546058
1.588115,-2.60922963372052
1.58812,-2.6084125283165
1.588125,-2.60759583809328
1.58813,-2.60677956275073
1.588135,-2.60596370198888
1.58814,-2.6051482555083
1.588145,-2.60433322300956
1.58815,-2.60351860419363
1.588155,-2.6027043987618
1.58816,-2.60189060641549
1.588165,-2.6010772268565
1.58817,-2.60026425978701
1.588175,-2.59945170490926
1.58818,-2.5986395619259
1.588185,-2.59782783053981
1.58819,-2.5970165104541
1.588195,-2.59620560137233
1.5882,-2.59539510299813
1.588205,-2.59458501503556
1.58821,-2.59377533718881
1.588215,-2.59296606916239
1.58822,-2.59215721066125
1.588225,-2.59134876139038
1.58823,-2.59054072105517
1.588235,-2.5897330893612
1.58824,-2.58892586601435
1.588245,-2.58811905072093
1.58825,-2.58731264318727
1.588255,-2.58650664312012
1.58826,-2.58570105022649
1.588265,-2.58489586421353
1.58827,-2.58409108478893
1.588275,-2.58328671166039
1.58828,-2.58248274453599
1.588285,-2.58167918312409
1.58829,-2.58087602713329
1.588295,-2.5800732762724
1.5883,-2.57927093025069
1.588305,-2.57846898877749
1.58831,-2.57766745156249
1.588315,-2.57686631831566
1.58832,-2.57606558874717
1.588325,-2.57526526256758
1.58833,-2.57446533948761
1.588335,-2.57366581921826
1.58834,-2.57286670147081
1.588345,-2.57206798595678
1.58835,-2.5712696723881
1.588355,-2.57047176047677
1.58836,-2.56967424993517
1.588365,-2.56887714047587
1.58837,-2.5680804318117
1.588375,-2.56728412365594
1.58838,-2.56648821572194
1.588385,-2.56569270772333
1.58839,-2.56489759937407
1.588395,-2.5641028903883
1.5884,-2.56330858048061
1.588405,-2.56251466936563
1.58841,-2.56172115675834
1.588415,-2.56092804237403
1.58842,-2.56013532592819
1.588425,-2.55934300713652
1.58843,-2.55855108571519
1.588435,-2.5577595613804
1.58844,-2.55696843384871
1.588445,-2.55617770283696
1.58845,-2.55538736806217
1.588455,-2.55459742924176
1.58846,-2.55380788609326
1.588465,-2.55301873833457
1.58847,-2.55222998568378
1.588475,-2.55144162785919
1.58848,-2.55065366457954
1.588485,-2.54986609556368
1.58849,-2.54907892053077
1.588495,-2.54829213920019
1.5885,-2.54750575129153
1.588505,-2.54671975652485
1.58851,-2.54593415462026
1.588515,-2.5451489452982
1.58852,-2.54436412827936
1.588525,-2.54357970328468
1.58853,-2.54279567003528
1.588535,-2.54201202825276
1.58854,-2.54122877765878
1.588545,-2.54044591797529
1.58855,-2.53966344892449
1.588555,-2.53888137022885
1.58856,-2.53809968161119
1.588565,-2.5373183827944
1.58857,-2.53653747350179
1.588575,-2.5357569534568
1.58858,-2.53497682238312
1.588585,-2.53419708000489
1.58859,-2.53341772604629
1.588595,-2.53263876023181
1.5886,-2.5318601822862
1.588605,-2.53108199193443
1.58861,-2.53030418890185
1.588615,-2.52952677291394
1.58862,-2.52874974369646
1.588625,-2.52797310097539
1.58863,-2.52719684447693
1.588635,-2.52642097392775
1.58864,-2.5256454890545
1.588645,-2.52487038958424
1.58865,-2.52409567524423
1.588655,-2.52332134576193
1.58866,-2.52254740086508
1.588665,-2.52177384028179
1.58867,-2.52100066374024
1.588675,-2.52022787096898
1.58868,-2.51945546169672
1.588685,-2.51868343565242
1.58869,-2.51791179256546
1.588695,-2.51714053216523
1.5887,-2.51636965418149
1.588705,-2.51559915834423
1.58871,-2.51482904438362
1.588715,-2.51405931203027
1.58872,-2.51328996101482
1.588725,-2.51252099106826
1.58873,-2.51175240192182
1.588735,-2.51098419330684
1.58874,-2.51021636495522
1.588745,-2.5094489165988
1.58875,-2.50868184796978
1.588755,-2.5079151588006
1.58876,-2.50714884882389
1.588765,-2.50638291777268
1.58877,-2.50561736538009
1.588775,-2.50485219137953
1.58878,-2.50408739550466
1.588785,-2.50332297748932
1.58879,-2.50255893706769
1.588795,-2.50179527397418
1.5888,-2.50103198794337
1.588805,-2.50026907871015
1.58881,-2.49950654600958
1.588815,-2.498744389577
1.58882,-2.49798260914806
1.588825,-2.49722120445857
1.58883,-2.49646017524455
1.588835,-2.49569952124234
1.58884,-2.49493924218841
1.588845,-2.49417933781968
1.58885,-2.49341980787307
1.588855,-2.4926606520859
1.58886,-2.49190187019561
1.588865,-2.49114346193993
1.58887,-2.49038542705693
1.588875,-2.48962776528477
1.58888,-2.48887047636191
1.588885,-2.48811356002699
1.58889,-2.48735701601896
1.588895,-2.48660084407701
1.5889,-2.48584504394056
1.588905,-2.48508961534918
1.58891,-2.48433455804281
1.588915,-2.48357987176148
1.58892,-2.48282555624555
1.588925,-2.48207161123565
1.58893,-2.48131803647259
1.588935,-2.48056483169735
1.58894,-2.47981199665129
1.588945,-2.47905953107581
1.58895,-2.47830743471282
1.588955,-2.47755570730419
1.58896,-2.47680434859221
1.588965,-2.47605335831925
1.58897,-2.47530273622803
1.588975,-2.47455248206149
1.58898,-2.47380259556277
1.588985,-2.47305307647526
1.58899,-2.47230392454255
1.588995,-2.47155513950845
1.589,-2.47080672111712
1.589005,-2.47005866911285
1.58901,-2.46931098324015
1.589015,-2.46856366324381
1.58902,-2.46781670886876
1.589025,-2.46707011986036
1.58903,-2.46632389596399
1.589035,-2.46557803692537
1.58904,-2.46483254249039
1.589045,-2.46408741240524
1.58905,-2.4633426464162
1.589055,-2.46259824427001
1.58906,-2.46185420571348
1.589065,-2.46111053049362
1.58907,-2.46036721835776
1.589075,-2.45962426905337
1.58908,-2.45888168232829
1.589085,-2.45813945793046
1.58909,-2.45739759560806
1.589095,-2.45665609510955
1.5891,-2.4559149561835
1.589105,-2.45517417857894
1.58911,-2.45443376204489
1.589115,-2.45369370633069
1.58912,-2.45295401118595
1.589125,-2.45221467636033
1.58913,-2.45147570160401
1.589135,-2.45073708666716
1.58914,-2.44999883130022
1.589145,-2.44926093525391
1.58915,-2.44852339827906
1.589155,-2.44778622012693
1.58916,-2.44704940054882
1.589165,-2.44631293929629
1.58917,-2.44557683612118
1.589175,-2.44484109077553
1.58918,-2.4441057030115
1.589185,-2.44337067258171
1.58919,-2.44263599923877
1.589195,-2.44190168273561
1.5892,-2.44116772282541
1.589205,-2.44043411926141
1.58921,-2.43970087179736
1.589215,-2.438967980187
1.58922,-2.43823544418434
1.589225,-2.43750326354365
1.58923,-2.43677143801934
1.589235,-2.43603996736617
1.58924,-2.43530885133905
1.589245,-2.4345780896931
1.58925,-2.43384768218364
1.589255,-2.43311762856619
1.58926,-2.43238792859669
1.589265,-2.43165858203103
1.58927,-2.43092958862548
1.589275,-2.43020094813648
1.58928,-2.42947266032067
1.589285,-2.42874472493487
1.58929,-2.42801714173632
1.589295,-2.42728991048227
1.5893,-2.42656303093025
1.589305,-2.42583650283801
1.58931,-2.42511032596345
1.589315,-2.42438450006487
1.58932,-2.42365902490062
1.589325,-2.42293390022934
1.58933,-2.42220912580982
1.589335,-2.42148470140106
1.58934,-2.42076062676246
1.589345,-2.42003690165343
1.58935,-2.41931352583366
1.589355,-2.41859049906305
1.58936,-2.41786782110169
1.589365,-2.41714549171003
1.58937,-2.41642351064855
1.589375,-2.415701877678
1.58938,-2.41498059255939
1.589385,-2.41425965505388
1.58939,-2.41353906492293
1.589395,-2.41281882192812
1.5894,-2.4120989258313
1.589405,-2.41137937639452
1.58941,-2.41066017338002
1.589415,-2.40994131655021
1.58942,-2.4092228056679
1.589425,-2.40850464049593
1.58943,-2.40778682079738
1.589435,-2.40706934633557
1.58944,-2.406352216874
1.589445,-2.40563543217651
1.58945,-2.40491899200697
1.589455,-2.40420289612953
1.58946,-2.4034871443086
1.589465,-2.40277173630871
1.58947,-2.40205667189471
1.589475,-2.40134195083155
1.58948,-2.40062757288447
1.589485,-2.39991353781886
1.58949,-2.39919984540032
1.589495,-2.39848649539478
1.5895,-2.39777348756821
1.589505,-2.39706082168686
1.58951,-2.39634849751722
1.589515,-2.39563651482589
1.58952,-2.39492487337981
1.589525,-2.39421357294608
1.58953,-2.39350261329193
1.589535,-2.39279199418487
1.58954,-2.39208171539262
1.589545,-2.39137177668304
1.58955,-2.39066217782432
1.589555,-2.38995291858472
1.58956,-2.3892439987328
1.589565,-2.38853541803727
1.58957,-2.38782717626703
1.589575,-2.38711927319134
1.58958,-2.38641170857943
1.589585,-2.38570448220094
1.58959,-2.38499759382556
1.589595,-2.38429104322322
1.5896,-2.3835848301642
1.589605,-2.3828789544188
1.58961,-2.38217341575761
1.589615,-2.3814682139514
1.58962,-2.38076334877109
1.589625,-2.38005881998795
1.58963,-2.37935462737334
1.589635,-2.37865077069883
1.58964,-2.37794724973623
1.589645,-2.37724406425746
1.58965,-2.37654121403484
1.589655,-2.3758386988407
1.58966,-2.37513651844761
1.589665,-2.37443467262843
1.58967,-2.3737331611561
1.589675,-2.3730319838038
1.58968,-2.37233114034503
1.589685,-2.37163063055333
1.58969,-2.37093045420251
1.589695,-2.37023061106657
1.5897,-2.36953110091968
1.589705,-2.3688319235363
1.58971,-2.36813307869102
1.589715,-2.36743456615864
1.58972,-2.36673638571411
1.589725,-2.36603853713265
1.58973,-2.3653410201897
1.589735,-2.36464383466081
1.58974,-2.3639469803218
1.589745,-2.36325045694864
1.58975,-2.36255426431749
1.589755,-2.3618584022048
1.58976,-2.36116287038715
1.589765,-2.36046766864128
1.58977,-2.35977279674419
1.589775,-2.359078254473
1.58978,-2.35838404160519
1.589785,-2.35769015791825
1.58979,-2.35699660318997
1.589795,-2.3563033771983
1.5898,-2.35561047972139
1.589805,-2.35491791053758
1.58981,-2.35422566942543
1.589815,-2.35353375616372
1.58982,-2.35284217053132
1.589825,-2.35215091230742
1.58983,-2.35145998127124
1.589835,-2.35076937720245
1.58984,-2.35007909988065
1.589845,-2.34938914908582
1.58985,-2.348699524598
1.589855,-2.34801022619749
1.58986,-2.34732125366481
1.589865,-2.34663260678067
1.58987,-2.34594428532587
1.589875,-2.34525628908154
1.58988,-2.34456861782882
1.589885,-2.34388127134934
1.58989,-2.34319424942461
1.589895,-2.34250755183654
1.5899,-2.3418211783671
1.589905,-2.34113512879849
1.58991,-2.34044940291322
1.589915,-2.33976400049382
1.58992,-2.33907892132312
1.589925,-2.33839416518405
1.58993,-2.33770973185982
1.589935,-2.33702562113373
1.58994,-2.33634183278944
1.589945,-2.33565836661062
1.58995,-2.33497522238123
1.589955,-2.33429239988538
1.58996,-2.33360989890734
1.589965,-2.3329277192317
1.58997,-2.3322458606431
1.589975,-2.33156432292642
1.58998,-2.33088310586673
1.589985,-2.33020220924923
1.58999,-2.32952163285944
1.589995,-2.32884137648301
1.59,-2.32816143990567
1.590005,-2.32748182291349
1.59001,-2.3268025252926
1.590015,-2.32612354682947
1.59002,-2.32544488731063
1.590025,-2.32476654652281
1.59003,-2.32408852425297
1.590035,-2.32341082028823
1.59004,-2.32273343441585
1.590045,-2.32205636642346
1.59005,-2.32137961609864
1.590055,-2.32070318322931
1.59006,-2.32002706760351
1.590065,-2.31935126900942
1.59007,-2.31867578723558
1.590075,-2.31800062207054
1.59008,-2.31732577330311
1.590085,-2.31665124072225
1.59009,-2.31597702411708
1.590095,-2.31530312327706
1.5901,-2.31462953799167
1.590105,-2.31395626805062
1.59011,-2.31328331324382
1.590115,-2.31261067336128
1.59012,-2.31193834819339
1.590125,-2.31126633753053
1.59013,-2.31059464116333
1.590135,-2.30992325888262
1.59014,-2.30925219047935
1.590145,-2.30858143574478
1.59015,-2.30791099447023
1.590155,-2.30724086644724
1.59016,-2.30657105146751
1.590165,-2.30590154932299
1.59017,-2.30523235980571
1.590175,-2.304563482708
1.59018,-2.3038949178223
1.590185,-2.3032266649412
1.59019,-2.30255872385752
1.590195,-2.30189109436421
1.5902,-2.30122377625456
1.590205,-2.30055676932183
1.59021,-2.29989007335958
1.590215,-2.29922368816149
1.59022,-2.2985576135214
1.590225,-2.2978918492335
1.59023,-2.29722639509199
1.590235,-2.29656125089127
1.59024,-2.29589641642594
1.590245,-2.29523189149076
1.59025,-2.29456767588078
1.590255,-2.29390376939107
1.59026,-2.29324017181695
1.590265,-2.29257688295394
1.59027,-2.29191390259766
1.590275,-2.29125123054402
1.59028,-2.29058886658904
1.590285,-2.28992681052888
1.59029,-2.28926506215994
1.590295,-2.28860362127878
1.5903,-2.28794248768209
1.590305,-2.28728166116686
1.59031,-2.28662114153011
1.590315,-2.28596092856914
1.59032,-2.28530102208138
1.590325,-2.28464142186437
1.59033,-2.28398212771599
1.590335,-2.28332313943418
1.59034,-2.28266445681707
1.590345,-2.28200607966297
1.59035,-2.28134800777029
1.590355,-2.28069024093782
1.59036,-2.28003277896433
1.590365,-2.27937562164885
1.59037,-2.27871876879056
1.590375,-2.27806222018875
1.59038,-2.27740597564303
1.590385,-2.2767500349531
1.59039,-2.27609439791882
1.590395,-2.27543906434023
1.5904,-2.27478403401749
1.590405,-2.27412930675112
1.59041,-2.27347488234163
1.590415,-2.27282076058976
1.59042,-2.2721669412964
1.590425,-2.27151342426266
1.59043,-2.27086020928973
1.590435,-2.27020729617915
1.59044,-2.26955468473247
1.590445,-2.26890237475145
1.59045,-2.26825036603801
1.590455,-2.26759865839424
1.59046,-2.26694725162251
1.590465,-2.26629614552522
1.59047,-2.26564533990502
1.590475,-2.26499483456466
1.59048,-2.26434462930707
1.590485,-2.26369472393549
1.59049,-2.26304511825315
1.590495,-2.26239581206355
1.5905,-2.26174680517033
1.590505,-2.26109809737723
1.59051,-2.26044968848831
1.590515,-2.25980157830771
1.59052,-2.25915376663972
1.590525,-2.25850625328884
1.59053,-2.25785903805968
1.590535,-2.25721212075713
1.59054,-2.25656550118614
1.590545,-2.25591917915187
1.59055,-2.25527315445963
1.590555,-2.25462742691494
1.59056,-2.25398199632339
1.590565,-2.25333686249091
1.59057,-2.25269202522344
1.590575,-2.25204748432711
1.59058,-2.25140323960831
1.590585,-2.25075929087343
1.59059,-2.25011563792922
1.590595,-2.2494722805825
1.5906,-2.24882921864021
1.590605,-2.24818645190954
1.59061,-2.24754398019775
1.590615,-2.24690180331242
1.59062,-2.24625992106118
1.590625,-2.24561833325177
1.59063,-2.24497703969227
1.590635,-2.24433604019071
1.59064,-2.24369533455551
1.590645,-2.2430549225951
1.59065,-2.24241480411811
1.590655,-2.24177497893337
1.59066,-2.24113544684976
1.590665,-2.24049620767653
1.59067,-2.23985726122291
1.590675,-2.23921860729838
1.59068,-2.23858024571252
1.590685,-2.23794217627515
1.59069,-2.23730439879617
1.590695,-2.23666691308572
1.5907,-2.23602971895411
1.590705,-2.23539281621169
1.59071,-2.23475620466913
1.590715,-2.23411988413709
1.59072,-2.23348385442659
1.590725,-2.23284811534867
1.59073,-2.23221266671455
1.590735,-2.23157750833567
1.59074,-2.23094264002352
1.590745,-2.23030806158993
1.59075,-2.22967377284672
1.590755,-2.22903977360596
1.59076,-2.22840606367984
1.590765,-2.2277726428807
1.59077,-2.22713951102113
1.590775,-2.22650666791378
1.59078,-2.22587411337151
1.590785,-2.22524184720732
1.59079,-2.22460986923436
1.590795,-2.22397817926593
1.5908,-2.22334677711559
1.590805,-2.22271566259696
1.59081,-2.22208483552381
1.590815,-2.22145429571012
1.59082,-2.22082404296996
1.590825,-2.2201940771177
1.59083,-2.21956439796772
1.590835,-2.21893500533463
1.59084,-2.21830589903316
1.590845,-2.2176770788782
1.59085,-2.21704854468488
1.590855,-2.21642029626838
1.59086,-2.21579233344413
1.590865,-2.21516465602759
1.59087,-2.21453726383448
1.590875,-2.21391015668069
1.59088,-2.2132833343822
1.590885,-2.2126567967552
1.59089,-2.21203054361598
1.590895,-2.21140457478099
1.5909,-2.21077889006693
1.590905,-2.21015348929057
1.59091,-2.20952837226883
1.590915,-2.20890353881884
1.59092,-2.20827898875782
1.590925,-2.20765472190316
1.59093,-2.2070307380725
1.590935,-2.20640703708351
1.59094,-2.20578361875411
1.590945,-2.20516048290226
1.59095,-2.20453762934615
1.590955,-2.2039150579042
1.59096,-2.20329276839483
1.590965,-2.20267076063671
1.59097,-2.20204903444863
1.590975,-2.20142758964951
1.59098,-2.20080642605852
1.590985,-2.20018554349488
1.59099,-2.19956494177804
1.590995,-2.19894462072751
1.591,-2.198324580163
1.591005,-2.19770481990447
1.59101,-2.19708533977188
1.591015,-2.19646613958542
1.59102,-2.19584721916541
1.591025,-2.19522857833229
1.59103,-2.19461021690677
1.591035,-2.19399213470958
1.59104,-2.19337433156169
1.591045,-2.19275680728417
1.59105,-2.19213956169824
1.591055,-2.19152259462528
1.59106,-2.19090590588688
1.591065,-2.19028949530469
1.59107,-2.18967336270056
1.591075,-2.18905750789651
1.59108,-2.1884419307146
1.591085,-2.18782663097722
1.59109,-2.18721160850676
1.591095,-2.18659686312582
1.5911,-2.18598239465714
1.591105,-2.18536820292358
1.59111,-2.18475428774824
1.591115,-2.18414064895429
1.59112,-2.18352728636505
1.591125,-2.182914199804
1.59113,-2.18230138909476
1.591135,-2.1816888540612
1.59114,-2.18107659452719
1.591145,-2.18046461031683
1.59115,-2.17985290125433
1.591155,-2.17924146716403
1.59116,-2.17863030787055
1.591165,-2.17801942319853
1.59117,-2.17740881297276
1.591175,-2.17679847701823
1.59118,-2.17618841516005
1.591185,-2.17557862722345
1.59119,-2.17496911303391
1.591195,-2.17435987241695
1.5912,-2.17375090519829
1.591205,-2.17314221120374
1.59121,-2.17253379025928
1.591215,-2.17192564219116
1.59122,-2.17131776682558
1.591225,-2.17071016398898
1.59123,-2.17010283350797
1.591235,-2.16949577520923
1.59124,-2.1688889889197
1.591245,-2.16828247446634
1.59125,-2.16767623167634
1.591255,-2.16707026037702
1.59126,-2.16646456039575
1.591265,-2.16585913156021
1.59127,-2.16525397369814
1.591275,-2.16464908663741
1.59128,-2.16404447020604
1.591285,-2.16344012423214
1.59129,-2.16283604854416
1.591295,-2.16223224297049
1.5913,-2.16162870733975
1.591305,-2.1610254414807
1.59131,-2.1604224452222
1.591315,-2.15981971839325
1.59132,-2.15921726082314
1.591325,-2.15861507234115
1.59133,-2.15801315277671
1.591335,-2.15741150195944
1.59134,-2.15681011971907
1.591345,-2.15620900588557
1.59135,-2.15560816028891
1.591355,-2.1550075827593
1.59136,-2.15440727312704
1.591365,-2.15380723122255
1.59137,-2.15320745687653
1.591375,-2.15260794991968
1.59138,-2.15200871018287
1.591385,-2.15140973749713
1.59139,-2.15081103169361
1.591395,-2.15021259260367
1.5914,-2.14961442005875
1.591405,-2.14901651389044
1.59141,-2.14841887393044
1.591415,-2.1478215000106
1.59142,-2.14722439196302
1.591425,-2.1466275496198
1.59143,-2.14603097281325
1.591435,-2.1454346613758
1.59144,-2.14483861514001
1.591445,-2.14424283393854
1.59145,-2.14364731760435
1.591455,-2.14305206597036
1.59146,-2.14245707886974
1.591465,-2.14186235613573
1.59147,-2.1412678976017
1.591475,-2.14067370310131
1.59148,-2.14007977246816
1.591485,-2.13948610553608
1.59149,-2.13889270213904
1.591495,-2.13829956211111
1.5915,-2.1377066852866
1.591505,-2.13711407149984
1.59151,-2.13652172058536
1.591515,-2.13592963237781
1.59152,-2.13533780671191
1.591525,-2.13474624342271
1.59153,-2.13415494234521
1.591535,-2.13356390331459
1.59154,-2.13297312616623
1.591545,-2.13238261073557
1.59155,-2.1317923568582
1.591555,-2.13120236436994
1.59156,-2.13061263310665
1.591565,-2.13002316290434
1.59157,-2.12943395359913
1.591575,-2.12884500502735
1.59158,-2.12825631702544
1.591585,-2.12766788942995
1.59159,-2.12707972207758
1.591595,-2.12649181480516
1.5916,-2.12590416744963
1.591605,-2.12531677984815
1.59161,-2.12472965183796
1.591615,-2.12414278325641
1.59162,-2.12355617394102
1.591625,-2.12296982372937
1.59163,-2.12238373245936
1.591635,-2.12179789996883
1.59164,-2.12121232609585
1.591645,-2.12062701067859
1.59165,-2.12004195355533
1.591655,-2.11945715456461
1.59166,-2.11887261354493
1.591665,-2.11828833033508
1.59167,-2.11770430477382
1.591675,-2.11712053670023
1.59168,-2.1165370259533
1.591685,-2.11595377237244
1.59169,-2.11537077579692
1.591695,-2.11478803606631
1.5917,-2.11420555302021
1.591705,-2.11362332649842
1.59171,-2.11304135634087
1.591715,-2.11245964238762
1.59172,-2.1118781844788
1.591725,-2.11129698245476
1.59173,-2.11071603615586
1.591735,-2.11013534542281
1.59174,-2.1095549100962
1.591745,-2.10897473001694
1.59175,-2.10839480502593
1.591755,-2.10781513496429
1.59176,-2.10723571967327
1.591765,-2.10665655899423
1.59177,-2.10607765276867
1.591775,-2.10549900083817
1.59178,-2.10492060304448
1.591785,-2.10434245922953
1.59179,-2.10376456923533
1.591795,-2.10318693290399
1.5918,-2.10260955007779
1.591805,-2.10203242059915
1.59181,-2.10145554431054
1.591815,-2.10087892105472
1.59182,-2.10030255067443
1.591825,-2.09972643301259
1.59183,-2.09915056791226
1.591835,-2.09857495521657
1.59184,-2.0979995947689
1.591845,-2.09742448641269
1.59185,-2.09684962999144
1.591855,-2.0962750253489
1.59186,-2.09570067232881
1.591865,-2.09512657077523
1.59187,-2.0945527205322
1.591875,-2.09397912144391
1.59188,-2.09340577335471
1.591885,-2.09283267610901
1.59189,-2.09225982955149
1.591895,-2.09168723352682
1.5919,-2.09111488787983
1.591905,-2.09054279245555
1.59191,-2.08997094709897
1.591915,-2.08939935165545
1.59192,-2.08882800597028
1.591925,-2.08825690988894
1.59193,-2.08768606325705
1.591935,-2.08711546592032
1.59194,-2.0865451177246
1.591945,-2.08597501851594
1.59195,-2.08540516814039
1.591955,-2.08483556644423
1.59196,-2.08426621327382
1.591965,-2.08369710847559
1.59197,-2.08312825189626
1.591975,-2.0825596433825
1.59198,-2.08199128278118
1.591985,-2.08142316993934
1.59199,-2.080855304704
1.591995,-2.08028768692251
1.592,-2.0797203164422
1.592005,-2.07915319311055
1.59201,-2.07858631677519
1.592015,-2.07801968728381
1.59202,-2.07745330448434
1.592025,-2.07688716822477
1.59203,-2.0763212783532
1.592035,-2.07575563471785
1.59204,-2.07519023716705
1.592045,-2.0746250855494
1.59205,-2.07406017971341
1.592055,-2.07349551950785
1.59206,-2.07293110478158
1.592065,-2.07236693538356
1.59207,-2.07180301116286
1.592075,-2.0712393319688
1.59208,-2.07067589765068
1.592085,-2.07011270805797
1.59209,-2.06954976304027
1.592095,-2.06898706244725
1.5921,-2.06842460612881
1.592105,-2.06786239393491
1.59211,-2.06730042571564
1.592115,-2.06673870132116
1.59212,-2.06617722060178
1.592125,-2.06561598340805
1.59213,-2.06505498959048
1.592135,-2.06449423899977
1.59214,-2.06393373148672
1.592145,-2.06337346690225
1.59215,-2.0628134450975
1.592155,-2.06225366592358
1.59216,-2.06169412923181
1.592165,-2.0611348348736
1.59217,-2.06057578270048
1.592175,-2.06001697256415
1.59218,-2.05945840431637
1.592185,-2.05890007780905
1.59219,-2.05834199289422
1.592195,-2.057784149424
1.5922,-2.05722654725062
1.592205,-2.05666918622656
1.59221,-2.05611206620427
1.592215,-2.05555518703638
1.59222,-2.0549985485756
1.592225,-2.0544421506748
1.59223,-2.05388599318703
1.592235,-2.05333007596532
1.59224,-2.05277439886291
1.592245,-2.05221896173314
1.59225,-2.05166376442945
1.592255,-2.05110880680545
1.59226,-2.05055408871481
1.592265,-2.04999961001135
1.59227,-2.049445370549
1.592275,-2.04889137018178
1.59228,-2.04833760876394
1.592285,-2.04778408614971
1.59229,-2.04723080219348
1.592295,-2.04667775674981
1.5923,-2.04612494967333
1.592305,-2.04557238081872
1.59231,-2.04502005004099
1.592315,-2.04446795719505
1.59232,-2.04391610213602
1.592325,-2.04336448471914
1.59233,-2.04281310479971
1.592335,-2.04226196223324
1.59234,-2.04171105687531
1.592345,-2.0411603885816
1.59235,-2.0406099572079
1.592355,-2.04005976261012
1.59236,-2.03950980464438
1.592365,-2.03896008316677
1.59237,-2.03841059803362
1.592375,-2.03786134910128
1.59238,-2.03731233622621
1.592385,-2.03676355926515
1.59239,-2.03621501807477
1.592395,-2.03566671251193
1.5924,-2.03511864243362
1.592405,-2.03457080769684
1.59241,-2.03402320815892
1.592415,-2.03347584367711
1.59242,-2.03292871410882
1.592425,-2.03238181931164
1.59243,-2.03183515914318
1.592435,-2.03128873346122
1.59244,-2.03074254212371
1.592445,-2.03019658498859
1.59245,-2.02965086191403
1.592455,-2.02910537275821
1.59246,-2.02856011737945
1.592465,-2.0280150956363
1.59247,-2.02747030738727
1.592475,-2.02692575249109
1.59248,-2.02638143080652
1.592485,-2.02583734219245
1.59249,-2.02529348650799
1.592495,-2.02474986361223
1.5925,-2.02420647336445
1.592505,-2.02366331562396
1.59251,-2.02312039025027
1.592515,-2.02257769710301
1.59252,-2.02203523604185
1.592525,-2.02149300692661
1.59253,-2.02095100961722
1.592535,-2.0204092439737
1.59254,-2.01986770985625
1.592545,-2.01932640712513
1.59255,-2.0187853356407
1.592555,-2.01824449526346
1.59256,-2.01770388585401
1.592565,-2.01716350727303
1.59257,-2.01662335938141
1.592575,-2.01608344204007
1.59258,-2.01554375511004
1.592585,-2.0150042984525
1.59259,-2.01446507192868
1.592595,-2.01392607540001
1.5926,-2.01338730872799
1.592605,-2.01284877177417
1.59261,-2.01231046440033
1.592615,-2.01177238646819
1.59262,-2.01123453783983
1.592625,-2.0106969183772
1.59263,-2.01015952794251
1.592635,-2.00962236639797
1.59264,-2.00908543360598
1.592645,-2.00854872942904
1.59265,-2.00801225372978
1.592655,-2.00747600637084
1.59266,-2.00693998721509
1.592665,-2.00640419612537
1.59267,-2.00586863296484
1.592675,-2.00533329759656
1.59268,-2.00479818988383
1.592685,-2.00426330968997
1.59269,-2.0037286568785
1.592695,-2.00319423131291
1.5927,-2.002660032857
1.592705,-2.00212606137454
1.59271,-2.00159231672941
1.592715,-2.00105879878564
1.59272,-2.00052550740732
1.592725,-1.99999244245875
1.59273,-1.99945960380423
1.592735,-1.99892699130822
1.59274,-1.99839460483526
1.592745,-1.99786244425001
1.59275,-1.99733050941728
1.592755,-1.99679880020194
1.59276,-1.99626731646895
1.592765,-1.99573605808343
1.59277,-1.99520502491054
1.592775,-1.99467421681564
1.59278,-1.99414363366416
1.592785,-1.99361327532157
1.59279,-1.99308314165354
1.592795,-1.99255323252575
1.5928,-1.99202354780413
1.592805,-1.99149408735459
1.59281,-1.99096485104317
1.592815,-1.99043583873606
1.59282,-1.98990705029951
1.592825,-1.98937848559986
1.59283,-1.9888501445037
1.592835,-1.98832202687753
1.59284,-1.98779413258808
1.592845,-1.98726646150214
1.59285,-1.98673901348658
1.592855,-1.98621178840849
1.59286,-1.98568478613493
1.592865,-1.98515800653314
1.59287,-1.98463144947044
1.592875,-1.98410511481422
1.59288,-1.9835790024321
1.592885,-1.9830531121917
1.59289,-1.98252744396074
1.592895,-1.98200199760709
1.5929,-1.98147677299866
1.592905,-1.9809517700036
1.59291,-1.98042698849001
1.592915,-1.97990242832618
1.59292,-1.97937808938048
1.592925,-1.97885397152137
1.59293,-1.97833007461747
1.592935,-1.97780639853747
1.59294,-1.97728294315013
1.592945,-1.97675970832434
1.59295,-1.97623669392912
1.592955,-1.97571389983354
1.59296,-1.97519132590685
1.592965,-1.97466897201835
1.59297,-1.97414683803742
1.592975,-1.97362492383359
1.59298,-1.97310322927644
1.592985,-1.97258175423579
1.59299,-1.97206049858138
1.592995,-1.97153946218315
1.593,-1.97101864491117
1.593005,-1.97049804663547
1.59301,-1.96997766722639
1.593015,-1.96945750655424
1.59302,-1.96893756448944
1.593025,-1.96841784090253
1.59303,-1.96789833566412
1.593035,-1.96737904864504
1.59304,-1.96685997971608
1.593045,-1.9663411287482
1.59305,-1.96582249561243
1.593055,-1.96530408017997
1.59306,-1.96478588232198
1.593065,-1.96426790190992
1.59307,-1.96375013881519
1.593075,-1.96323259290934
1.59308,-1.96271526406406
1.593085,-1.96219815215106
1.59309,-1.96168125704226
1.593095,-1.96116457860958
1.5931,-1.96064811672509
1.593105,-1.96013187126097
1.59311,-1.95961584208942
1.593115,-1.95910002908287
1.59312,-1.95858443211376
1.593125,-1.95806905105466
1.59313,-1.95755388577822
1.593135,-1.95703893615716
1.59314,-1.95652420206444
1.593145,-1.95600968337295
1.59315,-1.95549537995579
1.593155,-1.95498129168611
1.59316,-1.95446741843712
1.593165,-1.95395376008226
1.59317,-1.95344031649496
1.593175,-1.95292708754879
1.59318,-1.95241407311738
1.593185,-1.95190127307449
1.59319,-1.95138868729397
1.593195,-1.95087631564983
1.5932,-1.95036415801608
1.593205,-1.94985221426687
1.59321,-1.94934048427647
1.593215,-1.94882896791918
1.59322,-1.94831766506953
1.593225,-1.94780657560203
1.59323,-1.94729569939131
1.593235,-1.94678503631211
1.59324,-1.94627458623926
1.593245,-1.94576434904775
1.59325,-1.94525432461259
1.593255,-1.94474451280892
1.59326,-1.94423491351196
1.593265,-1.94372552659699
1.59327,-1.94321635193953
1.593275,-1.94270738941506
1.59328,-1.94219863889921
1.593285,-1.94169010026769
1.59329,-1.94118177339628
1.593295,-1.94067365816095
1.5933,-1.9401657544377
1.593305,-1.93965806210262
1.59331,-1.93915058103192
1.593315,-1.9386433111019
1.59332,-1.93813625218889
1.593325,-1.93762940416951
1.59333,-1.93712276692027
1.593335,-1.93661634031785
1.59334,-1.93611012423906
1.593345,-1.93560411856072
1.59335,-1.93509832315989
1.593355,-1.9345927379136
1.59336,-1.93408736269899
1.593365,-1.93358219739336
1.59337,-1.933077241874
1.593375,-1.93257249601843
1.59338,-1.93206795970419
1.593385,-1.93156363280889
1.59339,-1.93105951521028
1.593395,-1.93055560678616
1.5934,-1.93005190741454
1.593405,-1.92954841697339
1.59341,-1.9290451353408
1.593415,-1.92854206239504
1.59342,-1.92803919801435
1.593425,-1.92753654207719
1.59343,-1.92703409446203
1.593435,-1.92653185504747
1.59344,-1.92602982371219
1.593445,-1.92552800033496
1.59345,-1.92502638479462
1.593455,-1.92452497697021
1.59346,-1.92402377674076
1.593465,-1.92352278398542
1.59347,-1.92302199858343
1.593475,-1.92252142041412
1.59348,-1.92202104935695
1.593485,-1.92152088529147
1.59349,-1.92102092809725
1.593495,-1.92052117765406
1.5935,-1.92002163384161
1.593505,-1.91952229653994
1.59351,-1.91902316562896
1.593515,-1.91852424098877
1.59352,-1.91802552249956
1.593525,-1.91752701004156
1.59353,-1.91702870349521
1.593535,-1.91653060274092
1.59354,-1.91603270765927
1.593545,-1.91553501813088
1.59355,-1.91503753403647
1.593555,-1.91454025525692
1.59356,-1.91404318167312
1.593565,-1.91354631316609
1.59357,-1.91304964961693
1.593575,-1.91255319090683
1.59358,-1.91205693691707
1.593585,-1.91156088752906
1.59359,-1.91106504262427
1.593595,-1.91056940208424
1.5936,-1.91007396579064
1.593605,-1.90957873362517
1.59361,-1.90908370546975
1.593615,-1.90858888120627
1.59362,-1.90809426071675
1.593625,-1.90759984388328
1.59363,-1.90710563058804
1.593635,-1.90661162071343
1.59364,-1.90611781414173
1.593645,-1.90562421075548
1.59365,-1.90513081043718
1.593655,-1.90463761306952
1.59366,-1.90414461853525
1.593665,-1.90365182671721
1.59367,-1.90315923749833
1.593675,-1.9026668507616
1.59368,-1.90217466639011
1.593685,-1.90168268426711
1.59369,-1.90119090427588
1.593695,-1.90069932629976
1.5937,-1.90020795022225
1.593705,-1.89971677592687
1.59371,-1.89922580329727
1.593715,-1.89873503221722
1.59372,-1.89824446257052
1.593725,-1.89775409424111
1.59373,-1.89726392711294
1.593735,-1.89677396107011
1.59374,-1.89628419599686
1.593745,-1.89579463177742
1.59375,-1.89530526829615
1.593755,-1.8948161054375
1.59376,-1.89432714308597
1.593765,-1.89383838112624
1.59377,-1.893349819443
1.593775,-1.89286145792108
1.59378,-1.89237329644532
1.593785,-1.89188533490069
1.59379,-1.89139757317234
1.593795,-1.89091001114536
1.5938,-1.89042264870502
1.593805,-1.88993548573663
1.59381,-1.88944852212561
1.593815,-1.88896175775747
1.59382,-1.88847519251781
1.593825,-1.88798882629232
1.59383,-1.88750265896676
1.593835,-1.88701669042699
1.59384,-1.88653092055892
1.593845,-1.88604534924864
1.59385,-1.88555997638224
1.593855,-1.88507480184593
1.59386,-1.88458982552601
1.593865,-1.88410504730881
1.59387,-1.88362046708088
1.593875,-1.88313608472872
1.59388,-1.88265190013899
1.593885,-1.88216791319841
1.59389,-1.88168412379377
1.593895,-1.88120053181201
1.5939,-1.88071713714012
1.593905,-1.88023393966515
1.59391,-1.87975093927425
1.593915,-1.87926813585465
1.59392,-1.87878552929376
1.593925,-1.87830311947893
1.59393,-1.8778209062977
1.593935,-1.87733888963763
1.59394,-1.8768570693864
1.593945,-1.87637544543174
1.59395,-1.87589401766159
1.593955,-1.87541278596381
1.59396,-1.87493175022642
1.593965,-1.87445091033755
1.59397,-1.87397026618535
1.593975,-1.87348981765813
1.59398,-1.87300956464424
1.593985,-1.87252950703211
1.59399,-1.8720496447103
1.593995,-1.87156997756734
1.594,-1.87109050549202
1.594005,-1.87061122837312
1.59401,-1.87013214609945
1.594015,-1.86965325855998
1.59402,-1.86917456564375
1.594025,-1.8686960672399
1.59403,-1.86821776323761
1.594035,-1.86773965352619
1.59404,-1.86726173799501
1.594045,-1.86678401653348
1.59405,-1.8663064890312
1.594055,-1.86582915537779
1.59406,-1.86535201546294
1.594065,-1.86487506917645
1.59407,-1.86439831640821
1.594075,-1.86392175704812
1.59408,-1.86344539098629
1.594085,-1.86296921811284
1.59409,-1.86249323831797
1.594095,-1.86201745149197
1.5941,-1.86154185752517
1.594105,-1.86106645630812
1.59411,-1.86059124773133
1.594115,-1.86011623168541
1.59412,-1.85964140806107
1.594125,-1.85916677674908
1.59413,-1.85869233764036
1.594135,-1.85821809062587
1.59414,-1.85774403559664
1.594145,-1.85727017244377
1.59415,-1.85679650105843
1.594155,-1.856323021332
1.59416,-1.85584973315582
1.594165,-1.85537663642131
1.59417,-1.85490373102002
1.594175,-1.85443101684353
1.59418,-1.85395849378361
1.594185,-1.853486161732
1.59419,-1.85301402058058
1.594195,-1.85254207022127
1.5942,-1.85207031054609
1.594205,-1.85159874144714
1.59421,-1.85112736281666
1.594215,-1.85065617454688
1.59422,-1.85018517653018
1.594225,-1.84971436865894
1.59423,-1.8492437508257
1.594235,-1.84877332292308
1.59424,-1.84830308484373
1.594245,-1.84783303648041
1.59425,-1.84736317772596
1.594255,-1.84689350847327
1.59426,-1.8464240286154
1.594265,-1.84595473804539
1.59427,-1.8454856366564
1.594275,-1.84501672434169
1.59428,-1.84454800099451
1.594285,-1.84407946650838
1.59429,-1.8436111207767
1.594295,-1.84314296369307
1.5943,-1.84267499515112
1.594305,-1.84220721504452
1.59431,-1.84173962326717
1.594315,-1.84127221971289
1.59432,-1.84080500427566
1.594325,-1.84033797684952
1.59433,-1.83987113732858
1.594335,-1.83940448560703
1.59434,-1.8389380215792
1.594345,-1.83847174513943
1.59435,-1.83800565618214
1.594355,-1.83753975460187
1.59436,-1.83707404029318
1.594365,-1.83660851315079
1.59437,-1.83614317306947
1.594375,-1.83567801994402
1.59438,-1.83521305366936
1.594385,-1.83474827414046
1.59439,-1.83428368125245
1.594395,-1.83381927490045
1.5944,-1.83335505497969
1.594405,-1.83289102138549
1.59441,-1.83242717401318
1.594415,-1.83196351275832
1.59442,-1.8315000375164
1.594425,-1.83103674818305
1.59443,-1.83057364465396
1.594435,-1.8301107268249
1.59444,-1.82964799459176
1.594445,-1.82918544785047
1.59445,-1.82872308649703
1.594455,-1.82826091042753
1.59446,-1.82779891953815
1.594465,-1.82733711372507
1.59447,-1.82687549288473
1.594475,-1.82641405691344
1.59448,-1.82595280570774
1.594485,-1.82549173916412
1.59449,-1.82503085717925
1.594495,-1.82457015964985
1.5945,-1.82410964647272
1.594505,-1.82364931754467
1.59451,-1.82318917276271
1.594515,-1.82272921202377
1.59452,-1.82226943522504
1.594525,-1.82180984226365
1.59453,-1.82135043303687
1.594535,-1.82089120744198
1.59454,-1.8204321653764
1.594545,-1.81997330673766
1.59455,-1.81951463142327
1.594555,-1.81905613933088
1.59456,-1.81859783035818
1.594565,-1.81813970440298
1.59457,-1.81768176136309
1.594575,-1.81722400113653
1.59458,-1.81676642362126
1.594585,-1.81630902871538
1.59459,-1.81585181631706
1.594595,-1.81539478632451
1.5946,-1.8149379386361
1.594605,-1.8144812731502
1.59461,-1.81402478976528
1.594615,-1.81356848837989
1.59462,-1.8131123688926
1.594625,-1.81265643120217
1.59463,-1.81220067520738
1.594635,-1.81174510080701
1.59464,-1.81128970790004
1.594645,-1.81083449638541
1.59465,-1.81037946616225
1.594655,-1.80992461712969
1.59466,-1.80946994918694
1.594665,-1.80901546223331
1.59467,-1.80856115616811
1.594675,-1.80810703089089
1.59468,-1.80765308630111
1.594685,-1.80719932229837
1.59469,-1.80674573878236
1.594695,-1.80629233565279
1.5947,-1.80583911280948
1.594705,-1.80538607015238
1.59471,-1.80493320758141
1.594715,-1.80448052499662
1.59472,-1.80402802229814
1.594725,-1.80357569938609
1.59473,-1.80312355616086
1.594735,-1.80267159252269
1.59474,-1.80221980837203
1.594745,-1.80176820360937
1.59475,-1.80131677813522
1.594755,-1.80086553185028
1.59476,-1.80041446465523
1.594765,-1.79996357645083
1.59477,-1.79951286713796
1.594775,-1.79906233661752
1.59478,-1.79861198479056
1.594785,-1.79816181155812
1.59479,-1.79771181682134
1.594795,-1.79726200048144
1.5948,-1.79681236243971
1.594805,-1.79636290259756
1.59481,-1.79591362085639
1.594815,-1.79546451711772
1.59482,-1.79501559128314
1.594825,-1.79456684325428
1.59483,-1.79411827293288
1.594835,-1.79366988022079
1.59484,-1.79322166501984
1.594845,-1.79277362723199
1.59485,-1.79232576675925
1.594855,-1.79187808350369
1.59486,-1.79143057736753
1.594865,-1.79098324825299
1.59487,-1.79053609606237
1.594875,-1.79008912069804
1.59488,-1.78964232206245
1.594885,-1.78919570005814
1.59489,-1.78874925458773
1.594895,-1.78830298555386
1.5949,-1.78785689285927
1.594905,-1.78741097640673
1.59491,-1.78696523609921
1.594915,-1.78651967183963
1.59492,-1.786074283531
1.594925,-1.78562907107643
1.59493,-1.78518403437906
1.594935,-1.7847391733422
1.59494,-1.78429448786911
1.594945,-1.78384997786317
1.59495,-1.78340564322786
1.594955,-1.78296148386669
1.59496,-1.78251749968323
1.594965,-1.78207369058119
1.59497,-1.7816300564643
1.594975,-1.78118659723637
1.59498,-1.78074331280126
1.594985,-1.78030020306289
1.59499,-1.77985726792535
1.594995,-1.77941450729272
1.595,-1.77897192106912
1.595005,-1.7785295091588
1.59501,-1.77808727146604
1.595015,-1.77764520789528
1.59502,-1.7772033183509
1.595025,-1.77676160273743
1.59503,-1.77632006095945
1.595035,-1.77587869292159
1.59504,-1.77543749852862
1.595045,-1.77499647768533
1.59505,-1.77455563029654
1.595055,-1.77411495626721
1.59506,-1.7736744555023
1.595065,-1.77323412790695
1.59507,-1.77279397338626
1.595075,-1.77235399184544
1.59508,-1.77191418318977
1.595085,-1.77147454732461
1.59509,-1.77103508415533
1.595095,-1.77059579358751
1.5951,-1.77015667552664
1.595105,-1.76971772987835
1.59511,-1.76927895654835
1.595115,-1.76884035544236
1.59512,-1.76840192646628
1.595125,-1.76796366952599
1.59513,-1.76752558452744
1.595135,-1.76708767137667
1.59514,-1.76664992997977
1.595145,-1.76621236024297
1.59515,-1.76577496207249
1.595155,-1.76533773537464
1.59516,-1.76490068005579
1.595165,-1.76446379602236
1.59517,-1.76402708318095
1.595175,-1.76359054143809
1.59518,-1.76315417070045
1.595185,-1.76271797087475
1.59519,-1.76228194186774
1.595195,-1.76184608358636
1.5952,-1.76141039593748
1.595205,-1.76097487882811
1.59521,-1.7605395321653
1.595215,-1.76010435585619
1.59522,-1.75966934980795
1.595225,-1.75923451392789
1.59523,-1.75879984812333
1.595235,-1.75836535230167
1.59524,-1.75793102637036
1.595245,-1.7574968702369
1.59525,-1.75706288380897
1.595255,-1.7566290669942
1.59526,-1.75619541970033
1.595265,-1.75576194183516
1.59527,-1.75532863330654
1.595275,-1.75489549402246
1.59528,-1.75446252389089
1.595285,-1.75402972281991
1.59529,-1.75359709071764
1.595295,-1.75316462749229
1.5953,-1.75273233305214
1.595305,-1.75230020730555
1.59531,-1.7518682501609
1.595315,-1.75143646152665
1.59532,-1.75100484131135
1.595325,-1.75057338942358
1.59533,-1.75014210577206
1.595335,-1.7497109902655
1.59534,-1.7492800428127
1.595345,-1.74884926332253
1.59535,-1.7484186517039
1.595355,-1.74798820786586
1.59536,-1.74755793171747
1.595365,-1.74712782316783
1.59537,-1.74669788212616
1.595375,-1.74626810850169
1.59538,-1.7458385022038
1.595385,-1.74540906314187
1.59539,-1.74497979122536
1.595395,-1.74455068636381
1.5954,-1.74412174846673
1.595405,-1.7436929774439
1.59541,-1.74326437320496
1.595415,-1.74283593565975
1.59542,-1.74240766471808
1.595425,-1.74197956028987
1.59543,-1.74155162228513
1.595435,-1.74112385061393
1.59544,-1.74069624518633
1.595445,-1.74026880591255
1.59545,-1.73984153270279
1.595455,-1.73941442546737
1.59546,-1.73898748411672
1.595465,-1.73856070856123
1.59547,-1.73813409871141
1.595475,-1.73770765447783
1.59548,-1.73728137577109
1.595485,-1.73685526250195
1.59549,-1.73642931458114
1.595495,-1.73600353191947
1.5955,-1.73557791442785
1.595505,-1.7351524620172
1.59551,-1.73472717459859
1.595515,-1.73430205208308
1.59552,-1.73387709438182
1.595525,-1.733452301406
1.59553,-1.73302767306689
1.595535,-1.73260320927587
1.59554,-1.73217890994433
1.595545,-1.73175477498371
1.59555,-1.73133080430555
1.595555,-1.73090699782144
1.59556,-1.73048335544305
1.595565,-1.73005987708211
1.59557,-1.72963656265039
1.595575,-1.72921341205973
1.59558,-1.72879042522206
1.595585,-1.72836760204931
1.59559,-1.72794494245357
1.595595,-1.72752244634693
1.5956,-1.72710011364154
1.595605,-1.72667794424963
1.59561,-1.72625593808345
1.595615,-1.72583409505545
1.59562,-1.72541241507797
1.595625,-1.72499089806351
1.59563,-1.72456954392463
1.595635,-1.72414835257387
1.59564,-1.72372732392398
1.595645,-1.72330645788765
1.59565,-1.72288575437766
1.595655,-1.72246521330691
1.59566,-1.72204483458824
1.595665,-1.7216246181347
1.59567,-1.72120456385933
1.595675,-1.7207846716752
1.59568,-1.7203649414955
1.595685,-1.71994537323342
1.59569,-1.7195259668023
1.595695,-1.7191067221155
1.5957,-1.71868763908639
1.595705,-1.71826871762847
1.59571,-1.71784995765529
1.595715,-1.7174313590804
1.59572,-1.71701292181753
1.595725,-1.71659464578039
1.59573,-1.71617653088274
1.595735,-1.71575857703844
1.59574,-1.71534078416139
1.595745,-1.71492315216559
1.59575,-1.71450568096504
1.595755,-1.71408837047388
1.59576,-1.71367122060622
1.595765,-1.71325423127626
1.59577,-1.71283740239836
1.595775,-1.71242073388679
1.59578,-1.71200422565597
1.595785,-1.71158787762037
1.59579,-1.71117168969448
1.595795,-1.71075566179293
1.5958,-1.71033979383036
1.595805,-1.70992408572145
1.59581,-1.70950853738097
1.595815,-1.70909314872373
1.59582,-1.70867791966467
1.595825,-1.70826285011871
1.59583,-1.70784794000086
1.595835,-1.70743318922619
1.59584,-1.70701859770983
1.595845,-1.70660416536694
1.59585,-1.70618989211283
1.595855,-1.70577577786278
1.59586,-1.70536182253218
1.595865,-1.70494802603644
1.59587,-1.70453438829102
1.595875,-1.70412090921155
1.59588,-1.70370758871361
1.595885,-1.70329442671286
1.59589,-1.70288142312504
1.595895,-1.70246857786591
1.5959,-1.7020558908514
1.595905,-1.70164336199736
1.59591,-1.70123099121978
1.595915,-1.70081877843469
1.59592,-1.70040672355816
1.595925,-1.69999482650639
1.59593,-1.69958308719555
1.595935,-1.69917150554193
1.59594,-1.69876008146187
1.595945,-1.69834881487169
1.59595,-1.69793770568792
1.595955,-1.69752675382703
1.59596,-1.69711595920561
1.595965,-1.69670532174026
1.59597,-1.69629484134767
1.595975,-1.69588451794456
1.59598,-1.69547435144778
1.595985,-1.69506434177419
1.59599,-1.69465448884069
1.595995,-1.69424479256426
1.596,-1.6938352528619
1.596005,-1.69342586965079
1.59601,-1.69301664284805
1.596015,-1.69260757237088
1.59602,-1.69219865813656
1.596025,-1.6917899000624
1.59603,-1.69138129806584
1.596035,-1.69097285206431
1.59604,-1.69056456197532
1.596045,-1.69015642771641
1.59605,-1.68974844920519
1.596055,-1.68934062635941
1.59606,-1.68893295909676
1.596065,-1.68852544733507
1.59607,-1.68811809099217
1.596075,-1.68771088998598
1.59608,-1.68730384423444
1.596085,-1.68689695365566
1.59609,-1.68649021816766
1.596095,-1.68608363768863
1.5961,-1.68567721213674
1.596105,-1.68527094143024
1.59611,-1.68486482548751
1.596115,-1.68445886422689
1.59612,-1.68405305756681
1.596125,-1.68364740542577
1.59613,-1.68324190772228
1.596135,-1.68283656437503
1.59614,-1.68243137530262
1.596145,-1.68202634042381
1.59615,-1.68162145965736
1.596155,-1.68121673292207
1.59616,-1.68081216013689
1.596165,-1.68040774122075
1.59617,-1.68000347609266
1.596175,-1.67959936467168
1.59618,-1.67919540687691
1.596185,-1.67879160262758
1.59619,-1.67838795184289
1.596195,-1.67798445444214
1.5962,-1.67758111034469
1.596205,-1.67717791946992
1.59621,-1.67677488173728
1.596215,-1.67637199706635
1.59622,-1.67596926537666
1.596225,-1.67556668658786
1.59623,-1.67516426061962
1.596235,-1.67476198739168
1.59624,-1.67435986682387
1.596245,-1.67395789883604
1.59625,-1.6735560833481
1.596255,-1.67315442028001
1.59626,-1.67275290955178
1.596265,-1.67235155108355
1.59627,-1.67195034479542
1.596275,-1.6715492906076
1.59628,-1.67114838844032
1.596285,-1.67074763821386
1.59629,-1.67034703984867
1.596295,-1.66994659326509
1.5963,-1.66954629838364
1.596305,-1.66914615512481
1.59631,-1.6687461634092
1.596315,-1.66834632315745
1.59632,-1.6679466342903
1.596325,-1.66754709672844
1.59633,-1.66714771039271
1.596335,-1.66674847520396
1.59634,-1.66634939108309
1.596345,-1.66595045795112
1.59635,-1.66555167572905
1.596355,-1.66515304433798
1.59636,-1.66475456369903
1.596365,-1.66435623373337
1.59637,-1.66395805436232
1.596375,-1.66356002550715
1.59638,-1.6631621470892
1.596385,-1.66276441902992
1.59639,-1.66236684125072
1.596395,-1.66196941367319
1.5964,-1.6615721362189
1.596405,-1.66117500880945
1.59641,-1.66077803136657
1.596415,-1.66038120381193
1.59642,-1.65998452606742
1.596425,-1.65958799805483
1.59643,-1.6591916196961
1.596435,-1.65879539091318
1.59644,-1.65839931162806
1.596445,-1.65800338176286
1.59645,-1.65760760123967
1.596455,-1.65721196998069
1.59646,-1.65681648790813
1.596465,-1.6564211549443
1.59647,-1.65602597101149
1.596475,-1.65563093603217
1.59648,-1.65523604992875
1.596485,-1.65484131262374
1.59649,-1.6544467240397
1.596495,-1.65405228409919
1.5965,-1.65365799272498
1.596505,-1.6532638498397
1.59651,-1.65286985536617
1.596515,-1.6524760092272
1.59652,-1.65208231134564
1.596525,-1.65168876164449
1.59653,-1.65129536004669
1.596535,-1.6509021064753
1.59654,-1.6505090008534
1.596545,-1.65011604310411
1.59655,-1.64972323315072
1.596555,-1.64933057091641
1.59656,-1.64893805632451
1.596565,-1.64854568929838
1.59657,-1.64815346976141
1.596575,-1.64776139763712
1.59658,-1.647369472849
1.596585,-1.64697769532062
1.59659,-1.64658606497562
1.596595,-1.64619458173765
1.5966,-1.64580324553045
1.596605,-1.64541205627786
1.59661,-1.64502101390366
1.596615,-1.64463011833177
1.59662,-1.64423936948612
1.596625,-1.64384876729066
1.59663,-1.64345831166955
1.596635,-1.6430680025468
1.59664,-1.6426778398466
1.596645,-1.64228782349316
1.59665,-1.6418979534107
1.596655,-1.64150822952359
1.59666,-1.64111865175616
1.596665,-1.64072922003282
1.59667,-1.64033993427806
1.596675,-1.63995079441637
1.59668,-1.63956180037236
1.596685,-1.63917295207065
1.59669,-1.6387842494359
1.596695,-1.63839569239283
1.5967,-1.63800728086623
1.596705,-1.63761901478097
1.59671,-1.63723089406189
1.596715,-1.63684291863394
1.59672,-1.63645508842213
1.596725,-1.63606740335147
1.59673,-1.63567986334705
1.596735,-1.63529246833405
1.59674,-1.63490521823764
1.596745,-1.63451811298306
1.59675,-1.63413115249564
1.596755,-1.63374433670068
1.59676,-1.63335766552364
1.596765,-1.63297113888994
1.59677,-1.63258475672509
1.596775,-1.63219851895466
1.59678,-1.63181242550421
1.596785,-1.63142647629946
1.59679,-1.63104067126609
1.596795,-1.63065501032988
1.5968,-1.63026949341662
1.596805,-1.62988412045214
1.59681,-1.62949889136243
1.596815,-1.62911380607343
1.59682,-1.62872886451113
1.596825,-1.62834406660161
1.59683,-1.627959412271
1.596835,-1.62757490144544
1.59684,-1.62719053405118
1.596845,-1.62680631001448
1.59685,-1.62642222926166
1.596855,-1.6260382917191
1.59686,-1.62565449731318
1.596865,-1.62527084597043
1.59687,-1.62488733761735
1.596875,-1.62450397218052
1.59688,-1.62412074958655
1.596885,-1.62373766976208
1.59689,-1.62335473263392
1.596895,-1.62297193812881
1.5969,-1.62258928617353
1.596905,-1.62220677669502
1.59691,-1.62182440962014
1.596915,-1.62144218487593
1.59692,-1.62106010238939
1.596925,-1.6206781620876
1.59693,-1.62029636389767
1.596935,-1.61991470774675
1.59694,-1.61953319356214
1.596945,-1.61915182127106
1.59695,-1.61877059080087
1.596955,-1.61838950207893
1.59696,-1.61800855503265
1.596965,-1.61762774958948
1.59697,-1.61724708567702
1.596975,-1.61686656322279
1.59698,-1.61648618215444
1.596985,-1.61610594239963
1.59699,-1.61572584388605
1.596995,-1.61534588654152
1.597,-1.61496607029385
1.597005,-1.6145863950709
1.59701,-1.61420686080059
1.597015,-1.61382746741088
1.59702,-1.61344821482982
1.597025,-1.61306910298546
1.59703,-1.61269013180591
1.597035,-1.61231130121933
1.59704,-1.61193261115393
1.597045,-1.61155406153802
1.59705,-1.61117565229985
1.597055,-1.61079738336784
1.59706,-1.61041925467036
1.597065,-1.61004126613585
1.59707,-1.60966341769288
1.597075,-1.60928570926997
1.59708,-1.60890814079574
1.597085,-1.60853071219882
1.59709,-1.60815342340793
1.597095,-1.6077762743518
1.5971,-1.60739926495926
1.597105,-1.60702239515916
1.59711,-1.60664566488038
1.597115,-1.60626907405186
1.59712,-1.60589262260257
1.597125,-1.60551631046161
1.59713,-1.60514013755805
1.597135,-1.60476410382102
1.59714,-1.6043882091797
1.597145,-1.60401245356331
1.59715,-1.60363683690118
1.597155,-1.60326135912263
1.59716,-1.602886020157
1.597165,-1.60251081993376
1.59717,-1.60213575838233
1.597175,-1.6017608354323
1.59718,-1.60138605101321
1.597185,-1.60101140505467
1.59719,-1.60063689748636
1.597195,-1.60026252823796
1.5972,-1.59988829723929
1.597205,-1.59951420442013
1.59721,-1.59914024971033
1.597215,-1.59876643303981
1.59722,-1.59839275433851
1.597225,-1.59801921353641
1.59723,-1.59764581056361
1.597235,-1.59727254535017
1.59724,-1.59689941782624
1.597245,-1.596526427922
1.59725,-1.59615357556768
1.597255,-1.59578086069359
1.59726,-1.59540828323007
1.597265,-1.59503584310745
1.59727,-1.59466354025621
1.597275,-1.59429137460675
1.59728,-1.59391934608967
1.597285,-1.5935474546355
1.59729,-1.59317570017486
1.597295,-1.59280408263839
1.5973,-1.59243260195681
1.597305,-1.59206125806089
1.59731,-1.59169005088142
1.597315,-1.59131898034925
1.59732,-1.59094804639528
1.597325,-1.59057724895041
1.59733,-1.59020658794569
1.597335,-1.58983606331212
1.59734,-1.5894656749808
1.597345,-1.58909542288284
1.59735,-1.58872530694943
1.597355,-1.58835532711174
1.59736,-1.58798548330112
1.597365,-1.58761577544883
1.59737,-1.58724620348625
1.597375,-1.58687676734477
1.59738,-1.58650746695584
1.597385,-1.58613830225099
1.59739,-1.58576927316173
1.597395,-1.58540037961969
1.5974,-1.58503162155647
1.597405,-1.58466299890376
1.59741,-1.5842945115933
1.597415,-1.58392615955687
1.59742,-1.5835579427263
1.597425,-1.58318986103342
1.59743,-1.58282191441015
1.597435,-1.58245410278849
1.59744,-1.58208642610042
1.597445,-1.58171888427799
1.59745,-1.58135147725329
1.597455,-1.58098420495845
1.59746,-1.58061706732568
1.597465,-1.58025006428724
1.59747,-1.57988319577535
1.597475,-1.57951646172237
1.59748,-1.57914986206067
1.597485,-1.57878339672262
1.59749,-1.57841706564076
1.597495,-1.57805086874754
1.5975,-1.57768480597554
1.597505,-1.57731887725733
1.59751,-1.57695308252553
1.597515,-1.5765874217129
1.59752,-1.57622189475213
1.597525,-1.57585650157601
1.59753,-1.57549124211735
1.597535,-1.57512611630899
1.59754,-1.5747611240839
1.597545,-1.57439626537503
1.59755,-1.57403154011535
1.597555,-1.57366694823792
1.59756,-1.57330248967583
1.597565,-1.57293816436223
1.59757,-1.57257397223031
1.597575,-1.57220991321327
1.59758,-1.57184598724439
1.597585,-1.57148219425699
1.59759,-1.57111853418442
1.597595,-1.57075500696012
1.5976,-1.57039161251751
1.597605,-1.5700283507901
1.59761,-1.56966522171141
1.597615,-1.56930222521501
1.59762,-1.56893936123459
1.597625,-1.56857662970378
1.59763,-1.56821403055629
1.597635,-1.56785156372592
1.59764,-1.5674892291464
1.597645,-1.56712702675167
1.59765,-1.56676495647558
1.597655,-1.56640301825207
1.59766,-1.56604121201511
1.597665,-1.56567953769873
1.59767,-1.56531799523704
1.597675,-1.56495658456411
1.59768,-1.56459530561411
1.597685,-1.56423415832126
1.59769,-1.56387314261976
1.597695,-1.56351225844396
1.5977,-1.56315150572817
1.597705,-1.56279088440675
1.59771,-1.56243039441413
1.597715,-1.56207003568479
1.59772,-1.56170980815321
1.597725,-1.56134971175398
1.59773,-1.56098974642166
1.597735,-1.56062991209092
1.59774,-1.56027020869644
1.597745,-1.55991063617291
1.59775,-1.55955119445514
1.597755,-1.55919188347794
1.59776,-1.55883270317615
1.597765,-1.55847365348469
1.59777,-1.55811473433845
1.597775,-1.5577559456725
1.59778,-1.55739728742182
1.597785,-1.5570387595215
1.59779,-1.55668036190664
1.597795,-1.55632209451239
1.5978,-1.55596395727399
1.597805,-1.55560595012667
1.59781,-1.55524807300573
1.597815,-1.55489032584647
1.59782,-1.55453270858426
1.597825,-1.55417522115458
1.59783,-1.55381786349285
1.597835,-1.55346063553457
1.59784,-1.55310353721529
1.597845,-1.5527465684706
1.59785,-1.55238972923612
1.597855,-1.55203301944754
1.59786,-1.55167643904059
1.597865,-1.55131998795102
1.59787,-1.55096366611461
1.597875,-1.55060747346721
1.59788,-1.55025140994474
1.597885,-1.54989547548312
1.59789,-1.5495396700183
1.597895,-1.54918399348631
1.5979,-1.54882844582317
1.597905,-1.54847302696505
1.59791,-1.54811773684807
1.597915,-1.54776257540838
1.59792,-1.54740754258223
1.597925,-1.54705263830586
1.59793,-1.54669786251563
1.597935,-1.54634321514788
1.59794,-1.545988696139
1.597945,-1.5456343054254
1.59795,-1.54528004294357
1.597955,-1.54492590863007
1.59796,-1.54457190242142
1.597965,-1.54421802425426
1.59797,-1.5438642740652
1.597975,-1.54351065179095
1.59798,-1.54315715736823
1.597985,-1.54280379073382
1.59799,-1.54245055182455
1.597995,-1.54209744057726
1.598,-1.54174445692883
1.598005,-1.5413916008162
1.59801,-1.5410388721764
1.598015,-1.54068627094641
1.59802,-1.54033379706331
1.598025,-1.53998145046419
1.59803,-1.5396292310862
1.598035,-1.53927713886655
1.59804,-1.53892517374245
1.598045,-1.53857333565118
1.59805,-1.53822162453004
1.598055,-1.53787004031638
1.59806,-1.53751858294762
1.598065,-1.53716725236119
1.59807,-1.53681604849455
1.598075,-1.53646497128524
1.59808,-1.53611402067078
1.598085,-1.53576319658883
1.59809,-1.53541249897701
1.598095,-1.53506192777298
1.5981,-1.53471148291449
1.598105,-1.53436116433929
1.59811,-1.53401097198516
1.598115,-1.53366090579001
1.59812,-1.53331096569168
1.598125,-1.53296115162812
1.59813,-1.53261146353729
1.598135,-1.53226190135719
1.59814,-1.53191246502589
1.598145,-1.53156315448149
1.59815,-1.53121396966209
1.598155,-1.53086491050589
1.59816,-1.53051597695106
1.598165,-1.53016716893592
1.59817,-1.52981848639871
1.598175,-1.52946992927781
1.59818,-1.52912149751155
1.598185,-1.52877319103835
1.59819,-1.5284250097967
1.598195,-1.52807695372509
1.5982,-1.52772902276204
1.598205,-1.52738121684613
1.59821,-1.52703353591598
1.598215,-1.52668597991022
1.59822,-1.5263385487676
1.598225,-1.52599124242683
1.59823,-1.52564406082669
1.598235,-1.52529700390601
1.59824,-1.52495007160359
1.598245,-1.52460326385842
1.59825,-1.52425658060938
1.598255,-1.52391002179546
1.59826,-1.52356358735568
1.598265,-1.52321727722908
1.59827,-1.52287109135478
1.598275,-1.52252502967193
1.59828,-1.52217909211967
1.598285,-1.52183327863725
1.59829,-1.52148758916388
1.598295,-1.52114202363892
1.5983,-1.52079658200167
1.598305,-1.52045126419151
1.59831,-1.52010607014786
1.598315,-1.51976099981013
1.59832,-1.5194160531179
1.598325,-1.51907123001065
1.59833,-1.51872653042797
1.598335,-1.51838195430945
1.59834,-1.51803750159476
1.598345,-1.51769317222358
1.59835,-1.51734896613566
1.598355,-1.51700488327076
1.59836,-1.51666092356869
1.598365,-1.51631708696931
1.59837,-1.51597337341246
1.598375,-1.51562978283813
1.59838,-1.51528631518625
1.598385,-1.51494297039684
1.59839,-1.51459974840994
1.598395,-1.5142566491656
1.5984,-1.51391367260401
1.598405,-1.51357081866529
1.59841,-1.51322808728964
1.598415,-1.51288547841732
1.59842,-1.51254299198855
1.598425,-1.51220062794373
1.59843,-1.51185838622317
1.598435,-1.51151626676726
1.59844,-1.51117426951645
1.598445,-1.51083239441119
1.59845,-1.51049064139202
1.598455,-1.51014901039948
1.59846,-1.50980750137415
1.598465,-1.50946611425665
1.59847,-1.50912484898768
1.598475,-1.50878370550788
1.59848,-1.50844268375805
1.598485,-1.50810178367896
1.59849,-1.50776100521141
1.598495,-1.50742034829628
1.5985,-1.50707981287443
1.598505,-1.50673939888682
1.59851,-1.50639910627444
1.598515,-1.50605893497828
1.59852,-1.50571888493938
1.598525,-1.50537895609882
1.59853,-1.50503914839777
1.598535,-1.50469946177735
1.59854,-1.50435989617878
1.598545,-1.50402045154331
1.59855,-1.50368112781218
1.598555,-1.50334192492675
1.59856,-1.50300284282835
1.598565,-1.50266388145837
1.59857,-1.50232504075826
1.598575,-1.50198632066944
1.59858,-1.50164772113348
1.598585,-1.50130924209188
1.59859,-1.50097088348624
1.598595,-1.50063264525817
1.5986,-1.50029452734934
1.598605,-1.4999565297014
1.59861,-1.49961865225613
1.598615,-1.49928089495529
1.59862,-1.49894325774068
1.598625,-1.49860574055416
1.59863,-1.49826834333756
1.598635,-1.49793106603287
1.59864,-1.49759390858201
1.598645,-1.49725687092699
1.59865,-1.49691995300982
1.598655,-1.49658315477257
1.59866,-1.49624647615738
1.598665,-1.49590991710638
1.59867,-1.49557347756174
1.598675,-1.49523715746569
1.59868,-1.49490095676045
1.598685,-1.49456487538839
1.59869,-1.49422891329178
1.598695,-1.493893070413
1.5987,-1.49355734669447
1.598705,-1.4932217420786
1.59871,-1.49288625650791
1.598715,-1.49255088992489
1.59872,-1.49221564227211
1.598725,-1.49188051349215
1.59873,-1.49154550352764
1.598735,-1.49121061232121
1.59874,-1.49087583981562
1.598745,-1.49054118595357
1.59875,-1.49020665067786
1.598755,-1.48987223393129
1.59876,-1.48953793565668
1.598765,-1.48920375579695
1.59877,-1.48886969429503
1.598775,-1.48853575109386
1.59878,-1.48820192613643
1.598785,-1.48786821936574
1.59879,-1.48753463072494
1.598795,-1.48720116015707
1.5988,-1.48686780760531
1.598805,-1.48653457301282
1.59881,-1.48620145632278
1.598815,-1.4858684574785
1.59882,-1.48553557642325
1.598825,-1.48520281310033
1.59883,-1.48487016745313
1.598835,-1.48453763942502
1.59884,-1.48420522895945
1.598845,-1.48387293599989
1.59885,-1.48354076048983
1.598855,-1.48320870237282
1.59886,-1.48287676159245
1.598865,-1.4825449380923
1.59887,-1.48221323181605
1.598875,-1.48188164270738
1.59888,-1.48155017071001
1.598885,-1.48121881576769
1.59889,-1.48088757782421
1.598895,-1.48055645682344
1.5989,-1.48022545270919
1.598905,-1.47989456542541
1.59891,-1.479563794916
1.598915,-1.47923314112493
1.59892,-1.47890260399626
1.598925,-1.47857218347399
1.59893,-1.47824187950222
1.598935,-1.47791169202506
1.59894,-1.47758162098664
1.598945,-1.47725166633121
1.59895,-1.47692182800294
1.598955,-1.4765921059461
1.59896,-1.476262500105
1.598965,-1.47593301042395
1.59897,-1.47560363684731
1.598975,-1.47527437931951
1.59898,-1.47494523778498
1.598985,-1.47461621218818
1.59899,-1.47428730247364
1.598995,-1.47395850858586
1.599,-1.47362983046946
1.599005,-1.47330126806905
1.59901,-1.47297282132927
1.599015,-1.47264449019479
1.59902,-1.47231627461033
1.599025,-1.47198817452068
1.59903,-1.47166018987061
1.599035,-1.47133232060494
1.59904,-1.47100456666855
1.599045,-1.47067692800628
1.59905,-1.47034940456313
1.599055,-1.47002199628404
1.59906,-1.46969470311401
1.599065,-1.46936752499807
1.59907,-1.46904046188127
1.599075,-1.46871351370876
1.59908,-1.46838668042567
1.599085,-1.46805996197716
1.59909,-1.46773335830845
1.599095,-1.46740686936479
1.5991,-1.46708049509141
1.599105,-1.4667542354337
1.59911,-1.46642809033697
1.599115,-1.46610205974662
1.59912,-1.46577614360805
1.599125,-1.46545034186671
1.59913,-1.46512465446811
1.599135,-1.46479908135777
1.59914,-1.46447362248124
1.599145,-1.46414827778412
1.59915,-1.46382304721199
1.599155,-1.46349793071059
1.59916,-1.46317292822556
1.599165,-1.46284803970267
1.59917,-1.46252326508763
1.599175,-1.46219860432626
1.59918,-1.46187405736443
1.599185,-1.46154962414797
1.59919,-1.46122530462279
1.599195,-1.46090109873483
1.5992,-1.46057700643004
1.599205,-1.46025302765445
1.59921,-1.45992916235409
1.599215,-1.45960541047504
1.59922,-1.4592817719634
1.599225,-1.4589582467653
1.59923,-1.4586348348269
1.599235,-1.45831153609446
1.59924,-1.4579883505142
1.599245,-1.45766527803239
1.59925,-1.45734231859535
1.599255,-1.45701947214939
1.59926,-1.45669673864094
1.599265,-1.4563741180164
1.59927,-1.4560516102222
1.599275,-1.45572921520483
1.59928,-1.45540693291078
1.599285,-1.45508476328664
1.59929,-1.45476270627898
1.599295,-1.4544407618344
1.5993,-1.45411892989957
1.599305,-1.45379721042113
1.59931,-1.45347560334585
1.599315,-1.45315410862045
1.59932,-1.45283272619172
1.599325,-1.4525114560065
1.59933,-1.45219029801157
1.599335,-1.45186925215389
1.59934,-1.45154831838037
1.599345,-1.45122749663792
1.59935,-1.45090678687357
1.599355,-1.45058618903429
1.59936,-1.45026570306716
1.599365,-1.44994532891926
1.59937,-1.44962506653772
1.599375,-1.44930491586968
1.59938,-1.44898487686233
1.599385,-1.44866494946286
1.59939,-1.44834513361857
1.599395,-1.44802542927671
1.5994,-1.44770583638462
1.599405,-1.44738635488963
1.59941,-1.44706698473911
1.599415,-1.44674772588052
1.59942,-1.4464285782613
1.599425,-1.44610954182891
1.59943,-1.44579061653089
1.599435,-1.44547180231474
1.59944,-1.4451530991281
1.599445,-1.44483450691857
1.59945,-1.44451602563379
1.599455,-1.44419765522144
1.59946,-1.44387939562922
1.599465,-1.44356124680491
1.59947,-1.44324320869627
1.599475,-1.44292528125111
1.59948,-1.44260746441728
1.599485,-1.44228975814266
1.59949,-1.44197216237513
1.599495,-1.44165467706267
1.5995,-1.44133730215324
1.599505,-1.44102003759486
1.59951,-1.44070288333557
1.599515,-1.4403858393234
1.59952,-1.4400689055065
1.599525,-1.43975208183301
1.59953,-1.4394353682511
1.599535,-1.43911876470895
1.59954,-1.43880227115478
1.599545,-1.43848588753691
1.59955,-1.43816961380362
1.599555,-1.43785344990323
1.59956,-1.43753739578413
1.599565,-1.43722145139466
1.59957,-1.43690561668331
1.599575,-1.43658989159853
1.59958,-1.43627427608881
1.599585,-1.43595877010266
1.59959,-1.43564337358863
1.599595,-1.43532808649535
1.5996,-1.43501290877144
1.599605,-1.43469784036552
1.59961,-1.4343828812263
1.599615,-1.43406803130249
1.59962,-1.43375329054283
1.599625,-1.43343865889614
1.59963,-1.4331241363112
1.599635,-1.43280972273688
1.59964,-1.43249541812205
1.599645,-1.43218122241559
1.59965,-1.43186713556648
1.599655,-1.43155315752371
1.59966,-1.43123928823624
1.599665,-1.43092552765314
1.59967,-1.43061187572345
1.599675,-1.43029833239631
1.59968,-1.42998489762083
1.599685,-1.42967157134618
1.59969,-1.42935835352157
1.599695,-1.42904524409617
1.5997,-1.42873224301931
1.599705,-1.42841935024026
1.59971,-1.42810656570833
1.599715,-1.42779388937289
1.59972,-1.42748132118332
1.599725,-1.42716886108901
1.59973,-1.42685650903946
1.599735,-1.42654426498412
1.59974,-1.42623212887252
1.599745,-1.42592010065418
1.59975,-1.42560818027866
1.599755,-1.42529636769561
1.59976,-1.42498466285465
1.599765,-1.42467306570546
1.59977,-1.42436157619772
1.599775,-1.42405019428113
1.59978,-1.42373891990554
1.599785,-1.42342775302068
1.59979,-1.42311669357638
1.599795,-1.42280574152251
1.5998,-1.42249489680893
1.599805,-1.42218415938561
1.59981,-1.42187352920247
1.599815,-1.42156300620948
1.59982,-1.42125259035665
1.599825,-1.42094228159402
1.59983,-1.4206320798717
1.599835,-1.42032198513977
1.59984,-1.42001199734837
1.599845,-1.41970211644764
1.59985,-1.41939234238781
1.599855,-1.41908267511908
1.59986,-1.41877311459173
1.599865,-1.41846366075606
1.59987,-1.41815431356236
1.599875,-1.417845072961
1.59988,-1.41753593890233
1.599885,-1.41722691133681
1.59989,-1.41691799021487
1.599895,-1.41660917548696
1.5999,-1.41630046710361
1.599905,-1.41599186501532
1.59991,-1.4156833691727
1.599915,-1.41537497952633
1.59992,-1.41506669602682
1.599925,-1.41475851862485
1.59993,-1.41445044727107
1.599935,-1.41414248191625
1.59994,-1.41383462251111
1.599945,-1.41352686900643
1.59995,-1.41321922135304
1.599955,-1.41291167950172
1.59996,-1.41260424340341
1.599965,-1.41229691300898
1.59997,-1.41198968826937
1.599975,-1.41168256913553
1.59998,-1.41137555555845
1.599985,-1.41106864748914
1.59999,-1.41076184487868
1.599995,-1.41045514767815
1.6,-1.41014855583865
